165.028 700.771
165.288 611.618
165.547 453.704
165.807 419.643
166.067 398.039
166.327 522.593
166.587 595.020
166.847 413.747
167.107 454.488
167.367 590.531
167.627 707.730
167.886 919.515
168.146 1147.029
168.406 1225.699
168.666 1188.813
168.926 1165.654
169.186 1329.366
169.446 1353.377
169.706 1101.830
169.966 918.439
170.225 1143.490
170.485 1392.126
170.745 1391.774
171.005 1288.577
171.265 1347.822
171.525 1456.079
171.785 1378.777
172.045 1085.773
172.305 1106.352
172.564 1252.372
172.824 1197.689
173.084 1184.018
173.344 1259.930
173.604 1257.281
173.864 1164.786
174.124 968.731
174.384 1017.259
174.644 1125.940
174.903 941.488
175.163 930.762
175.423 1118.474
175.683 1207.768
175.943 1108.215
176.203 987.386
176.463 936.567
176.723 1218.187
176.983 1327.387
177.242 1256.739
177.502 1332.672
177.762 1425.757
178.022 1335.137
178.282 1262.669
178.542 1426.066
178.802 1299.901
179.062 1109.172
179.322 1107.310
179.581 1311.598
179.841 1415.751
180.101 1493.341
180.361 1205.796
180.621 1225.687
180.881 1443.729
181.141 1410.206
181.401 1240.263
181.661 1312.326
181.920 1245.254
182.180 1070.474
182.440 933.273
182.700 935.507
182.960 879.176
183.220 808.137
183.480 710.676
183.740 928.364
184.000 1161.343
184.259 1324.900
184.519 1415.749
184.779 1576.603
185.039 1773.320
185.299 1823.185
185.559 1907.199
185.819 2115.646
186.079 2050.527
186.339 1768.127
186.598 1623.161
186.858 1964.056
187.118 2227.671
187.378 2098.575
187.638 1821.913
187.898 1833.969
188.158 2037.744
188.418 2062.951
188.678 1757.019
188.937 1751.806
189.197 1621.739
189.457 1402.390
189.717 1365.616
189.977 1497.702
190.237 1612.077
190.497 1474.742
190.757 1174.695
191.017 1197.222
191.276 1333.324
191.536 1161.286
191.796 1159.821
192.056 1209.788
192.316 1199.043
192.576 1111.300
192.836 1202.988
193.096 1419.250
193.356 1475.799
193.616 1331.207
193.875 1414.903
194.135 1649.744
194.395 1782.443
194.655 1743.572
194.915 1599.989
195.175 1625.835
195.435 1598.397
195.695 1498.246
195.955 1468.096
196.214 1656.518
196.474 1774.084
196.734 1775.365
196.994 1906.075
197.254 1966.214
197.514 1878.640
197.774 1713.637
198.034 1595.634
198.294 1486.918
198.553 1491.630
198.813 1439.628
199.073 1593.055
199.333 1721.624
199.593 1727.050
199.853 1585.762
200.113 1575.473
200.373 1706.327
200.633 1738.180
200.892 1475.889
201.152 1504.741
201.412 1673.020
201.672 1683.299
201.932 1538.005
202.192 1484.567
202.452 1826.985
202.712 2116.974
202.972 1992.818
203.231 1836.947
203.491 2314.646
203.751 2619.486
204.011 2505.753
204.271 2204.733
204.531 2137.568
204.791 2060.973
205.051 1906.947
205.311 1473.062
205.570 1399.318
205.830 1600.858
206.090 1544.824
206.350 1472.503
206.610 1681.607
206.870 1824.852
207.130 1812.952
207.390 1782.049
207.650 1785.287
207.909 1768.379
208.169 1651.468
208.429 1484.412
208.689 1512.639
208.949 1454.006
209.209 1305.512
209.469 1212.587
209.729 1490.088
209.989 1549.728
210.248 1633.937
210.508 1721.856
210.768 1802.487
211.028 1905.257
211.288 1926.738
211.548 1778.644
211.808 1790.261
212.068 1587.732
212.328 1421.056
212.587 1573.948
212.847 1908.693
213.107 2035.577
213.367 1895.029
213.627 1961.191
213.887 2297.921
214.147 2383.646
214.407 2144.654
214.667 1999.371
214.926 2059.799
215.186 2141.794
215.446 1982.071
215.706 1742.200
215.966 1777.468
216.226 1956.303
216.486 1712.705
216.746 1453.674
217.006 1640.638
217.265 1715.312
217.525 1691.982
217.785 1732.932
218.045 1828.307
218.305 1911.391
218.565 1864.327
218.825 1604.402
219.085 1734.471
219.345 1910.393
219.604 1764.596
219.864 1582.508
220.124 1581.415
220.384 1752.317
220.644 1815.356
220.904 1712.391
221.164 1682.849
221.424 1682.445
221.684 1682.607
221.943 1652.049
222.203 1626.486
222.463 1569.204
222.723 1414.202
222.983 1245.051
223.243 1256.467
223.503 1212.020
223.763 1324.711
224.023 1397.253
224.282 1550.932
224.542 1908.606
224.802 2064.988
225.062 2260.079
225.322 2501.165
225.582 2360.102
225.842 2206.890
226.102 2113.387
226.362 1912.593
226.621 1965.649
226.881 1871.843
227.141 1843.031
227.401 2052.213
227.661 2035.532
227.921 1989.131
228.181 1997.867
228.441 1885.025
228.701 1800.606
228.960 1788.753
229.220 1736.607
229.480 1768.456
229.740 1753.441
230.000 1752.706
230.260 1797.394
230.520 1923.789
230.780 1856.750
231.040 1719.705
231.299 1907.367
231.559 2079.310
231.819 1983.389
232.079 1897.890
232.339 2037.242
232.599 2147.159
232.859 2122.356
233.119 1873.832
233.379 1783.016
233.638 1966.336
233.898 2173.793
234.158 1955.243
234.418 1841.402
234.678 2022.840
234.938 2167.271
235.198 2061.839
235.458 2032.543
235.718 2059.383
235.978 2183.360
236.237 2229.188
236.497 2185.009
236.757 2354.395
237.017 2465.631
237.277 2367.718
237.537 2276.942
237.797 2207.444
238.057 2181.083
238.317 2109.715
238.576 2022.055
238.836 2256.532
239.096 2404.001
239.356 2304.893
239.616 2260.921
239.876 2326.942
240.136 2487.242
240.396 2327.536
240.656 2071.680
240.915 2138.960
241.175 2220.377
241.435 2247.215
241.695 2220.332
241.955 2155.157
242.215 2308.261
242.475 2375.501
242.735 2210.306
242.995 2233.961
243.254 2236.753
243.514 2273.395
243.774 2248.315
244.034 2303.372
244.294 2324.708
244.554 2253.037
244.814 2300.503
245.074 2467.961
245.334 2400.984
245.593 2310.715
245.853 2271.439
246.113 2355.156
246.373 2446.152
246.633 2349.713
246.893 2222.696
247.153 2300.529
247.413 2323.212
247.673 2146.603
247.932 2085.130
248.192 2129.793
248.452 2058.450
248.712 1915.528
248.972 1830.742
249.232 2014.521
249.492 2137.578
249.752 1991.201
250.012 2149.817
250.271 2439.854
250.531 2644.171
250.791 2637.052
251.051 2667.497
251.311 2788.222
251.571 2963.654
251.831 2859.794
252.091 2740.356
252.351 2858.768
252.610 3018.601
252.870 2874.143
253.130 2768.392
253.390 2795.348
253.650 2774.726
253.911 2672.098
254.172 2547.891
254.433 2592.821
254.694 2701.743
254.955 2627.517
255.216 2517.997
255.477 2435.900
255.738 2464.653
255.999 2303.256
256.261 2025.282
256.522 2062.443
256.783 2122.312
257.044 1979.318
257.305 2015.173
257.566 2090.308
257.827 2135.865
258.088 2191.272
258.349 2107.673
258.610 2171.495
258.871 2254.168
259.132 2040.977
259.393 1854.208
259.654 2085.290
259.915 2154.650
260.176 1995.576
260.437 1966.209
260.698 2155.836
260.959 2299.313
261.221 2341.212
261.482 2190.390
261.743 2311.991
262.004 2365.156
262.265 2131.600
262.526 2019.466
262.787 2122.755
263.048 2178.894
263.309 2128.312
263.570 1947.438
263.831 2018.986
264.092 2132.384
264.353 2081.776
264.614 2122.733
264.875 2386.970
265.136 2610.485
265.397 2694.566
265.658 2654.211
265.919 2832.708
266.181 2909.912
266.442 2718.109
266.703 2472.586
266.964 2385.914
267.225 2318.521
267.486 2219.979
267.747 2219.859
268.008 2372.161
268.269 2739.885
268.530 2747.603
268.791 2729.601
269.052 2905.020
269.313 3019.862
269.574 2839.126
269.835 2719.813
270.096 2557.207
270.357 2608.738
270.618 2488.120
270.879 2314.210
271.141 2317.151
271.402 2341.228
271.663 2313.871
271.924 2275.365
272.185 2253.566
272.446 2231.333
272.707 2193.951
272.968 2185.706
273.229 2270.025
273.490 2287.768
273.751 2198.218
274.012 2201.519
274.273 2447.815
274.534 2535.247
274.795 2477.101
275.056 2603.235
275.317 2632.792
275.578 2663.199
275.839 2671.744
276.101 2554.282
276.362 2811.672
276.623 2974.913
276.884 2717.004
277.145 2629.662
277.406 2923.599
277.667 3046.815
277.928 2887.026
278.189 2587.517
278.450 2464.001
278.711 2701.051
278.972 2787.095
279.233 2471.419
279.494 2395.738
279.755 2454.050
280.016 2387.928
280.277 2433.085
280.538 2396.094
280.799 2323.240
281.061 2278.380
281.322 2204.800
281.583 2348.929
281.844 2433.909
282.105 2307.597
282.366 2170.994
282.627 2345.242
282.888 2526.199
283.149 2532.865
283.410 2534.953
283.671 2775.893
283.932 3018.541
284.193 2994.470
284.454 2942.821
284.715 3091.595
284.976 3126.792
285.237 2977.555
285.498 3022.884
285.759 3141.207
286.021 3150.096
286.282 2992.408
286.543 2951.429
286.804 3010.016
287.065 3021.168
287.326 2784.601
287.587 2810.171
287.848 2945.878
288.109 2887.866
288.370 2580.705
288.631 2377.825
288.892 2555.939
289.153 2585.762
289.414 2217.436
289.675 2072.820
289.936 2190.484
290.197 2303.571
290.458 2402.652
290.719 2426.729
290.981 2502.085
291.242 2596.151
291.503 2660.354
291.764 2753.980
292.025 2935.316
292.286 2948.360
292.547 2693.256
292.808 2650.290
293.069 2771.604
293.330 2696.342
293.591 2431.074
293.852 2352.801
294.113 2498.523
294.374 2669.240
294.635 2715.237
294.896 2753.515
295.157 2949.931
295.418 3120.484
295.679 2988.889
295.941 2904.861
296.202 2850.970
296.463 2726.932
296.724 2526.602
296.985 2329.125
297.246 2501.500
297.507 2694.013
297.768 2659.092
298.029 2800.451
298.290 2956.092
298.551 3043.870
298.812 3097.501
299.073 3120.412
299.334 3210.461
299.595 3324.219
299.856 3131.973
300.117 2930.436
300.378 3033.180
300.639 3223.347
300.901 3214.367
301.162 3462.524
301.423 3559.963
301.684 3615.825
301.945 3570.683
302.206 3446.821
302.467 3340.240
302.728 3270.655
302.989 2906.493
303.250 2842.469
303.511 2970.584
303.772 3075.408
304.033 3033.799
304.294 2980.042
304.555 2925.423
304.816 2782.514
305.077 2574.029
305.338 2664.967
305.599 2939.044
305.861 3094.402
306.122 2969.327
306.383 3073.247
306.644 3242.162
306.905 3273.502
307.166 2941.551
307.427 2738.453
307.688 2798.207
307.949 3033.386
308.210 2860.131
308.471 2733.586
308.732 2755.465
308.993 3040.197
309.254 3126.638
309.515 3054.361
309.776 3020.222
310.037 3347.650
310.298 3458.646
310.559 3470.922
310.821 3328.908
311.082 3079.604
311.343 2795.011
311.604 2609.984
311.865 2274.667
312.126 2165.345
312.387 2137.020
312.648 2245.690
312.909 2472.641
313.170 2673.017
313.434 2734.960
313.698 2756.612
313.963 2794.261
314.227 2717.619
314.491 2426.402
314.755 2232.895
315.019 2300.098
315.284 2462.297
315.548 2584.349
315.812 2635.396
316.076 2881.725
316.340 3088.621
316.604 3334.085
316.869 3496.401
317.133 3665.285
317.397 3582.451
317.661 3469.612
317.925 3404.198
318.190 3532.494
318.454 3380.214
318.718 3434.073
318.982 3399.214
319.246 3364.208
319.511 3318.770
319.775 3098.899
320.039 2864.309
320.303 2943.430
320.567 2648.832
320.832 2412.374
321.096 2505.197
321.360 2612.730
321.624 2701.688
321.888 2669.643
322.153 2519.307
322.417 2458.539
322.681 2343.767
322.945 2080.134
323.209 2078.498
323.473 2399.143
323.738 2573.355
324.002 2520.278
324.266 2519.340
324.530 2702.970
324.794 2983.167
325.059 2942.789
325.323 2735.265
325.587 2760.308
325.851 2967.347
326.115 3169.240
326.380 3154.129
326.644 3024.871
326.908 2999.324
327.172 2842.059
327.436 2801.218
327.701 2824.374
327.965 2622.098
328.229 2636.818
328.493 2751.392
328.757 2829.104
329.022 2946.385
329.286 2915.233
329.550 2865.221
329.814 2903.348
330.078 2750.042
330.342 2577.590
330.607 2563.706
330.871 2686.819
331.135 2637.785
331.399 2517.461
331.663 2647.849
331.928 2892.376
332.192 2872.184
332.456 2738.276
332.720 2641.649
332.984 2725.305
333.249 2696.385
333.513 2484.462
333.777 2331.393
334.041 2600.892
334.305 2658.673
334.570 2571.165
334.834 2601.368
335.098 2778.282
335.362 2843.621
335.626 2719.099
335.891 2489.574
336.155 2529.474
336.419 2463.085
336.683 2407.407
336.947 2456.583
337.211 2664.612
337.476 2823.353
337.740 2920.518
338.004 2956.681
338.268 3074.126
338.532 3098.139
338.797 2942.434
339.061 2908.298
339.325 3059.015
339.589 3100.015
339.853 3073.726
340.118 3096.576
340.382 3101.852
340.646 3104.411
340.910 3020.537
341.174 2867.375
341.439 2857.067
341.703 2752.612
341.967 2623.583
342.231 2656.837
342.495 2913.087
342.759 2881.478
343.024 2706.436
343.288 2630.248
343.552 2785.058
343.816 2814.578
344.080 2567.667
344.345 2255.896
344.609 2451.407
344.873 2626.344
345.137 2834.420
345.401 3088.208
345.666 3277.564
345.930 3417.774
346.194 3354.124
346.458 3273.900
346.722 3514.387
346.987 3330.728
347.251 2976.209
347.515 2830.115
347.779 2800.019
348.043 2863.634
348.308 2624.531
348.572 2299.854
348.836 2362.460
349.100 2405.778
349.364 2281.092
349.628 2342.261
349.893 2487.855
350.157 2499.303
350.421 2372.463
350.685 2260.192
350.949 2261.489
351.214 2369.068
351.478 2346.503
351.742 2305.220
352.006 2533.362
352.270 2792.931
352.535 2729.925
352.799 2699.202
353.063 2785.191
353.327 2712.462
353.591 2679.588
353.856 2744.711
354.120 2898.260
354.384 3015.092
354.648 3021.635
354.912 3138.461
355.177 3396.142
355.441 3422.534
355.705 3215.924
355.969 2979.310
356.233 3201.837
356.497 3285.076
356.762 3107.312
357.026 2990.116
357.290 3040.775
357.554 2991.860
357.818 3014.656
358.083 2866.593
358.347 2863.384
358.611 2831.030
358.875 2710.673
359.139 2610.170
359.404 2716.237
359.668 2742.158
359.932 2667.933
360.196 2603.277
360.460 2719.333
360.725 2827.387
360.989 2914.723
361.253 3032.200
361.517 3304.103
361.781 3430.574
362.046 3481.186
362.310 3509.510
362.574 3543.117
362.838 3496.293
363.102 3331.895
363.366 3139.923
363.631 3111.948
363.895 3072.542
364.159 2975.420
364.423 2973.295
364.687 3130.453
364.952 3159.181
365.216 2968.905
365.480 2824.342
365.747 2909.491
366.013 2954.922
366.280 2821.780
366.546 2780.207
366.813 2963.917
367.079 3165.482
367.346 3344.331
367.612 3352.748
367.879 3390.449
368.145 3517.718
368.412 3332.700
368.678 3211.536
368.945 3334.513
369.211 3270.059
369.478 3118.031
369.744 3038.572
370.011 3281.254
370.278 3434.648
370.544 3260.467
370.811 3168.571
371.077 3340.815
371.344 3491.342
371.610 3476.010
371.877 3305.961
372.143 3517.910
372.410 3671.000
372.676 3415.944
372.943 3181.029
373.209 3276.683
373.476 3414.621
373.742 3250.985
374.009 2956.061
374.276 2977.849
374.542 3055.492
374.809 2935.419
375.075 2727.343
375.342 2754.122
375.608 2775.899
375.875 2795.103
376.141 3051.447
376.408 3302.074
376.674 3580.985
376.941 3675.752
377.207 3608.087
377.474 3704.992
377.740 3719.751
378.007 3426.366
378.273 3234.121
378.540 3197.160
378.807 3257.769
379.073 3171.232
379.340 3071.122
379.606 3105.438
379.873 3170.609
380.139 3106.635
380.406 2971.088
380.672 2889.824
380.939 2883.559
381.205 2844.577
381.472 2829.021
381.738 2837.607
382.005 2965.618
382.271 2980.914
382.538 2986.779
382.804 3059.927
383.071 3198.217
383.338 3081.361
383.604 3016.646
383.871 3145.215
384.137 3161.068
384.404 3033.205
384.670 3016.196
384.937 3133.900
385.203 3329.745
385.470 3314.159
385.736 3128.857
386.003 3157.839
386.269 3369.675
386.536 3582.225
386.802 3517.486
387.069 3431.460
387.336 3400.718
387.602 3344.402
387.869 3328.513
388.135 3550.622
388.402 3436.872
388.668 3261.977
388.935 3219.794
389.201 3346.467
389.468 3353.710
389.734 3289.093
390.001 3078.474
390.267 3097.568
390.534 3186.517
390.800 3157.464
391.067 3045.838
391.333 3190.353
391.600 3189.438
391.867 2939.806
392.133 2872.315
392.400 2852.680
392.666 2709.043
392.933 2526.118
393.199 2534.049
393.466 2715.835
393.732 2771.476
393.999 2770.830
394.265 2807.182
394.532 3004.389
394.798 3188.737
395.065 3026.084
395.331 2874.143
395.598 2993.772
395.864 2994.541
396.131 2903.738
396.398 3034.361
396.664 3148.983
396.931 3125.603
397.197 3042.935
397.464 2950.266
397.730 2869.452
397.997 3092.065
398.263 2992.248
398.530 2838.286
398.796 2959.036
399.063 3063.928
399.329 3121.675
399.596 3340.421
399.862 3266.022
400.129 3216.335
400.396 3208.933
400.662 3168.386
400.929 3338.409
401.195 3419.144
401.462 3136.021
401.728 2973.038
401.995 3041.197
402.261 3122.926
402.528 3207.225
402.794 3204.950
403.061 3167.531
403.327 3147.824
403.594 3155.688
403.860 3180.407
404.127 3271.410
404.393 3303.554
404.660 3070.839
404.931 3129.409
405.202 3495.691
405.473 3613.686
405.745 3520.679
406.016 3506.528
406.287 3466.518
406.558 3578.078
406.829 3510.779
407.100 3299.051
407.371 3244.177
407.642 3214.302
407.914 3134.283
408.185 3151.691
408.456 3388.383
408.727 3509.073
408.998 3452.333
409.269 3477.163
409.540 3535.992
409.811 3477.390
410.083 3372.787
410.354 3337.468
410.625 3348.433
410.896 3318.540
411.167 3406.645
411.438 3524.177
411.709 3725.137
411.981 3806.523
412.252 3605.622
412.523 3480.720
412.794 3788.673
413.065 3949.196
413.336 3924.146
413.607 3745.810
413.878 3697.900
414.150 3568.846
414.421 3402.790
414.692 3182.162
414.963 3301.675
415.234 3367.043
415.505 3320.125
415.776 3212.919
416.047 3294.569
416.319 3354.361
416.590 3190.008
416.861 2827.653
417.132 2686.726
417.403 2772.798
417.674 2788.011
417.945 2820.365
418.217 2911.432
418.488 3062.212
418.759 3049.420
419.030 3104.768
419.301 3250.973
419.572 3330.605
419.843 3330.521
420.114 3320.150
420.386 3365.349
420.657 3277.546
420.928 3051.314
421.199 3077.366
421.470 3344.131
421.741 3297.037
422.012 3253.942
422.283 3192.560
422.555 3330.605
422.826 3414.364
423.097 3124.406
423.368 2923.305
423.639 3044.773
423.910 3283.526
424.181 3372.420
424.453 3314.599
424.724 3525.776
424.995 3798.381
425.266 3743.842
425.537 3747.444
425.808 3583.044
426.079 3384.072
426.350 3328.956
426.622 3198.839
426.893 3145.292
427.164 3142.600
427.435 2896.765
427.706 2880.642
427.977 3035.661
428.248 3092.107
428.519 2961.124
428.791 2920.139
429.062 3041.439
429.333 3281.166
429.604 3309.320
429.875 3351.045
430.146 3360.482
430.417 3354.204
430.689 3139.639
430.960 2935.359
431.231 3016.648
431.502 2983.080
431.773 2796.367
432.044 2802.939
432.315 2971.223
432.586 3143.221
432.858 3157.646
433.129 2985.070
433.400 2905.636
433.671 2824.200
433.942 2678.192
434.213 2530.183
434.484 2503.744
434.755 2697.732
435.027 2783.576
435.298 2811.848
435.569 3129.975
435.840 3192.101
436.116 3197.941
436.391 3248.350
436.667 3217.473
436.942 3119.738
437.218 3102.858
437.493 3037.978
437.769 3215.239
438.045 3296.355
438.320 3286.043
438.596 3207.729
438.871 3225.128
439.147 3278.812
439.422 3139.923
439.698 3082.033
439.974 3156.571
440.249 3138.679
440.525 3031.643
440.800 3113.320
441.076 3249.281
441.351 3221.956
441.627 3173.630
441.903 3210.588
442.178 3234.688
442.454 3393.930
442.729 3339.885
443.005 3207.981
443.281 3335.077
443.556 3345.314
443.832 3297.265
444.107 3366.928
444.383 3364.163
444.658 3344.681
444.934 3419.770
445.210 3493.858
445.485 3561.374
445.761 3563.317
446.036 3373.401
446.312 3244.057
446.587 3285.711
446.863 3204.507
447.139 2979.730
447.414 2883.809
447.690 2920.316
447.965 3034.536
448.241 2980.898
448.516 2912.688
448.792 2938.191
449.068 3224.692
449.343 3324.193
449.619 3446.693
449.894 3709.620
450.170 3802.546
450.445 3781.186
450.721 3737.538
450.997 3653.176
451.272 3666.955
451.548 3390.162
451.823 3088.939
452.099 3191.286
452.375 3223.919
452.650 3330.264
452.926 3336.895
453.201 3302.667
453.477 3392.724
453.752 3364.351
454.028 3421.263
454.304 3721.460
454.579 3871.941
454.855 3856.993
455.130 3886.044
455.406 3989.094
455.681 4041.143
455.957 3787.191
456.233 3473.667
456.508 3442.856
456.784 3518.472
457.059 3498.802
457.335 3400.417
457.610 3442.887
457.886 3727.214
458.162 3791.397
458.437 3696.580
458.713 3902.189
458.988 4039.655
459.264 4084.263
459.539 4088.013
459.815 4010.048
460.091 3940.510
460.366 3910.971
460.642 3590.860
460.917 3477.891
461.193 3439.350
461.468 3266.093
461.744 3231.121
462.020 3361.434
462.295 3286.175
462.571 3290.629
462.846 3225.322
463.122 3243.145
463.397 3359.301
463.673 3185.140
463.949 3089.875
464.224 3296.730
464.500 3381.896
464.775 3301.031
465.051 3366.554
465.327 3466.503
465.602 3590.109
465.878 3766.040
466.153 3666.932
466.429 3717.369
466.704 3832.104
466.980 3749.317
467.256 3656.726
467.531 3813.647
467.807 3793.540
468.082 3592.247
468.358 3459.965
468.633 3587.562
468.909 3685.451
469.185 3660.656
469.460 3475.145
469.736 3383.358
470.011 3581.048
470.287 3606.443
470.562 3487.654
470.838 3629.478
471.114 3900.261
471.389 3997.517
471.665 3993.541
471.940 4066.021
472.216 4124.592
472.491 4096.401
472.767 3892.965
473.043 3752.604
473.318 3663.234
473.594 3504.080
473.869 3351.344
474.145 3326.156
474.421 3253.492
474.696 3161.985
474.972 3246.830
475.247 3397.673
475.523 3600.795
475.798 3600.282
476.074 3611.159
476.350 3837.514
476.625 3947.088
476.901 3718.626
477.176 3573.265
477.452 3538.752
477.727 3507.970
478.003 3315.131
478.279 3112.426
478.554 3114.868
478.830 3120.990
479.105 3084.041
479.381 3227.132
479.656 3475.640
479.932 3775.164
480.208 3820.967
480.483 3732.235
480.759 3842.746
481.034 3963.412
481.310 3744.023
481.585 3540.327
481.861 3364.962
482.137 3448.495
482.412 3552.606
482.688 3526.798
482.963 3726.339
483.239 3982.315
483.514 4035.295
483.790 4112.337
484.066 4155.246
484.341 4159.686
484.617 4060.817
484.892 3795.212
485.168 3675.322
485.443 3614.068
485.719 3456.537
485.995 3341.939
486.270 3388.360
486.546 3479.972
486.821 3559.710
487.097 3518.407
487.373 3455.211
487.648 3342.915
487.924 3135.958
488.199 2991.532
488.475 2904.952
488.750 2748.898
489.026 2639.470
489.302 2708.864
489.577 3060.332
489.853 3261.695
490.128 3135.749
490.404 3128.384
490.679 3232.012
490.955 3210.408
491.231 3130.483
491.506 3175.714
491.782 3438.026
492.057 3674.792
492.333 3641.714
492.608 3649.174
492.884 3816.306
493.160 3757.312
493.435 3374.148
493.711 3009.877
493.986 2999.819
494.262 3023.219
494.537 2793.263
494.813 2768.479
495.089 2983.991
495.364 3130.098
495.640 3141.519
495.915 3236.923
496.191 3411.946
496.467 3576.726
496.742 3517.020
497.018 3447.542
497.293 3584.813
497.569 3798.410
497.844 3831.533
498.120 3926.316
498.396 4142.175
498.671 4223.033
498.947 4260.644
499.222 4202.016
499.498 4102.824
499.773 3964.478
500.049 3740.294
500.325 3713.720
500.600 3801.008
500.876 3871.981
501.151 3783.566
501.427 3696.369
501.702 3660.008
501.978 3880.066
502.254 3850.941
502.529 3697.413
502.805 3632.381
503.080 3667.387
503.356 3741.762
503.631 3957.269
503.907 3968.201
504.183 4043.828
504.458 4012.263
504.734 3958.398
505.009 4063.134
505.285 4022.700
505.560 3764.219
505.836 3565.367
506.112 3366.514
506.387 3310.630
506.663 3293.744
506.938 3200.632
507.214 3509.068
507.490 3747.599
507.765 3653.406
508.041 3807.229
508.316 4025.366
508.592 4012.462
508.867 3854.234
509.143 3484.686
509.419 3322.989
509.694 3447.856
509.970 3217.133
510.245 2961.836
510.521 2905.022
510.796 3078.550
511.072 3072.869
511.348 3016.589
511.623 3043.579
511.899 3014.611
512.174 2994.179
512.450 3035.058
512.725 3310.949
513.001 3596.535
513.277 3545.782
513.552 3619.639
513.828 3779.303
514.103 3846.435
514.379 4025.028
514.654 4028.805
514.930 4004.856
515.206 3976.091
515.481 3882.394
515.757 3991.380
516.032 4088.490
516.308 4110.178
516.583 3868.924
516.859 3721.261
517.135 3873.363
517.410 3892.137
517.686 3624.875
517.961 3662.472
518.237 3616.448
518.513 3494.340
518.788 3361.162
519.064 3296.725
519.339 3316.205
519.615 3523.589
519.890 3446.721
520.166 3412.026
520.442 3548.054
520.717 3633.194
520.993 3498.636
521.268 3416.094
521.544 3441.354
521.819 3500.922
522.095 3507.063
522.371 3597.866
522.646 3741.505
522.922 3810.434
523.197 3738.178
523.473 3720.390
523.748 3701.477
524.024 3702.046
524.300 3646.050
524.575 3640.319
524.851 4106.357
525.126 4471.606
525.402 4436.381
525.677 4397.154
525.953 4368.082
526.229 4303.174
526.504 4263.399
526.780 3999.066
527.055 3863.907
527.331 3874.100
527.606 3819.941
527.882 3833.635
528.158 3987.337
528.433 3956.101
528.709 3889.284
528.984 3844.039
529.260 3885.564
529.535 4077.655
529.811 4064.791
530.087 3987.209
530.362 4142.034
530.638 4110.659
530.913 4141.303
531.189 4254.102
531.465 4311.036
531.740 4446.421
532.016 4333.477
532.291 4188.941
532.567 4346.226
532.842 4241.514
533.118 3862.032
533.394 3676.513
533.669 3704.374
533.945 3764.880
534.220 3775.830
534.496 3856.272
534.771 4169.916
535.047 4503.459
535.323 4582.333
535.598 4447.617
535.874 4469.473
536.149 4393.445
536.425 4074.031
536.700 3925.376
536.976 3941.411
537.252 3970.135
537.527 4078.367
537.803 4275.494
538.078 4570.229
538.354 4697.507
538.629 4520.761
538.905 4625.435
539.181 4877.220
539.456 4816.982
539.732 4680.196
540.007 4587.044
540.283 4702.582
540.558 4893.174
540.834 4691.912
541.110 4655.728
541.385 4850.493
541.661 4946.004
541.936 5036.377
542.212 5150.529
542.488 5224.413
542.763 5290.355
543.039 5129.356
543.314 4974.452
543.590 4997.013
543.865 4810.966
544.141 4625.043
544.417 4564.880
544.692 4607.414
544.968 4663.695
545.243 4761.303
545.519 4683.311
545.794 4684.002
546.070 4639.142
546.348 4636.868
546.627 4723.661
546.905 4807.771
547.183 4789.423
547.461 4822.671
547.740 4944.210
548.018 5045.899
548.296 4921.312
548.575 4770.294
548.853 4697.913
549.131 4660.298
549.409 4632.212
549.688 4707.385
549.966 4800.265
550.244 5041.890
550.523 5221.464
550.801 5234.846
551.079 5295.538
551.357 5368.411
551.636 5294.091
551.914 5118.440
552.192 4968.489
552.471 5021.778
552.749 4984.881
553.027 4880.015
553.306 4790.861
553.584 4740.964
553.862 4908.167
554.140 4974.032
554.419 5013.985
554.697 5091.685
554.975 4982.150
555.254 4968.099
555.532 5024.894
555.810 5021.652
556.088 5104.671
556.367 4896.481
556.645 4935.384
556.923 5138.126
557.202 5070.167
557.480 4889.125
557.758 4695.147
558.036 4493.727
558.315 4419.901
558.593 4109.619
558.871 3975.318
559.150 4100.437
559.428 4235.838
559.706 4233.666
559.984 4236.908
560.263 4311.833
560.541 4367.023
560.819 4189.894
561.098 3990.642
561.376 4070.107
561.654 4128.273
561.932 4058.444
562.211 3917.628
562.489 3878.682
562.767 3957.952
563.046 3911.201
563.324 3696.288
563.602 3630.957
563.880 3529.315
564.159 3353.532
564.437 3550.354
564.715 3687.530
564.994 3595.894
565.272 3401.525
565.550 3405.819
565.828 3537.517
566.107 3542.889
566.385 3203.869
566.663 3007.455
566.942 3170.881
567.220 3318.765
567.498 3210.724
567.776 3139.769
568.055 3281.710
568.333 3364.240
568.611 3292.359
568.890 3215.501
569.168 3260.972
569.446 3245.260
569.725 3175.549
570.003 3178.518
570.281 3344.245
570.559 3447.157
570.838 3440.683
571.116 3544.013
571.394 3688.060
571.673 3685.900
571.951 3518.662
572.229 3443.013
572.507 3522.617
572.786 3481.411
573.064 3231.042
573.342 3286.376
573.621 3513.344
573.899 3634.690
574.177 3492.880
574.455 3325.810
574.734 3631.517
575.012 3955.853
575.290 3789.799
575.569 3597.023
575.847 3736.074
576.125 3895.275
576.403 4090.885
576.682 3881.375
576.960 3684.081
577.243 3724.051
577.527 3842.870
577.810 3760.256
578.093 3698.742
578.377 3575.137
578.660 3566.444
578.944 3610.994
579.227 3668.913
579.510 3547.686
579.794 3425.378
580.077 3477.690
580.360 3651.139
580.644 3614.110
580.927 3524.708
581.210 3513.339
581.494 3590.877
581.777 3612.204
582.061 3557.370
582.344 3470.582
582.627 3458.157
582.911 3306.340
583.194 3203.709
583.477 3297.458
583.761 3372.152
584.044 3425.438
584.327 3401.788
584.611 3536.446
584.894 3804.123
585.178 3879.650
585.461 3682.337
585.744 3576.611
586.028 3560.506
586.311 3489.521
586.594 3280.017
586.878 3238.370
587.161 3325.572
587.444 3340.488
587.728 3308.329
588.011 3278.170
588.295 3336.800
588.578 3398.861
588.861 3253.633
589.145 3245.089
589.428 3567.379
589.711 3737.082
589.995 3630.673
590.278 3586.077
590.562 3706.739
590.845 3817.435
591.128 3675.743
591.412 3507.537
591.695 3543.179
591.978 3763.396
592.262 3745.036
592.545 3749.666
592.828 3890.933
593.112 4019.410
593.395 3852.618
593.679 3810.463
593.962 3725.417
594.245 3663.023
594.529 3586.524
594.812 3630.879
595.095 3641.236
595.379 3616.476
595.662 3434.440
595.945 3330.404
596.229 3603.921
596.512 3784.013
596.796 3647.553
597.079 3504.213
597.362 3718.916
597.646 3862.132
597.929 3891.518
598.212 3912.169
598.496 3768.248
598.779 3541.529
599.062 3425.777
599.346 3247.209
599.629 3290.760
599.913 3264.994
600.196 2941.945
600.479 2903.483
600.763 3100.912
601.046 3269.273
601.329 3312.496
601.613 3314.728
601.896 3482.600
602.179 3681.700
602.463 3737.112
602.746 3693.931
603.030 3688.418
603.313 3721.820
603.596 3646.004
603.880 3520.457
604.163 3580.935
604.446 3658.564
604.730 3860.828
605.013 4004.772
605.296 4090.492
605.580 4117.675
605.863 4183.787
606.147 4053.187
606.430 4062.831
606.713 3900.056
606.997 3660.176
607.280 3750.461
607.563 3904.205
607.847 3824.706
608.130 3879.870
608.414 4038.547
608.697 4150.186
608.980 4231.051
609.264 3987.907
609.547 3903.215
609.830 4148.147
610.114 4116.502
610.397 3740.345
610.680 3630.442
610.964 3594.561
611.247 3529.872
611.531 3563.919
611.814 3506.163
612.097 3501.371
612.381 3619.982
612.664 3536.186
612.947 3524.873
613.231 3649.058
613.514 3565.339
613.797 3367.577
614.081 3283.627
614.364 3213.584
614.648 3227.528
614.931 3156.855
615.214 3094.478
615.498 3087.621
615.781 3264.770
616.064 3429.158
616.348 3500.192
616.631 3600.615
616.914 3698.441
617.198 3714.184
617.481 3726.960
617.765 3699.764
618.048 3721.593
618.331 3721.901
618.615 3691.465
618.898 3784.300
619.181 3720.928
619.465 3572.039
619.748 3466.307
620.031 3547.382
620.315 3585.605
620.598 3496.622
620.882 3554.289
621.165 3808.765
621.448 3907.218
621.732 3802.982
622.015 3589.218
622.298 3544.096
622.582 3681.418
622.865 3588.624
623.148 3449.623
623.432 3546.520
623.715 3825.472
623.999 3943.106
624.282 3955.879
624.565 4228.634
624.849 4341.007
625.132 4340.124
625.415 4429.146
625.699 4362.025
625.982 4403.696
626.265 4375.781
626.549 3981.109
626.832 5466.662
627.116 6413.563
627.399 6192.900
627.682 6191.479
627.966 6252.660
628.249 6235.776
628.532 6220.188
628.816 4592.588
629.099 3655.829
629.383 3726.780
629.666 3743.823
629.949 3782.374
630.233 3924.083
630.516 3973.974
630.799 3862.530
631.083 3859.656
631.366 4053.313
631.649 4039.045
631.933 3968.351
632.216 3923.113
632.500 4024.031
632.783 4336.931
633.066 4563.917
633.350 4661.511
633.633 4656.096
633.916 4544.620
634.200 4422.564
634.483 4343.854
634.766 4205.775
635.050 4005.406
635.333 3932.855
635.617 4029.479
635.900 4115.697
636.183 4215.826
636.467 4151.564
636.750 4107.672
637.033 4198.424
637.317 4165.084
637.600 3999.827
637.883 3860.081
638.167 3859.782
638.450 3909.503
638.734 3847.237
639.017 3845.115
639.300 3791.235
639.584 3679.297
639.867 3621.496
640.150 3646.094
640.434 3729.167
640.717 3737.461
641.000 3557.004
641.284 3523.201
641.567 3728.027
641.851 3821.057
642.134 3735.083
642.417 3717.032
642.701 3768.165
642.984 3680.320
643.267 3442.383
643.551 3209.164
643.834 3199.060
644.117 3336.612
644.401 3235.404
644.684 3219.082
644.968 3487.861
645.251 3741.442
645.534 3901.129
645.818 4057.451
646.101 4031.835
646.384 4152.587
646.668 4221.594
646.951 4234.211
647.235 4312.954
647.518 4385.840
647.801 4335.194
648.085 4470.897
648.368 4673.755
648.651 4778.086
648.935 4790.750
649.218 4900.184
649.501 5170.619
649.785 5349.594
650.068 5355.282
650.352 5468.384
650.635 5889.283
650.918 6280.447
651.202 6439.267
651.485 6536.939
651.768 6774.579
652.052 6954.566
652.335 7068.182
652.618 7004.979
652.902 7037.397
653.185 7151.383
653.469 7255.396
653.752 7341.229
654.035 7609.791
654.319 7861.321
654.602 7976.010
654.885 8067.336
655.169 8219.954
655.452 8274.095
655.735 8255.798
656.019 8308.322
656.302 8321.143
656.586 8334.022
656.869 8321.605
657.152 8383.986
657.436 8648.398
657.719 8844.638
658.002 8934.648
658.286 9079.285
658.569 9210.937
658.852 9167.354
659.136 9037.671
659.419 9080.994
659.703 9116.054
659.986 8921.678
660.269 8750.198
660.553 8804.890
660.836 9099.278
661.119 9305.512
661.403 9178.156
661.686 9292.987
661.969 9784.857
662.253 9955.472
662.536 10143.305
662.820 10193.460
663.103 10267.400
663.386 10303.596
663.670 10129.803
663.953 9823.459
664.236 9858.766
664.520 9590.745
664.803 9297.311
665.086 9194.007
665.370 9133.225
665.653 9075.117
665.937 8984.747
666.220 8696.626
666.503 8584.894
666.787 8457.417
667.070 8198.206
667.353 7908.754
667.637 7726.619
667.920 7522.766
668.204 7266.021
668.487 6962.983
668.770 6771.861
669.054 6575.309
669.337 6352.664
669.620 6181.949
669.904 5978.955
670.187 5733.578
670.470 5579.010
670.754 5514.722
671.037 5385.245
671.321 5165.043
671.604 4977.513
671.887 4818.161
672.171 4777.234
672.454 4571.760
672.737 4271.976
673.021 4164.828
673.304 4205.877
673.587 4222.908
673.871 4205.744
674.154 4356.951
674.438 4547.234
674.721 4619.799
675.004 4400.637
675.288 4225.233
675.571 4136.429
675.854 3944.422
676.138 3566.562
676.421 3408.327
676.704 3524.251
676.988 3634.843
677.271 3684.870
677.555 3612.973
677.838 3721.435
678.121 3818.719
678.405 3897.314
678.688 3807.682
678.971 3873.477
679.255 3883.250
679.538 3690.002
679.821 3585.902
680.105 3745.193
680.388 3651.151
680.672 3400.058
680.955 3294.246
681.238 3411.102
681.522 3612.161
681.805 3538.207
682.088 3390.268
682.372 3392.266
682.655 3641.071
682.938 3752.238
683.222 3684.424
683.505 3619.367
683.789 3841.236
684.072 3784.847
684.355 3653.450
684.639 3613.147
684.922 3602.824
685.205 3623.395
685.489 3774.722
685.772 3774.251
686.056 3781.684
686.339 3933.018
686.622 4053.632
686.906 4092.152
687.189 4088.563
687.472 3840.858
687.756 3627.294
688.039 3684.979
688.322 3769.356
688.606 3671.956
688.889 3550.010
689.173 3689.873
689.456 3850.322
689.739 3972.220
690.023 4063.971
690.306 3988.463
690.589 3935.813
690.873 3926.179
691.156 3912.178
691.439 4029.826
691.723 4119.389
692.006 4214.888
692.290 4301.032
692.573 4251.145
692.856 4241.065
693.140 4020.815
693.423 3841.609
693.706 3743.998
693.990 3612.089
694.273 3522.777
694.556 3721.209
694.840 3858.089
695.123 3825.982
695.407 3693.058
695.690 3560.474
695.973 3414.569
696.257 3395.816
696.540 3347.920
696.830 3308.850
697.120 3735.156
697.410 3938.350
697.699 3902.192
697.989 3993.393
698.279 4193.498
698.569 4043.799
698.859 3803.470
699.149 3379.515
699.439 3472.461
699.729 3630.684
700.018 3416.752
700.308 3281.721
700.598 3346.452
700.888 3375.244
701.178 3456.941
701.468 3370.879
701.758 3507.706
702.048 3773.593
702.337 3575.138
702.627 3426.798
702.917 3539.059
703.207 3483.905
703.497 3460.523
703.787 3396.282
704.077 3331.083
704.366 3301.205
704.656 3372.369
704.946 3688.166
705.236 3754.330
705.526 3664.448
705.816 3557.493
706.106 3563.680
706.396 3693.697
706.685 3669.829
706.975 3264.126
707.265 3215.350
707.555 3254.641
707.845 3192.394
708.135 3323.717
708.425 3428.846
708.715 3498.798
709.004 3664.890
709.294 3642.617
709.584 3705.683
709.874 3882.102
710.164 3722.328
710.454 3614.685
710.744 3655.138
711.034 3682.665
711.323 3764.574
711.613 3682.016
711.903 3629.519
712.193 3618.902
712.483 3636.549
712.773 3587.407
713.063 3476.155
713.352 3516.893
713.642 3537.079
713.932 3382.103
714.222 3450.883
714.512 3517.049
714.802 3439.377
715.092 3420.835
715.382 3316.780
715.671 3285.114
715.961 3351.789
716.251 3147.160
716.541 3006.040
716.831 3163.451
717.121 3243.045
717.411 3184.051
717.701 3135.591
717.990 3363.461
718.280 3624.021
718.570 3710.029
718.860 3692.112
719.150 3769.049
719.440 3827.955
719.730 3853.023
720.019 3708.513
720.309 3659.560
720.599 3663.778
720.889 3518.360
721.179 3303.357
721.469 3217.902
721.759 3217.374
722.049 3142.911
722.338 3114.542
722.628 3073.461
722.918 3368.419
723.208 3700.046
723.498 3830.117
723.788 3985.625
724.078 4099.785
724.368 4038.136
724.657 4073.544
724.947 3914.375
725.237 3834.841
725.527 3802.466
725.817 3627.464
726.107 3518.828
726.397 3519.787
726.686 3500.131
726.976 3608.417
727.266 3490.801
727.556 3366.432
727.846 3278.747
728.136 3229.905
728.426 3245.956
728.716 3203.543
729.005 2904.717
729.295 2745.223
729.585 3023.767
729.875 3239.346
730.165 3255.224
730.455 3447.921
730.745 3529.570
731.035 3647.739
731.324 3850.563
731.614 3807.930
731.904 3862.730
732.194 3984.561
732.484 3749.386
732.774 3735.720
733.064 3963.462
733.354 3908.439
733.643 3670.637
733.933 3610.332
734.223 3594.478
734.513 3594.122
734.803 3469.015
735.093 3505.126
735.383 3578.254
735.672 3557.742
735.962 3342.663
736.252 3323.252
736.542 3566.590
736.832 3725.439
737.122 3318.903
737.412 3157.886
737.702 3294.411
737.991 3419.844
738.281 3396.800
738.571 3304.174
738.861 3262.068
739.151 3437.291
739.441 3504.748
739.731 3601.412
740.021 3633.618
740.310 3543.364
740.600 3418.084
740.890 3435.663
741.180 3395.437
741.470 3281.154
741.760 3096.856
742.050 3311.241
742.339 3434.826
742.629 3378.289
742.919 3318.815
743.209 3297.238
743.499 3371.938
743.789 3468.800
744.079 3138.042
744.369 2985.656
744.658 3095.112
744.948 3112.978
745.238 3019.140
745.528 3022.916
745.818 3097.180
746.108 3319.816
746.398 3391.723
746.688 3371.574
746.977 3383.971
747.267 3427.613
747.557 3290.752
747.847 3232.195
748.137 3131.257
748.427 3321.353
748.717 3386.880
749.006 3493.094
749.296 3687.658
749.586 3814.173
749.876 3768.934
750.166 3721.587
750.456 3671.192
750.746 3649.479
751.036 3413.017
751.325 3594.037
751.615 3910.640
751.905 3880.363
752.195 3846.888
752.485 3782.812
752.775 3753.917
753.065 3926.342
753.355 3716.972
753.644 3498.567
753.934 3541.213
754.224 3611.616
754.514 3490.526
754.804 3576.001
755.094 3668.837
755.384 3657.011
755.674 3573.866
755.963 3667.365
756.253 3786.265
756.543 3832.958
756.833 3587.260
757.123 3448.472
757.413 3442.679
757.703 3490.951
757.992 3372.015
758.282 3338.389
758.572 3371.017
758.862 3602.691
759.152 3670.546
759.442 3631.054
759.732 3593.579
760.022 3547.694
760.311 3353.380
760.601 3545.435
760.891 3628.086
761.181 3540.665
761.471 3506.115
761.761 3594.445
762.051 3709.738
762.341 3688.333
762.630 3495.167
762.920 3418.573
763.210 3465.127
763.500 3530.893
763.793 3458.257
764.086 3434.685
764.379 3639.445
764.671 3687.248
764.964 3499.976
765.257 3527.219
765.550 3581.811
765.843 3519.673
766.136 3401.764
766.429 3249.335
766.722 3188.179
767.014 3260.268
767.307 3154.074
767.600 3215.650
767.893 3425.564
768.186 3527.641
768.479 3582.682
768.772 3620.245
769.064 3651.952
769.357 3556.506
769.650 3328.335
769.943 3245.757
770.236 3365.801
770.529 3398.806
770.822 3231.313
771.115 3241.675
771.407 3560.155
771.700 3748.026
771.993 3740.621
772.286 3629.384
772.579 3693.635
772.872 3823.456
773.165 3636.789
773.457 3622.815
773.750 3607.345
774.043 3556.381
774.336 3557.674
774.629 3489.726
774.922 3493.579
775.215 3613.017
775.508 3340.469
775.800 3155.085
776.093 3198.315
776.386 3370.198
776.679 3514.660
776.972 3597.400
777.265 3736.028
777.558 3906.847
777.850 3963.246
778.143 3985.627
778.436 3859.618
778.729 3614.414
779.022 3397.696
779.315 3316.369
779.608 3343.621
779.900 3287.599
780.193 3059.224
780.486 3420.752
780.779 3752.201
781.072 3804.010
781.365 3780.007
781.658 3782.812
781.951 3896.901
782.243 3923.772
782.536 3504.307
782.829 3423.140
783.122 3599.218
783.415 3673.125
783.708 3694.964
784.001 3706.874
784.293 3862.286
784.586 3912.991
784.879 3693.424
785.172 3534.049
785.465 3527.085
785.758 3590.921
786.051 3497.798
786.344 3520.851
786.636 3546.715
786.929 3568.668
787.222 3654.878
787.515 3828.537
787.808 3945.900
788.101 4039.391
788.394 3946.798
788.686 3858.541
788.979 3871.726
789.272 3860.100
789.565 3609.142
789.858 3362.991
790.151 3345.885
790.444 3395.977
790.737 3384.482
791.029 3512.452
791.322 3574.213
791.615 3546.465
791.908 3475.860
792.201 3488.520
792.494 3585.199
792.787 3649.368
793.079 3484.638
793.372 3528.614
793.665 3767.024
793.958 3832.359
794.251 3674.052
794.544 3554.232
794.837 3505.595
795.130 3614.437
795.422 3501.665
795.715 3386.487
796.008 3578.130
796.301 3746.557
796.594 3643.227
796.887 3583.623
797.180 3611.968
797.472 3622.624
797.765 3428.971
798.058 3238.187
798.351 3367.060
798.644 3726.627
798.937 3955.300
799.230 3917.466
799.523 3935.344
799.815 4073.639
800.108 3976.290
800.401 3916.581
800.694 3776.985
800.987 3684.422
801.280 3660.769
801.573 3623.274
801.865 3741.966
802.158 3914.120
802.451 3847.688
802.744 3891.788
803.037 3936.513
803.330 3908.531
803.623 3864.088
803.915 3733.723
804.208 3699.847
804.501 3547.251
804.794 3407.397
805.087 3408.234
805.380 3495.005
805.673 3553.707
805.966 3474.622
806.258 3516.720
806.551 3665.171
806.844 3546.707
807.137 3300.416
807.430 3449.143
807.723 3580.741
808.016 3677.196
808.308 3577.638
808.601 3787.623
808.894 3994.829
809.187 4025.626
809.480 3913.034
809.773 3852.888
810.066 3783.113
810.359 3620.013
810.651 3197.823
810.944 3104.346
811.237 3293.525
811.530 3092.814
811.825 3023.885
812.119 3104.352
812.414 3253.462
812.709 3467.343
813.003 3385.571
813.298 3812.574
813.593 4234.269
813.887 4359.467
814.182 4373.757
814.476 4392.877
814.771 4402.878
815.066 4468.285
815.360 3977.696
815.655 3730.139
815.950 3640.783
816.244 3565.344
816.539 3627.847
816.834 3667.536
817.128 3804.454
817.423 3728.624
817.718 3608.452
818.012 3639.794
818.307 3798.870
818.602 3753.793
818.896 3737.245
819.191 3778.888
819.486 4007.302
819.780 4050.349
820.075 3978.335
820.369 4049.173
820.664 4211.965
820.959 4127.815
821.253 3963.549
821.548 3826.703
821.843 3894.185
822.137 3861.529
822.432 3607.531
822.727 3429.498
823.021 3549.857
823.316 3553.037
823.611 3489.098
823.905 3430.726
824.200 3499.259
824.495 3512.251
824.789 3485.580
825.084 3608.900
825.379 3769.832
825.673 3926.436
825.968 4029.866
826.262 4106.214
826.557 4237.828
826.852 4354.371
827.146 4162.336
827.441 3931.930
827.736 3856.742
828.030 3841.198
828.325 3716.842
828.620 3837.348
828.914 3846.388
829.209 3822.291
829.504 3841.382
829.798 3814.354
830.093 3763.690
830.388 3756.728
830.682 3500.406
830.977 3448.179
831.271 3588.698
831.566 3711.384
831.861 3703.893
832.155 3659.797
832.450 3675.966
832.745 3791.022
833.039 3628.551
833.334 3358.336
833.629 3325.789
833.923 3298.515
834.218 3222.888
834.513 3279.168
834.807 3241.909
835.102 3267.813
835.397 3208.834
835.691 3007.639
835.986 2944.764
836.281 2931.018
836.575 2846.316
836.870 2847.348
837.164 2898.731
837.459 2908.588
837.754 2919.879
838.048 3018.698
838.343 3129.679
838.638 3178.087
838.932 3210.746
839.227 3235.820
839.522 3293.348
839.816 3350.705
840.111 3301.619
840.406 3524.358
840.700 3864.644
840.995 3979.426
841.290 4005.658
841.584 4034.646
841.879 4057.368
842.174 4283.467
842.468 4228.327
842.763 4039.860
843.057 3966.976
843.352 3918.273
843.647 3918.291
843.941 4040.949
844.236 3871.755
844.531 3841.406
844.825 3871.493
845.120 3877.654
845.415 3883.704
845.709 4086.264
846.004 4164.343
846.299 4299.275
846.593 4266.014
846.888 4041.715
847.183 4002.964
847.477 4126.672
847.772 4121.130
848.066 3967.851
848.361 3778.163
848.656 3630.813
848.950 3893.706
849.245 4075.793
849.540 4008.902
849.834 3876.556
850.129 3881.993
850.424 3863.143
850.718 3870.212
851.013 3745.330
851.308 3710.653
851.602 3766.759
851.897 3721.609
852.192 4049.099
852.486 4385.511
852.781 4640.103
853.076 4634.344
853.370 4369.472
853.665 4300.086
853.959 4321.364
854.254 3853.824
854.549 3581.938
854.843 3455.378
855.138 3395.948
855.433 3610.540
855.727 3650.203
856.022 3647.768
856.317 3893.358
856.611 3886.571
856.906 3946.672
857.201 4083.321
857.495 3893.852
857.790 3752.084
858.085 3773.394
858.379 3711.031
858.674 3628.524
858.969 3359.534
859.263 3237.969
859.558 3495.759
859.852 3520.950
860.147 3416.659
860.442 3433.841
860.736 3565.620
861.031 3825.337
861.326 3839.946
861.620 3596.705
861.915 3743.131
862.210 3887.433
862.504 3767.695
862.799 3753.922
863.094 3679.840
863.388 3627.355
863.683 3518.382
863.978 3301.845
864.272 3269.863
864.567 3214.292
864.861 3024.389
865.156 3020.294
865.451 3056.210
865.745 3617.722
866.040 4032.703
866.335 4060.780
866.629 4174.326
866.924 4348.730
867.219 4311.932
867.513 4355.136
867.808 4137.438
868.103 3940.579
868.397 3856.801
868.692 3787.155
868.987 3718.708
869.281 3507.035
869.576 3262.399
869.871 3000.930
870.165 2811.623
870.460 2747.304
870.754 2769.053
871.049 2879.963
871.344 3137.172
871.638 3253.191
871.933 3376.202
872.228 3583.967
872.522 3702.157
872.817 3847.806
873.112 3739.069
873.406 3533.246
873.701 3511.841
873.996 3489.436
874.290 3382.172
874.585 3369.040
874.880 3251.809
875.174 3191.711
875.469 3246.274
875.764 3303.700
876.058 3346.201
876.353 3339.939
876.647 3327.902
876.942 3373.851
877.237 3561.961
877.531 3608.980
877.826 3532.202
878.121 3470.492
878.415 3477.504
878.710 3445.013
879.005 3237.054
879.299 2959.051
879.594 2954.427
879.889 2995.045
880.183 2856.795
880.478 2758.114
880.773 2784.672
881.067 2883.331
881.362 2906.738
881.656 2869.333
881.951 2937.474
882.246 3031.055
882.540 2948.436
882.835 2779.704
883.130 2822.681
883.424 2995.621
883.719 3020.416
884.014 2967.941
884.308 3011.182
884.603 3143.571
884.898 3196.018
885.192 3206.562
885.487 3207.404
885.782 3104.996
886.076 3021.707
886.371 2813.661
886.666 2733.827
886.960 2954.634
887.255 3019.540
887.549 3063.316
887.844 3164.071
888.139 3172.658
888.433 3258.853
888.728 3314.364
889.023 3187.782
889.317 3147.131
889.612 3123.481
889.907 3122.256
890.201 3227.950
890.496 3305.379
890.791 3284.203
891.085 3282.967
891.380 3192.685
891.675 3035.525
891.969 2915.262
892.264 2775.224
892.559 2809.405
892.853 2906.224
893.148 2790.572
893.442 2843.733
893.737 3043.334
894.032 3072.816
894.326 3054.236
894.621 3002.908
894.916 2936.104
895.210 2970.385
895.505 2943.844
895.800 2767.185
896.094 2839.041
896.389 2892.950
896.684 2821.819
896.978 2717.658
897.273 2716.440
897.568 2761.321
897.862 2816.030
898.157 2938.580
898.451 3140.886
898.746 3244.289
899.041 3303.144
899.335 3443.894
899.630 3545.928
899.925 3494.559
900.219 3362.998
900.514 3498.980
900.809 3531.275
901.103 3502.367
901.398 3587.881
901.693 3538.923
901.987 3652.851
902.282 3661.163
902.577 3351.083
902.871 3285.753
903.166 3415.673
903.461 3264.358
903.755 3103.662
904.050 3021.138
904.344 2983.580
904.639 2923.760
904.934 2862.858
905.228 2819.408
905.523 2792.391
905.818 2805.224
906.112 2888.837
906.407 3081.091
906.702 3254.735
906.996 3395.900
907.291 3338.286
907.586 3385.037
907.880 3587.063
908.175 3564.042
908.470 3371.268
908.764 3305.895
909.059 3276.847
909.354 3404.274
909.648 3512.922
909.943 3580.466
910.237 3621.127
910.532 3786.893
910.827 3757.777
911.121 3677.668
911.416 3636.230
911.711 3580.265
912.005 3546.640
912.300 3518.427
912.599 3387.577
912.898 3376.048
913.196 3291.815
913.495 3245.563
913.794 3391.760
914.093 3315.357
914.391 3372.264
914.690 3427.862
914.989 3508.552
915.288 3576.176
915.586 3446.994
915.885 3277.918
916.184 3259.913
916.483 3248.992
916.782 3289.107
917.080 3402.510
917.379 3682.536
917.678 3882.512
917.977 3876.590
918.275 3885.720
918.574 3808.187
918.873 3706.662
919.172 3645.009
919.471 3441.358
919.769 3437.075
920.068 3494.841
920.367 3347.166
920.666 3202.378
920.964 3281.323
921.263 3127.100
921.562 2983.018
921.861 2977.236
922.159 3081.586
922.458 3291.993
922.757 3553.579
923.056 3574.045
923.355 3684.964
923.653 3823.880
923.952 3768.739
924.251 3580.603
924.550 3592.749
924.848 3448.901
925.147 3256.668
925.446 3212.213
925.745 3244.513
926.043 3274.902
926.342 3267.349
926.641 3180.822
926.940 3165.356
927.239 3334.596
927.537 3394.618
927.836 3507.429
928.135 3681.420
928.434 3773.581
928.732 3658.614
929.031 3663.345
929.330 3776.096
929.629 3864.629
929.927 3701.831
930.226 3629.331
930.525 3714.795
930.824 3889.875
931.123 4003.089
931.421 3932.842
931.720 3916.148
932.019 4059.388
932.318 3937.865
932.616 3782.639
932.915 3836.388
933.214 3857.064
933.513 3905.803
933.812 3867.451
934.110 4055.964
934.409 4489.873
934.708 4681.188
935.007 4639.158
935.305 4582.951
935.604 4448.724
935.903 4408.523
936.202 4275.907
936.500 4093.200
936.799 4031.504
937.098 4051.950
937.397 4225.516
937.696 4407.293
937.994 4486.263
938.293 4483.820
938.592 4524.410
938.891 4619.450
939.189 4508.194
939.488 4579.585
939.787 4653.738
940.086 4671.784
940.384 4594.284
940.683 4827.849
940.982 5133.237
941.281 5348.855
941.580 5317.085
941.878 5286.797
942.177 5255.357
942.476 5390.615
942.775 5158.116
943.073 4862.324
943.372 5120.509
943.671 5278.050
943.970 5203.388
944.268 5217.314
944.567 5243.378
944.866 5266.522
945.165 5249.044
945.464 4998.684
945.762 5087.480
946.061 5275.346
946.360 5242.661
946.659 5034.312
946.957 4969.273
947.256 4968.881
947.555 4792.219
947.854 4393.295
948.153 4319.668
948.451 4447.312
948.750 4502.548
949.049 4444.740
949.348 4492.408
949.646 4705.586
949.945 4810.587
950.244 4679.032
950.543 4651.916
950.841 4813.220
951.140 4819.172
951.439 4816.427
951.738 4834.799
952.037 4848.124
952.335 4892.237
952.634 4652.782
952.933 4440.526
953.232 4474.996
953.530 4405.441
953.829 4212.846
954.128 4120.504
954.427 4242.078
954.725 4517.622
955.024 4426.272
955.323 4370.016
955.622 4430.690
955.921 4372.403
956.219 4307.798
956.518 4126.396
956.817 4025.201
957.116 4028.417
957.414 3767.542
957.713 3624.684
958.012 3657.914
958.311 3673.217
958.610 3601.373
958.908 3642.656
959.207 3868.031
959.506 4067.799
959.805 4037.128
960.103 4126.102
960.402 4302.576
960.701 4361.978
961.000 4189.892
961.298 3993.413
961.597 4056.659
961.896 4160.720
962.195 3940.792
962.494 3721.672
962.792 3664.770
963.091 3603.773
963.390 3621.593
963.689 3545.982
963.987 3476.947
964.286 3561.030
964.585 3727.984
964.884 4161.093
965.182 4493.859
965.481 4638.708
965.780 4688.611
966.080 4687.647
966.380 4864.024
966.680 4728.350
966.981 4315.503
967.281 4122.752
967.581 4117.113
967.881 4095.642
968.181 3973.283
968.481 3871.145
968.781 3887.716
969.082 3879.357
969.382 3930.052
969.682 3773.919
969.982 3804.551
970.282 3964.378
970.582 3903.032
970.882 3791.735
971.183 3825.162
971.483 3820.363
971.783 3825.790
972.083 3707.874
972.383 3680.069
972.683 3712.394
972.983 3788.971
973.284 3794.429
973.584 3836.081
973.884 3854.332
974.184 3832.358
974.484 3815.194
974.784 3878.418
975.084 3868.163
975.385 3732.292
975.685 3665.840
975.985 3652.182
976.285 3592.931
976.585 3454.759
976.885 3362.168
977.185 3421.685
977.486 3511.462
977.786 3348.557
978.086 3259.185
978.386 3429.503
978.686 3554.512
978.986 3429.730
979.286 3301.316
979.587 3240.184
979.887 3300.802
980.187 3288.555
980.487 3341.880
980.787 3403.490
981.087 3460.385
981.387 3392.281
981.688 3394.177
981.988 3373.072
982.288 3403.396
982.588 3174.578
982.888 3058.616
983.188 3248.511
983.488 3462.978
983.789 3607.874
984.089 3689.912
984.389 3785.950
984.689 3845.845
984.989 3753.598
985.289 3515.921
985.589 3385.674
985.890 3198.426
986.190 3079.035
986.490 3012.788
986.790 3115.683
987.090 3094.863
987.390 3196.901
987.690 3403.082
987.991 3528.405
988.291 3505.300
988.591 3536.909
988.891 3542.375
989.191 3651.842
989.491 3705.022
989.791 3522.917
990.092 3482.954
990.392 3725.563
990.692 3778.743
990.992 3587.066
991.292 3507.532
991.592 3418.570
991.892 3340.036
992.193 3233.930
992.493 3095.967
992.793 3050.004
993.093 3086.899
993.393 3075.364
993.693 3095.687
993.993 3239.153
994.294 3443.904
994.594 3458.512
994.894 3343.264
995.194 3375.158
995.494 3409.909
995.794 3406.946
996.094 3358.982
996.395 3283.876
996.695 3156.342
996.995 3106.093
997.295 3147.415
997.595 3247.309
997.895 3263.345
998.195 3246.096
998.496 3159.704
998.796 3234.598
999.096 3315.634
999.396 3371.671
999.696 3355.993
999.996 3329.743
1000.296 3341.065
1000.597 3647.387
1000.897 3740.709
1001.197 3695.031
1001.497 3632.639
1001.797 3570.389
1002.097 3698.425
1002.397 3710.462
1002.698 3392.212
1002.998 3249.962
1003.298 3334.284
1003.598 3333.748
1003.898 3294.070
1004.198 3138.106
1004.498 3127.142
1004.799 3248.606
1005.099 3269.499
1005.399 3171.678
1005.699 3118.142
1005.999 3295.463
1006.299 3313.213
1006.599 3278.392
1006.900 3336.856
1007.200 3372.320
1007.500 3411.213
1007.800 3468.391
1008.100 3370.284
1008.400 3423.462
1008.700 3569.640
1009.001 3583.104
1009.301 3812.854
1009.601 4102.746
1009.901 4215.638
1010.201 4147.816
1010.501 4039.280
1010.801 3854.744
1011.102 3661.208
1011.402 3361.528
1011.702 3082.278
1012.002 2961.027
1012.302 2987.205
1012.602 2944.097
1012.902 3078.132
1013.203 3102.881
1013.503 3140.916
1013.803 3170.522
1014.103 3172.271
1014.403 3328.306
1014.703 3645.484
1015.003 3554.376
1015.304 3497.696
1015.604 3507.445
1015.904 3678.194
1016.204 3718.943
1016.504 3574.120
1016.804 3331.440
1017.104 3337.760
1017.405 3434.081
1017.705 3538.829
1018.005 3437.292
1018.305 3348.470
1018.605 3504.790
1018.905 3719.681
1019.205 3816.858
1019.506 3840.607
1019.806 3685.927
1020.106 3610.818
1020.406 3656.281
1020.706 3542.315
1021.006 3376.349
1021.306 3288.240
1021.607 3209.560
1021.907 3233.451
1022.207 3144.199
1022.507 3063.519
1022.807 3144.267
1023.107 3163.444
1023.407 3074.192
1023.708 3061.940
1024.008 3077.116
1024.308 3198.864
1024.608 3468.755
1024.908 3524.217
1025.208 3521.251
1025.508 3601.999
1025.809 3608.175
1026.109 3608.638
1026.409 3684.100
1026.709 3543.705
1027.009 3368.309
1027.309 3408.486
1027.609 3498.805
1027.910 3795.695
1028.210 4051.014
1028.510 4226.191
1028.810 4575.081
1029.110 4713.543
1029.410 4635.862
1029.710 4490.038
1030.011 4295.499
1030.311 4129.247
1030.611 3864.280
1030.911 3575.884
1031.211 3610.632
1031.511 3631.665
1031.811 3625.126
1032.112 3656.016
1032.412 3803.907
1032.712 3798.654
1033.012 3618.687
1033.312 3613.291
1033.612 3643.752
1033.912 3714.642
1034.212 3635.103
1034.513 3408.136
1034.813 3445.026
1035.113 3492.201
1035.413 3211.948
1035.713 3167.409
1036.013 3288.585
1036.313 3299.903
1036.614 3376.507
1036.914 3488.111
1037.214 3751.429
1037.514 3889.033
1037.814 3823.351
1038.114 3704.241
1038.414 3671.701
1038.715 3572.448
1039.015 3353.337
1039.315 3026.798
1039.615 2973.973
1039.915 2963.434
1040.215 2880.323
1040.515 2798.070
1040.816 2795.959
1041.116 2818.277
1041.416 2939.595
1041.716 3148.198
1042.016 3423.944
1042.316 3527.119
1042.616 3548.865
1042.917 3749.897
1043.217 3842.786
1043.517 3615.818
1043.817 3305.850
1044.117 3100.310
1044.417 3252.342
1044.717 3352.374
1045.018 3180.405
1045.318 3165.866
1045.618 3402.469
1045.918 3570.786
1046.218 3524.532
1046.518 3351.421
1046.818 3370.881
1047.119 3383.627
1047.419 3345.229
1047.719 3355.261
1048.019 3397.435
1048.319 3353.324
1048.619 3282.498
1048.919 3235.672
1049.220 3160.989
1049.520 3187.592
1049.820 3111.052
1050.120 3118.369
1050.420 3393.257
1050.720 3472.574
1051.020 3421.176
1051.321 3480.207
1051.621 3406.096
1051.921 3345.127
1052.221 3363.729
1052.521 3247.189
1052.821 3402.648
1053.121 3484.965
1053.422 3839.567
1053.722 4207.312
1054.022 4344.058
1054.322 4194.231
1054.622 4123.834
1054.922 4093.150
1055.222 4165.895
1055.523 3833.212
1055.823 3478.385
1056.123 3299.416
1056.423 3311.875
1056.723 3431.906
1057.023 3308.365
1057.323 3203.967
1057.624 3252.569
1057.924 3358.599
1058.224 3393.773
1058.524 3553.946
1058.824 3605.548
1059.124 3632.578
1059.424 3682.609
1059.725 3697.925
1060.025 3732.955
1060.325 3750.985
1060.625 3625.730
1060.925 3479.331
1061.225 3500.219
1061.525 3449.249
1061.826 3324.422
1062.126 3275.024
1062.426 3442.482
1062.726 3485.512
1063.026 3570.114
1063.326 3536.858
1063.626 3517.317
1063.927 3712.490
1064.227 3765.948
1064.527 3610.549
1064.827 3615.294
1065.127 3540.609
1065.427 3604.068
1065.727 3692.526
1066.028 3615.127
1066.328 3526.300
1066.628 3515.044
1066.928 3488.359
1067.228 3462.960
1067.528 3336.990
1067.828 3261.020
1068.129 3180.906
1068.429 3199.508
1068.729 3314.394
1069.029 3394.424
1069.329 3517.310
1069.629 3604.054
1069.929 3562.084
1070.230 3548.684
1070.530 3482.428
1070.830 3474.743
1071.130 3438.344
1071.430 3290.516
1071.730 3345.260
1072.030 3563.003
1072.331 3637.747
1072.631 3622.062
1072.931 3594.234
1073.231 3643.977
1073.531 3715.578
1073.831 3516.179
1074.131 3221.350
1074.432 3074.237
1074.732 3028.837
1075.032 2885.723
1075.332 2687.324
1075.632 2714.210
1075.932 2782.667
1076.232 2785.839
1076.533 2934.011
1076.833 3113.611
1077.133 3136.069
1077.433 3033.383
1077.733 2891.269
1078.033 3009.298
1078.333 3189.327
1078.634 3133.213
1078.934 3142.813
1079.234 3271.699
1079.534 3381.870
1079.834 3408.327
1080.134 3334.213
1080.434 3289.242
1080.735 3349.413
1081.035 3303.441
1081.335 3309.041
1081.635 3447.641
1081.935 3572.956
1082.235 3599.413
1082.535 3663.155
1082.836 3684.898
1083.136 3673.926
1083.436 3560.240
1083.736 3458.983
1084.036 3317.440
1084.336 3311.182
1084.636 3305.210
1084.937 3325.096
1085.237 3358.981
1085.537 3592.295
1085.837 3714.466
1086.137 3825.780
1086.437 3897.094
1086.737 3840.407
1087.038 3662.293
1087.338 3549.178
1087.638 3462.920
1087.938 3345.805
1088.238 3318.690
1088.538 3237.861
1088.838 3464.318
1089.139 3769.631
1089.439 3801.802
1089.739 3657.401
1090.039 3643.143
1090.339 3494.028
1090.639 3405.627
1090.939 3132.512
1091.240 2956.826
1091.540 3075.139
1091.840 3170.024
1092.140 3325.194
1092.453 3480.222
1092.766 3476.249
1093.079 3398.563
1093.392 3319.733
1093.705 3217.618
1094.018 3255.217
1094.330 3066.673
1094.643 3217.414
1094.956 3399.585
1095.269 3533.612
1095.582 3507.068
1095.895 3531.524
1096.208 3579.409
1096.521 3852.722
1096.834 3755.463
1097.147 3645.919
1097.460 3733.803
1097.773 3897.973
1098.085 3842.715
1098.398 3728.742
1098.711 3582.483
1099.024 3545.225
1099.337 3578.823
1099.650 3412.993
1099.963 3308.306
1100.276 3385.047
1100.589 3336.789
1100.902 3252.959
1101.215 3239.128
1101.528 3367.584
1101.841 3425.039
1102.153 3397.209
1102.466 3440.236
1102.779 3626.406
1103.092 3728.718
1103.405 3787.031
1103.718 3656.915
1104.031 3577.227
1104.344 3524.111
1104.657 3493.138
1104.970 3461.164
1105.283 3542.620
1105.596 3614.503
1105.909 3652.816
1106.221 3770.985
1106.534 3895.012
1106.847 3823.753
1107.160 3655.208
1107.473 3558.663
1107.786 3377.261
1108.099 3247.002
1108.412 3278.314
1108.725 3277.769
1109.038 3232.795
1109.351 3197.107
1109.664 3078.562
1109.977 3049.303
1110.289 3011.758
1110.602 2848.784
1110.915 2921.524
1111.228 3090.694
1111.541 3281.577
1111.854 3309.889
1112.167 3266.772
1112.480 3332.655
1112.793 3394.967
1113.106 3176.422
1113.419 3061.734
1113.732 2953.760
1114.044 2987.643
1114.357 3047.669
1114.670 3111.267
1114.983 3159.721
1115.296 3299.747
1115.609 3316.202
1115.922 3336.370
1116.235 3370.539
1116.548 3407.993
1116.861 3297.876
1117.174 3200.474
1117.487 3196.071
1117.800 3230.811
1118.112 3312.265
1118.425 3427.291
1118.738 3560.603
1119.051 3617.057
1119.364 3763.225
1119.677 3925.822
1119.990 3996.277
1120.303 3937.017
1120.616 3837.328
1120.929 3829.496
1121.242 3949.093
1121.555 3854.833
1121.868 3653.287
1122.180 3580.884
1122.493 3586.052
1122.806 3636.792
1123.119 3505.675
1123.432 3365.700
1123.745 3544.297
1124.058 3738.894
1124.371 3765.919
1124.684 3652.087
1124.997 3465.684
1125.310 3447.138
1125.623 3450.449
1125.935 3357.760
1126.248 3306.785
1126.561 3342.382
1126.874 3404.978
1127.187 3567.432
1127.500 3741.314
1127.813 3908.625
1128.126 3922.936
1128.439 3742.961
1128.752 3599.272
1129.065 3589.440
1129.378 3547.750
1129.691 3451.632
1130.003 3435.372
1130.316 3433.968
1130.629 3402.279
1130.942 3451.589
1131.255 3599.043
1131.568 3527.639
1131.881 3337.664
1132.194 3250.117
1132.507 3159.142
1132.820 3182.595
1133.133 3314.906
1133.446 3394.073
1133.759 3476.241
1134.071 3796.409
1134.384 3846.433
1134.697 3828.601
1135.010 3899.340
1135.323 3915.079
1135.636 3733.103
1135.949 3635.699
1136.262 3450.295
1136.575 3380.034
1136.888 3429.487
1137.201 3524.940
1137.514 3462.536
1137.826 3648.703
1138.139 3887.871
1138.452 4037.752
1138.765 4140.491
1139.078 4306.658
1139.391 4262.254
1139.704 4303.135
1140.017 4240.445
1140.330 4062.898
1140.643 3918.923
1140.956 3918.518
1141.269 3907.114
1141.582 3886.567
1141.894 3871.591
1142.207 3779.901
1142.520 3805.925
1142.833 3802.235
1143.146 3728.402
1143.459 3524.426
1143.772 3438.879
1144.085 3264.331
1144.398 3249.212
1144.711 3330.808
1145.024 3363.689
1145.337 3490.284
1145.650 3503.594
1145.962 3551.047
1146.275 3737.928
1146.588 3723.809
1146.901 3659.118
1147.214 3754.999
1147.527 3611.737
1147.840 3536.904
1148.153 3620.499
1148.466 3576.952
1148.779 3693.261
1149.092 3689.571
1149.405 3644.451
1149.718 3666.904
1150.030 3772.070
1150.343 3686.808
1150.656 3555.689
1150.969 3451.856
1151.282 3388.879
1151.595 3257.760
1151.908 3358.355
1152.221 3444.521
1152.534 3719.545
1152.847 4099.283
1153.160 4291.592
1153.473 4455.758
1153.785 4593.353
1154.098 4485.377
1154.411 4358.543
1154.724 4116.995
1155.037 3766.875
1155.350 3530.756
1155.663 3408.636
1155.976 3291.517
1156.289 3238.111
1156.602 3343.563
1156.915 3335.158
1157.228 3443.896
1157.541 3687.347
1157.853 3680.085
1158.166 3645.537
1158.479 3679.846
1158.792 3648.012
1159.105 3660.749
1159.418 3684.772
1159.731 3515.652
1160.044 3529.961
1160.357 3753.556
1160.670 3982.007
1160.983 3975.745
1161.296 3862.482
1161.609 3667.505
1161.921 3569.956
1162.234 3545.979
1162.547 3491.717
1162.860 3246.882
1163.173 3121.620
1163.486 3298.071
1163.799 3556.951
1164.112 3615.117
1164.425 3529.140
1164.738 3325.734
1165.051 3485.042
1165.364 3743.494
1165.676 3727.516
1165.989 3743.682
1166.302 3912.990
1166.615 4013.870
1166.928 4131.893
1167.241 4033.916
1167.554 3886.795
1167.867 3821.247
1168.180 3623.269
1168.493 3554.720
1168.806 3682.743
1169.119 3733.908
1169.432 3605.359
1169.744 3619.239
1170.057 3674.262
1170.370 3762.570
1170.683 3583.164
1170.996 3401.472
1171.309 3406.923
1171.622 3514.660
1171.935 3466.968
1172.248 3380.561
1172.561 3271.584
1172.874 3312.178
1173.187 3397.628
1173.500 3666.508
1173.812 3773.673
1174.125 3702.267
1174.438 3957.860
1174.751 4193.168
1175.064 4179.333
1175.377 4065.641
1175.690 3676.235
1176.003 3491.543
1176.316 3527.994
1176.629 3199.444
1176.942 2947.323
1177.255 3063.346
1177.567 3228.082
1177.880 3383.104
1178.193 3558.555
1178.506 3695.577
1178.819 3784.313
1179.132 3782.763
1179.445 3636.357
1179.758 3587.236
1180.071 3553.972
1180.384 3527.137
1180.697 3600.159
1181.010 3695.895
1181.323 3720.774
1181.635 3664.082
1181.948 3646.961
1182.261 3807.697
1182.574 4035.576
1182.887 3978.026
1183.200 3884.905
1183.513 3914.498
1183.826 4071.091
1184.139 4011.684
1184.452 3780.992
1184.765 3501.871
1185.078 3529.035
1185.391 3475.057
1185.703 3475.650
1186.016 3688.528
1186.329 3813.122
1186.642 3982.000
1186.955 3940.450
1187.268 3814.758
1187.581 3910.636
1187.894 3990.229
1188.207 3773.965
1188.520 3662.558
1188.833 3506.294
1189.146 3451.029
1189.459 3378.051
1189.771 3287.215
1190.084 3269.808
1190.397 3330.401
1190.710 3326.422
1191.023 3330.586
1191.336 3412.322
1191.649 3454.486
1191.962 3440.936
1192.275 3330.957
1192.588 3237.550
1192.901 3277.571
1193.214 3196.306
1193.526 3188.185
1193.839 3293.920
1194.152 3296.799
1194.465 3201.963
1194.778 3196.555
1195.091 3241.576
1195.404 3156.740
1195.717 2910.190
1196.030 2843.354
1196.343 2938.518
1196.656 3166.253
1196.969 3431.846
1197.282 3673.009
1197.594 3923.173
1197.907 4063.766
1198.220 3941.072
1198.533 4003.379
1198.846 3981.400
1199.159 3724.992
1199.472 3431.870
1199.785 3389.605
1200.098 3491.341
1200.411 3549.790
1200.724 3325.811
1201.037 3339.260
1201.350 3407.138
1201.662 3082.445
1201.975 2955.836
1202.288 2840.380
1202.601 2821.690
