165.028 680.665
165.288 606.467
165.547 464.857
165.807 423.586
166.067 378.134
166.327 493.554
166.587 576.990
166.847 407.440
167.107 453.619
167.367 589.242
167.627 719.593
167.886 937.531
168.146 1157.625
168.406 1233.876
168.666 1187.856
168.926 1149.278
169.186 1300.999
169.446 1320.591
169.706 1069.911
169.966 900.958
170.225 1124.876
170.485 1371.949
170.745 1368.036
171.005 1255.992
171.265 1317.246
171.525 1437.942
171.785 1352.935
172.045 1060.655
172.305 1094.816
172.564 1247.988
172.824 1196.458
173.084 1178.797
173.344 1241.147
173.604 1240.508
173.864 1150.452
174.124 938.407
174.384 989.945
174.644 1107.064
174.903 929.052
175.163 940.764
175.423 1147.629
175.683 1232.934
175.943 1119.819
176.203 975.715
176.463 913.906
176.723 1180.393
176.983 1267.604
177.242 1180.967
177.502 1272.910
177.762 1405.434
178.022 1338.967
178.282 1264.509
178.542 1441.917
178.802 1325.048
179.062 1137.045
179.322 1121.621
179.581 1301.920
179.841 1398.513
180.101 1477.828
180.361 1175.436
180.621 1181.481
180.881 1393.247
181.141 1368.164
181.401 1193.374
181.661 1250.163
181.920 1180.244
182.180 1021.047
182.440 894.856
182.700 891.387
182.960 823.924
183.220 751.324
183.480 678.731
183.740 898.144
184.000 1110.421
184.259 1279.846
184.519 1406.420
184.779 1588.714
185.039 1792.584
185.299 1822.175
185.559 1893.485
185.819 2095.229
186.079 2024.121
186.339 1722.733
186.598 1575.635
186.858 1913.684
187.118 2189.738
187.378 2080.654
187.638 1812.431
187.898 1818.642
188.158 2008.713
188.418 2017.360
188.678 1714.440
188.937 1710.237
189.197 1583.896
189.457 1372.130
189.717 1336.652
189.977 1492.179
190.237 1624.280
190.497 1485.241
190.757 1187.062
191.017 1205.458
191.276 1336.143
191.536 1162.116
191.796 1145.663
192.056 1204.641
192.316 1206.764
192.576 1122.319
192.836 1218.446
193.096 1444.862
193.356 1500.852
193.616 1351.557
193.875 1420.693
194.135 1650.688
194.395 1779.970
194.655 1736.968
194.915 1596.253
195.175 1629.396
195.435 1588.827
195.695 1466.401
195.955 1429.976
196.214 1610.410
196.474 1724.416
196.734 1728.851
196.994 1860.001
197.254 1935.723
197.514 1857.160
197.774 1690.312
198.034 1581.178
198.294 1476.044
198.553 1467.197
198.813 1413.206
199.073 1563.930
199.333 1696.939
199.593 1704.377
199.853 1554.671
200.113 1538.822
200.373 1661.116
200.633 1684.552
200.892 1425.558
201.152 1455.279
201.412 1644.284
201.672 1664.717
201.932 1530.863
202.192 1510.436
202.452 1867.580
202.712 2168.580
202.972 2043.722
203.231 1878.576
203.491 2366.572
203.751 2667.852
204.011 2521.702
204.271 2210.265
204.531 2143.683
204.791 2077.527
205.051 1922.656
205.311 1487.354
205.570 1429.193
205.830 1658.315
206.090 1611.436
206.350 1535.268
206.610 1758.098
206.870 1915.640
207.130 1877.180
207.390 1801.289
207.650 1780.395
207.909 1757.355
208.169 1646.170
208.429 1466.411
208.689 1463.935
208.949 1412.313
209.209 1291.973
209.469 1209.203
209.729 1485.143
209.989 1532.223
210.248 1617.729
210.508 1716.374
210.768 1800.873
211.028 1899.940
211.288 1918.432
211.548 1782.635
211.808 1803.835
212.068 1597.888
212.328 1437.651
212.587 1589.268
212.847 1930.882
213.107 2058.206
213.367 1899.526
213.627 1953.413
213.887 2275.154
214.147 2349.320
214.407 2128.052
214.667 1986.067
214.926 2048.220
215.186 2132.654
215.446 1980.513
215.706 1771.368
215.966 1820.647
216.226 1996.921
216.486 1754.048
216.746 1509.028
217.006 1706.289
217.265 1777.260
217.525 1737.083
217.785 1766.045
218.045 1837.430
218.305 1904.668
218.565 1839.615
218.825 1565.700
219.085 1698.209
219.345 1864.856
219.604 1712.070
219.864 1536.278
220.124 1552.482
220.384 1730.680
220.644 1806.731
220.904 1703.205
221.164 1684.530
221.424 1696.994
221.684 1712.595
221.943 1677.477
222.203 1625.067
222.463 1549.224
222.723 1396.661
222.983 1226.950
223.243 1236.376
223.503 1168.940
223.763 1278.069
224.023 1370.765
224.282 1533.883
224.542 1873.282
224.802 1997.532
225.062 2183.491
225.322 2427.587
225.582 2282.820
225.842 2137.476
226.102 2047.983
226.362 1861.485
226.621 1928.838
226.881 1836.756
227.141 1820.383
227.401 2033.575
227.661 2015.762
227.921 1962.371
228.181 1963.974
228.441 1855.429
228.701 1772.591
228.960 1762.319
229.220 1717.898
229.480 1752.329
229.740 1756.324
230.000 1766.885
230.260 1809.583
230.520 1934.417
230.780 1859.388
231.040 1712.781
231.299 1901.740
231.559 2071.120
231.819 1985.352
232.079 1928.578
232.339 2070.797
232.599 2175.010
232.859 2136.073
233.119 1877.988
233.379 1785.182
233.638 1962.798
233.898 2153.265
234.158 1928.154
234.418 1817.750
234.678 2020.341
234.938 2164.639
235.198 2051.074
235.458 2020.073
235.718 2029.781
235.978 2160.910
236.237 2220.033
236.497 2164.864
236.757 2331.259
237.017 2434.363
237.277 2315.174
237.537 2232.550
237.797 2163.633
238.057 2135.710
238.317 2085.781
238.576 2025.845
238.836 2274.331
239.096 2441.953
239.356 2348.425
239.616 2302.462
239.876 2359.779
240.136 2487.231
240.396 2301.106
240.656 2043.116
240.915 2106.120
241.175 2201.117
241.435 2238.679
241.695 2207.520
241.955 2144.355
242.215 2306.325
242.475 2388.717
242.735 2233.388
242.995 2244.053
243.254 2242.996
243.514 2290.076
243.774 2284.149
244.034 2335.786
244.294 2342.560
244.554 2264.470
244.814 2304.230
245.074 2453.269
245.334 2385.301
245.593 2293.469
245.853 2257.631
246.113 2345.928
246.373 2430.505
246.633 2344.503
246.893 2225.352
247.153 2300.480
247.413 2324.743
247.673 2147.572
247.932 2073.393
248.192 2121.637
248.452 2045.302
248.712 1912.674
248.972 1837.183
249.232 2011.542
249.492 2126.323
249.752 1986.240
250.012 2156.436
250.271 2464.910
250.531 2669.378
250.791 2655.840
251.051 2693.723
251.311 2812.170
251.571 2986.040
251.831 2871.188
252.091 2718.329
252.351 2822.321
252.610 2977.878
252.870 2822.428
253.130 2714.828
253.390 2736.507
253.650 2715.608
253.911 2635.559
254.172 2520.076
254.433 2574.013
254.694 2689.516
254.955 2627.012
255.216 2524.786
255.477 2435.697
255.738 2447.887
255.999 2285.785
256.261 2006.390
256.522 2021.559
256.783 2035.151
257.044 1867.022
257.305 1912.600
257.566 2020.171
257.827 2070.736
258.088 2117.580
258.349 2074.846
258.610 2191.676
258.871 2306.357
259.132 2092.032
259.393 1884.985
259.654 2112.217
259.915 2179.729
260.176 1995.520
260.437 1951.589
260.698 2132.367
260.959 2266.423
261.221 2317.473
261.482 2172.659
261.743 2291.267
262.004 2347.869
262.265 2116.321
262.526 2008.623
262.787 2112.491
263.048 2161.352
263.309 2124.778
263.570 1961.912
263.831 2026.753
264.092 2132.588
264.353 2086.559
264.614 2146.381
264.875 2418.196
265.136 2644.719
265.397 2730.665
265.658 2698.318
265.919 2895.250
266.181 2974.176
266.442 2769.524
266.703 2513.008
266.964 2409.915
267.225 2327.387
267.486 2238.566
267.747 2226.596
268.008 2361.906
268.269 2715.066
268.530 2720.363
268.791 2713.368
269.052 2899.795
269.313 2998.358
269.574 2819.773
269.835 2713.752
270.096 2563.297
270.357 2617.978
270.618 2480.795
270.879 2294.750
271.141 2305.412
271.402 2320.782
271.663 2282.432
271.924 2240.218
272.185 2209.999
272.446 2187.487
272.707 2149.683
272.968 2148.445
273.229 2244.629
273.490 2256.521
273.751 2174.978
274.012 2192.715
274.273 2439.875
274.534 2529.599
274.795 2461.318
275.056 2593.173
275.317 2640.451
275.578 2667.151
275.839 2664.417
276.101 2536.962
276.362 2795.216
276.623 2965.892
276.884 2700.419
277.145 2599.940
277.406 2889.884
277.667 3020.107
277.928 2874.753
278.189 2574.965
278.450 2449.170
278.711 2687.370
278.972 2781.564
279.233 2469.752
279.494 2383.362
279.755 2431.681
280.016 2351.565
280.277 2402.444
280.538 2368.459
280.799 2294.040
281.061 2240.758
281.322 2170.471
281.583 2323.606
281.844 2438.021
282.105 2306.858
282.366 2165.119
282.627 2340.945
282.888 2546.051
283.149 2572.580
283.410 2581.389
283.671 2817.907
283.932 3067.276
284.193 3047.925
284.454 3006.568
284.715 3164.063
284.976 3194.695
285.237 3034.178
285.498 3072.942
285.759 3183.843
286.021 3189.452
286.282 3012.913
286.543 2935.512
286.804 2979.962
287.065 2998.406
287.326 2764.559
287.587 2783.564
287.848 2916.135
288.109 2868.414
288.370 2583.688
288.631 2393.099
288.892 2555.076
289.153 2574.620
289.414 2215.872
289.675 2072.261
289.936 2194.217
290.197 2302.310
290.458 2393.683
290.719 2414.194
290.981 2474.556
291.242 2553.771
291.503 2610.266
291.764 2693.898
292.025 2873.525
292.286 2889.146
292.547 2648.620
292.808 2614.802
293.069 2740.694
293.330 2679.151
293.591 2413.318
293.852 2335.194
294.113 2477.207
294.374 2641.073
294.635 2693.076
294.896 2738.788
295.157 2928.780
295.418 3101.339
295.679 2964.608
295.941 2877.585
296.202 2828.414
296.463 2707.810
296.724 2503.343
296.985 2305.300
297.246 2478.680
297.507 2672.198
297.768 2635.854
298.029 2784.220
298.290 2940.294
298.551 3030.792
298.812 3086.714
299.073 3096.916
299.334 3176.400
299.595 3293.306
299.856 3097.780
300.117 2904.105
300.378 3009.568
300.639 3195.456
300.901 3198.052
301.162 3452.501
301.423 3549.945
301.684 3600.384
301.945 3544.818
302.206 3430.819
302.467 3349.958
302.728 3300.234
302.989 2956.506
303.250 2908.774
303.511 3053.893
303.772 3170.580
304.033 3110.404
304.294 3029.224
304.555 2954.896
304.816 2808.849
305.077 2590.798
305.338 2664.885
305.599 2935.967
305.861 3113.472
306.122 3001.974
306.383 3101.899
306.644 3255.391
306.905 3284.164
307.166 2959.647
307.427 2757.982
307.688 2806.027
307.949 3033.068
308.210 2865.247
308.471 2748.564
308.732 2769.734
308.993 3050.899
309.254 3125.202
309.515 3047.644
309.776 3012.082
310.037 3333.515
310.298 3435.658
310.559 3442.082
310.821 3299.359
311.082 3059.203
311.343 2781.471
311.604 2599.020
311.865 2267.994
312.126 2159.534
312.387 2121.499
312.648 2232.888
312.909 2460.273
313.170 2650.939
313.434 2715.887
313.698 2740.687
313.963 2786.626
314.227 2729.704
314.491 2431.063
314.755 2238.846
315.019 2316.196
315.284 2476.828
315.548 2594.313
315.812 2633.365
316.076 2868.699
316.340 3073.314
316.604 3291.782
316.869 3432.103
317.133 3597.420
317.397 3526.305
317.661 3424.613
317.925 3374.204
318.190 3521.218
318.454 3387.943
318.718 3448.093
318.982 3413.524
319.246 3371.951
319.511 3326.374
319.775 3110.936
320.039 2878.494
320.303 2958.190
320.567 2666.597
320.832 2431.000
321.096 2513.685
321.360 2613.508
321.624 2688.614
321.888 2645.429
322.153 2500.098
322.417 2451.049
322.681 2333.996
322.945 2077.653
323.209 2062.020
323.473 2358.098
323.738 2519.029
324.002 2458.671
324.266 2451.309
324.530 2638.943
324.794 2909.573
325.059 2877.199
325.323 2696.679
325.587 2735.583
325.851 2945.627
326.115 3144.523
326.380 3126.988
326.644 3001.306
326.908 2988.763
327.172 2820.073
327.436 2763.237
327.701 2785.683
327.965 2600.554
328.229 2643.278
328.493 2766.855
328.757 2823.858
329.022 2952.285
329.286 2928.423
329.550 2862.844
329.814 2891.117
330.078 2726.530
330.342 2551.368
330.607 2544.631
330.871 2665.462
331.135 2625.860
331.399 2523.541
331.663 2651.789
331.928 2879.034
332.192 2864.562
332.456 2744.371
332.720 2652.177
332.984 2723.122
333.249 2684.064
333.513 2470.145
333.777 2312.222
334.041 2567.439
334.305 2613.939
334.570 2522.434
334.834 2562.213
335.098 2745.130
335.362 2820.187
335.626 2709.383
335.891 2478.719
336.155 2519.337
336.419 2459.524
336.683 2411.421
336.947 2463.315
337.211 2664.491
337.476 2821.664
337.740 2929.547
338.004 2964.856
338.268 3072.162
338.532 3083.036
338.797 2923.192
339.061 2876.059
339.325 3019.781
339.589 3051.784
339.853 3027.499
340.118 3061.496
340.382 3078.347
340.646 3085.909
340.910 3003.039
341.174 2845.166
341.439 2839.719
341.703 2738.839
341.967 2605.814
342.231 2647.357
342.495 2910.897
342.759 2895.433
343.024 2744.824
343.288 2683.068
343.552 2835.738
343.816 2863.405
344.080 2598.069
344.345 2271.444
344.609 2458.959
344.873 2620.042
345.137 2827.550
345.401 3095.770
345.666 3296.130
345.930 3443.343
346.194 3386.697
346.458 3307.333
346.722 3548.966
346.987 3361.882
347.251 2995.795
347.515 2838.848
347.779 2805.755
348.043 2870.659
348.308 2628.988
348.572 2297.886
348.836 2359.638
349.100 2406.387
349.364 2283.562
349.628 2356.020
349.893 2507.760
350.157 2522.069
350.421 2403.090
350.685 2281.250
350.949 2274.836
351.214 2378.705
351.478 2343.428
351.742 2293.006
352.006 2540.580
352.270 2796.295
352.535 2726.578
352.799 2705.144
353.063 2790.564
353.327 2719.410
353.591 2696.825
353.856 2743.951
354.120 2899.503
354.384 3034.767
354.648 3044.171
354.912 3165.000
355.177 3422.541
355.441 3440.794
355.705 3240.900
355.969 3005.290
356.233 3205.820
356.497 3270.205
356.762 3082.444
357.026 2963.823
357.290 3015.056
357.554 2957.287
357.818 2969.373
358.083 2841.027
358.347 2856.535
358.611 2834.898
358.875 2719.401
359.139 2617.759
359.404 2725.686
359.668 2768.181
359.932 2701.817
360.196 2641.593
360.460 2768.366
360.725 2891.422
360.989 2980.619
361.253 3092.527
361.517 3353.290
361.781 3472.050
362.046 3519.665
362.310 3538.706
362.574 3551.173
362.838 3498.066
363.102 3329.814
363.366 3129.559
363.631 3080.016
363.895 3015.185
364.159 2904.637
364.423 2900.372
364.687 3064.819
364.952 3108.406
365.216 2928.562
365.480 2800.573
365.747 2907.725
366.013 2957.445
366.280 2821.877
366.546 2778.879
366.813 2962.163
367.079 3163.159
367.346 3337.153
367.612 3348.716
367.879 3404.563
368.145 3544.692
368.412 3363.677
368.678 3239.944
368.945 3355.067
369.211 3282.044
369.478 3114.305
369.744 3015.420
370.011 3255.676
370.278 3392.929
370.544 3208.609
370.811 3122.715
371.077 3310.105
371.344 3461.063
371.610 3431.734
371.877 3259.974
372.143 3493.783
372.410 3672.732
372.676 3432.965
372.943 3208.481
373.209 3311.281
373.476 3459.935
373.742 3294.731
374.009 2996.809
374.276 3006.029
374.542 3081.532
374.809 2955.032
375.075 2749.816
375.342 2793.455
375.608 2817.521
375.875 2825.012
376.141 3074.788
376.408 3307.275
376.674 3573.617
376.941 3680.100
377.207 3606.010
377.474 3695.488
377.740 3720.822
378.007 3442.582
378.273 3259.340
378.540 3227.525
378.807 3277.278
379.073 3194.601
379.340 3099.351
379.606 3126.241
379.873 3179.415
380.139 3124.443
380.406 2986.756
380.672 2902.495
380.939 2893.089
381.205 2850.109
381.472 2842.699
381.738 2849.573
382.005 2973.015
382.271 2997.313
382.538 3000.181
382.804 3064.760
383.071 3204.624
383.338 3091.199
383.604 3040.487
383.871 3164.773
384.137 3166.913
384.404 3044.338
384.670 3047.189
384.937 3189.038
385.203 3385.028
385.470 3358.873
385.736 3183.431
386.003 3227.558
386.269 3431.540
386.536 3638.520
386.802 3550.784
387.069 3441.332
387.336 3398.020
387.602 3327.993
387.869 3322.392
388.135 3566.503
388.402 3442.898
388.668 3265.577
388.935 3236.111
389.201 3372.501
389.468 3382.317
389.734 3303.845
390.001 3071.515
390.267 3085.896
390.534 3181.848
390.800 3166.654
391.067 3059.174
391.333 3201.548
391.600 3193.206
391.867 2941.005
392.133 2872.374
392.400 2850.170
392.666 2697.392
392.933 2512.755
393.199 2509.259
393.466 2696.905
393.732 2755.262
393.999 2761.047
394.265 2805.687
394.532 2999.753
394.798 3189.818
395.065 3049.167
395.331 2894.800
395.598 3014.145
395.864 3027.917
396.131 2932.687
396.398 3055.884
396.664 3165.365
396.931 3128.987
397.197 3036.751
397.464 2951.798
397.730 2861.129
397.997 3089.030
398.263 3003.214
398.530 2843.540
398.796 2970.436
399.063 3082.473
399.329 3136.508
399.596 3354.113
399.862 3270.001
400.129 3208.888
400.396 3199.060
400.662 3164.229
400.929 3331.968
401.195 3402.991
401.462 3124.727
401.728 2962.033
401.995 3029.194
402.261 3117.353
402.528 3185.368
402.794 3174.238
403.061 3135.678
403.327 3087.831
403.594 3076.697
403.860 3082.846
404.127 3160.423
404.393 3182.426
404.660 2946.142
404.931 3021.142
405.202 3391.712
405.473 3509.566
405.745 3420.419
406.016 3394.984
406.287 3353.262
406.558 3457.252
406.829 3351.241
407.100 3131.943
407.371 3077.357
407.642 3038.341
407.914 2951.896
408.185 2961.877
408.456 3177.285
408.727 3276.549
408.998 3201.525
409.269 3207.928
409.540 3259.330
409.811 3187.874
410.083 3071.272
410.354 3056.384
410.625 3091.208
410.896 3086.460
411.167 3184.995
411.438 3309.244
411.709 3523.062
411.981 3609.736
412.252 3409.694
412.523 3288.080
412.794 3603.892
413.065 3779.560
413.336 3779.798
413.607 3633.034
413.878 3601.269
414.150 3478.217
414.421 3334.449
414.692 3121.108
414.963 3241.052
415.234 3293.136
415.505 3245.791
415.776 3163.587
416.047 3260.525
416.319 3324.033
416.590 3170.967
416.861 2824.186
417.132 2699.975
417.403 2778.192
417.674 2777.978
417.945 2811.191
418.217 2914.546
418.488 3081.042
418.759 3069.394
419.030 3122.316
419.301 3265.522
419.572 3349.299
419.843 3356.502
420.114 3347.133
420.386 3374.905
420.657 3286.247
420.928 3062.017
421.199 3089.642
421.470 3351.837
421.741 3293.031
422.012 3232.652
422.283 3167.558
422.555 3291.605
422.826 3377.793
423.097 3100.838
423.368 2906.309
423.639 3034.494
423.910 3294.391
424.181 3385.573
424.453 3329.039
424.724 3529.218
424.995 3800.825
425.266 3748.858
425.537 3754.176
425.808 3579.493
426.079 3377.094
426.350 3329.551
426.622 3204.007
426.893 3144.890
427.164 3150.915
427.435 2902.509
427.706 2894.531
427.977 3053.123
428.248 3113.143
428.519 2989.590
428.791 2932.321
429.062 3032.194
429.333 3268.208
429.604 3276.507
429.875 3312.519
430.146 3325.672
430.417 3319.967
430.689 3114.690
430.960 2911.839
431.231 2988.702
431.502 2959.135
431.773 2772.138
432.044 2778.997
432.315 2946.712
432.586 3130.569
432.858 3150.853
433.129 2982.850
433.400 2916.560
433.671 2843.840
433.942 2690.976
434.213 2544.397
434.484 2505.960
434.755 2683.664
435.027 2760.795
435.298 2779.354
435.569 3074.912
435.840 3123.040
436.116 3128.024
436.391 3184.006
436.667 3169.131
436.942 3075.540
437.218 3045.947
437.493 2994.925
437.769 3174.331
438.045 3257.878
438.320 3254.138
438.596 3167.683
438.871 3187.227
439.147 3257.055
439.422 3116.882
439.698 3055.136
439.974 3114.533
440.249 3080.642
440.525 2972.036
440.800 3044.000
441.076 3161.106
441.351 3127.925
441.627 3072.600
441.903 3107.132
442.178 3139.090
442.454 3304.619
442.729 3261.290
443.005 3127.245
443.281 3257.057
443.556 3274.010
443.832 3206.248
444.107 3264.770
444.383 3262.291
444.658 3232.526
444.934 3291.616
445.210 3352.849
445.485 3416.937
445.761 3425.596
446.036 3233.110
446.312 3090.624
446.587 3117.280
446.863 3043.506
447.139 2822.873
447.414 2739.383
447.690 2793.748
447.965 2891.398
448.241 2822.476
448.516 2756.981
448.792 2779.200
449.068 3053.703
449.343 3133.920
449.619 3218.421
449.894 3469.349
450.170 3571.420
450.445 3529.489
450.721 3477.700
450.997 3386.196
451.272 3385.834
451.548 3112.614
451.823 2819.678
452.099 2901.456
452.375 2945.946
452.650 3053.008
452.926 3061.211
453.201 3011.699
453.477 3081.757
453.752 3031.243
454.028 3066.870
454.304 3330.211
454.579 3457.409
454.855 3417.319
455.130 3464.371
455.406 3586.994
455.681 3652.473
455.957 3425.951
456.233 3134.856
456.508 3106.332
456.784 3182.807
457.059 3155.139
457.335 3068.183
457.610 3112.655
457.886 3360.126
458.162 3408.454
458.437 3306.923
458.713 3501.820
458.988 3618.716
459.264 3630.611
459.539 3631.076
459.815 3584.398
460.091 3544.290
460.366 3532.753
460.642 3254.357
460.917 3183.818
461.193 3170.278
461.468 3015.165
461.744 2979.623
462.020 3105.509
462.295 3054.394
462.571 3053.135
462.846 2984.571
463.122 3008.000
463.397 3110.486
463.673 2953.072
463.949 2861.380
464.224 3051.600
464.500 3140.225
464.775 3070.508
465.051 3139.457
465.327 3251.285
465.602 3379.317
465.878 3561.030
466.153 3481.703
466.429 3538.827
466.704 3634.210
466.980 3548.616
467.256 3467.778
467.531 3632.225
467.807 3621.099
468.082 3417.291
468.358 3287.487
468.633 3415.913
468.909 3509.470
469.185 3478.099
469.460 3295.223
469.736 3219.323
470.011 3426.275
470.287 3460.810
470.562 3371.609
470.838 3522.531
471.114 3794.625
471.389 3882.382
471.665 3855.785
471.940 3921.103
472.216 3967.030
472.491 3924.187
472.767 3733.825
473.043 3586.358
473.318 3503.541
473.594 3357.051
473.869 3215.446
474.145 3193.659
474.421 3111.139
474.696 3003.747
474.972 3092.312
475.247 3237.027
475.523 3439.404
475.798 3424.312
476.074 3437.938
476.350 3681.781
476.625 3809.844
476.901 3596.701
477.176 3457.056
477.452 3424.761
477.727 3405.229
478.003 3223.906
478.279 3019.788
478.554 3018.935
478.830 3007.568
479.105 2963.734
479.381 3104.148
479.656 3340.874
479.932 3626.127
480.208 3681.956
480.483 3598.913
480.759 3720.127
481.034 3847.266
481.310 3634.307
481.585 3451.716
481.861 3295.131
482.137 3379.549
482.412 3485.167
482.688 3474.657
482.963 3687.219
483.239 3947.012
483.514 3987.469
483.790 4045.713
484.066 4072.439
484.341 4066.272
484.617 3961.483
484.892 3703.165
485.168 3597.939
485.443 3537.641
485.719 3388.741
485.995 3293.472
486.270 3360.910
486.546 3453.457
486.821 3526.870
487.097 3475.688
487.373 3417.110
487.648 3297.169
487.924 3078.163
488.199 2925.170
488.475 2844.950
488.750 2684.021
489.026 2569.015
489.302 2645.434
489.577 3014.866
489.853 3232.328
490.128 3114.226
490.404 3114.418
490.679 3231.768
490.955 3221.218
491.231 3143.393
491.506 3180.239
491.782 3423.262
492.057 3638.644
492.333 3585.861
492.608 3599.349
492.884 3768.304
493.160 3707.212
493.435 3323.052
493.711 2962.255
493.986 2968.543
494.262 2996.653
494.537 2745.103
494.813 2708.257
495.089 2910.290
495.364 3054.111
495.640 3059.708
495.915 3134.411
496.191 3314.456
496.467 3491.864
496.742 3440.996
497.018 3387.375
497.293 3526.416
497.569 3743.439
497.844 3789.284
498.120 3880.768
498.396 4079.725
498.671 4145.371
498.947 4173.315
499.222 4119.604
499.498 4021.757
499.773 3894.477
500.049 3672.077
500.325 3650.504
500.600 3757.732
500.876 3835.784
501.151 3740.581
501.427 3660.468
501.702 3619.797
501.978 3835.349
502.254 3801.985
502.529 3630.028
502.805 3559.355
503.080 3596.592
503.356 3663.856
503.631 3857.649
503.907 3868.821
504.183 3961.299
504.458 3943.283
504.734 3894.177
505.009 3996.312
505.285 3964.409
505.560 3717.497
505.836 3514.313
506.112 3306.649
506.387 3234.300
506.663 3207.318
506.938 3117.416
507.214 3411.015
507.490 3638.924
507.765 3542.640
508.041 3691.046
508.316 3918.189
508.592 3905.930
508.867 3743.888
509.143 3381.761
509.419 3227.844
509.694 3344.556
509.970 3104.513
510.245 2844.985
510.521 2792.122
510.796 2953.194
511.072 2936.537
511.348 2881.246
511.623 2928.858
511.899 2923.720
512.174 2902.680
512.450 2932.024
512.725 3215.200
513.001 3498.989
513.277 3434.572
513.552 3481.698
513.828 3631.094
514.103 3699.886
514.379 3878.664
514.654 3872.471
514.930 3852.745
515.206 3836.486
515.481 3754.271
515.757 3841.184
516.032 3916.138
516.308 3924.494
516.583 3672.267
516.859 3507.404
517.135 3650.464
517.410 3663.563
517.686 3409.548
517.961 3452.070
518.237 3399.723
518.513 3273.977
518.788 3144.220
519.064 3084.948
519.339 3089.058
519.615 3266.165
519.890 3176.099
520.166 3148.088
520.442 3279.468
520.717 3351.781
520.993 3195.623
521.268 3106.801
521.544 3121.292
521.819 3155.271
522.095 3134.238
522.371 3219.932
522.646 3348.663
522.922 3400.943
523.197 3314.883
523.473 3289.418
523.748 3275.556
524.024 3270.989
524.300 3212.636
524.575 3212.510
524.851 3675.815
525.126 4038.393
525.402 4001.185
525.677 3958.815
525.953 3941.688
526.229 3868.116
526.504 3825.061
526.780 3563.132
527.055 3435.156
527.331 3452.196
527.606 3403.745
527.882 3391.733
528.158 3524.139
528.433 3474.764
528.709 3392.543
528.984 3342.548
529.260 3394.360
529.535 3579.478
529.811 3565.147
530.087 3500.520
530.362 3656.151
530.638 3622.484
530.913 3643.655
531.189 3737.828
531.465 3784.419
531.740 3938.634
532.016 3838.771
532.291 3717.145
532.567 3892.702
532.842 3811.819
533.118 3464.164
533.394 3306.685
533.669 3339.112
533.945 3409.162
534.220 3427.606
534.496 3518.722
534.771 3817.731
535.047 4137.450
535.323 4232.563
535.598 4115.878
535.874 4133.488
536.149 4052.334
536.425 3732.963
536.700 3594.260
536.976 3603.530
537.252 3592.027
537.527 3650.620
537.803 3792.033
538.078 4033.138
538.354 4106.077
538.629 3865.443
538.905 3894.376
539.181 4079.310
539.456 3970.071
539.732 3793.899
540.007 3641.449
540.283 3701.135
540.558 3864.956
540.834 3635.995
541.110 3555.650
541.385 3713.335
541.661 3778.383
541.936 3858.380
542.212 3974.627
542.488 4031.645
542.763 4087.881
543.039 3955.742
543.314 3837.091
543.590 3891.926
543.865 3736.601
544.141 3571.520
544.417 3531.062
544.692 3597.855
544.968 3676.135
545.243 3787.664
545.519 3719.900
545.794 3738.200
546.070 3699.040
546.348 3708.681
546.627 3813.066
546.905 3909.793
547.183 3884.345
547.461 3916.730
547.740 4037.685
548.018 4135.662
548.296 4010.224
548.575 3845.731
548.853 3759.440
549.131 3720.672
549.409 3705.477
549.688 3782.883
549.966 3876.445
550.244 4118.019
550.523 4315.260
550.801 4322.682
551.079 4370.780
551.357 4421.989
551.636 4323.199
551.914 4129.063
552.192 3965.551
552.471 3992.758
552.749 3945.033
553.027 3829.515
553.306 3745.146
553.584 3691.937
553.862 3881.720
554.140 3961.846
554.419 3990.268
554.697 4070.536
554.975 3981.027
555.254 3967.380
555.532 4036.609
555.810 4028.132
556.088 4104.680
556.367 3926.048
556.645 3988.286
556.923 4203.047
557.202 4148.244
557.480 3976.174
557.758 3795.016
558.036 3618.316
558.315 3576.604
558.593 3303.314
558.871 3196.273
559.150 3351.518
559.428 3520.761
559.706 3556.415
559.984 3592.810
560.263 3698.174
560.541 3786.534
560.819 3655.753
561.098 3495.969
561.376 3613.133
561.654 3713.590
561.932 3690.400
562.211 3583.824
562.489 3557.461
562.767 3646.798
563.046 3619.135
563.324 3429.506
563.602 3367.405
563.880 3257.812
564.159 3082.889
564.437 3283.961
564.715 3428.338
564.994 3358.365
565.272 3187.724
565.550 3204.434
565.828 3350.253
566.107 3383.037
566.385 3062.094
566.663 2877.809
566.942 3055.625
567.220 3207.191
567.498 3105.032
567.776 3043.202
568.055 3187.868
568.333 3279.126
568.611 3211.973
568.890 3120.884
569.168 3152.384
569.446 3149.682
569.725 3087.096
570.003 3073.851
570.281 3225.691
570.559 3318.450
570.838 3305.397
571.116 3408.906
571.394 3540.445
571.673 3540.326
571.951 3396.877
572.229 3340.719
572.507 3435.632
572.786 3386.622
573.064 3140.337
573.342 3191.651
573.621 3410.621
573.899 3519.251
574.177 3368.328
574.455 3198.810
574.734 3506.184
575.012 3835.613
575.290 3687.669
575.569 3492.717
575.847 3622.299
576.125 3786.463
576.403 3991.284
576.682 3804.287
576.960 3592.876
577.243 3632.257
577.527 3748.295
577.810 3661.340
578.093 3591.610
578.377 3462.459
578.660 3445.370
578.944 3495.556
579.227 3543.819
579.510 3426.483
579.794 3310.431
580.077 3370.587
580.360 3552.515
580.644 3527.076
580.927 3444.581
581.210 3423.744
581.494 3496.362
581.777 3531.142
582.061 3483.969
582.344 3391.185
582.627 3383.172
582.911 3241.869
583.194 3154.158
583.477 3248.866
583.761 3309.705
584.044 3359.846
584.327 3330.337
584.611 3440.592
584.894 3699.276
585.178 3782.212
585.461 3597.023
585.744 3501.706
586.028 3486.025
586.311 3424.026
586.594 3218.784
586.878 3155.269
587.161 3222.900
587.444 3221.103
587.728 3177.109
588.011 3129.831
588.295 3175.746
588.578 3245.939
588.861 3116.140
589.145 3109.759
589.428 3418.802
589.711 3586.770
589.995 3503.624
590.278 3468.331
590.562 3587.460
590.845 3700.029
591.128 3566.628
591.412 3421.399
591.695 3468.933
591.978 3684.160
592.262 3664.812
592.545 3663.189
592.828 3804.218
593.112 3929.305
593.395 3763.281
593.679 3711.483
593.962 3610.409
594.245 3533.677
594.529 3453.709
594.812 3489.292
595.095 3497.993
595.379 3463.778
595.662 3280.150
595.945 3187.785
596.229 3467.219
596.512 3645.965
596.796 3503.975
597.079 3359.149
597.362 3586.930
597.646 3746.708
597.929 3765.834
598.212 3790.064
598.496 3667.792
598.779 3471.171
599.062 3367.315
599.346 3190.748
599.629 3231.370
599.913 3203.248
600.196 2870.563
600.479 2826.064
600.763 3011.133
601.046 3171.921
601.329 3209.275
601.613 3196.790
601.896 3369.357
602.179 3574.936
602.463 3610.047
602.746 3555.395
603.030 3538.018
603.313 3563.045
603.596 3501.990
603.880 3393.703
604.163 3459.141
604.446 3547.182
604.730 3755.649
605.013 3902.557
605.296 3976.547
605.580 3991.278
605.863 4042.852
606.147 3921.056
606.430 3923.170
606.713 3747.552
606.997 3504.925
607.280 3609.342
607.563 3767.721
607.847 3682.910
608.130 3722.544
608.414 3882.011
608.697 4006.213
608.980 4098.921
609.264 3847.103
609.547 3742.946
609.830 3968.309
610.114 3935.385
610.397 3558.249
610.680 3435.693
610.964 3392.636
611.247 3336.162
611.531 3370.034
611.814 3304.735
612.097 3281.417
612.381 3375.470
612.664 3270.735
612.947 3240.457
613.231 3342.590
613.514 3244.767
613.797 3055.099
614.081 2970.830
614.364 2913.648
614.648 2931.897
614.931 2860.302
615.214 2796.717
615.498 2807.619
615.781 2973.676
616.064 3116.194
616.348 3171.774
616.631 3268.164
616.914 3350.976
617.198 3352.065
617.481 3354.309
617.765 3343.625
618.048 3389.493
618.331 3390.771
618.615 3369.177
618.898 3488.694
619.181 3467.157
619.465 3341.600
619.748 3258.981
620.031 3367.253
620.315 3443.646
620.598 3383.138
620.882 3450.012
621.165 3704.549
621.448 3815.702
621.732 3707.559
622.015 3488.028
622.298 3443.119
622.582 3585.349
622.865 3502.017
623.148 3364.748
623.432 3451.984
623.715 3727.665
623.999 3844.472
624.282 3855.676
624.565 4113.535
624.849 4217.174
625.132 4215.338
625.415 4299.041
625.699 4228.100
625.982 4257.872
626.265 4213.043
626.549 3810.964
626.832 5418.368
627.116 6422.847
627.399 6204.164
627.682 6194.233
627.966 6255.040
628.249 6246.435
628.532 6223.409
628.816 4450.031
629.099 3426.159
629.383 3476.619
629.666 3465.326
629.949 3459.906
630.233 3564.526
630.516 3603.397
630.799 3475.950
631.083 3440.808
631.366 3592.293
631.649 3548.988
631.933 3474.503
632.216 3419.264
632.500 3481.483
632.783 3742.898
633.066 3939.706
633.350 4015.720
633.633 4003.779
633.916 3854.931
634.200 3700.088
634.483 3603.561
634.766 3468.354
635.050 3272.901
635.333 3201.733
635.617 3286.492
635.900 3398.501
636.183 3531.959
636.467 3501.689
636.750 3490.866
637.033 3609.277
637.317 3604.950
637.600 3480.135
637.883 3359.643
638.167 3372.583
638.450 3424.917
638.734 3364.471
639.017 3379.468
639.300 3358.671
639.584 3280.069
639.867 3249.633
640.150 3291.295
640.434 3416.289
640.717 3470.286
641.000 3336.756
641.284 3316.853
641.567 3527.715
641.851 3639.016
642.134 3562.120
642.417 3539.470
642.701 3584.693
642.984 3484.355
643.267 3250.272
643.551 3012.699
643.834 2990.100
644.117 3134.479
644.401 3037.098
644.684 3009.054
644.968 3242.567
645.251 3452.891
645.534 3568.928
645.818 3682.125
646.101 3611.841
646.384 3692.260
646.668 3713.519
646.951 3677.021
647.235 3703.181
647.518 3731.826
647.801 3631.429
648.085 3681.114
648.368 3776.229
648.651 3785.913
648.935 3706.634
649.218 3733.027
649.501 3900.925
649.785 3972.232
650.068 3888.659
650.352 3890.905
650.635 4194.116
650.918 4475.016
651.202 4501.934
651.485 4480.835
651.768 4626.172
652.052 4717.636
652.335 4750.322
652.618 4617.582
652.902 4565.747
653.185 4621.422
653.469 4656.223
653.752 4654.502
654.035 4842.739
654.319 5044.628
654.602 5108.499
654.885 5170.045
655.169 5274.996
655.452 5288.247
655.735 5221.500
656.019 5221.070
656.302 5182.140
656.586 5164.939
656.869 5117.966
657.152 5159.526
657.436 5387.702
657.719 5544.280
658.002 5591.238
658.286 5696.607
658.569 5778.386
658.852 5691.599
659.136 5521.836
659.419 5549.208
659.703 5581.279
659.986 5378.962
660.269 5157.458
660.553 5150.817
660.836 5388.233
661.119 5546.072
661.403 5359.411
661.686 5420.816
661.969 5877.804
662.253 6064.043
662.536 6285.614
662.820 6370.939
663.103 6460.383
663.386 6549.230
663.670 6408.261
663.953 6142.279
664.236 6214.113
664.520 5964.435
664.803 5695.413
665.086 5627.539
665.370 5601.159
665.653 5632.491
665.937 5616.073
666.220 5413.144
666.503 5415.407
666.787 5417.676
667.070 5287.124
667.353 5109.148
667.637 5026.678
667.920 4965.499
668.204 4847.697
668.487 4677.409
668.770 4597.409
669.054 4531.006
669.337 4465.189
669.620 4432.360
669.904 4349.900
670.187 4212.481
670.470 4159.074
670.754 4216.985
671.037 4187.028
671.321 4042.753
671.604 3935.298
671.887 3836.705
672.171 3875.534
672.454 3751.048
672.737 3504.533
673.021 3463.390
673.304 3569.457
673.587 3638.577
673.871 3672.450
674.154 3867.455
674.438 4091.513
674.721 4191.628
675.004 3994.165
675.288 3836.170
675.571 3784.530
675.854 3619.500
676.138 3254.602
676.421 3122.718
676.704 3274.460
676.988 3415.712
677.271 3485.124
677.555 3413.869
677.838 3533.792
678.121 3640.213
678.405 3709.811
678.688 3606.634
678.971 3673.991
679.255 3689.409
679.538 3507.488
679.821 3403.880
680.105 3568.308
680.388 3485.754
680.672 3230.583
680.955 3122.432
681.238 3252.317
681.522 3471.617
681.805 3421.273
682.088 3292.619
682.372 3313.484
682.655 3592.100
682.938 3726.358
683.222 3658.817
683.505 3586.601
683.789 3797.286
684.072 3749.397
684.355 3633.061
684.639 3595.004
684.922 3569.604
685.205 3597.938
685.489 3757.465
685.772 3758.188
686.056 3746.087
686.339 3887.877
686.622 4005.212
686.906 4038.101
687.189 4016.618
687.472 3761.011
687.756 3548.342
688.039 3605.878
688.322 3678.923
688.606 3575.111
688.889 3468.057
689.173 3638.477
689.456 3810.703
689.739 3933.960
690.023 4025.464
690.306 3946.271
690.589 3888.465
690.873 3867.996
691.156 3815.738
691.439 3905.605
691.723 3981.250
692.006 4077.113
692.290 4168.939
692.573 4133.204
692.856 4131.185
693.140 3931.364
693.423 3758.358
693.706 3659.853
693.990 3541.865
694.273 3462.760
694.556 3647.057
694.840 3767.655
695.123 3725.846
695.407 3611.221
695.690 3501.049
695.973 3348.550
696.257 3301.155
696.540 3252.775
696.830 3237.980
697.120 3681.067
697.410 3878.985
697.699 3836.976
697.989 3938.741
698.279 4162.937
698.569 4029.686
698.859 3772.447
699.149 3335.805
699.439 3420.771
699.729 3571.893
700.018 3350.395
700.308 3212.915
700.598 3278.833
700.888 3314.837
701.178 3396.215
701.468 3306.503
701.758 3435.395
702.048 3687.482
702.337 3493.525
702.627 3348.513
702.917 3475.497
703.207 3437.924
703.497 3437.176
703.787 3393.699
704.077 3337.960
704.366 3305.229
704.656 3380.239
704.946 3700.991
705.236 3779.208
705.526 3698.526
705.816 3598.814
706.106 3616.703
706.396 3741.930
706.685 3711.091
706.975 3287.054
707.265 3218.491
707.555 3257.520
707.845 3191.856
708.135 3320.629
708.425 3435.663
708.715 3501.830
709.004 3678.952
709.294 3657.815
709.584 3692.084
709.874 3860.740
710.164 3702.237
710.454 3592.757
710.744 3624.647
711.034 3638.681
711.323 3709.354
711.613 3631.219
711.903 3576.352
712.193 3563.490
712.483 3574.420
712.773 3528.453
713.063 3421.327
713.352 3476.091
713.642 3498.600
713.932 3350.510
714.222 3417.928
714.512 3490.117
714.802 3423.900
715.092 3401.450
715.382 3296.133
715.671 3276.091
715.961 3348.262
716.251 3152.295
716.541 3010.497
716.831 3164.219
717.121 3258.923
717.411 3206.060
717.701 3157.292
717.990 3382.668
718.280 3640.615
718.570 3710.678
718.860 3681.171
719.150 3745.418
719.440 3795.592
719.730 3828.165
720.019 3683.390
720.309 3629.658
720.599 3641.747
720.889 3503.255
721.179 3292.322
721.469 3203.574
721.759 3188.705
722.049 3102.597
722.338 3080.812
722.628 3050.411
722.918 3346.160
723.208 3668.973
723.498 3790.612
723.788 3935.790
724.078 4064.786
724.368 4005.361
724.657 4048.359
724.947 3901.298
725.237 3834.137
725.527 3821.204
725.817 3662.731
726.107 3540.158
726.397 3532.980
726.686 3511.407
726.976 3592.327
727.266 3464.074
727.556 3338.471
727.846 3252.731
728.136 3221.177
728.426 3245.393
728.716 3199.957
729.005 2922.842
729.295 2771.075
729.585 3041.726
729.875 3258.842
730.165 3263.226
730.455 3445.667
730.745 3517.608
731.035 3641.326
731.324 3842.756
731.614 3789.553
731.904 3835.751
732.194 3947.571
732.484 3707.950
732.774 3695.232
733.064 3911.013
733.354 3849.571
733.643 3617.451
733.933 3546.550
734.223 3524.667
734.513 3532.094
734.803 3407.122
735.093 3454.106
735.383 3539.769
735.672 3528.453
735.962 3337.673
736.252 3340.020
736.542 3583.359
736.832 3744.991
737.122 3337.622
737.412 3178.299
737.702 3329.703
737.991 3456.463
738.281 3446.367
738.571 3361.889
738.861 3318.235
739.151 3495.859
739.441 3565.861
739.731 3661.619
740.021 3698.342
740.310 3601.790
740.600 3454.121
740.890 3480.289
741.180 3448.252
741.470 3335.116
741.760 3141.381
742.050 3335.915
742.339 3451.039
742.629 3416.377
742.919 3351.685
743.209 3319.822
743.499 3390.848
743.789 3484.890
744.079 3155.120
744.369 3001.889
744.658 3054.021
744.948 3044.817
745.238 2947.866
745.528 2949.527
745.818 3027.344
746.108 3252.248
746.398 3329.406
746.688 3358.243
746.977 3398.704
747.267 3450.588
747.557 3313.160
747.847 3244.521
748.137 3142.449
748.427 3331.709
748.717 3400.505
749.006 3497.900
749.296 3679.666
749.586 3803.760
749.876 3753.953
750.166 3693.347
750.456 3627.280
750.746 3599.156
751.036 3381.509
751.325 3591.223
751.615 3906.392
751.905 3879.523
752.195 3852.587
752.485 3795.915
752.775 3778.453
753.065 3954.376
753.355 3730.462
753.644 3522.227
753.934 3570.739
754.224 3638.979
754.514 3532.213
754.804 3631.601
755.094 3722.131
755.384 3706.011
755.674 3612.400
755.963 3703.891
756.253 3823.069
756.543 3856.720
756.833 3596.708
757.123 3443.874
757.413 3437.938
757.703 3494.962
757.992 3378.467
758.282 3348.278
758.572 3381.626
758.862 3603.537
759.152 3664.644
759.442 3620.563
759.732 3585.248
760.022 3539.940
760.311 3354.241
760.601 3561.240
760.891 3653.382
761.181 3585.941
761.471 3554.553
761.761 3634.546
762.051 3750.417
762.341 3725.424
762.630 3518.029
762.920 3438.846
763.210 3479.071
763.500 3537.363
763.793 3461.423
764.086 3424.626
764.379 3622.200
764.671 3673.170
764.964 3474.527
765.257 3492.415
765.550 3552.759
765.843 3497.953
766.136 3391.542
766.429 3246.587
766.722 3183.846
767.014 3272.497
767.307 3177.824
767.600 3238.968
767.893 3433.332
768.186 3531.667
768.479 3591.599
768.772 3636.364
769.064 3663.170
769.357 3561.819
769.650 3333.648
769.943 3262.736
770.236 3382.059
770.529 3392.155
770.822 3203.191
771.115 3207.652
771.407 3522.243
771.700 3701.185
771.993 3689.316
772.286 3588.449
772.579 3686.127
772.872 3841.897
773.165 3658.258
773.457 3638.654
773.750 3632.401
774.043 3586.909
774.336 3584.749
774.629 3503.839
774.922 3502.910
775.215 3620.187
775.508 3348.246
775.800 3154.086
776.093 3186.383
776.386 3338.549
776.679 3477.691
776.972 3560.280
777.265 3704.938
777.558 3871.446
777.850 3924.845
778.143 3941.219
778.436 3826.154
778.729 3573.199
779.022 3348.585
779.315 3277.883
779.608 3329.256
779.900 3300.909
780.193 3098.208
780.486 3483.390
780.779 3841.528
781.072 3890.468
781.365 3844.658
781.658 3830.968
781.951 3922.269
782.243 3943.421
782.536 3527.108
782.829 3437.615
783.122 3620.573
783.415 3699.777
783.708 3720.909
784.001 3733.546
784.293 3879.797
784.586 3914.592
784.879 3694.015
785.172 3528.052
785.465 3525.803
785.758 3600.226
786.051 3513.686
786.344 3541.885
786.636 3548.439
786.929 3551.390
787.222 3643.173
787.515 3805.981
787.808 3908.063
788.101 3985.124
788.394 3895.389
788.686 3828.275
788.979 3844.323
789.272 3821.280
789.565 3577.601
789.858 3349.869
790.151 3350.329
790.444 3398.566
790.737 3380.797
791.029 3499.910
791.322 3559.826
791.615 3524.670
791.908 3440.655
792.201 3440.779
792.494 3525.221
792.787 3573.580
793.079 3430.251
793.372 3512.693
793.665 3774.018
793.958 3848.750
794.251 3703.262
794.544 3591.547
794.837 3558.436
795.130 3677.262
795.422 3538.139
795.715 3388.242
796.008 3593.541
796.301 3778.774
796.594 3689.830
796.887 3636.778
797.180 3667.942
797.472 3681.591
797.765 3503.302
798.058 3301.286
798.351 3416.764
798.644 3762.372
798.937 3973.954
799.230 3906.654
799.523 3914.277
799.815 4050.573
800.108 3944.394
800.401 3869.434
800.694 3721.696
800.987 3639.675
801.280 3614.869
801.573 3569.242
801.865 3694.778
802.158 3864.079
802.451 3795.648
802.744 3851.309
803.037 3892.612
803.330 3867.185
803.623 3835.714
803.915 3705.642
804.208 3683.471
804.501 3557.038
804.794 3422.760
805.087 3424.876
805.380 3526.643
805.673 3591.368
805.966 3514.441
806.258 3560.165
806.551 3703.914
806.844 3587.761
807.137 3341.897
807.430 3483.595
807.723 3616.771
808.016 3705.330
808.308 3584.502
808.601 3764.185
808.894 3955.892
809.187 3989.706
809.480 3872.939
809.773 3798.701
810.066 3733.959
810.359 3587.272
810.651 3178.862
810.944 3102.805
811.237 3296.171
811.530 3099.913
811.825 3033.863
812.119 3100.746
812.414 3236.145
812.709 3475.188
813.003 3399.508
813.298 3833.932
813.593 4268.660
813.887 4394.707
814.182 4416.202
814.476 4451.253
814.771 4448.538
815.066 4502.833
815.360 4001.533
815.655 3740.181
815.950 3651.539
816.244 3586.436
816.539 3642.266
816.834 3674.984
817.128 3788.642
817.423 3694.245
817.718 3575.809
818.012 3602.879
818.307 3743.641
818.602 3693.726
818.896 3691.152
819.191 3754.941
819.486 3977.153
819.780 4015.739
820.075 3959.048
820.369 4025.635
820.664 4181.005
820.959 4083.172
821.253 3917.891
821.548 3817.940
821.843 3902.206
822.137 3858.286
822.432 3624.448
822.727 3463.655
823.021 3590.610
823.316 3602.391
823.611 3514.834
823.905 3437.892
824.200 3505.344
824.495 3511.736
824.789 3478.181
825.084 3594.452
825.379 3731.846
825.673 3889.145
825.968 3994.948
826.262 4078.849
826.557 4211.808
826.852 4312.122
827.146 4112.191
827.441 3898.137
827.736 3822.806
828.030 3810.140
828.325 3679.118
828.620 3807.805
828.914 3838.061
829.209 3830.016
829.504 3855.434
829.798 3836.443
830.093 3796.188
830.388 3793.153
830.682 3515.231
830.977 3436.845
831.271 3564.615
831.566 3671.416
831.861 3664.806
832.155 3622.893
832.450 3646.197
832.745 3789.135
833.039 3652.612
833.334 3381.705
833.629 3357.644
833.923 3325.495
834.218 3232.266
834.513 3284.462
834.807 3235.707
835.102 3254.753
835.397 3202.637
835.691 3006.275
835.986 2949.478
836.281 2940.316
836.575 2838.831
836.870 2825.906
837.164 2868.493
837.459 2879.889
837.754 2889.660
838.048 2995.678
838.343 3114.660
838.638 3175.194
838.932 3216.706
839.227 3249.390
839.522 3303.685
839.816 3350.977
840.111 3277.972
840.406 3490.934
840.700 3829.439
840.995 3959.094
841.290 3993.941
841.584 4022.008
841.879 4050.565
842.174 4299.768
842.468 4261.558
842.763 4089.466
843.057 4013.801
843.352 3967.628
843.647 3973.175
843.941 4099.028
844.236 3921.217
844.531 3866.722
844.825 3876.441
845.120 3871.747
845.415 3870.380
845.709 4070.821
846.004 4156.437
846.299 4292.174
846.593 4266.834
846.888 4054.850
847.183 4022.851
847.477 4145.748
847.772 4136.494
848.066 3967.253
848.361 3763.519
848.656 3612.997
848.950 3870.543
849.245 4051.518
849.540 3986.261
849.834 3861.290
850.129 3873.276
850.424 3860.448
850.718 3865.850
851.013 3743.271
851.308 3702.693
851.602 3756.833
851.897 3717.555
852.192 4024.908
852.486 4351.701
852.781 4615.317
853.076 4616.222
853.370 4364.241
853.665 4309.993
853.959 4335.925
854.254 3883.946
854.549 3637.795
854.843 3527.403
855.138 3469.814
855.433 3689.630
855.727 3728.169
856.022 3718.926
856.317 3968.857
856.611 3944.704
856.906 3991.845
857.201 4122.126
857.495 3919.093
857.790 3773.016
858.085 3781.543
858.379 3715.193
858.674 3632.502
858.969 3346.987
859.263 3217.358
859.558 3466.543
859.852 3491.729
860.147 3407.365
860.442 3435.879
860.736 3583.710
861.031 3851.248
861.326 3855.196
861.620 3602.928
861.915 3746.275
862.210 3885.686
862.504 3758.301
862.799 3727.739
863.094 3650.767
863.388 3604.109
863.683 3506.855
863.978 3279.149
864.272 3239.938
864.567 3181.938
864.861 3004.538
865.156 3012.581
865.451 3053.084
865.745 3573.095
866.040 3971.633
866.335 4011.622
866.629 4138.882
866.924 4301.604
867.219 4244.632
867.513 4289.051
867.808 4120.966
868.103 3937.581
868.397 3832.117
868.692 3753.190
868.987 3697.037
869.281 3511.843
869.576 3274.215
869.871 3011.129
870.165 2834.580
870.460 2772.322
870.754 2774.825
871.049 2881.737
871.344 3137.841
871.638 3255.198
871.933 3377.481
872.228 3568.555
872.522 3680.106
872.817 3832.198
873.112 3715.815
873.406 3494.053
873.701 3460.788
873.996 3428.535
874.290 3323.350
874.585 3315.837
874.880 3204.072
875.174 3148.735
875.469 3205.046
875.764 3285.312
876.058 3350.391
876.353 3349.296
876.647 3340.177
876.942 3388.476
877.237 3587.903
877.531 3653.977
877.826 3564.645
878.121 3493.410
878.415 3506.425
878.710 3468.580
879.005 3256.331
879.299 2964.016
879.594 2949.040
879.889 2988.260
880.183 2839.166
880.478 2737.418
880.773 2779.702
881.067 2881.473
881.362 2904.317
881.656 2860.421
881.951 2929.694
882.246 3038.326
882.540 2966.339
882.835 2792.524
883.130 2835.917
883.424 3012.852
883.719 3040.297
884.014 2977.278
884.308 3004.378
884.603 3121.685
884.898 3166.871
885.192 3185.910
885.487 3198.462
885.782 3101.576
886.076 3026.803
886.371 2841.847
886.666 2778.043
886.960 3003.474
887.255 3056.219
887.549 3086.698
887.844 3183.731
888.139 3186.842
888.433 3255.916
888.728 3310.585
889.023 3202.703
889.317 3175.360
889.612 3151.106
889.907 3144.955
890.201 3257.353
890.496 3334.537
890.791 3291.253
891.085 3272.693
891.380 3183.633
891.675 3042.611
891.969 2939.626
892.264 2798.958
892.559 2827.479
892.853 2928.227
893.148 2814.331
893.442 2864.471
893.737 3051.475
894.032 3069.483
894.326 3047.751
894.621 3007.760
894.916 2952.299
895.210 2982.427
895.505 2959.302
895.800 2785.794
896.094 2862.065
896.389 2926.583
896.684 2855.073
896.978 2751.670
897.273 2746.159
897.568 2782.596
897.862 2834.907
898.157 2946.849
898.451 3130.067
898.746 3221.831
899.041 3272.972
899.335 3425.228
899.630 3538.295
899.925 3500.013
900.219 3371.993
900.514 3501.735
900.809 3528.905
901.103 3488.631
901.398 3560.573
901.693 3501.233
901.987 3601.687
902.282 3616.622
902.577 3314.497
902.871 3252.438
903.166 3398.142
903.461 3253.060
903.755 3078.796
904.050 2995.880
904.344 2955.669
904.639 2902.993
904.934 2855.394
905.228 2813.484
905.523 2790.979
905.818 2814.183
906.112 2895.335
906.407 3075.430
906.702 3239.369
906.996 3367.455
907.291 3305.952
907.586 3345.852
907.880 3546.577
908.175 3537.445
908.470 3361.305
908.764 3296.505
909.059 3269.882
909.354 3397.941
909.648 3515.475
909.943 3586.927
910.237 3617.569
910.532 3770.785
910.827 3748.700
911.121 3676.423
911.416 3641.684
911.711 3591.858
912.005 3556.266
912.300 3523.945
912.599 3399.409
912.898 3384.804
913.196 3301.768
913.495 3254.885
913.794 3371.205
914.093 3285.729
914.391 3332.619
914.690 3377.010
914.989 3456.459
915.288 3517.533
915.586 3380.473
915.885 3233.421
916.184 3239.388
916.483 3244.880
916.782 3284.640
917.080 3395.688
917.379 3678.105
917.678 3881.554
917.977 3860.759
918.275 3841.389
918.574 3761.841
918.873 3685.800
919.172 3627.058
919.471 3420.780
919.769 3428.561
920.068 3507.080
920.367 3373.270
920.666 3230.967
920.964 3301.849
921.263 3162.362
921.562 3021.258
921.861 3009.086
922.159 3111.230
922.458 3318.839
922.757 3562.696
923.056 3576.389
923.355 3670.990
923.653 3811.278
923.952 3754.800
924.251 3566.507
924.550 3593.781
924.848 3468.881
925.147 3282.200
925.446 3258.186
925.745 3323.473
926.043 3353.769
926.342 3329.096
926.641 3220.427
926.940 3201.562
927.239 3364.678
927.537 3410.409
927.836 3493.846
928.135 3679.309
928.434 3800.603
928.732 3699.413
929.031 3716.070
929.330 3829.407
929.629 3922.961
929.927 3753.818
930.226 3651.606
930.525 3706.370
930.824 3875.223
931.123 3970.477
931.421 3883.351
931.720 3849.335
932.019 3985.066
932.318 3869.034
932.616 3723.983
932.915 3781.719
933.214 3810.060
933.513 3865.188
933.812 3838.364
934.110 4033.591
934.409 4464.677
934.708 4650.837
935.007 4584.418
935.305 4513.286
935.604 4409.291
935.903 4383.342
936.202 4244.523
936.500 4081.059
936.799 4040.402
937.098 4073.656
937.397 4240.179
937.696 4395.750
937.994 4458.035
938.293 4470.372
938.592 4489.893
938.891 4561.968
939.189 4465.904
939.488 4563.408
939.787 4656.178
940.086 4682.020
940.384 4598.069
940.683 4848.177
940.982 5159.971
941.281 5367.971
941.580 5323.594
941.878 5288.586
942.177 5245.735
942.476 5370.658
942.775 5124.394
943.073 4821.477
943.372 5078.171
943.671 5261.374
943.970 5175.632
944.268 5190.230
944.567 5213.221
944.866 5233.371
945.165 5227.971
945.464 4972.127
945.762 5028.197
946.061 5207.178
946.360 5176.315
946.659 4993.308
946.957 4940.559
947.256 4933.832
947.555 4759.438
947.854 4371.837
948.153 4324.981
948.451 4456.931
948.750 4489.818
949.049 4424.557
949.348 4460.168
949.646 4687.607
949.945 4788.496
950.244 4626.107
950.543 4594.160
950.841 4775.380
951.140 4778.917
951.439 4766.477
951.738 4769.127
952.037 4792.568
952.335 4877.758
952.634 4667.971
952.933 4464.943
953.232 4518.634
953.530 4473.753
953.829 4297.523
954.128 4202.742
954.427 4283.876
954.725 4529.174
955.024 4418.746
955.323 4355.334
955.622 4407.106
955.921 4333.956
956.219 4258.308
956.518 4090.882
956.817 4002.480
957.116 4008.286
957.414 3740.587
957.713 3611.398
958.012 3659.650
958.311 3694.088
958.610 3626.702
958.908 3672.010
959.207 3902.412
959.506 4109.158
959.805 4060.098
960.103 4126.376
960.402 4287.906
960.701 4361.014
961.000 4183.643
961.298 3980.078
961.597 4038.260
961.896 4154.921
962.195 3950.404
962.494 3731.227
962.792 3659.565
963.091 3600.778
963.390 3628.268
963.689 3573.566
963.987 3509.029
964.286 3590.167
964.585 3767.375
964.884 4194.471
965.182 4511.024
965.481 4643.814
965.780 4672.968
966.080 4670.262
966.380 4856.869
966.680 4716.890
966.981 4328.596
967.281 4147.953
967.581 4143.429
967.881 4128.968
968.181 3998.737
968.481 3873.140
968.781 3881.592
969.082 3850.424
969.382 3898.224
969.682 3746.938
969.982 3771.554
970.282 3943.407
970.582 3901.941
970.882 3796.813
971.183 3839.787
971.483 3843.294
971.783 3833.649
972.083 3714.295
972.383 3687.995
972.683 3720.390
972.983 3794.186
973.284 3799.250
973.584 3836.128
973.884 3871.319
974.184 3847.356
974.484 3804.763
974.784 3856.298
975.084 3857.310
975.385 3716.149
975.685 3652.113
975.985 3636.529
976.285 3576.756
976.585 3448.821
976.885 3360.167
977.185 3422.345
977.486 3518.452
977.786 3353.345
978.086 3263.524
978.386 3449.670
978.686 3590.200
978.986 3470.323
979.286 3336.822
979.587 3264.335
979.887 3312.915
980.187 3299.097
980.487 3343.421
980.787 3392.031
981.087 3438.641
981.387 3368.251
981.688 3378.004
981.988 3354.043
982.288 3384.796
982.588 3147.120
982.888 3035.444
983.188 3246.054
983.488 3456.950
983.789 3601.988
984.089 3690.883
984.389 3787.207
984.689 3862.531
984.989 3776.998
985.289 3529.893
985.589 3395.360
985.890 3202.970
986.190 3088.865
986.490 3044.189
986.790 3154.655
987.090 3125.265
987.390 3232.588
987.690 3447.769
987.991 3569.235
988.291 3546.273
988.591 3549.454
988.891 3542.634
989.191 3650.386
989.491 3702.995
989.791 3527.890
990.092 3496.356
990.392 3743.108
990.692 3819.574
990.992 3626.183
991.292 3541.792
991.592 3443.687
991.892 3350.296
992.193 3251.476
992.493 3113.513
992.793 3053.408
993.093 3089.445
993.393 3085.053
993.693 3102.948
993.993 3253.842
994.294 3453.165
994.594 3460.345
994.894 3344.668
995.194 3391.276
995.494 3423.884
995.794 3415.207
996.094 3363.101
996.395 3289.138
996.695 3172.032
996.995 3122.783
997.295 3150.534
997.595 3251.285
997.895 3276.465
998.195 3247.787
998.496 3147.538
998.796 3218.289
999.096 3295.182
999.396 3351.648
999.696 3352.255
999.996 3341.578
1000.296 3373.757
1000.597 3682.222
1000.897 3763.544
1001.197 3723.723
1001.497 3683.331
1001.797 3616.367
1002.097 3729.403
1002.397 3732.297
1002.698 3412.333
1002.998 3280.797
1003.298 3363.691
1003.598 3344.441
1003.898 3289.048
1004.198 3141.513
1004.498 3145.977
1004.799 3272.728
1005.099 3286.049
1005.399 3181.657
1005.699 3130.835
1005.999 3323.300
1006.299 3327.050
1006.599 3281.371
1006.900 3337.121
1007.200 3382.300
1007.500 3435.049
1007.800 3484.514
1008.100 3378.835
1008.400 3457.728
1008.700 3599.906
1009.001 3611.656
1009.301 3836.262
1009.601 4119.726
1009.901 4241.905
1010.201 4181.654
1010.501 4062.689
1010.801 3875.010
1011.102 3674.331
1011.402 3378.938
1011.702 3103.116
1012.002 2974.294
1012.302 2981.186
1012.602 2929.793
1012.902 3081.399
1013.203 3129.577
1013.503 3162.469
1013.803 3176.933
1014.103 3174.539
1014.403 3336.717
1014.703 3653.180
1015.003 3553.929
1015.304 3490.393
1015.604 3499.856
1015.904 3669.748
1016.204 3705.497
1016.504 3555.960
1016.804 3312.566
1017.104 3316.601
1017.405 3408.349
1017.705 3507.670
1018.005 3412.847
1018.305 3332.024
1018.605 3497.059
1018.905 3715.093
1019.205 3823.699
1019.506 3851.305
1019.806 3702.482
1020.106 3626.945
1020.406 3680.836
1020.706 3570.156
1021.006 3405.476
1021.306 3300.081
1021.607 3208.687
1021.907 3230.864
1022.207 3152.469
1022.507 3056.503
1022.807 3117.252
1023.107 3134.285
1023.407 3059.034
1023.708 3053.353
1024.008 3067.673
1024.308 3172.707
1024.608 3452.169
1024.908 3519.631
1025.208 3512.665
1025.508 3578.556
1025.809 3594.447
1026.109 3604.480
1026.409 3683.371
1026.709 3535.119
1027.009 3373.438
1027.309 3427.615
1027.609 3530.505
1027.910 3836.682
1028.210 4090.287
1028.510 4262.177
1028.810 4618.210
1029.110 4748.672
1029.410 4671.134
1029.710 4520.310
1030.011 4311.058
1030.311 4147.805
1030.611 3904.410
1030.911 3609.872
1031.211 3624.905
1031.511 3619.081
1031.811 3601.685
1032.112 3631.576
1032.412 3770.180
1032.712 3755.499
1033.012 3586.389
1033.312 3598.850
1033.612 3644.883
1033.912 3735.773
1034.212 3657.949
1034.513 3429.982
1034.813 3462.300
1035.113 3496.333
1035.413 3217.366
1035.713 3178.113
1036.013 3296.288
1036.313 3314.464
1036.614 3397.782
1036.914 3507.814
1037.214 3767.847
1037.514 3910.737
1037.814 3838.769
1038.114 3699.944
1038.414 3656.405
1038.715 3547.009
1039.015 3323.042
1039.315 3007.503
1039.615 2946.106
1039.915 2937.710
1040.215 2865.171
1040.515 2791.489
1040.816 2811.521
1041.116 2849.982
1041.416 2966.157
1041.716 3183.617
1042.016 3455.935
1042.316 3565.824
1042.616 3586.856
1042.917 3767.031
1043.217 3848.920
1043.517 3634.381
1043.817 3327.841
1044.117 3139.016
1044.417 3297.048
1044.717 3401.365
1045.018 3234.969
1045.318 3212.857
1045.618 3429.746
1045.918 3577.921
1046.218 3514.381
1046.518 3330.270
1046.818 3338.587
1047.119 3355.190
1047.419 3322.793
1047.719 3334.253
1048.019 3393.999
1048.319 3357.459
1048.619 3277.776
1048.919 3224.379
1049.220 3138.839
1049.520 3161.585
1049.820 3088.616
1050.120 3093.790
1050.420 3367.107
1050.720 3449.139
1051.020 3398.884
1051.321 3464.915
1051.621 3402.089
1051.921 3342.263
1052.221 3336.152
1052.521 3211.326
1052.821 3365.785
1053.121 3449.388
1053.422 3795.847
1053.722 4155.878
1054.022 4297.338
1054.322 4167.226
1054.622 4106.971
1054.922 4092.002
1055.222 4178.604
1055.523 3853.635
1055.823 3498.523
1056.123 3325.411
1056.423 3339.441
1056.723 3442.186
1057.023 3302.217
1057.323 3195.533
1057.624 3243.136
1057.924 3350.452
1058.224 3381.911
1058.524 3543.513
1058.824 3601.258
1059.124 3624.145
1059.424 3661.890
1059.725 3682.492
1060.025 3727.665
1060.325 3760.410
1060.625 3637.440
1060.925 3491.471
1061.225 3524.930
1061.525 3486.103
1061.826 3353.704
1062.126 3281.163
1062.426 3419.050
1062.726 3457.366
1063.026 3557.111
1063.326 3514.998
1063.626 3493.885
1063.927 3696.344
1064.227 3764.231
1064.527 3628.975
1064.827 3629.862
1065.127 3540.464
1065.427 3607.922
1065.727 3684.524
1066.028 3600.696
1066.328 3515.726
1066.628 3499.042
1066.928 3478.929
1067.228 3461.816
1067.528 3325.560
1067.828 3240.732
1068.129 3162.619
1068.429 3186.649
1068.729 3318.107
1069.029 3399.994
1069.329 3508.309
1069.629 3605.482
1069.929 3588.654
1070.230 3582.969
1070.530 3508.713
1070.830 3471.885
1071.130 3425.915
1071.430 3280.516
1071.730 3339.688
1072.030 3568.574
1072.331 3652.175
1072.631 3641.490
1072.931 3636.805
1073.231 3689.263
1073.531 3764.435
1073.831 3569.750
1074.131 3255.065
1074.432 3100.237
1074.732 3056.552
1075.032 2898.867
1075.332 2694.181
1075.632 2717.782
1075.932 2774.239
1076.232 2767.554
1076.533 2901.726
1076.833 3077.041
1077.133 3100.641
1077.433 3006.956
1077.733 2875.127
1078.033 3002.728
1078.333 3206.614
1078.634 3152.071
1078.934 3151.814
1079.234 3279.414
1079.534 3385.729
1079.834 3411.043
1080.134 3336.500
1080.434 3279.529
1080.735 3347.986
1081.035 3312.015
1081.335 3323.758
1081.635 3461.786
1081.935 3578.815
1082.235 3599.129
1082.535 3657.015
1082.836 3668.043
1083.136 3654.786
1083.436 3541.386
1083.736 3439.128
1084.036 3299.157
1084.336 3296.757
1084.636 3300.356
1084.937 3330.813
1085.237 3358.270
1085.537 3582.155
1085.837 3710.469
1086.137 3830.212
1086.437 3896.526
1086.737 3838.697
1087.038 3664.582
1087.338 3556.896
1087.638 3473.067
1087.938 3359.238
1088.238 3325.980
1088.538 3250.722
1088.838 3471.607
1089.139 3752.635
1089.439 3786.806
1089.739 3666.405
1090.039 3661.862
1090.339 3518.461
1090.639 3418.346
1090.939 3125.231
1091.240 2962.830
1091.540 3080.429
1091.840 3144.886
1092.140 3280.485
1092.453 3429.798
1092.766 3442.540
1093.079 3383.425
1093.392 3304.738
1093.705 3205.480
1094.018 3259.794
1094.330 3089.964
1094.643 3260.420
1094.956 3443.733
1095.269 3591.332
1095.582 3578.217
1095.895 3612.530
1096.208 3652.272
1096.521 3907.156
1096.834 3788.612
1097.147 3635.068
1097.460 3683.238
1097.773 3832.265
1098.085 3767.864
1098.398 3663.320
1098.711 3539.919
1099.024 3512.660
1099.337 3576.116
1099.650 3450.572
1099.963 3366.742
1100.276 3439.340
1100.589 3383.796
1100.902 3285.966
1101.215 3280.993
1101.528 3419.163
1101.841 3459.332
1102.153 3409.217
1102.466 3464.672
1102.779 3652.842
1103.092 3738.726
1103.405 3774.753
1103.718 3637.208
1104.031 3561.235
1104.344 3511.262
1104.657 3469.003
1104.970 3444.173
1105.283 3543.056
1105.596 3625.940
1105.909 3668.681
1106.221 3790.994
1106.534 3913.449
1106.847 3832.618
1107.160 3656.502
1107.473 3558.100
1107.786 3379.841
1108.099 3260.439
1108.412 3299.323
1108.725 3297.063
1109.038 3253.518
1109.351 3216.974
1109.664 3095.429
1109.977 3057.312
1110.289 3008.624
1110.602 2843.793
1110.915 2923.677
1111.228 3095.846
1111.541 3285.587
1111.854 3310.756
1112.167 3268.782
1112.480 3341.808
1112.793 3407.406
1113.106 3185.861
1113.419 3060.173
1113.732 2958.484
1114.044 2999.368
1114.357 3052.108
1114.670 3097.563
1114.983 3129.303
1115.296 3266.615
1115.609 3307.641
1115.922 3331.524
1116.235 3358.693
1116.548 3409.433
1116.861 3311.030
1117.174 3219.913
1117.487 3214.796
1117.800 3239.679
1118.112 3316.562
1118.425 3438.731
1118.738 3567.043
1119.051 3620.497
1119.364 3759.666
1119.677 3928.120
1119.990 3999.146
1120.303 3943.886
1120.616 3845.197
1120.929 3832.365
1121.242 3950.534
1121.555 3861.702
1121.868 3649.014
1122.180 3571.182
1122.493 3555.636
1122.806 3601.090
1123.119 3472.401
1123.432 3336.713
1123.745 3503.167
1124.058 3701.192
1124.371 3741.932
1124.684 3648.671
1124.997 3474.697
1125.310 3459.865
1125.623 3463.033
1125.935 3380.916
1126.248 3332.512
1126.561 3353.395
1126.874 3409.991
1127.187 3559.874
1127.500 3728.328
1127.813 3897.924
1128.126 3920.092
1128.439 3743.260
1128.752 3597.143
1129.065 3569.882
1129.378 3515.764
1129.691 3425.789
1130.003 3408.814
1130.316 3399.982
1130.629 3362.293
1130.942 3398.889
1131.255 3547.343
1131.568 3488.796
1131.881 3292.964
1132.194 3198.132
1132.507 3121.157
1132.820 3165.467
1133.133 3310.206
1133.446 3390.088
1133.759 3464.970
1134.071 3774.281
1134.384 3821.305
1134.697 3772.902
1135.010 3816.926
1135.323 3827.665
1135.636 3647.404
1135.949 3552.000
1136.262 3373.596
1136.575 3314.478
1136.888 3383.788
1137.201 3498.670
1137.514 3441.409
1137.826 3636.005
1138.139 3892.315
1138.452 4047.768
1138.765 4135.650
1139.078 4296.389
1139.391 4243.699
1139.704 4297.723
1140.017 4237.319
1140.330 4051.200
1140.643 3918.653
1140.956 3922.249
1141.269 3901.845
1141.582 3883.726
1141.894 3854.465
1142.207 3761.775
1142.520 3788.942
1142.833 3780.395
1143.146 3709.847
1143.459 3512.729
1143.772 3424.467
1144.085 3253.063
1144.398 3237.658
1144.711 3319.254
1145.024 3349.563
1145.337 3474.302
1145.650 3488.612
1145.962 3531.778
1146.275 3728.088
1146.588 3722.255
1146.901 3649.279
1147.214 3733.017
1147.527 3592.327
1147.840 3528.922
1148.153 3610.089
1148.466 3553.113
1148.779 3681.994
1149.092 3688.303
1149.405 3645.327
1149.718 3666.494
1150.030 3756.946
1150.343 3682.541
1150.656 3570.565
1150.969 3454.160
1151.282 3392.326
1151.595 3270.207
1151.908 3355.374
1152.221 3448.255
1152.534 3725.421
1152.847 4087.302
1153.160 4256.897
1153.473 4417.635
1153.785 4560.515
1154.098 4474.396
1154.411 4355.276
1154.724 4115.157
1155.037 3783.181
1155.350 3562.347
1155.663 3428.370
1155.976 3301.251
1156.289 3242.703
1156.602 3337.298
1156.915 3320.749
1157.228 3425.916
1157.541 3676.225
1157.853 3684.819
1158.166 3654.700
1158.479 3697.723
1158.792 3660.461
1159.105 3670.341
1159.418 3693.935
1159.731 3503.101
1160.044 3486.125
1160.357 3694.433
1160.670 3907.885
1160.983 3912.194
1161.296 3800.360
1161.609 3596.954
1161.921 3518.977
1162.234 3532.429
1162.547 3509.452
1162.860 3277.332
1163.173 3151.212
1163.486 3329.092
1163.799 3606.115
1164.112 3669.138
1164.425 3555.161
1164.738 3335.755
1165.051 3502.493
1165.364 3763.087
1165.676 3766.252
1165.989 3786.847
1166.302 3965.727
1166.615 4092.749
1166.928 4211.915
1167.241 4099.795
1167.554 3951.960
1167.867 3865.126
1168.180 3647.434
1168.493 3561.171
1168.806 3677.480
1169.119 3727.217
1169.432 3601.953
1169.744 3615.262
1170.057 3679.856
1170.370 3773.450
1170.683 3598.758
1170.996 3414.209
1171.309 3401.231
1171.622 3508.111
1171.935 3481.134
1172.248 3395.870
1172.561 3283.464
1172.874 3330.629
1173.187 3415.366
1173.500 3696.817
1173.812 3801.411
1174.125 3698.576
1174.438 3945.170
1174.751 4187.192
1175.064 4173.071
1175.377 4074.379
1175.690 3696.687
1176.003 3516.567
1176.316 3546.446
1176.629 3204.325
1176.942 2942.633
1177.255 3059.941
1177.567 3222.963
1177.880 3380.700
1178.193 3561.722
1178.506 3722.458
1178.819 3833.909
1179.132 3840.074
1179.445 3673.524
1179.758 3603.261
1180.071 3565.140
1180.384 3535.019
1180.697 3601.184
1181.010 3708.920
1181.323 3734.228
1181.635 3685.678
1181.948 3689.271
1182.261 3845.293
1182.574 4062.172
1182.887 4001.194
1183.200 3878.787
1183.513 3907.238
1183.826 4069.402
1184.139 4001.424
1184.452 3769.732
1184.765 3496.753
1185.078 3516.061
1185.391 3470.654
1185.703 3478.961
1186.016 3691.126
1186.329 3820.147
1186.642 3998.883
1186.955 3957.191
1187.268 3841.355
1187.581 3940.234
1187.894 4007.255
1188.207 3779.277
1188.520 3664.584
1188.833 3507.177
1189.146 3451.342
1189.459 3375.077
1189.771 3282.242
1190.084 3270.549
1190.397 3350.142
1190.710 3346.877
1191.023 3340.185
1191.336 3411.492
1191.649 3446.513
1191.962 3428.963
1192.275 3297.841
1192.588 3182.006
1192.901 3223.313
1193.214 3152.762
1193.526 3153.069
1193.839 3275.805
1194.152 3286.683
1194.465 3201.419
1194.778 3205.583
1195.091 3247.604
1195.404 3165.197
1195.717 2937.932
1196.030 2867.239
1196.343 2954.260
1196.656 3184.853
1196.969 3436.016
1197.282 3667.895
1197.594 3916.630
1197.907 4050.365
1198.220 3943.101
1198.533 4020.979
1198.846 3992.571
1199.159 3740.878
1199.472 3462.185
1199.785 3420.348
1200.098 3521.084
1200.411 3573.104
1200.724 3338.125
1201.037 3358.146
1201.350 3434.024
1201.662 3106.045
1201.975 2974.722
1202.288 2851.066
1202.601 2817.326
