165.028 681.889
165.288 608.396
165.547 460.425
165.807 423.183
166.067 389.741
166.327 507.743
166.587 589.474
166.847 415.791
167.107 454.838
167.367 583.757
167.627 701.261
167.886 912.923
168.146 1131.599
168.406 1218.289
168.666 1185.422
168.926 1159.141
169.186 1313.015
169.446 1346.904
169.706 1113.948
169.966 954.149
170.225 1174.649
170.485 1418.448
170.745 1420.830
171.005 1322.797
171.265 1381.063
171.525 1483.626
171.785 1388.917
172.045 1091.362
172.305 1113.962
172.564 1265.431
172.824 1212.198
173.084 1187.405
173.344 1260.623
173.604 1271.853
173.864 1185.808
174.124 976.203
174.384 1010.895
174.644 1123.883
174.903 948.453
175.163 943.034
175.423 1136.340
175.683 1213.941
175.943 1111.267
176.203 987.746
176.463 930.949
176.723 1198.590
176.983 1282.669
177.242 1202.044
177.502 1296.571
177.762 1407.535
178.022 1320.366
178.282 1249.062
178.542 1428.482
178.802 1322.482
179.062 1133.205
179.322 1121.364
179.581 1319.675
179.841 1432.137
180.101 1510.750
180.361 1209.513
180.621 1220.284
180.881 1432.348
181.141 1414.563
181.401 1244.928
181.661 1294.872
181.920 1226.680
182.180 1056.066
182.440 921.888
182.700 921.716
182.960 836.980
183.220 757.250
183.480 688.812
183.740 913.523
184.000 1147.954
184.259 1318.249
184.519 1448.121
184.779 1633.856
185.039 1846.596
185.299 1890.056
185.559 1961.236
185.819 2154.136
186.079 2087.612
186.339 1779.664
186.598 1631.293
186.858 1961.926
187.118 2226.278
187.378 2110.635
187.638 1845.997
187.898 1862.791
188.158 2053.732
188.418 2058.963
188.678 1751.484
188.937 1736.294
189.197 1601.108
189.457 1381.069
189.717 1326.176
189.977 1468.429
190.237 1601.114
190.497 1467.803
190.757 1169.922
191.017 1185.903
191.276 1321.743
191.536 1156.300
191.796 1161.002
192.056 1212.136
192.316 1200.558
192.576 1117.696
192.836 1222.266
193.096 1445.694
193.356 1509.268
193.616 1354.129
193.875 1431.849
194.135 1670.428
194.395 1796.437
194.655 1750.591
194.915 1612.460
195.175 1642.331
195.435 1608.488
195.695 1507.218
195.955 1485.235
196.214 1671.682
196.474 1791.272
196.734 1792.291
196.994 1922.169
197.254 1987.618
197.514 1888.782
197.774 1702.946
198.034 1602.111
198.294 1505.419
198.553 1510.727
198.813 1461.178
199.073 1620.914
199.333 1760.936
199.593 1773.673
199.853 1623.266
200.113 1598.572
200.373 1711.022
200.633 1735.613
200.892 1476.061
201.152 1486.509
201.412 1656.527
201.672 1666.258
201.932 1521.703
202.192 1483.861
202.452 1820.732
202.712 2108.745
202.972 2007.756
203.231 1864.623
203.491 2344.346
203.751 2646.782
204.011 2512.216
204.271 2208.934
204.531 2130.937
204.791 2045.080
205.051 1864.935
205.311 1434.218
205.570 1393.498
205.830 1631.919
206.090 1588.195
206.350 1524.754
206.610 1743.312
206.870 1911.581
207.130 1884.704
207.390 1816.540
207.650 1800.944
207.909 1788.632
208.169 1669.460
208.429 1492.285
208.689 1500.678
208.949 1445.212
209.209 1302.171
209.469 1207.127
209.729 1478.080
209.989 1543.744
210.248 1643.691
210.508 1741.920
210.768 1829.289
211.028 1936.654
211.288 1958.445
211.548 1813.803
211.808 1819.301
212.068 1605.652
212.328 1445.571
212.587 1597.772
212.847 1934.255
213.107 2056.163
213.367 1899.782
213.627 1964.824
213.887 2296.006
214.147 2376.613
214.407 2147.786
214.667 2009.956
214.926 2082.264
215.186 2177.568
215.446 2028.154
215.706 1805.307
215.966 1839.312
216.226 2003.885
216.486 1746.738
216.746 1484.302
217.006 1678.575
217.265 1755.844
217.525 1719.108
217.785 1758.082
218.045 1850.908
218.305 1927.015
218.565 1870.117
218.825 1598.215
219.085 1707.307
219.345 1877.824
219.604 1718.621
219.864 1535.127
220.124 1549.914
220.384 1731.839
220.644 1808.473
220.904 1714.673
221.164 1686.725
221.424 1690.772
221.684 1687.243
221.943 1642.136
222.203 1604.596
222.463 1526.193
222.723 1373.642
222.983 1220.657
223.243 1245.953
223.503 1200.385
223.763 1314.813
224.023 1386.091
224.282 1532.364
224.542 1878.632
224.802 2029.608
225.062 2225.293
225.322 2469.972
225.582 2331.217
225.842 2185.456
226.102 2107.832
226.362 1921.631
226.621 1967.139
226.881 1865.497
227.141 1853.422
227.401 2058.911
227.661 2036.252
227.921 1978.159
228.181 1971.774
228.441 1854.668
228.701 1763.271
228.960 1741.725
229.220 1698.744
229.480 1734.900
229.740 1730.764
230.000 1733.907
230.260 1769.616
230.520 1890.176
230.780 1819.730
231.040 1686.135
231.299 1875.676
231.559 2043.639
231.819 1959.025
232.079 1897.548
232.339 2048.350
232.599 2160.288
232.859 2125.363
233.119 1881.431
233.379 1799.351
233.638 1973.549
233.898 2176.027
234.158 1957.927
234.418 1844.392
234.678 2035.137
234.938 2179.875
235.198 2081.035
235.458 2062.331
235.718 2076.049
235.978 2199.761
236.237 2233.324
236.497 2185.737
236.757 2362.715
237.017 2464.829
237.277 2352.794
237.537 2262.180
237.797 2191.989
238.057 2179.934
238.317 2127.872
238.576 2044.518
238.836 2279.872
239.096 2443.219
239.356 2356.702
239.616 2318.179
239.876 2388.220
240.136 2524.683
240.396 2350.997
240.656 2101.161
240.915 2165.747
241.175 2257.040
241.435 2288.613
241.695 2251.464
241.955 2184.309
242.215 2342.004
242.475 2411.835
242.735 2239.803
242.995 2243.192
243.254 2243.145
243.514 2289.093
243.774 2263.461
244.034 2312.252
244.294 2330.036
244.554 2260.242
244.814 2305.298
245.074 2471.490
245.334 2410.104
245.593 2339.139
245.853 2310.739
246.113 2390.476
246.373 2462.491
246.633 2373.071
246.893 2241.215
247.153 2317.639
247.413 2334.770
247.673 2143.179
247.932 2073.725
248.192 2124.407
248.452 2049.082
248.712 1918.893
248.972 1830.840
249.232 2010.781
249.492 2139.143
249.752 1998.784
250.012 2171.561
250.271 2464.474
250.531 2659.952
250.791 2642.994
251.051 2663.315
251.311 2778.344
251.571 2946.223
251.831 2834.667
252.091 2707.389
252.351 2818.819
252.610 2985.528
252.870 2847.516
253.130 2746.069
253.390 2775.900
253.650 2766.439
253.911 2679.115
254.172 2553.354
254.433 2604.444
254.694 2723.671
254.955 2658.747
255.216 2541.960
255.477 2449.166
255.738 2481.079
255.999 2342.272
256.261 2071.458
256.522 2099.065
256.783 2151.523
257.044 2024.974
257.305 2069.276
257.566 2138.714
257.827 2168.145
258.088 2202.426
258.349 2127.558
258.610 2192.255
258.871 2275.231
259.132 2057.343
259.393 1870.305
259.654 2100.118
259.915 2181.067
260.176 2019.724
260.437 1985.231
260.698 2171.874
260.959 2317.083
261.221 2361.713
261.482 2218.336
261.743 2339.810
262.004 2385.992
262.265 2157.739
262.526 2058.907
262.787 2161.784
263.048 2209.653
263.309 2156.374
263.570 1980.230
263.831 2051.652
264.092 2157.781
264.353 2096.047
264.614 2143.734
264.875 2414.558
265.136 2640.947
265.397 2707.615
265.658 2659.991
265.919 2844.360
266.181 2918.723
266.442 2728.080
266.703 2495.858
266.964 2404.916
267.225 2336.682
267.486 2247.727
267.747 2240.480
268.008 2383.369
268.269 2745.109
268.530 2741.128
268.791 2731.141
269.052 2920.577
269.313 3030.148
269.574 2844.714
269.835 2724.701
270.096 2558.968
270.357 2597.372
270.618 2460.769
270.879 2277.160
271.141 2274.973
271.402 2297.352
271.663 2270.152
271.924 2225.090
272.185 2203.592
272.446 2196.946
272.707 2164.436
272.968 2166.919
273.229 2260.826
273.490 2280.154
273.751 2197.619
274.012 2216.221
274.273 2465.674
274.534 2562.121
274.795 2506.847
275.056 2651.425
275.317 2693.567
275.578 2724.561
275.839 2721.692
276.101 2579.959
276.362 2818.792
276.623 2979.475
276.884 2705.010
277.145 2601.110
277.406 2896.919
277.667 3027.007
277.928 2878.946
278.189 2593.308
278.450 2473.950
278.711 2713.300
278.972 2808.073
279.233 2492.268
279.494 2407.600
279.755 2459.926
280.016 2384.818
280.277 2433.133
280.538 2403.727
280.799 2328.887
281.061 2270.469
281.322 2209.760
281.583 2370.474
281.844 2463.754
282.105 2327.170
282.366 2184.009
282.627 2366.700
282.888 2564.956
283.149 2552.921
283.410 2548.594
283.671 2785.119
283.932 3030.066
284.193 3009.008
284.454 2962.230
284.715 3111.732
284.976 3157.800
285.237 3000.862
285.498 3046.775
285.759 3166.112
286.021 3167.728
286.282 2989.482
286.543 2939.944
286.804 3006.258
287.065 3024.852
287.326 2790.441
287.587 2796.024
287.848 2920.173
288.109 2867.031
288.370 2560.597
288.631 2364.587
288.892 2539.285
289.153 2561.549
289.414 2209.237
289.675 2078.347
289.936 2208.310
290.197 2328.266
290.458 2416.075
290.719 2434.735
290.981 2501.533
291.242 2603.326
291.503 2668.113
291.764 2757.609
292.025 2943.242
292.286 2961.299
292.547 2722.065
292.808 2683.396
293.069 2800.294
293.330 2736.044
293.591 2472.789
293.852 2388.814
294.113 2524.977
294.374 2683.134
294.635 2730.287
294.896 2758.577
295.157 2938.861
295.418 3106.427
295.679 2983.273
295.941 2913.542
296.202 2863.235
296.463 2735.922
296.724 2539.891
296.985 2354.139
297.246 2526.955
297.507 2704.622
297.768 2654.141
298.029 2802.656
298.290 2978.736
298.551 3076.955
298.812 3120.026
299.073 3126.377
299.334 3214.866
299.595 3334.493
299.856 3145.544
300.117 2938.590
300.378 3046.202
300.639 3241.953
300.901 3247.984
301.162 3499.581
301.423 3594.460
301.684 3635.191
301.945 3582.345
302.206 3445.780
302.467 3342.497
302.728 3276.065
302.989 2909.914
303.250 2842.045
303.511 2966.456
303.772 3073.005
304.033 3016.836
304.294 2957.947
304.555 2901.768
304.816 2765.870
305.077 2565.110
305.338 2660.917
305.599 2943.147
305.861 3124.945
306.122 2997.452
306.383 3101.811
306.644 3269.166
306.905 3303.230
307.166 2974.719
307.427 2761.060
307.688 2802.968
307.949 3034.300
308.210 2856.770
308.471 2726.950
308.732 2742.696
308.993 3020.439
309.254 3104.462
309.515 3037.624
309.776 2997.067
310.037 3306.220
310.298 3402.797
310.559 3406.798
310.821 3270.223
311.082 3033.930
311.343 2757.489
311.604 2587.472
311.865 2278.308
312.126 2181.140
312.387 2147.110
312.648 2256.219
312.909 2474.038
313.170 2662.138
313.434 2729.805
313.698 2753.753
313.963 2798.126
314.227 2737.352
314.491 2444.002
314.755 2266.790
315.019 2345.575
315.284 2499.498
315.548 2618.131
315.812 2667.045
316.076 2907.384
316.340 3113.861
316.604 3326.478
316.869 3467.375
317.133 3628.412
317.397 3537.301
317.661 3411.472
317.925 3343.639
318.190 3483.516
318.454 3353.389
318.718 3419.829
318.982 3396.265
319.246 3373.840
319.511 3349.411
319.775 3143.549
320.039 2905.541
320.303 2984.957
320.567 2700.940
320.832 2464.348
321.096 2542.037
321.360 2642.294
321.624 2736.262
321.888 2703.797
322.153 2557.470
322.417 2501.426
322.681 2385.378
322.945 2134.611
323.209 2118.412
323.473 2415.923
323.738 2586.574
324.002 2530.363
324.266 2522.862
324.530 2710.073
324.794 2975.993
325.059 2947.767
325.323 2770.966
325.587 2802.732
325.851 3008.494
326.115 3206.396
326.380 3192.722
326.644 3080.902
326.908 3067.792
327.172 2891.393
327.436 2838.990
327.701 2859.441
327.965 2666.745
328.229 2691.902
328.493 2795.056
328.757 2861.777
329.022 2988.209
329.286 2955.352
329.550 2892.633
329.814 2924.483
330.078 2761.186
330.342 2590.314
330.607 2574.010
330.871 2689.131
331.135 2649.534
331.399 2548.362
331.663 2671.044
331.928 2906.436
332.192 2895.825
332.456 2765.496
332.720 2664.878
332.984 2740.256
333.249 2700.916
333.513 2499.573
333.777 2358.798
334.041 2627.876
334.305 2682.237
334.570 2596.737
334.834 2622.948
335.098 2801.870
335.362 2865.646
335.626 2728.989
335.891 2482.329
336.155 2525.809
336.419 2466.571
336.683 2410.758
336.947 2458.799
337.211 2656.551
337.476 2825.585
337.740 2927.330
338.004 2949.215
338.268 3053.382
338.532 3073.974
338.797 2913.277
339.061 2876.434
339.325 3022.160
339.589 3068.310
339.853 3048.601
340.118 3074.030
340.382 3089.314
340.646 3095.309
340.910 3016.872
341.174 2864.574
341.439 2853.702
341.703 2757.398
341.967 2629.948
342.231 2641.352
342.495 2892.896
342.759 2863.437
343.024 2695.260
343.288 2630.508
343.552 2788.182
343.816 2826.996
344.080 2597.235
344.345 2289.471
344.609 2475.704
344.873 2636.220
345.137 2834.589
345.401 3091.099
345.666 3286.319
345.930 3429.108
346.194 3370.752
346.458 3302.963
346.722 3553.172
346.987 3369.520
347.251 3010.294
347.515 2860.493
347.779 2841.404
348.043 2908.883
348.308 2671.216
348.572 2338.690
348.836 2395.446
349.100 2436.770
349.364 2305.377
349.628 2353.267
349.893 2477.869
350.157 2475.896
350.421 2350.920
350.685 2234.369
350.949 2228.959
351.214 2341.117
351.478 2328.844
351.742 2307.282
352.006 2564.432
352.270 2827.722
352.535 2769.580
352.799 2755.150
353.063 2844.145
353.327 2773.424
353.591 2743.556
353.856 2783.543
354.120 2916.670
354.384 3028.652
354.648 3029.345
354.912 3128.178
355.177 3362.437
355.441 3381.550
355.705 3177.089
355.969 2964.482
356.233 3200.444
356.497 3281.261
356.762 3112.218
357.026 3006.886
357.290 3046.694
357.554 2995.072
357.818 3002.875
358.083 2848.961
358.347 2848.901
358.611 2816.982
358.875 2702.060
359.139 2616.421
359.404 2726.494
359.668 2762.422
359.932 2700.775
360.196 2640.840
360.460 2760.902
360.725 2882.676
360.989 2973.162
361.253 3088.502
361.517 3343.983
361.781 3455.747
362.046 3495.222
362.310 3511.266
362.574 3538.165
362.838 3489.062
363.102 3313.670
363.366 3123.418
363.631 3085.164
363.895 3030.050
364.159 2933.506
364.423 2920.815
364.687 3073.837
364.952 3120.285
365.216 2942.730
365.480 2830.030
365.747 2940.899
366.013 2982.908
366.280 2848.058
366.546 2811.205
366.813 2983.779
367.079 3185.492
367.346 3355.918
367.612 3373.627
367.879 3431.905
368.145 3569.895
368.412 3389.740
368.678 3280.439
368.945 3405.850
369.211 3327.545
369.478 3149.809
369.744 3060.213
370.011 3294.329
370.278 3423.872
370.544 3245.412
370.811 3159.664
371.077 3333.342
371.344 3490.018
371.610 3467.834
371.877 3308.649
372.143 3543.175
372.410 3694.699
372.676 3436.506
372.943 3209.883
373.209 3312.685
373.476 3467.771
373.742 3294.998
374.009 2990.080
374.276 3026.302
374.542 3112.237
374.809 2995.312
375.075 2789.384
375.342 2818.598
375.608 2848.095
375.875 2858.018
376.141 3085.653
376.408 3323.287
376.674 3600.203
376.941 3696.975
377.207 3626.173
377.474 3721.940
377.740 3755.134
378.007 3477.040
378.273 3276.658
378.540 3222.417
378.807 3252.744
379.073 3139.356
379.340 3018.680
379.606 3043.859
379.873 3116.749
380.139 3075.924
380.406 2954.668
380.672 2889.552
380.939 2903.864
381.205 2879.458
381.472 2869.051
381.738 2873.641
382.005 2978.659
382.271 2980.388
382.538 2978.972
382.804 3054.269
383.071 3191.421
383.338 3074.285
383.604 3014.004
383.871 3149.006
384.137 3169.007
384.404 3051.149
384.670 3045.146
384.937 3175.426
385.203 3364.562
385.470 3327.552
385.736 3145.255
386.003 3183.814
386.269 3395.084
386.536 3591.067
386.802 3506.762
387.069 3412.455
387.336 3391.432
387.602 3328.836
387.869 3306.095
388.135 3522.209
388.402 3403.606
388.668 3237.431
388.935 3209.968
389.201 3341.360
389.468 3359.178
389.734 3294.281
390.001 3085.810
390.267 3106.623
390.534 3194.720
390.800 3166.386
391.067 3058.765
391.333 3193.713
391.600 3193.374
391.867 2946.176
392.133 2876.976
392.400 2861.631
392.666 2720.570
392.933 2530.936
393.199 2537.014
393.466 2721.090
393.732 2785.022
393.999 2788.524
394.265 2825.023
394.532 3022.949
394.798 3218.445
395.065 3068.225
395.331 2919.289
395.598 3027.494
395.864 3019.411
396.131 2924.184
396.398 3051.955
396.664 3161.724
396.931 3129.348
397.197 3045.828
397.464 2970.164
397.730 2914.926
397.997 3148.972
398.263 3051.873
398.530 2898.345
398.796 3023.814
399.063 3130.853
399.329 3191.034
399.596 3422.355
399.862 3368.103
400.129 3327.136
400.396 3321.595
400.662 3303.909
400.929 3496.937
401.195 3591.677
401.462 3313.129
401.728 3151.866
401.995 3240.743
402.261 3362.333
402.528 3472.779
402.794 3493.938
403.061 3479.237
403.327 3466.249
403.594 3486.546
403.860 3523.698
404.127 3629.705
404.393 3676.853
404.660 3473.143
404.931 3580.574
405.202 4010.718
405.473 4184.431
405.745 4156.001
406.016 4194.568
406.287 4213.277
406.558 4371.841
406.829 4323.404
407.100 4136.393
407.371 4112.810
407.642 4103.653
407.914 4054.067
408.185 4078.050
408.456 4306.175
408.727 4428.726
408.998 4375.134
409.269 4395.682
409.540 4446.515
409.811 4366.918
410.083 4251.319
410.354 4229.290
410.625 4241.402
410.896 4201.227
411.167 4279.622
411.438 4379.158
411.709 4567.550
411.981 4628.083
412.252 4395.472
412.523 4230.288
412.794 4494.817
413.065 4592.344
413.336 4523.870
413.607 4307.251
413.878 4210.917
414.150 4028.724
414.421 3825.101
414.692 3561.762
414.963 3642.565
415.234 3651.652
415.505 3558.166
415.776 3418.821
416.047 3467.047
416.319 3490.128
416.590 3300.922
416.861 2928.714
417.132 2780.934
417.403 2837.867
417.674 2829.798
417.945 2848.013
418.217 2942.798
418.488 3103.011
418.759 3088.651
419.030 3147.575
419.301 3295.497
419.572 3379.990
419.843 3390.053
420.114 3379.685
420.386 3406.460
420.657 3311.661
420.928 3069.861
421.199 3075.917
421.470 3321.971
421.741 3262.739
422.012 3207.076
422.283 3146.412
422.555 3286.747
422.826 3379.080
423.097 3106.126
423.368 2925.314
423.639 3054.072
423.910 3314.114
424.181 3414.727
424.453 3350.195
424.724 3564.947
424.995 3851.984
425.266 3793.020
425.537 3786.626
425.808 3603.230
426.079 3384.833
426.350 3335.006
426.622 3205.607
426.893 3143.920
427.164 3155.661
427.435 2918.258
427.706 2920.282
427.977 3090.304
428.248 3151.754
428.519 3019.060
428.791 2967.222
429.062 3064.953
429.333 3296.255
429.604 3306.699
429.875 3339.284
430.146 3350.868
430.417 3343.451
430.689 3136.032
430.960 2937.755
431.231 3017.620
431.502 2980.197
431.773 2784.345
432.044 2787.777
432.315 2962.209
432.586 3138.210
432.858 3150.210
433.129 2982.352
433.400 2919.635
433.671 2850.489
433.942 2692.769
434.213 2542.478
434.484 2515.185
434.755 2705.176
435.027 2783.167
435.298 2799.585
435.569 3110.716
435.840 3176.417
436.116 3176.831
436.391 3211.958
436.667 3171.942
436.942 3064.209
437.218 3038.619
437.493 3018.313
437.769 3226.149
438.045 3303.698
438.320 3302.245
438.596 3232.363
438.871 3255.337
439.147 3315.024
439.422 3126.853
439.698 3029.824
439.974 3098.507
440.249 3075.476
440.525 2969.014
440.800 3045.837
441.076 3164.659
441.351 3133.909
441.627 3089.014
441.903 3126.833
442.178 3149.079
442.454 3311.467
442.729 3268.425
443.005 3133.810
443.281 3247.766
443.556 3244.578
443.832 3177.103
444.107 3244.770
444.383 3237.008
444.658 3206.387
444.934 3277.907
445.210 3359.570
445.485 3429.088
445.761 3433.749
446.036 3231.408
446.312 3083.066
446.587 3105.295
446.863 3024.808
447.139 2803.035
447.414 2715.117
447.690 2764.199
447.965 2868.136
448.241 2808.930
448.516 2747.008
448.792 2766.942
449.068 3031.733
449.343 3112.522
449.619 3213.739
449.894 3470.527
450.170 3570.885
450.445 3544.956
450.721 3499.311
450.997 3417.952
451.272 3421.448
451.548 3143.086
451.823 2857.724
452.099 2941.217
452.375 2960.424
452.650 3050.772
452.926 3051.977
453.201 3024.038
453.477 3105.098
453.752 3050.871
454.028 3106.500
454.304 3404.986
454.579 3555.470
454.855 3520.239
455.130 3542.579
455.406 3649.060
455.681 3698.398
455.957 3452.020
456.233 3142.641
456.508 3099.405
456.784 3173.881
457.059 3153.357
457.335 3068.403
457.610 3113.305
457.886 3376.492
458.162 3437.392
458.437 3346.434
458.713 3553.904
458.988 3670.945
459.264 3685.698
459.539 3697.879
459.815 3628.345
460.091 3557.382
460.366 3522.417
460.642 3217.166
460.917 3139.914
461.193 3133.518
461.468 2975.979
461.744 2944.724
462.020 3073.182
462.295 3020.069
462.571 3024.097
462.846 2951.684
463.122 2961.974
463.397 3056.323
463.673 2895.204
463.949 2816.656
464.224 3016.319
464.500 3103.671
464.775 3026.407
465.051 3092.361
465.327 3213.462
465.602 3351.057
465.878 3534.762
466.153 3456.566
466.429 3521.108
466.704 3636.896
466.980 3561.167
467.256 3472.333
467.531 3635.786
467.807 3630.140
468.082 3431.906
468.358 3298.059
468.633 3416.741
468.909 3501.118
469.185 3466.278
469.460 3279.675
469.736 3196.186
470.011 3385.265
470.287 3405.039
470.562 3306.442
470.838 3466.016
471.114 3740.823
471.389 3824.811
471.665 3797.649
471.940 3880.990
472.216 3937.545
472.491 3896.531
472.767 3695.595
473.043 3553.776
473.318 3478.053
473.594 3323.870
473.869 3177.036
474.145 3176.001
474.421 3118.032
474.696 3026.631
474.972 3134.424
475.247 3296.016
475.523 3504.644
475.798 3504.398
476.074 3498.373
476.350 3711.509
476.625 3816.747
476.901 3570.574
477.176 3415.359
477.452 3389.452
477.727 3365.536
478.003 3183.220
478.279 2983.365
478.554 2987.478
478.830 2993.682
479.105 2959.827
479.381 3087.924
479.656 3313.934
479.932 3600.999
480.208 3654.301
480.483 3578.363
480.759 3698.106
481.034 3802.141
481.310 3590.792
481.585 3412.683
481.861 3259.907
482.137 3357.623
482.412 3468.257
482.688 3459.587
482.963 3688.806
483.239 3946.488
483.514 3997.788
483.790 4075.311
484.066 4109.169
484.341 4108.944
484.617 4001.981
484.892 3729.569
485.168 3624.384
485.443 3555.098
485.719 3389.853
485.995 3292.300
486.270 3351.337
486.546 3447.240
486.821 3542.245
487.097 3499.824
487.373 3429.028
487.648 3310.520
487.924 3098.642
488.199 2949.985
488.475 2860.621
488.750 2687.174
489.026 2562.503
489.302 2640.775
489.577 3007.983
489.853 3208.654
490.128 3081.871
490.404 3085.006
490.679 3197.882
490.955 3195.589
491.231 3122.666
491.506 3170.136
491.782 3432.451
492.057 3660.971
492.333 3620.630
492.608 3634.393
492.884 3798.028
493.160 3739.592
493.435 3364.828
493.711 3014.138
493.986 3021.300
494.262 3044.270
494.537 2802.679
494.813 2762.740
495.089 2974.452
495.364 3116.083
495.640 3109.402
495.915 3193.019
496.191 3365.912
496.467 3530.240
496.742 3472.557
497.018 3408.534
497.293 3546.945
497.569 3758.931
497.844 3792.882
498.120 3888.910
498.396 4102.310
498.671 4186.768
498.947 4226.784
499.222 4172.589
499.498 4080.614
499.773 3939.967
500.049 3723.616
500.325 3703.552
500.600 3808.964
500.876 3893.432
501.151 3801.914
501.427 3726.784
501.702 3710.086
501.978 3947.000
502.254 3926.216
502.529 3772.008
502.805 3710.652
503.080 3757.398
503.356 3833.271
503.631 4028.338
503.907 4022.599
504.183 4112.401
504.458 4097.487
504.734 4039.452
505.009 4139.419
505.285 4106.361
505.560 3873.331
505.836 3681.269
506.112 3464.363
506.387 3381.734
506.663 3352.572
506.938 3250.493
507.214 3541.142
507.490 3751.938
507.765 3646.628
508.041 3799.581
508.316 4020.754
508.592 4010.865
508.867 3852.916
509.143 3480.784
509.419 3317.722
509.694 3429.025
509.970 3180.600
510.245 2922.738
510.521 2865.185
510.796 3037.565
511.072 3032.467
511.348 2992.435
511.623 3021.666
511.899 3003.020
512.174 2981.621
512.450 3008.054
512.725 3268.273
513.001 3524.564
513.277 3443.216
513.552 3508.129
513.828 3660.956
514.103 3711.703
514.379 3891.243
514.654 3892.321
514.930 3880.894
515.206 3867.109
515.481 3782.407
515.757 3875.205
516.032 3978.056
516.308 4002.612
516.583 3760.143
516.859 3618.312
517.135 3792.688
517.410 3835.792
517.686 3616.333
517.961 3679.312
518.237 3652.801
518.513 3566.830
518.788 3462.553
519.064 3406.553
519.339 3436.136
519.615 3642.179
519.890 3588.359
520.166 3576.351
520.442 3730.876
520.717 3843.468
520.993 3726.941
521.268 3662.823
521.544 3692.950
521.819 3742.801
522.095 3759.146
522.371 3858.538
522.646 4006.298
522.922 4091.070
523.197 4025.532
523.473 4025.203
523.748 4031.398
524.024 4031.927
524.300 3972.571
524.575 3965.063
524.851 4418.116
525.126 4765.020
525.402 4716.512
525.677 4674.963
525.953 4647.489
526.229 4579.204
526.504 4552.281
526.780 4305.506
527.055 4203.732
527.331 4246.407
527.606 4195.676
527.882 4201.872
528.158 4375.837
528.433 4339.944
528.709 4260.816
528.984 4214.578
529.260 4251.712
529.535 4444.000
529.811 4422.723
530.087 4317.044
530.362 4449.606
530.638 4396.541
530.913 4391.105
531.189 4480.128
531.465 4511.010
531.740 4638.711
532.016 4508.194
532.291 4344.142
532.567 4472.596
532.842 4342.491
533.118 3939.146
533.394 3722.924
533.669 3715.842
533.945 3757.206
534.220 3754.298
534.496 3809.756
534.771 4094.274
535.047 4395.617
535.323 4472.089
535.598 4342.067
535.874 4358.026
536.149 4282.557
536.425 4002.966
536.700 3904.914
536.976 3982.545
537.252 4071.482
537.527 4261.010
537.803 4564.502
538.078 4989.441
538.354 5258.090
538.629 5243.026
538.905 5526.697
539.181 5971.045
539.456 6096.801
539.732 6129.804
540.007 6190.753
540.283 6461.923
540.558 6792.140
540.834 6714.714
541.110 6788.520
541.385 7064.053
541.661 7234.656
541.936 7387.466
542.212 7547.727
542.488 7641.669
542.763 7691.741
543.039 7495.556
543.314 7332.675
543.590 7336.475
543.865 7112.105
544.141 6874.756
544.417 6760.890
544.692 6745.403
544.968 6743.355
545.243 6768.445
545.519 6637.218
545.794 6600.018
546.070 6499.332
546.348 6468.967
546.627 6532.637
546.905 6614.220
547.183 6587.069
547.461 6599.503
547.740 6708.433
548.018 6831.478
548.296 6728.597
548.575 6623.401
548.853 6581.236
549.131 6560.415
549.409 6584.383
549.688 6706.193
549.966 6832.644
550.244 7110.172
550.523 7308.111
550.801 7345.199
551.079 7451.786
551.357 7559.248
551.636 7508.124
551.914 7341.958
552.192 7210.547
552.471 7284.789
552.749 7255.768
553.027 7170.300
553.306 7082.789
553.584 7008.359
553.862 7190.096
554.140 7263.765
554.419 7312.556
554.697 7408.994
554.975 7312.517
555.254 7318.912
555.532 7412.746
555.810 7412.279
556.088 7462.851
556.367 7219.802
556.645 7231.350
556.923 7388.155
557.202 7248.572
557.480 6984.378
557.758 6711.082
558.036 6437.205
558.315 6280.339
558.593 5869.109
558.871 5635.375
559.150 5641.784
559.428 5662.818
559.706 5555.115
559.984 5438.016
560.263 5394.176
560.541 5325.343
560.819 5022.387
561.098 4718.029
561.376 4702.121
561.654 4647.617
561.932 4493.287
562.211 4285.958
562.489 4182.821
562.767 4194.092
563.046 4092.608
563.324 3846.804
563.602 3757.853
563.880 3611.381
564.159 3402.116
564.437 3566.583
564.715 3683.476
564.994 3592.939
565.272 3388.557
565.550 3378.872
565.828 3509.474
566.107 3512.240
566.385 3168.133
566.663 2965.226
566.942 3115.339
567.220 3243.464
567.498 3135.694
567.776 3069.104
568.055 3213.375
568.333 3299.557
568.611 3234.070
568.890 3153.309
569.168 3195.403
569.446 3180.080
569.725 3103.439
570.003 3092.850
570.281 3268.363
570.559 3375.806
570.838 3360.279
571.116 3470.464
571.394 3603.262
571.673 3605.066
571.951 3452.626
572.229 3362.783
572.507 3441.371
572.786 3404.782
573.064 3154.506
573.342 3210.307
573.621 3426.750
573.899 3536.914
574.177 3396.707
574.455 3230.279
574.734 3527.504
575.012 3836.222
575.290 3670.936
575.569 3489.993
575.847 3632.924
576.125 3800.613
576.403 3999.273
576.682 3812.864
576.960 3634.472
577.243 3674.091
577.527 3783.125
577.810 3691.583
578.093 3632.453
578.377 3508.954
578.660 3490.766
578.944 3529.886
579.227 3582.354
579.510 3451.421
579.794 3315.556
580.077 3355.212
580.360 3515.290
580.644 3473.795
580.927 3392.176
581.210 3381.846
581.494 3468.935
581.777 3501.966
582.061 3438.682
582.344 3352.102
582.627 3352.051
582.911 3200.081
583.194 3091.567
583.477 3179.717
583.761 3261.369
584.044 3326.310
584.327 3301.928
584.611 3423.740
584.894 3686.561
585.178 3773.039
585.461 3583.705
585.744 3486.254
586.028 3494.995
586.311 3442.134
586.594 3240.329
586.878 3186.388
587.161 3273.734
587.444 3295.937
587.728 3260.500
588.011 3199.647
588.295 3243.135
588.578 3304.474
588.861 3169.532
589.145 3161.860
589.428 3467.461
589.711 3619.445
589.995 3530.734
590.278 3492.732
590.562 3606.579
590.845 3708.439
591.128 3561.344
591.412 3406.412
591.695 3446.541
591.978 3646.515
592.262 3617.200
592.545 3620.850
592.828 3772.707
593.112 3909.902
593.395 3740.029
593.679 3706.585
593.962 3633.411
594.245 3582.147
594.529 3504.724
594.812 3530.497
595.095 3529.109
595.379 3504.110
595.662 3324.391
595.945 3212.738
596.229 3475.699
596.512 3648.066
596.796 3519.093
597.079 3385.731
597.362 3600.916
597.646 3744.009
597.929 3776.847
598.212 3804.048
598.496 3687.845
598.779 3479.362
599.062 3358.449
599.346 3175.702
599.629 3214.085
599.913 3172.442
600.196 2838.212
600.479 2783.858
600.763 2980.873
601.046 3158.117
601.329 3210.938
601.613 3205.059
601.896 3383.824
602.179 3599.650
602.463 3655.945
602.746 3604.920
603.030 3593.688
603.313 3617.304
603.596 3547.010
603.880 3434.251
604.163 3497.001
604.446 3578.714
604.730 3778.201
605.013 3924.118
605.296 4004.681
605.580 4028.787
605.863 4093.507
606.147 3963.042
606.430 3956.901
606.713 3784.494
606.997 3536.678
607.280 3635.779
607.563 3794.296
607.847 3705.712
608.130 3754.301
608.414 3923.155
608.697 4042.188
608.980 4126.934
609.264 3877.355
609.547 3775.579
609.830 3998.986
610.114 3958.925
610.397 3574.367
610.680 3458.827
610.964 3419.972
611.247 3355.802
611.531 3386.738
611.814 3327.051
612.097 3302.471
612.381 3392.462
612.664 3290.262
612.947 3262.093
613.231 3365.348
613.514 3276.510
613.797 3114.495
614.081 3051.415
614.364 2994.232
614.648 3003.503
614.931 2931.777
615.214 2866.085
615.498 2871.384
615.781 3015.025
616.064 3147.175
616.348 3212.747
616.631 3311.114
616.914 3389.145
617.198 3401.935
617.481 3413.360
617.765 3392.408
618.048 3413.607
618.331 3413.220
618.615 3402.243
618.898 3522.325
619.181 3491.343
619.465 3359.471
619.748 3275.301
620.031 3402.078
620.315 3476.245
620.598 3402.324
620.882 3474.034
621.165 3740.089
621.448 3848.298
621.732 3745.147
622.015 3533.053
622.298 3483.748
622.582 3628.281
622.865 3551.701
623.148 3406.220
623.432 3494.926
623.715 3770.937
623.999 3875.741
624.282 3893.293
624.565 4163.280
624.849 4261.970
625.132 4256.555
625.415 4349.837
625.699 4281.084
625.982 4322.681
626.265 4293.452
626.549 3890.540
626.832 5489.298
627.116 6497.517
627.399 6273.293
627.682 6266.769
627.966 6322.064
628.249 6293.378
628.532 6259.770
628.816 4482.842
629.099 3461.485
629.383 3505.999
629.666 3499.224
629.949 3509.290
630.233 3618.935
630.516 3644.643
630.799 3529.341
631.083 3501.922
631.366 3640.085
631.649 3574.667
631.933 3474.715
632.216 3418.230
632.500 3503.094
632.783 3766.887
633.066 3955.876
633.350 4053.957
633.633 4063.879
633.916 3932.454
634.200 3783.891
634.483 3694.752
634.766 3570.929
635.050 3374.434
635.333 3298.902
635.617 3396.285
635.900 3522.302
636.183 3662.512
636.467 3643.013
636.750 3641.108
637.033 3780.929
637.317 3815.659
637.600 3728.704
637.883 3649.352
638.167 3701.070
638.450 3779.735
638.734 3757.238
639.017 3809.285
639.300 3817.487
639.584 3761.943
639.867 3751.409
640.150 3824.471
640.434 3988.740
640.717 4077.483
641.000 3983.450
641.284 4005.776
641.567 4251.002
641.851 4395.659
642.134 4383.785
642.417 4417.365
642.701 4514.583
642.984 4465.244
643.267 4276.752
643.551 4098.167
643.834 4156.260
644.117 4357.035
644.401 4338.475
644.684 4428.116
644.968 4818.434
645.251 5220.236
645.534 5550.432
645.818 5910.418
646.101 6125.983
646.384 6538.072
646.668 6936.050
646.951 7322.399
647.235 7818.311
647.518 8355.922
647.801 8824.152
648.085 9533.704
648.368 10348.070
648.651 11100.803
648.935 11813.732
649.218 12656.152
649.501 13642.435
649.785 14544.242
650.068 15295.985
650.352 16151.434
650.635 17333.079
650.918 18493.372
651.202 19452.393
651.485 20402.614
651.768 21527.756
652.052 22578.117
652.335 23545.898
652.618 24319.134
652.902 25081.430
653.185 25824.672
653.469 26488.358
653.752 27054.896
654.035 27719.115
654.319 28288.701
654.602 28678.591
654.885 29039.874
655.169 29463.311
655.452 29811.909
655.735 30070.192
656.019 30386.875
656.302 30651.076
656.586 30894.866
656.869 31120.886
657.152 31393.540
657.436 31790.437
657.719 32079.105
658.002 32327.358
658.286 32705.629
658.569 33100.740
658.852 33345.634
659.136 33591.110
659.419 34082.452
659.703 34577.487
659.986 34807.932
660.269 35047.246
660.553 35492.395
660.836 36161.834
661.119 36647.557
661.403 36712.778
661.686 37009.665
661.969 37627.288
662.253 37840.812
662.536 38016.631
662.820 37983.920
663.103 37927.124
663.386 37813.131
663.670 37487.974
663.953 36997.970
664.236 36798.395
664.520 36200.856
664.803 35580.833
665.086 35091.156
665.370 34547.736
665.653 33879.353
665.937 33098.404
666.220 32080.076
666.503 31202.524
666.787 30242.262
667.070 29112.000
667.353 27956.013
667.637 26934.726
667.920 25917.977
668.204 24827.795
668.487 23695.856
668.770 22591.154
669.054 21487.892
669.337 20377.784
669.620 19287.707
669.904 18138.969
670.187 16961.888
670.470 15897.844
670.754 14999.008
671.037 14086.647
671.321 13123.605
671.604 12261.606
671.887 11491.878
672.171 10902.065
672.454 10203.640
672.737 9448.181
673.021 8921.494
673.304 8567.697
673.587 8197.830
673.871 7827.211
674.154 7678.936
674.438 7603.012
674.721 7466.453
675.004 7064.057
675.288 6739.001
675.571 6543.377
675.854 6242.257
676.138 5752.505
676.421 5506.017
676.704 5532.650
676.988 5564.515
677.271 5554.232
677.555 5407.998
677.838 5463.212
678.121 5513.144
678.405 5540.394
678.688 5394.052
678.971 5396.594
679.255 5297.143
679.538 5008.475
679.821 4813.252
680.105 4866.088
680.388 4663.613
680.672 4291.307
680.955 4064.743
681.238 4100.787
681.522 4224.041
681.805 4072.221
682.088 3871.384
682.372 3808.111
682.655 4008.347
682.938 4086.803
683.222 3985.887
683.505 3899.264
683.789 4089.670
684.072 3997.641
684.355 3854.315
684.639 3826.214
684.922 3835.149
685.205 3885.484
685.489 4055.558
685.772 4068.211
686.056 4089.363
686.339 4257.250
686.622 4370.708
686.906 4391.550
687.189 4373.976
687.472 4131.534
687.756 3933.778
688.039 3993.999
688.322 4068.982
688.606 3974.565
688.889 3856.380
689.173 3994.860
689.456 4139.460
689.739 4237.730
690.023 4317.153
690.306 4242.863
690.589 4190.106
690.873 4177.244
691.156 4137.011
691.439 4237.752
691.723 4334.039
692.006 4432.366
692.290 4499.841
692.573 4446.522
692.856 4450.970
693.140 4261.494
693.423 4093.064
693.706 3977.814
693.990 3845.243
694.273 3768.115
694.556 3970.727
694.840 4098.056
695.123 4049.905
695.407 3920.848
695.690 3805.835
695.973 3659.720
696.257 3637.125
696.540 3589.049
696.830 3550.856
697.120 3990.598
697.410 4205.651
697.699 4176.798
697.989 4290.728
698.279 4517.560
698.569 4397.451
698.859 4171.802
699.149 3759.483
699.439 3863.190
699.729 4032.973
700.018 3816.983
700.308 3687.354
700.598 3741.339
700.888 3757.896
701.178 3822.598
701.468 3715.968
701.758 3828.858
702.048 4072.735
702.337 3854.362
702.627 3687.911
702.917 3789.374
703.207 3713.664
703.497 3675.944
703.787 3594.161
704.077 3519.096
704.366 3468.762
704.656 3524.671
704.946 3811.469
705.236 3869.794
705.526 3770.601
705.816 3652.275
706.106 3648.656
706.396 3766.895
706.685 3729.166
706.975 3332.810
707.265 3281.859
707.555 3314.386
707.845 3257.912
708.135 3388.606
708.425 3493.143
708.715 3561.500
709.004 3736.424
709.294 3715.106
709.584 3786.501
709.874 3976.155
710.164 3821.147
710.454 3718.953
710.744 3751.242
711.034 3760.596
711.323 3823.239
711.613 3713.624
711.903 3629.145
712.193 3605.266
712.483 3619.345
712.773 3574.694
713.063 3474.316
713.352 3532.419
713.642 3557.704
713.932 3414.055
714.222 3485.415
714.512 3541.223
714.802 3460.223
715.092 3429.575
715.382 3318.994
715.671 3294.795
715.961 3366.526
716.251 3156.213
716.541 3017.823
716.831 3190.151
717.121 3282.060
717.411 3243.133
717.701 3211.155
717.990 3452.728
718.280 3725.702
718.570 3809.657
718.860 3775.205
719.150 3835.755
719.440 3878.561
719.730 3890.940
720.019 3725.442
720.309 3656.010
720.599 3644.770
720.889 3493.586
721.179 3290.610
721.469 3209.824
721.759 3197.263
722.049 3121.571
722.338 3112.535
722.628 3103.818
722.918 3420.189
723.208 3750.742
723.498 3876.863
723.788 4035.385
724.078 4146.654
724.368 4075.951
724.657 4095.571
724.947 3919.206
725.237 3839.561
725.527 3810.513
725.817 3643.657
726.107 3542.059
726.397 3548.137
726.686 3531.249
726.976 3638.824
727.266 3512.920
727.556 3391.056
727.846 3312.105
728.136 3270.886
728.426 3285.292
728.716 3245.951
729.005 2959.578
729.295 2813.931
729.585 3097.750
729.875 3306.287
730.165 3311.231
730.455 3503.120
730.745 3578.251
731.035 3694.635
731.324 3902.340
731.614 3852.247
731.904 3899.559
732.194 4012.081
732.484 3774.267
732.774 3753.919
733.064 3968.588
733.354 3892.169
733.643 3634.470
733.933 3558.698
734.223 3543.099
734.513 3542.755
734.803 3426.712
735.093 3475.791
735.383 3561.052
735.672 3557.829
735.962 3359.343
736.252 3348.576
736.542 3591.226
736.832 3739.161
737.122 3328.293
737.412 3166.894
737.702 3306.379
737.991 3439.275
738.281 3419.186
738.571 3329.518
738.861 3305.238
739.151 3490.456
739.441 3558.636
739.731 3665.352
740.021 3694.049
740.310 3611.138
740.600 3476.714
740.890 3493.631
741.180 3466.682
741.470 3359.485
741.760 3158.408
742.050 3363.914
742.339 3480.170
742.629 3436.908
742.919 3374.636
743.209 3337.148
743.499 3411.707
743.789 3533.207
744.079 3211.357
744.369 3053.884
744.658 3150.477
744.948 3163.680
745.238 3068.866
745.528 3069.577
745.818 3128.145
746.108 3354.062
746.398 3438.734
746.688 3419.570
746.977 3430.695
747.267 3483.597
747.557 3352.586
747.847 3288.652
748.137 3171.670
748.427 3346.291
748.717 3417.928
749.006 3526.849
749.296 3710.474
749.586 3822.636
749.876 3775.982
750.166 3738.594
750.456 3703.874
750.746 3686.458
751.036 3459.286
751.325 3656.041
751.615 3975.794
751.905 3938.520
752.195 3890.325
752.485 3812.842
752.775 3787.252
753.065 3958.024
753.355 3730.950
753.644 3513.571
753.934 3570.825
754.224 3653.527
754.514 3546.477
754.804 3637.562
755.094 3729.528
755.384 3724.590
755.674 3639.147
755.963 3725.346
756.253 3835.927
756.543 3863.406
756.833 3602.380
757.123 3448.539
757.413 3436.292
757.703 3481.989
757.992 3357.741
758.282 3324.682
758.572 3371.087
758.862 3621.857
759.152 3701.629
759.442 3657.978
759.732 3618.924
760.022 3576.774
760.311 3383.322
760.601 3566.911
760.891 3635.506
761.181 3548.820
761.471 3517.720
761.761 3607.345
762.051 3720.195
762.341 3708.420
762.630 3520.000
762.920 3449.162
763.210 3487.228
763.500 3525.256
763.793 3432.355
764.086 3397.143
764.379 3592.699
764.671 3639.497
764.964 3439.998
765.257 3467.241
765.550 3549.721
765.843 3513.892
766.136 3411.649
766.429 3278.492
766.722 3231.289
767.014 3321.957
767.307 3228.724
767.600 3295.773
767.893 3485.965
768.186 3577.969
768.479 3616.034
768.772 3623.084
769.064 3629.740
769.357 3527.951
769.650 3289.844
769.943 3212.884
770.236 3345.024
770.529 3378.311
770.822 3224.642
771.115 3250.859
771.407 3562.289
771.700 3753.185
771.993 3748.516
772.286 3632.096
772.579 3714.063
772.872 3863.203
773.165 3677.824
773.457 3669.910
773.750 3656.888
774.043 3616.156
774.336 3622.783
774.629 3543.457
774.922 3522.534
775.215 3638.067
775.508 3364.634
775.800 3172.916
776.093 3209.661
776.386 3368.010
776.679 3503.559
776.972 3590.182
777.265 3729.227
777.558 3881.363
777.850 3940.926
778.143 3964.313
778.436 3835.736
778.729 3583.790
779.022 3368.939
779.315 3285.316
779.608 3323.067
779.900 3265.611
780.193 3036.232
780.486 3413.257
780.779 3762.648
781.072 3816.466
781.365 3779.136
781.658 3782.515
781.951 3908.222
782.243 3949.005
782.536 3540.860
782.829 3451.092
783.122 3622.010
783.415 3716.399
783.708 3742.969
784.001 3732.812
784.293 3858.869
784.586 3899.824
784.879 3685.557
785.172 3517.455
785.465 3494.741
785.758 3551.425
786.051 3466.607
786.344 3510.549
786.636 3530.830
786.929 3544.215
787.222 3623.470
787.515 3790.853
787.808 3907.799
788.101 3992.578
788.394 3898.824
788.686 3814.985
788.979 3837.444
789.272 3841.660
789.565 3591.987
789.858 3354.974
790.151 3356.710
790.444 3408.510
790.737 3395.301
791.029 3513.997
791.322 3567.778
791.615 3537.911
791.908 3462.170
792.201 3468.414
792.494 3552.561
792.787 3614.166
793.079 3463.551
793.372 3529.757
793.665 3781.554
793.958 3841.048
794.251 3679.039
794.544 3552.802
794.837 3499.893
795.130 3602.043
795.422 3471.759
795.715 3350.320
796.008 3537.988
796.301 3709.548
796.594 3626.444
796.887 3573.819
797.180 3607.143
797.472 3632.320
797.765 3453.050
798.058 3283.335
798.351 3408.081
798.644 3734.320
798.937 3943.053
799.230 3885.856
799.523 3887.923
799.815 4018.103
800.108 3922.179
800.401 3870.166
800.694 3761.629
800.987 3692.012
801.280 3671.768
801.573 3639.968
801.865 3759.944
802.158 3915.855
802.451 3845.000
802.744 3880.113
803.037 3915.565
803.330 3893.568
803.623 3854.265
803.915 3725.630
804.208 3694.886
804.501 3547.156
804.794 3420.160
805.087 3426.709
805.380 3520.483
805.673 3582.205
805.966 3511.887
806.258 3570.630
806.551 3731.856
806.844 3621.019
807.137 3370.866
807.430 3516.875
807.723 3651.772
808.016 3728.998
808.308 3603.143
808.601 3795.054
808.894 4002.133
809.187 4045.577
809.480 3926.800
809.773 3854.446
810.066 3789.558
810.359 3638.111
810.651 3214.334
810.944 3118.196
811.237 3294.149
811.530 3081.894
811.825 3005.892
812.119 3082.746
812.414 3248.467
812.709 3487.524
813.003 3406.647
813.298 3847.843
813.593 4297.568
813.887 4422.569
814.182 4438.295
814.476 4452.708
814.771 4445.068
815.066 4502.845
815.360 3996.746
815.655 3740.349
815.950 3669.008
816.244 3601.289
816.539 3662.082
816.834 3712.612
817.128 3838.009
817.423 3760.258
817.718 3652.098
818.012 3671.174
818.307 3810.471
818.602 3759.908
818.896 3745.535
819.191 3806.167
819.486 4027.448
819.780 4054.665
820.075 3990.450
820.369 4062.801
820.664 4215.555
820.959 4116.722
821.253 3942.758
821.548 3816.840
821.843 3889.371
822.137 3843.618
822.432 3600.414
822.727 3442.518
823.021 3580.603
823.316 3590.606
823.611 3524.398
823.905 3448.279
824.200 3517.168
824.495 3538.583
824.789 3499.214
825.084 3601.853
825.379 3752.263
825.673 3910.667
825.968 4029.775
826.262 4128.193
826.557 4259.236
826.852 4368.208
827.146 4179.212
827.441 3959.575
827.736 3877.261
828.030 3855.494
828.325 3717.644
828.620 3830.727
828.914 3844.925
829.209 3825.188
829.504 3846.044
829.798 3833.844
830.093 3790.299
830.388 3776.144
830.682 3509.230
830.977 3452.834
831.271 3584.757
831.566 3694.747
831.861 3693.581
832.155 3660.603
832.450 3693.792
832.745 3819.494
833.039 3663.231
833.334 3391.747
833.629 3360.042
833.923 3321.662
834.218 3239.064
834.513 3288.416
834.807 3245.719
835.102 3263.860
835.397 3206.190
835.691 3005.384
835.986 2944.705
836.281 2921.802
836.575 2825.363
836.870 2833.974
837.164 2893.210
837.459 2903.906
837.754 2915.343
838.048 3017.998
838.343 3139.947
838.638 3205.055
838.932 3242.985
839.227 3269.383
839.522 3329.498
839.816 3380.855
840.111 3317.221
840.406 3541.103
840.700 3875.029
840.995 3982.824
841.290 4000.571
841.584 4028.478
841.879 4065.578
842.174 4308.921
842.468 4255.352
842.763 4064.764
843.057 3993.690
843.352 3949.088
843.647 3951.659
843.941 4072.246
844.236 3890.272
844.531 3833.380
844.825 3846.497
845.120 3839.026
845.415 3847.906
845.709 4043.716
846.004 4116.089
846.299 4259.658
846.593 4246.169
846.888 4043.273
847.183 4029.411
847.477 4154.778
847.772 4160.268
848.066 4008.172
848.361 3804.522
848.656 3643.492
848.950 3898.883
849.245 4074.202
849.540 4009.305
849.834 3878.671
850.129 3883.965
850.424 3878.046
850.718 3895.742
851.013 3768.701
851.308 3726.322
851.602 3784.216
851.897 3737.559
852.192 4043.110
852.486 4361.524
852.781 4613.009
853.076 4617.743
853.370 4365.918
853.665 4294.540
853.959 4301.777
854.254 3848.192
854.549 3595.850
854.843 3479.338
855.138 3423.101
855.433 3640.647
855.727 3684.759
856.022 3697.152
856.317 3944.875
856.611 3922.983
856.906 3985.865
857.201 4134.825
857.495 3939.578
857.790 3778.966
858.085 3776.245
858.379 3714.862
858.674 3629.336
858.969 3342.594
859.263 3198.181
859.558 3439.300
859.852 3466.533
860.147 3385.653
860.442 3406.578
860.736 3551.072
861.031 3826.779
861.326 3843.464
861.620 3605.142
861.915 3756.295
862.210 3893.729
862.504 3768.481
862.799 3745.140
863.094 3669.229
863.388 3632.718
863.683 3530.266
863.978 3307.045
864.272 3269.213
864.567 3214.149
864.861 3031.834
865.156 3020.517
865.451 3040.825
865.745 3592.142
866.040 4018.011
866.335 4071.162
866.629 4208.833
866.924 4393.420
867.219 4362.711
867.513 4404.638
867.808 4196.454
868.103 3993.373
868.397 3888.247
868.692 3807.742
868.987 3746.292
869.281 3539.087
869.576 3301.609
869.871 3040.106
870.165 2853.147
870.460 2788.546
870.754 2793.638
871.049 2880.500
871.344 3120.285
871.638 3235.261
871.933 3365.788
872.228 3574.424
872.522 3685.372
872.817 3831.927
873.112 3730.233
873.406 3541.311
873.701 3517.647
873.996 3473.404
874.290 3363.670
874.585 3366.071
874.880 3250.412
875.174 3192.935
875.469 3245.999
875.764 3319.194
876.058 3379.374
876.353 3375.887
876.647 3356.800
876.942 3408.241
877.237 3600.935
877.531 3651.398
877.826 3569.780
878.121 3511.499
878.415 3517.855
878.710 3476.214
879.005 3264.602
879.299 2988.386
879.594 2979.180
879.889 3015.227
880.183 2877.786
880.478 2788.564
880.773 2834.178
881.067 2938.682
881.362 2953.511
881.656 2897.309
881.951 2966.776
882.246 3058.773
882.540 2966.877
882.835 2781.675
883.130 2823.025
883.424 2998.305
883.719 3031.449
884.014 2956.718
884.308 2979.954
884.603 3105.784
884.898 3161.531
885.192 3171.527
885.487 3173.617
885.782 3080.863
886.076 3014.104
886.371 2832.767
886.666 2773.702
886.960 2999.125
887.255 3055.609
887.549 3096.557
887.844 3183.805
888.139 3180.819
888.433 3247.494
888.728 3292.896
889.023 3169.580
889.317 3141.743
889.612 3122.762
889.907 3140.632
890.201 3271.975
890.496 3357.369
890.791 3321.169
891.085 3313.361
891.380 3218.898
891.675 3054.794
891.969 2926.199
892.264 2776.832
892.559 2809.371
892.853 2916.542
893.148 2805.173
893.442 2858.334
893.737 3062.216
894.032 3095.601
894.326 3074.364
894.621 3025.312
894.916 2962.923
895.210 2993.302
895.505 2972.060
895.800 2797.555
896.094 2872.065
896.389 2922.582
896.684 2842.996
896.978 2746.414
897.273 2748.480
897.568 2791.358
897.862 2841.525
898.157 2938.044
898.451 3123.651
898.746 3225.519
899.041 3266.803
899.335 3414.770
899.630 3521.763
899.925 3480.818
900.219 3362.917
900.514 3514.592
900.809 3555.128
901.103 3529.482
901.398 3598.130
901.693 3535.975
901.987 3641.646
902.282 3658.486
902.577 3343.181
902.871 3273.646
903.166 3408.278
903.461 3258.061
903.755 3095.429
904.050 3016.899
904.344 2980.932
904.639 2922.099
904.934 2856.290
905.228 2807.693
905.523 2791.604
905.818 2810.599
906.112 2885.091
906.407 3079.489
906.702 3253.894
906.996 3396.819
907.291 3352.018
907.586 3408.285
907.880 3612.006
908.175 3599.893
908.470 3406.391
908.764 3345.302
909.059 3322.096
909.354 3437.156
909.648 3529.557
909.943 3598.833
910.237 3627.367
910.532 3775.606
910.827 3745.975
911.121 3667.450
911.416 3630.719
911.711 3582.799
912.005 3538.383
912.300 3513.840
912.599 3397.887
912.898 3376.678
913.196 3286.627
913.495 3239.580
913.794 3368.106
914.093 3299.918
914.391 3362.556
914.690 3404.183
914.989 3487.752
915.288 3560.834
915.586 3436.605
915.885 3274.560
916.184 3257.108
916.483 3225.929
916.782 3265.307
917.080 3389.324
917.379 3674.501
917.678 3873.307
917.977 3876.837
918.275 3882.061
918.574 3822.043
918.873 3746.980
919.172 3686.197
919.471 3467.042
919.769 3457.310
920.068 3511.157
920.367 3369.113
920.666 3230.161
920.964 3306.623
921.263 3159.972
921.562 3034.757
921.861 3040.621
922.159 3148.058
922.458 3355.604
922.757 3593.254
923.056 3596.689
923.355 3690.089
923.653 3817.627
923.952 3756.000
924.251 3575.857
924.550 3587.601
924.848 3464.118
925.147 3277.417
925.446 3242.890
925.745 3296.746
926.043 3334.917
926.342 3322.087
926.641 3236.885
926.940 3225.562
927.239 3398.936
927.537 3453.687
927.836 3561.814
928.135 3748.891
928.434 3852.325
928.732 3748.417
929.031 3756.695
929.330 3873.021
929.629 3970.773
929.927 3798.937
930.226 3699.015
930.525 3767.661
930.824 3932.559
931.123 4027.673
931.421 3927.342
931.720 3898.092
932.019 4035.710
932.318 3921.025
932.616 3782.994
932.915 3837.198
933.214 3865.550
933.513 3916.306
933.812 3876.361
934.110 4068.817
934.409 4498.486
934.708 4686.866
935.007 4646.126
935.305 4586.708
935.604 4478.840
935.903 4445.581
936.202 4300.736
936.500 4113.821
936.799 4045.398
937.098 4046.418
937.397 4203.491
937.696 4375.731
937.994 4458.723
938.293 4463.129
938.592 4498.087
938.891 4581.149
939.189 4483.936
939.488 4556.171
939.787 4641.024
940.086 4679.954
940.384 4621.946
940.683 4859.369
940.982 5155.128
941.281 5379.632
941.580 5374.363
941.878 5349.771
942.177 5288.922
942.476 5403.825
942.775 5195.868
943.073 4938.149
943.372 5200.412
943.671 5370.529
943.970 5277.673
944.268 5263.456
944.567 5270.130
944.866 5262.410
945.165 5226.641
945.464 4952.627
945.762 5026.027
946.061 5227.779
946.360 5222.084
946.659 5038.016
946.957 4984.837
947.256 4975.616
947.555 4811.242
947.854 4399.801
948.153 4319.627
948.451 4465.387
948.750 4509.780
949.049 4443.722
949.348 4483.359
949.646 4694.370
949.945 4804.336
950.244 4649.065
950.543 4604.443
950.841 4789.707
951.140 4806.257
951.439 4788.639
951.738 4798.040
952.037 4809.914
952.335 4864.720
952.634 4627.528
952.933 4416.071
953.232 4459.270
953.530 4418.848
953.829 4232.638
954.128 4147.553
954.427 4277.786
954.725 4548.139
955.024 4447.673
955.323 4380.042
955.622 4428.254
955.921 4368.900
956.219 4298.689
956.518 4113.690
956.817 4023.238
957.116 4025.014
957.414 3767.030
957.713 3628.706
958.012 3668.481
958.311 3693.125
958.610 3622.152
958.908 3658.397
959.207 3888.913
959.506 4094.962
959.805 4063.253
960.103 4148.958
960.402 4335.292
960.701 4432.305
961.000 4277.274
961.298 4069.901
961.597 4137.084
961.896 4263.107
962.195 4055.957
962.494 3819.369
962.792 3728.485
963.091 3653.842
963.390 3677.845
963.689 3601.272
963.987 3502.706
964.286 3571.279
964.585 3741.116
964.884 4173.564
965.182 4509.820
965.481 4656.728
965.780 4703.704
966.080 4715.129
966.380 4889.875
966.680 4752.183
966.981 4349.221
967.281 4157.627
967.581 4141.109
967.881 4119.735
968.181 3991.337
968.481 3876.578
968.781 3880.948
969.082 3863.863
969.382 3914.621
969.682 3774.048
969.982 3814.301
970.282 3983.457
970.582 3940.514
970.882 3848.822
971.183 3888.468
971.483 3876.863
971.783 3867.209
972.083 3737.119
972.383 3706.746
972.683 3738.624
972.983 3809.334
973.284 3814.216
973.584 3868.081
973.884 3888.684
974.184 3856.566
974.484 3841.574
974.784 3905.526
975.084 3883.568
975.385 3733.217
975.685 3666.568
975.985 3657.097
976.285 3611.667
976.585 3476.370
976.885 3379.136
977.185 3452.722
977.486 3564.322
977.786 3389.358
978.086 3283.043
978.386 3452.946
978.686 3582.589
978.986 3466.438
979.286 3331.967
979.587 3251.260
979.887 3312.863
980.187 3317.331
980.487 3381.370
980.787 3435.551
981.087 3485.447
981.387 3430.058
981.688 3440.525
981.988 3408.992
982.288 3429.031
982.588 3184.069
982.888 3067.394
983.188 3255.147
983.488 3447.614
983.789 3581.938
984.089 3662.976
984.389 3763.872
984.689 3822.624
984.989 3726.377
985.289 3497.130
985.589 3374.454
985.890 3191.063
986.190 3077.387
986.490 3026.711
986.790 3148.892
987.090 3140.216
987.390 3252.254
987.690 3459.720
987.991 3574.758
988.291 3546.796
988.591 3559.406
988.891 3543.301
989.191 3641.196
989.491 3680.805
989.791 3499.557
990.092 3477.166
990.392 3735.632
990.692 3796.956
990.992 3611.136
991.292 3534.317
991.592 3446.068
991.892 3366.963
992.193 3260.572
992.493 3111.467
992.793 3074.647
993.093 3110.970
993.393 3094.864
993.693 3114.616
993.993 3253.653
994.294 3451.833
994.594 3479.013
994.894 3356.050
995.194 3392.945
995.494 3436.553
995.794 3423.590
996.094 3376.913
996.395 3305.521
996.695 3171.130
996.995 3110.881
997.295 3139.918
997.595 3230.383
997.895 3241.277
998.195 3218.457
998.496 3135.351
998.796 3211.102
999.096 3292.281
999.396 3351.604
999.696 3345.069
999.996 3336.677
1000.296 3354.428
1000.597 3651.464
1000.897 3738.215
1001.197 3699.394
1001.497 3647.002
1001.797 3580.753
1002.097 3702.075
1002.397 3718.254
1002.698 3409.719
1002.998 3285.041
1003.298 3386.363
1003.598 3380.970
1003.898 3342.435
1004.198 3205.614
1004.498 3201.936
1004.799 3317.686
1005.099 3317.151
1005.399 3193.186
1005.699 3138.365
1005.999 3319.258
1006.299 3313.723
1006.599 3286.759
1006.900 3347.509
1007.200 3376.973
1007.500 3430.009
1007.800 3498.902
1008.100 3395.509
1008.400 3459.687
1008.700 3589.866
1009.001 3614.758
1009.301 3858.508
1009.601 4132.115
1009.901 4234.293
1010.201 4170.329
1010.501 4060.078
1010.801 3872.114
1011.102 3668.006
1011.402 3380.613
1011.702 3122.934
1012.002 3004.684
1012.302 3027.862
1012.602 2993.040
1012.902 3140.789
1013.203 3168.538
1013.503 3200.574
1013.803 3220.180
1014.103 3210.072
1014.403 3353.393
1014.703 3659.285
1015.003 3553.463
1015.304 3483.355
1015.604 3487.390
1015.904 3643.710
1016.204 3678.031
1016.504 3541.494
1016.804 3302.814
1017.104 3313.278
1017.405 3416.169
1017.705 3509.776
1018.005 3415.382
1018.305 3331.273
1018.605 3475.879
1018.905 3686.914
1019.205 3799.091
1019.506 3829.840
1019.806 3681.017
1020.106 3615.766
1020.406 3667.657
1020.706 3559.549
1021.006 3399.297
1021.306 3295.474
1021.607 3209.651
1021.907 3241.686
1022.207 3162.720
1022.507 3091.611
1022.807 3176.074
1023.107 3200.251
1023.407 3124.427
1023.708 3114.890
1024.008 3120.210
1024.308 3225.529
1024.608 3486.992
1024.908 3547.169
1025.208 3538.488
1025.508 3596.379
1025.809 3598.699
1026.109 3611.875
1026.409 3687.623
1026.709 3534.657
1027.009 3362.976
1027.309 3414.010
1027.609 3516.044
1027.910 3809.934
1028.210 4055.253
1028.510 4244.858
1028.810 4622.178
1029.110 4760.925
1029.410 4674.816
1029.710 4530.849
1030.011 4336.597
1030.311 4167.059
1030.611 3887.806
1030.911 3580.125
1031.211 3597.730
1031.511 3604.335
1031.811 3585.225
1032.112 3608.544
1032.412 3755.148
1032.712 3747.753
1033.012 3575.643
1033.312 3576.819
1033.612 3609.995
1033.912 3687.742
1034.212 3619.061
1034.513 3401.522
1034.813 3449.127
1035.113 3494.302
1035.413 3224.192
1035.713 3185.511
1036.013 3310.686
1036.313 3327.433
1036.614 3397.466
1036.914 3491.213
1037.214 3739.103
1037.514 3870.850
1037.814 3796.454
1038.114 3667.201
1038.414 3620.376
1038.715 3523.123
1039.015 3316.584
1039.315 3006.473
1039.615 2948.791
1039.915 2943.967
1040.215 2875.428
1040.515 2810.603
1040.816 2813.492
1041.116 2821.810
1041.416 2932.128
1041.716 3156.160
1042.016 3436.050
1042.316 3533.796
1042.616 3550.400
1042.917 3747.003
1043.217 3853.035
1043.517 3645.496
1043.817 3333.671
1044.117 3143.417
1044.417 3311.735
1044.717 3421.195
1045.018 3259.656
1045.318 3232.402
1045.618 3440.719
1045.918 3598.465
1046.218 3538.354
1046.518 3358.100
1046.818 3372.703
1047.119 3382.878
1047.419 3352.481
1047.719 3370.513
1048.019 3422.116
1048.319 3390.433
1048.619 3316.179
1048.919 3259.210
1049.220 3183.813
1049.520 3210.131
1049.820 3138.305
1050.120 3148.765
1050.420 3416.082
1050.720 3495.256
1051.020 3448.287
1051.321 3510.033
1051.621 3448.636
1051.921 3392.096
1052.221 3401.127
1052.521 3271.872
1052.821 3408.332
1053.121 3477.363
1053.422 3832.823
1053.722 4203.997
1054.022 4337.313
1054.322 4192.059
1054.622 4144.947
1054.922 4135.264
1055.222 4220.580
1055.523 3879.183
1055.823 3511.213
1056.123 3340.673
1056.423 3353.132
1056.723 3451.020
1057.023 3319.765
1057.323 3209.939
1057.624 3252.113
1057.924 3350.429
1058.224 3378.745
1058.524 3542.062
1058.824 3596.092
1059.124 3609.266
1059.424 3668.153
1059.725 3697.898
1060.025 3744.786
1060.325 3761.674
1060.625 3620.990
1060.925 3447.020
1061.225 3442.193
1061.525 3358.509
1061.826 3193.968
1062.126 3098.284
1062.426 3225.743
1062.726 3252.202
1063.026 3339.661
1063.326 3305.691
1063.626 3285.721
1063.927 3487.466
1064.227 3559.782
1064.527 3431.955
1064.827 3435.842
1065.127 3362.729
1065.427 3453.902
1065.727 3552.075
1066.028 3477.676
1066.328 3384.992
1066.628 3368.307
1066.928 3357.337
1067.228 3347.796
1067.528 3224.683
1067.828 3167.427
1068.129 3110.885
1068.429 3160.486
1068.729 3296.516
1069.029 3377.689
1069.329 3502.290
1069.629 3603.320
1069.929 3563.349
1070.230 3547.093
1070.530 3466.408
1070.830 3445.009
1071.130 3420.753
1071.430 3269.354
1071.730 3314.955
1072.030 3534.984
1072.331 3616.014
1072.631 3614.900
1072.931 3608.501
1073.231 3658.673
1073.531 3732.274
1073.831 3537.304
1074.131 3236.190
1074.432 3088.505
1074.732 3050.391
1075.032 2890.706
1075.332 2680.450
1075.632 2715.622
1075.932 2780.365
1076.232 2781.966
1076.533 2923.280
1076.833 3085.452
1077.133 3105.481
1077.433 3010.225
1077.733 2873.254
1078.033 2998.425
1078.333 3179.169
1078.634 3116.483
1078.934 3132.798
1079.234 3270.255
1079.534 3376.998
1079.834 3391.456
1080.134 3310.056
1080.434 3268.799
1080.735 3335.971
1081.035 3283.285
1081.335 3288.885
1081.635 3431.199
1081.935 3564.085
1082.235 3596.685
1082.535 3665.714
1082.836 3684.885
1083.136 3683.485
1083.436 3580.371
1083.736 3485.828
1084.036 3350.285
1084.336 3350.170
1084.636 3341.770
1084.937 3363.942
1085.237 3395.113
1085.537 3574.570
1085.837 3671.027
1086.137 3778.198
1086.437 3852.083
1086.737 3806.111
1087.038 3640.997
1087.338 3523.882
1087.638 3484.196
1087.938 3402.938
1088.238 3389.109
1088.538 3308.709
1088.838 3518.451
1089.139 3798.051
1089.439 3829.364
1089.739 3691.964
1090.039 3664.849
1090.339 3500.877
1090.639 3396.333
1090.939 3117.647
1091.240 2953.103
1091.540 3071.131
1091.840 3151.016
1092.140 3298.044
1092.453 3456.500
1092.766 3462.100
1093.079 3398.413
1093.392 3335.869
1093.705 3240.897
1094.018 3286.639
1094.330 3111.381
1094.643 3268.551
1094.956 3443.579
1095.269 3570.464
1095.582 3546.777
1095.895 3582.090
1096.208 3613.403
1096.521 3863.002
1096.834 3748.744
1097.147 3608.486
1097.460 3679.227
1097.773 3836.540
1098.085 3769.854
1098.398 3666.452
1098.711 3539.908
1099.024 3504.507
1099.337 3553.820
1099.650 3410.133
1099.963 3308.731
1100.276 3378.902
1100.589 3331.357
1100.902 3248.956
1101.215 3252.697
1101.528 3398.582
1101.841 3454.180
1102.153 3417.636
1102.466 3474.377
1102.779 3662.690
1103.092 3749.860
1103.405 3790.029
1103.718 3655.056
1104.031 3574.940
1104.344 3516.967
1104.657 3474.994
1104.970 3445.164
1105.283 3533.619
1105.596 3609.932
1105.909 3658.244
1106.221 3785.985
1106.534 3908.584
1106.847 3830.325
1107.160 3655.208
1107.473 3555.092
1107.786 3369.690
1108.099 3244.288
1108.412 3271.458
1108.725 3274.627
1109.038 3239.654
1109.351 3215.966
1109.664 3106.707
1109.977 3076.448
1110.289 3020.188
1110.602 2853.643
1110.915 2931.955
1111.228 3091.839
1111.541 3274.437
1111.854 3294.463
1112.167 3247.918
1112.480 3331.802
1112.793 3406.828
1113.106 3192.854
1113.419 3088.452
1113.732 2990.907
1114.044 3039.504
1114.357 3109.245
1114.670 3158.699
1114.983 3192.154
1115.296 3316.609
1115.609 3324.635
1115.922 3340.518
1116.235 3371.401
1116.548 3415.570
1116.861 3311.453
1117.174 3211.765
1117.487 3213.934
1117.800 3255.817
1118.112 3331.129
1118.425 3436.297
1118.738 3566.895
1119.051 3622.635
1119.364 3766.661
1119.677 3923.115
1119.990 3984.712
1120.303 3931.595
1120.616 3848.192
1120.929 3831.790
1121.242 3944.387
1121.555 3851.412
1121.868 3661.009
1122.180 3596.035
1122.493 3585.918
1122.806 3613.943
1123.119 3484.255
1123.432 3351.423
1123.745 3535.877
1124.058 3735.474
1124.371 3779.643
1124.684 3678.811
1124.997 3504.693
1125.310 3488.433
1125.623 3495.744
1125.935 3409.198
1126.248 3347.652
1126.561 3360.535
1126.874 3421.274
1127.187 3583.585
1127.500 3754.182
1127.813 3903.779
1128.126 3904.661
1128.439 3729.543
1128.752 3587.997
1129.065 3557.308
1129.378 3502.905
1129.691 3416.216
1130.003 3413.526
1130.316 3409.980
1130.629 3365.577
1130.942 3402.887
1131.255 3556.627
1131.568 3495.366
1131.881 3291.391
1132.194 3199.702
1132.507 3129.584
1132.820 3169.894
1133.133 3308.348
1133.446 3400.373
1133.759 3490.255
1134.071 3811.851
1134.384 3869.590
1134.697 3842.044
1135.010 3899.925
1135.323 3912.236
1135.636 3727.546
1135.949 3627.000
1136.262 3446.453
1136.575 3372.906
1136.888 3416.359
1137.201 3520.670
1137.514 3468.837
1137.826 3659.005
1138.139 3902.887
1138.452 4049.768
1138.765 4137.793
1139.078 4318.960
1139.391 4282.699
1139.704 4317.581
1140.017 4249.748
1140.330 4069.201
1140.643 3938.225
1140.956 3948.393
1141.269 3916.560
1141.582 3875.584
1141.894 3858.323
1142.207 3770.490
1142.520 3788.371
1142.833 3776.824
1143.146 3713.134
1143.459 3519.730
1143.772 3435.468
1144.085 3275.921
1144.398 3273.231
1144.711 3352.970
1145.024 3385.708
1145.337 3501.161
1145.650 3509.328
1145.962 3565.923
1146.275 3760.804
1146.588 3743.257
1146.901 3680.567
1147.214 3764.448
1147.527 3621.186
1147.840 3557.496
1148.153 3642.663
1148.466 3584.544
1148.779 3702.139
1149.092 3706.877
1149.405 3676.330
1149.718 3702.068
1150.030 3790.377
1150.343 3708.401
1150.656 3586.854
1150.969 3474.449
1151.282 3412.330
1151.595 3271.353
1151.908 3346.377
1152.221 3429.115
1152.534 3692.282
1152.847 4056.305
1153.160 4244.615
1153.473 4402.210
1153.785 4538.090
1154.098 4447.971
1154.411 4333.995
1154.724 4092.161
1155.037 3764.185
1155.350 3545.494
1155.663 3419.232
1155.976 3311.684
1156.289 3271.421
1156.602 3362.302
1156.915 3356.611
1157.228 3462.063
1157.541 3696.801
1157.853 3700.110
1158.166 3661.847
1158.479 3693.299
1158.792 3668.466
1159.105 3688.346
1159.418 3713.655
1159.731 3533.535
1160.044 3528.416
1160.357 3754.010
1160.670 3987.034
1160.983 3985.771
1161.296 3868.080
1161.609 3663.817
1161.921 3567.269
1162.234 3559.435
1162.547 3513.315
1162.860 3271.195
1163.173 3153.647
1163.486 3344.527
1163.799 3613.264
1164.112 3671.430
1164.425 3571.025
1164.738 3364.905
1165.051 3520.356
1165.364 3775.093
1165.676 3762.973
1165.989 3775.853
1166.302 3951.733
1166.615 4056.756
1166.928 4162.779
1167.241 4056.945
1167.554 3911.968
1167.867 3828.562
1168.180 3615.156
1168.493 3540.464
1168.806 3677.058
1169.119 3734.224
1169.432 3603.390
1169.744 3612.412
1170.057 3670.292
1170.370 3759.029
1170.683 3583.909
1170.996 3408.503
1171.309 3419.525
1171.622 3534.405
1171.935 3501.999
1172.248 3423.021
1172.561 3326.615
1172.874 3381.781
1173.187 3450.374
1173.500 3708.540
1173.812 3817.848
1174.125 3730.299
1174.438 3987.036
1174.751 4213.486
1175.064 4182.509
1175.377 4073.674
1175.690 3689.125
1176.003 3504.433
1176.316 3531.312
1176.629 3185.477
1176.942 2946.785
1177.255 3067.808
1177.567 3237.973
1177.880 3391.281
1178.193 3559.160
1178.506 3711.896
1178.819 3812.347
1179.132 3804.655
1179.445 3636.534
1179.758 3578.128
1180.071 3553.007
1180.384 3526.743
1180.697 3581.194
1181.010 3671.787
1181.323 3694.666
1181.635 3660.260
1181.948 3657.282
1182.261 3812.161
1182.574 4039.754
1182.887 3999.776
1183.200 3903.655
1183.513 3940.106
1183.826 4100.556
1184.139 4044.721
1184.452 3809.600
1184.765 3531.764
1185.078 3552.929
1185.391 3501.094
1185.703 3506.973
1186.016 3715.280
1186.329 3829.159
1186.642 3998.038
1186.955 3950.059
1187.268 3809.510
1187.581 3893.960
1187.894 3960.410
1188.207 3727.860
1188.520 3616.453
1188.833 3477.332
1189.146 3436.782
1189.459 3386.661
1189.771 3312.397
1190.084 3305.275
1190.397 3385.154
1190.710 3386.890
1191.023 3393.340
1191.336 3478.647
1191.649 3521.954
1191.962 3503.975
1192.275 3381.711
1192.588 3274.733
1192.901 3302.182
1193.214 3211.490
1193.526 3187.797
1193.839 3276.961
1194.152 3280.982
1194.465 3199.289
1194.778 3213.596
1195.091 3273.903
1195.404 3199.924
1195.717 2972.517
1196.030 2912.252
1196.343 2997.131
1196.656 3218.152
1196.969 3469.173
1197.282 3694.908
1197.594 3935.072
1197.907 4070.808
1198.220 3966.257
1198.533 4045.421
1198.846 4013.442
1199.159 3756.606
1199.472 3476.770
1199.785 3438.934
1200.098 3545.955
1200.411 3595.405
1200.724 3362.426
1201.037 3383.304
1201.350 3450.896
1201.662 3121.345
1201.975 2989.927
1202.288 2859.738
1202.601 2831.448
