165.028 715.279
165.288 621.175
165.547 468.293
165.807 440.397
166.067 396.075
166.327 504.340
166.587 578.477
166.847 407.630
167.107 461.368
167.367 607.549
167.627 721.174
167.886 941.527
168.146 1177.466
168.406 1273.276
168.666 1243.957
168.926 1207.223
169.186 1349.360
169.446 1370.511
169.706 1117.961
169.966 936.423
170.225 1139.185
170.485 1371.960
170.745 1370.175
171.005 1255.118
171.265 1301.645
171.525 1416.613
171.785 1345.165
172.045 1066.871
172.305 1098.447
172.564 1255.748
172.824 1219.776
173.084 1222.958
173.344 1297.723
173.604 1293.785
173.864 1200.287
174.124 994.085
174.384 1033.037
174.644 1138.429
174.903 950.402
175.163 941.100
175.423 1127.095
175.683 1206.671
175.943 1093.542
176.203 972.281
176.463 938.744
176.723 1222.931
176.983 1310.984
177.242 1232.333
177.502 1321.262
177.762 1429.629
178.022 1337.290
178.282 1243.104
178.542 1393.068
178.802 1278.185
179.062 1090.453
179.322 1074.586
179.581 1282.298
179.841 1400.734
180.101 1475.320
180.361 1191.056
180.621 1215.943
180.881 1434.981
181.141 1417.740
181.401 1252.078
181.661 1301.566
181.920 1229.633
182.180 1061.278
182.440 918.929
182.700 919.873
182.960 857.252
183.220 773.067
183.480 694.601
183.740 923.285
184.000 1156.975
184.259 1314.242
184.519 1423.944
184.779 1597.222
185.039 1801.221
185.299 1843.511
185.559 1927.663
185.819 2130.963
186.079 2076.697
186.339 1781.579
186.598 1638.608
186.858 1973.071
187.118 2237.395
187.378 2115.296
187.638 1841.486
187.898 1850.538
188.158 2045.023
188.418 2051.083
188.678 1745.005
188.937 1739.501
189.197 1602.573
189.457 1380.077
189.717 1337.441
189.977 1475.952
190.237 1598.466
190.497 1460.126
190.757 1155.503
191.017 1173.312
191.276 1303.124
191.536 1127.796
191.796 1120.756
192.056 1175.718
192.316 1177.969
192.576 1106.222
192.836 1220.620
193.096 1450.449
193.356 1515.279
193.616 1382.398
193.875 1454.089
194.135 1685.068
194.395 1808.049
194.655 1755.460
194.915 1609.158
195.175 1639.143
195.435 1599.843
195.695 1492.116
195.955 1458.247
196.214 1635.951
196.474 1729.513
196.734 1733.789
196.994 1874.209
197.254 1946.630
197.514 1865.623
197.774 1707.473
198.034 1612.466
198.294 1529.460
198.553 1532.168
198.813 1473.447
199.073 1624.012
199.333 1754.720
199.593 1747.571
199.853 1591.564
200.113 1579.128
200.373 1694.691
200.633 1708.397
200.892 1444.674
201.152 1474.235
201.412 1646.511
201.672 1659.499
201.932 1517.630
202.192 1493.759
202.452 1850.602
202.712 2149.300
202.972 2031.426
203.231 1891.693
203.491 2375.245
203.751 2680.081
204.011 2541.915
204.271 2238.033
204.531 2156.721
204.791 2080.979
205.051 1918.235
205.311 1486.346
205.570 1434.598
205.830 1656.847
206.090 1608.952
206.350 1548.483
206.610 1757.298
206.870 1896.110
207.130 1863.206
207.390 1798.299
207.650 1787.103
207.909 1766.620
208.169 1645.419
208.429 1483.073
208.689 1517.439
208.949 1470.230
209.209 1322.875
209.469 1231.660
209.729 1508.442
209.989 1564.078
210.248 1638.997
210.508 1716.484
210.768 1797.825
211.028 1902.305
211.288 1915.639
211.548 1767.398
211.808 1788.582
212.068 1596.334
212.328 1436.654
212.587 1586.542
212.847 1924.997
213.107 2047.305
213.367 1896.896
213.627 1958.483
213.887 2281.494
214.147 2363.501
214.407 2132.790
214.667 1996.789
214.926 2071.927
215.186 2161.347
215.446 2002.048
215.706 1777.458
215.966 1814.865
216.226 1986.553
216.486 1731.094
216.746 1473.058
217.006 1660.876
217.265 1733.974
217.525 1702.497
217.785 1729.872
218.045 1816.957
218.305 1899.894
218.565 1851.112
218.825 1589.040
219.085 1709.819
219.345 1879.452
219.604 1738.507
219.864 1562.272
220.124 1577.318
220.384 1759.788
220.644 1831.109
220.904 1738.568
221.164 1716.022
221.424 1728.328
221.684 1733.915
221.943 1685.925
222.203 1634.786
222.463 1566.500
222.723 1411.922
222.983 1244.482
223.243 1259.323
223.503 1211.872
223.763 1329.844
224.023 1423.668
224.282 1583.915
224.542 1928.013
224.802 2078.249
225.062 2263.336
225.322 2498.703
225.582 2355.636
225.842 2192.135
226.102 2091.628
226.362 1900.115
226.621 1950.740
226.881 1859.501
227.141 1853.114
227.401 2077.578
227.661 2068.750
227.921 2017.916
228.181 2008.648
228.441 1882.517
228.701 1794.951
228.960 1769.380
229.220 1705.516
229.480 1731.789
229.740 1728.485
230.000 1737.746
230.260 1792.573
230.520 1909.250
230.780 1835.350
231.040 1707.158
231.299 1901.674
231.559 2074.041
231.819 1987.688
232.079 1915.471
232.339 2062.677
232.599 2171.019
232.859 2126.640
233.119 1861.827
233.379 1768.435
233.638 1953.466
233.898 2152.634
234.158 1932.366
234.418 1826.950
234.678 2027.241
234.938 2180.383
235.198 2070.233
235.458 2044.076
235.718 2072.770
235.978 2210.029
236.237 2242.424
236.497 2187.241
236.757 2370.052
237.017 2473.000
237.277 2348.654
237.537 2249.589
237.797 2174.088
238.057 2166.294
238.317 2108.637
238.576 2021.117
238.836 2274.018
239.096 2440.055
239.356 2343.372
239.616 2301.539
239.876 2361.128
240.136 2494.568
240.396 2313.715
240.656 2045.427
240.915 2101.418
241.175 2205.259
241.435 2251.951
241.695 2228.208
241.955 2181.172
242.215 2347.844
242.475 2432.081
242.735 2284.882
242.995 2296.248
243.254 2279.608
243.514 2323.960
243.774 2311.164
244.034 2373.503
244.294 2392.692
244.554 2322.732
244.814 2351.623
245.074 2493.649
245.334 2413.669
245.593 2315.682
245.853 2274.260
246.113 2355.545
246.373 2432.681
246.633 2342.524
246.893 2226.932
247.153 2311.904
247.413 2330.442
247.673 2139.401
247.932 2072.067
248.192 2127.727
248.452 2061.666
248.712 1931.740
248.972 1855.380
249.232 2038.584
249.492 2164.067
249.752 2019.543
250.012 2184.584
250.271 2480.762
250.531 2678.360
250.791 2655.810
251.051 2685.538
251.311 2805.974
251.571 2971.974
251.831 2844.825
252.091 2702.955
252.351 2827.649
252.610 3005.908
252.870 2855.590
253.130 2749.121
253.390 2773.503
253.650 2761.878
253.911 2675.960
254.172 2541.894
254.433 2574.248
254.694 2694.739
254.955 2626.510
255.216 2524.701
255.477 2444.029
255.738 2473.637
255.999 2324.380
256.261 2043.688
256.522 2078.989
256.783 2112.284
257.044 1941.572
257.305 1975.567
257.566 2064.270
257.827 2110.824
258.088 2165.228
258.349 2086.483
258.610 2174.588
258.871 2304.686
259.132 2109.064
259.393 1916.720
259.654 2133.228
259.915 2192.871
260.176 2021.794
260.437 1983.852
260.698 2151.619
260.959 2279.807
261.221 2316.989
261.482 2184.736
261.743 2323.333
262.004 2379.210
262.265 2158.794
262.526 2063.800
262.787 2168.086
263.048 2223.650
263.309 2176.494
263.570 2005.046
263.831 2079.305
264.092 2188.129
264.353 2136.376
264.614 2193.187
264.875 2470.706
265.136 2690.505
265.397 2753.011
265.658 2699.082
265.919 2881.433
266.181 2952.205
266.442 2756.686
266.703 2506.732
266.964 2418.342
267.225 2355.089
267.486 2264.116
267.747 2256.850
268.008 2395.007
268.269 2738.157
268.530 2734.586
268.791 2710.867
269.052 2881.998
269.313 2997.551
269.574 2822.384
269.835 2713.211
270.096 2564.317
270.357 2618.274
270.618 2489.796
270.879 2316.597
271.141 2325.535
271.402 2343.753
271.663 2314.393
271.924 2270.741
272.185 2244.226
272.446 2233.990
272.707 2199.034
272.968 2186.500
273.229 2274.960
273.490 2287.271
273.751 2196.433
274.012 2206.017
274.273 2453.596
274.534 2549.025
274.795 2493.591
275.056 2626.151
275.317 2661.848
275.578 2693.396
275.839 2687.795
276.101 2547.331
276.362 2798.004
276.623 2965.670
276.884 2695.617
277.145 2598.272
277.406 2889.349
277.667 3017.992
277.928 2868.771
278.189 2570.116
278.450 2441.456
278.711 2681.360
278.972 2777.973
279.233 2465.724
279.494 2384.896
279.755 2442.635
280.016 2381.510
280.277 2440.522
280.538 2409.672
280.799 2340.101
281.061 2298.524
281.322 2244.513
281.583 2392.354
281.844 2469.617
282.105 2329.017
282.366 2187.840
282.627 2364.800
282.888 2562.612
283.149 2565.132
283.410 2572.218
283.671 2822.298
283.932 3075.087
284.193 3060.013
284.454 3019.219
284.715 3166.420
284.976 3198.043
285.237 3046.804
285.498 3088.273
285.759 3196.737
286.021 3198.195
286.282 3013.933
286.543 2956.809
286.804 3012.393
287.065 3021.400
287.326 2788.688
287.587 2816.398
287.848 2945.389
288.109 2894.946
288.370 2598.354
288.631 2405.329
288.892 2585.441
289.153 2618.118
289.414 2257.791
289.675 2124.744
289.936 2248.977
290.197 2350.776
290.458 2440.284
290.719 2453.072
290.981 2510.998
291.242 2601.490
291.503 2661.405
291.764 2752.029
292.025 2934.219
292.286 2942.261
292.547 2694.013
292.808 2650.187
293.069 2765.071
293.330 2700.092
293.591 2435.965
293.852 2361.118
294.113 2505.124
294.374 2660.696
294.635 2699.977
294.896 2729.538
295.157 2918.809
295.418 3094.217
295.679 2975.620
295.941 2905.018
296.202 2874.983
296.463 2768.370
296.724 2563.896
296.985 2357.417
297.246 2518.647
297.507 2700.586
297.768 2673.091
298.029 2816.592
298.290 2968.230
298.551 3068.578
298.812 3114.349
299.073 3126.115
299.334 3211.734
299.595 3318.633
299.856 3122.242
300.117 2928.417
300.378 3046.159
300.639 3246.181
300.901 3242.628
301.162 3484.640
301.423 3569.220
301.684 3611.223
301.945 3560.221
302.206 3422.358
302.467 3330.346
302.728 3274.902
302.989 2915.595
303.250 2863.712
303.511 3002.253
303.772 3108.647
304.033 3056.750
304.294 2989.848
304.555 2921.370
304.816 2782.174
305.077 2569.829
305.338 2665.195
305.599 2941.127
305.861 3106.911
306.122 2984.549
306.383 3099.752
306.644 3271.666
306.905 3293.575
307.166 2946.765
307.427 2743.237
307.688 2794.560
307.949 3020.308
308.210 2837.338
308.471 2705.934
308.732 2740.096
308.993 3032.969
309.254 3108.123
309.515 3041.130
309.776 3010.989
310.037 3338.415
310.298 3448.409
310.559 3456.826
310.821 3325.954
311.082 3087.219
311.343 2801.195
311.604 2616.452
311.865 2291.990
312.126 2184.667
312.387 2139.483
312.648 2241.008
312.909 2473.815
313.170 2678.617
313.434 2744.701
313.698 2769.638
313.963 2810.999
314.227 2764.213
314.491 2476.708
314.755 2275.628
315.019 2346.258
315.284 2518.169
315.548 2631.790
315.812 2665.550
316.076 2890.878
316.340 3094.344
316.604 3340.234
316.869 3498.692
317.133 3655.717
317.397 3579.595
317.661 3483.754
317.925 3431.196
318.190 3565.490
318.454 3404.494
318.718 3442.066
318.982 3408.634
319.246 3379.769
319.511 3340.757
319.775 3119.027
320.039 2879.151
320.303 2974.270
320.567 2689.956
320.832 2438.210
321.096 2505.746
321.360 2609.564
321.624 2705.234
321.888 2673.473
322.153 2522.993
322.417 2473.937
322.681 2371.878
322.945 2119.244
323.209 2092.748
323.473 2379.391
323.738 2537.174
324.002 2471.095
324.266 2464.870
324.530 2650.070
324.794 2917.551
325.059 2876.314
325.323 2695.217
325.587 2755.544
325.851 2974.153
326.115 3165.187
326.380 3156.646
326.644 3051.244
326.908 3056.552
327.172 2898.285
327.436 2838.158
327.701 2863.884
327.965 2680.749
328.229 2708.896
328.493 2821.468
328.757 2888.465
329.022 3016.887
329.286 2981.019
329.550 2912.148
329.814 2947.416
330.078 2783.538
330.342 2596.941
330.607 2576.056
330.871 2693.595
331.135 2650.703
331.399 2542.521
331.663 2668.907
331.928 2902.146
332.192 2902.954
332.456 2776.043
332.720 2665.987
332.984 2739.641
333.249 2707.434
333.513 2499.224
333.777 2352.011
334.041 2610.366
334.305 2661.288
334.570 2577.493
334.834 2607.980
335.098 2778.321
335.362 2837.515
335.626 2705.706
335.891 2462.894
336.155 2507.221
336.419 2452.260
336.683 2400.437
336.947 2464.612
337.211 2669.354
337.476 2833.807
337.740 2937.115
338.004 2961.704
338.268 3075.576
338.532 3105.159
338.797 2929.310
339.061 2882.315
339.325 3029.174
339.589 3073.744
339.853 3060.454
340.118 3083.017
340.382 3085.006
340.646 3099.278
340.910 3033.546
341.174 2877.096
341.439 2863.644
341.703 2761.474
341.967 2625.015
342.231 2667.981
342.495 2938.088
342.759 2902.762
343.024 2734.862
343.288 2665.245
343.552 2819.338
343.816 2855.857
344.080 2599.231
344.345 2271.172
344.609 2453.396
344.873 2626.475
345.137 2851.979
345.401 3120.622
345.666 3309.406
345.930 3434.472
346.194 3372.677
346.458 3304.738
346.722 3551.080
346.987 3345.991
347.251 2978.757
347.515 2841.091
347.779 2841.421
348.043 2914.892
348.308 2671.503
348.572 2334.110
348.836 2394.001
349.100 2429.031
349.364 2283.630
349.628 2324.226
349.893 2452.390
350.157 2465.552
350.421 2358.710
350.685 2250.152
350.949 2250.162
351.214 2361.312
351.478 2336.745
351.742 2302.032
352.006 2533.888
352.270 2765.741
352.535 2702.019
352.799 2685.153
353.063 2775.568
353.327 2707.553
353.591 2678.963
353.856 2733.799
354.120 2891.061
354.384 3014.035
354.648 3010.006
354.912 3124.545
355.177 3381.939
355.441 3410.758
355.705 3213.861
355.969 2987.532
356.233 3196.344
356.497 3272.152
356.762 3094.530
357.026 2983.905
357.290 3024.134
357.554 2967.360
357.818 2989.441
358.083 2855.948
358.347 2862.881
358.611 2836.526
358.875 2712.310
359.139 2617.235
359.404 2718.586
359.668 2743.506
359.932 2666.280
360.196 2600.766
360.460 2729.678
360.725 2853.159
360.989 2942.780
361.253 3074.542
361.517 3349.443
361.781 3474.914
362.046 3516.096
362.310 3524.562
362.574 3540.596
362.838 3494.771
363.102 3323.086
363.366 3130.541
363.631 3111.851
363.895 3078.873
364.159 2975.892
364.423 2960.052
364.687 3106.495
364.952 3148.507
365.216 2970.231
365.480 2841.809
365.747 2936.814
366.013 2983.959
366.280 2860.815
366.546 2817.670
366.813 2989.950
367.079 3185.800
367.346 3331.219
367.612 3337.206
367.879 3394.620
368.145 3530.317
368.412 3357.726
368.678 3244.704
368.945 3366.966
369.211 3299.368
369.478 3134.768
369.744 3041.308
370.011 3299.846
370.278 3456.524
370.544 3278.914
370.811 3191.874
371.077 3376.117
371.344 3520.643
371.610 3497.881
371.877 3316.546
372.143 3531.065
372.410 3704.582
372.676 3456.097
372.943 3221.324
373.209 3334.691
373.476 3489.771
373.742 3317.848
374.009 3022.209
374.276 3026.996
374.542 3092.638
374.809 2976.278
375.075 2775.201
375.342 2801.551
375.608 2828.041
375.875 2832.672
376.141 3073.158
376.408 3313.499
376.674 3581.552
376.941 3673.174
377.207 3604.652
377.474 3699.270
377.740 3726.457
378.007 3453.356
378.273 3268.253
378.540 3240.149
378.807 3284.756
379.073 3184.218
379.340 3083.964
379.606 3110.994
379.873 3178.735
380.139 3121.189
380.406 2976.356
380.672 2909.520
380.939 2921.539
381.205 2882.841
381.472 2867.714
381.738 2861.155
382.005 2971.594
382.271 2983.032
382.538 2974.467
382.804 3039.186
383.071 3175.618
383.338 3061.761
383.604 3011.760
383.871 3151.471
384.137 3169.037
384.404 3040.458
384.670 3021.877
384.937 3152.866
385.203 3338.424
385.470 3300.695
385.736 3115.820
386.003 3154.801
386.269 3368.780
386.536 3580.185
386.802 3500.589
387.069 3420.705
387.336 3397.818
387.602 3333.645
387.869 3322.755
388.135 3568.863
388.402 3454.540
388.668 3273.073
388.935 3230.033
389.201 3365.419
389.468 3384.375
389.734 3312.043
390.001 3087.138
390.267 3124.802
390.534 3240.893
390.800 3238.697
391.067 3143.070
391.333 3280.298
391.600 3275.810
391.867 3024.463
392.133 2936.258
392.400 2903.764
392.666 2744.269
392.933 2546.486
393.199 2553.130
393.466 2738.773
393.732 2793.270
393.999 2806.766
394.265 2839.831
394.532 3028.181
394.798 3216.242
395.065 3074.160
395.331 2925.361
395.598 3037.846
395.864 3024.472
396.131 2930.239
396.398 3058.433
396.664 3164.054
396.931 3125.102
397.197 3040.719
397.464 2962.477
397.730 2896.234
397.997 3128.275
398.263 3043.457
398.530 2900.494
398.796 3038.244
399.063 3153.992
399.329 3217.738
399.596 3443.054
399.862 3377.083
400.129 3337.824
400.396 3336.278
400.662 3300.730
400.929 3474.324
401.195 3566.201
401.462 3300.506
401.728 3155.808
401.995 3249.967
402.261 3380.552
402.528 3512.849
402.794 3559.574
403.061 3564.011
403.327 3581.733
403.594 3644.452
403.860 3723.599
404.127 3851.030
404.393 3908.745
404.660 3730.172
404.931 3878.741
405.202 4327.165
405.473 4518.017
405.745 4505.295
406.016 4572.429
406.287 4632.132
406.558 4830.263
406.829 4800.106
407.100 4619.805
407.371 4591.217
407.642 4565.627
407.914 4495.607
408.185 4511.157
408.456 4748.419
408.727 4870.680
408.998 4827.368
409.269 4876.483
409.540 4956.740
409.811 4909.280
410.083 4800.819
410.354 4765.785
410.625 4778.321
410.896 4743.713
411.167 4803.532
411.438 4878.492
411.709 5023.879
411.981 5062.121
412.252 4797.220
412.523 4593.745
412.794 4825.698
413.065 4919.363
413.336 4844.884
413.607 4616.404
413.878 4493.636
414.150 4285.439
414.421 4076.525
414.692 3797.753
414.963 3836.123
415.234 3818.062
415.505 3716.143
415.776 3574.936
416.047 3620.443
416.319 3617.234
416.590 3405.451
416.861 3010.382
417.132 2833.026
417.403 2874.954
417.674 2853.737
417.945 2865.948
418.217 2968.300
418.488 3128.366
418.759 3118.715
419.030 3177.492
419.301 3318.838
419.572 3389.327
419.843 3385.813
420.114 3357.727
420.386 3384.211
420.657 3290.694
420.928 3064.461
421.199 3094.655
421.470 3362.991
421.741 3311.325
422.012 3254.230
422.283 3183.133
422.555 3318.749
422.826 3403.792
423.097 3108.548
423.368 2899.160
423.639 3022.056
423.910 3272.523
424.181 3361.274
424.453 3294.737
424.724 3494.629
424.995 3771.233
425.266 3727.835
425.537 3740.437
425.808 3582.894
426.079 3396.207
426.350 3348.662
426.622 3228.401
426.893 3177.996
427.164 3179.161
427.435 2922.610
427.706 2907.630
427.977 3064.363
428.248 3124.808
428.519 2998.824
428.791 2945.267
429.062 3043.995
429.333 3267.150
429.604 3282.589
429.875 3316.599
430.146 3329.893
430.417 3324.043
430.689 3123.477
430.960 2939.768
431.231 3031.914
431.502 2991.630
431.773 2793.774
432.044 2797.202
432.315 2962.344
432.586 3129.484
432.858 3138.337
433.129 2964.332
433.400 2892.325
433.671 2821.889
433.942 2672.023
434.213 2522.442
434.484 2485.002
434.755 2664.704
435.027 2746.833
435.298 2776.961
435.569 3082.945
435.840 3132.071
436.116 3136.910
436.391 3193.319
436.667 3174.012
436.942 3080.419
437.218 3062.682
437.493 3063.801
437.769 3280.775
438.045 3359.320
438.320 3354.578
438.596 3270.693
438.871 3285.948
439.147 3337.489
439.422 3131.885
439.698 3030.852
439.974 3084.960
440.249 3044.925
440.525 2939.459
440.800 3012.993
441.076 3128.811
441.351 3098.057
441.627 3051.587
441.903 3103.402
442.178 3136.930
442.454 3297.457
442.729 3253.554
443.005 3126.936
443.281 3257.745
443.556 3256.982
443.832 3193.218
444.107 3257.881
444.383 3250.400
444.658 3220.061
444.934 3294.578
445.210 3370.094
445.485 3440.180
445.761 3436.837
446.036 3243.921
446.312 3109.576
446.587 3138.801
446.863 3042.882
447.139 2810.962
447.414 2733.184
447.690 2796.547
447.965 2901.338
448.241 2834.557
448.516 2769.774
448.792 2799.991
449.068 3065.921
449.343 3142.992
449.619 3238.348
449.894 3490.275
450.170 3587.915
450.445 3569.554
450.721 3523.478
450.997 3438.972
451.272 3445.893
451.548 3176.814
451.823 2895.019
452.099 2987.509
452.375 3017.712
452.650 3120.343
452.926 3132.115
453.201 3094.316
453.477 3162.658
453.752 3124.999
454.028 3176.196
454.304 3442.821
454.579 3558.302
454.855 3526.639
455.130 3561.689
455.406 3668.596
455.681 3717.644
455.957 3477.978
456.233 3183.881
456.508 3172.212
456.784 3242.971
457.059 3214.586
457.335 3124.058
457.610 3146.385
457.886 3390.283
458.162 3436.751
458.437 3322.362
458.713 3515.542
458.988 3619.865
459.264 3635.044
459.539 3645.507
459.815 3591.827
460.091 3553.146
460.366 3547.893
460.642 3259.067
460.917 3186.812
461.193 3175.698
461.468 3017.155
461.744 2980.326
462.020 3091.924
462.295 3029.092
462.571 3030.117
462.846 2968.982
463.122 2988.694
463.397 3097.889
463.673 2942.184
463.949 2866.490
464.224 3066.420
464.500 3163.611
464.775 3092.469
465.051 3161.702
465.327 3272.098
465.602 3397.987
465.878 3576.536
466.153 3488.925
466.429 3537.479
466.704 3641.430
466.980 3564.856
467.256 3490.469
467.531 3665.785
467.807 3661.599
468.082 3464.218
468.358 3333.520
468.633 3462.402
468.909 3561.187
469.185 3537.054
469.460 3361.278
469.736 3278.243
470.011 3484.184
470.287 3521.857
470.562 3430.224
470.838 3582.651
471.114 3850.489
471.389 3923.033
471.665 3890.547
471.940 3956.293
472.216 4001.624
472.491 3957.053
472.767 3757.483
473.043 3604.991
473.318 3517.396
473.594 3356.967
473.869 3203.296
474.145 3182.362
474.421 3102.761
474.696 2996.255
474.972 3098.668
475.247 3261.564
475.523 3473.240
475.798 3469.479
476.074 3469.411
476.350 3680.807
476.625 3786.479
476.901 3550.330
477.176 3394.243
477.452 3374.434
477.727 3354.614
478.003 3173.760
478.279 2994.527
478.554 3018.634
478.830 3022.196
479.105 2979.805
479.381 3113.086
479.656 3357.907
479.932 3659.150
480.208 3720.044
480.483 3641.717
480.759 3766.306
481.034 3887.097
481.310 3670.662
481.585 3477.688
481.861 3315.801
482.137 3393.040
482.412 3482.497
482.688 3449.414
482.963 3662.436
483.239 3912.518
483.514 3959.562
483.790 4035.081
484.066 4068.955
484.341 4064.922
484.617 3970.830
484.892 3711.396
485.168 3604.106
485.443 3548.035
485.719 3391.556
485.995 3293.590
486.270 3357.628
486.546 3448.870
486.821 3531.046
487.097 3491.198
487.373 3426.382
487.648 3305.152
487.924 3093.855
488.199 2948.301
488.475 2865.400
488.750 2696.470
489.026 2579.084
489.302 2661.235
489.577 3031.217
489.853 3243.631
490.128 3129.555
490.404 3141.473
490.679 3260.228
490.955 3244.640
491.231 3151.151
491.506 3186.737
491.782 3445.974
492.057 3662.622
492.333 3600.345
492.608 3600.941
492.884 3764.705
493.160 3717.875
493.435 3356.266
493.711 2992.001
493.986 2989.768
494.262 3022.659
494.537 2800.547
494.813 2774.902
495.089 2972.738
495.364 3093.874
495.640 3097.008
495.915 3185.232
496.191 3352.903
496.467 3517.263
496.742 3467.799
497.018 3414.183
497.293 3548.280
497.569 3742.285
497.844 3779.603
498.120 3876.021
498.396 4084.782
498.671 4157.962
498.947 4196.144
499.222 4154.370
499.498 4077.130
499.773 3944.187
500.049 3723.217
500.325 3693.715
500.600 3801.012
500.876 3879.749
501.151 3792.222
501.427 3730.321
501.702 3711.649
501.978 3949.077
502.254 3931.711
502.529 3779.253
502.805 3730.427
503.080 3780.790
503.356 3844.869
503.631 4055.289
503.907 4077.821
504.183 4186.099
504.458 4176.262
504.734 4118.667
505.009 4223.114
505.285 4195.692
505.560 3938.079
505.836 3726.659
506.112 3506.283
506.387 3413.241
506.663 3374.832
506.938 3268.400
507.214 3535.241
507.490 3748.787
507.765 3643.476
508.041 3777.398
508.316 3999.425
508.592 3989.967
508.867 3828.837
509.143 3481.022
509.419 3330.699
509.694 3439.715
509.970 3191.913
510.245 2931.040
510.521 2874.342
510.796 3039.733
511.072 3021.078
511.348 2958.683
511.623 2993.460
511.899 2989.742
512.174 2977.412
512.450 3012.890
512.725 3276.264
513.001 3543.733
513.277 3479.784
513.552 3536.084
513.828 3675.910
514.103 3723.218
514.379 3897.202
514.654 3896.333
514.930 3870.319
515.206 3850.760
515.481 3780.341
515.757 3891.022
516.032 3996.615
516.308 4028.230
516.583 3804.684
516.859 3688.055
517.135 3878.115
517.410 3930.581
517.686 3713.095
517.961 3780.998
518.237 3752.871
518.513 3663.639
518.788 3559.807
519.064 3517.872
519.339 3569.076
519.615 3805.419
519.890 3773.400
520.166 3785.595
520.442 3954.924
520.717 4079.567
520.993 3963.610
521.268 3888.918
521.544 3911.337
521.819 3966.398
522.095 3984.873
522.371 4107.947
522.646 4275.367
522.922 4370.547
523.197 4316.681
523.473 4320.516
523.748 4326.361
524.024 4341.617
524.300 4294.729
524.575 4290.911
524.851 4748.199
525.126 5096.155
525.402 5049.244
525.677 5013.298
525.953 4984.954
526.229 4907.841
526.504 4877.225
526.780 4619.134
527.055 4508.512
527.331 4545.247
527.606 4501.359
527.882 4517.066
528.158 4693.513
528.433 4666.914
528.709 4603.800
528.984 4566.744
529.260 4620.553
529.535 4802.301
529.811 4753.145
530.087 4653.243
530.362 4788.780
530.638 4730.300
530.913 4722.622
531.189 4796.982
531.465 4818.348
531.740 4949.721
532.016 4799.429
532.291 4615.158
532.567 4731.247
532.842 4590.016
533.118 4172.446
533.394 3966.547
533.669 3948.785
533.945 3957.949
534.220 3929.068
534.496 3978.156
534.771 4262.058
535.047 4572.705
535.323 4632.481
535.598 4491.673
535.874 4511.721
536.149 4437.717
536.425 4142.128
536.700 4036.970
536.976 4099.225
537.252 4194.627
537.527 4424.815
537.803 4781.395
538.078 5262.072
538.354 5602.055
538.629 5653.710
538.905 6015.036
539.181 6540.029
539.456 6737.481
539.732 6862.768
540.007 7002.912
540.283 7348.942
540.558 7760.833
540.834 7755.546
541.110 7889.541
541.385 8217.974
541.661 8403.222
541.936 8591.581
542.212 8780.353
542.488 8875.905
542.763 8914.845
543.039 8713.183
543.314 8526.539
543.590 8504.011
543.865 8249.507
544.141 7974.604
544.417 7830.260
544.692 7797.038
544.968 7770.303
545.243 7784.895
545.519 7626.667
545.794 7546.450
546.070 7432.267
546.348 7376.934
546.627 7411.946
546.905 7460.899
547.183 7418.410
547.461 7450.464
547.740 7584.391
548.018 7709.297
548.296 7628.261
548.575 7556.399
548.853 7543.886
549.131 7565.466
549.409 7608.567
549.688 7743.129
549.966 7881.906
550.244 8148.998
550.523 8373.495
550.801 8455.911
551.079 8576.132
551.357 8691.668
551.636 8673.089
551.914 8551.937
552.192 8474.736
552.471 8569.037
552.749 8530.963
553.027 8435.222
553.306 8366.980
553.584 8322.458
553.862 8520.271
554.140 8622.230
554.419 8689.308
554.697 8827.238
554.975 8781.689
555.254 8815.659
555.532 8906.997
555.810 8902.328
556.088 8954.317
556.367 8708.518
556.645 8691.341
556.923 8803.320
557.202 8625.217
557.480 8348.737
557.758 8049.142
558.036 7730.127
558.315 7528.583
558.593 7088.685
558.871 6804.836
559.150 6764.340
559.428 6711.321
559.706 6516.378
559.984 6317.554
560.263 6201.230
560.541 6041.536
560.819 5651.273
561.098 5256.071
561.376 5157.209
561.654 5062.183
561.932 4879.150
562.211 4617.527
562.489 4466.136
562.767 4450.740
563.046 4339.549
563.324 4072.453
563.602 3954.368
563.880 3776.635
564.159 3546.222
564.437 3693.961
564.715 3806.300
564.994 3703.422
565.272 3496.280
565.550 3486.361
565.828 3614.356
566.107 3614.938
566.385 3291.967
566.663 3105.853
566.942 3260.664
567.220 3386.226
567.498 3265.975
567.776 3187.767
568.055 3321.749
568.333 3379.642
568.611 3297.869
568.890 3210.028
569.168 3243.218
569.446 3227.528
569.725 3158.523
570.003 3166.333
570.281 3350.966
570.559 3439.203
570.838 3415.691
571.116 3520.490
571.394 3649.712
571.673 3638.411
571.951 3473.282
572.229 3390.418
572.507 3475.374
572.786 3432.123
573.064 3174.180
573.342 3225.125
573.621 3445.641
573.899 3553.191
574.177 3408.009
574.455 3250.956
574.734 3564.419
575.012 3902.811
575.290 3756.448
575.569 3572.599
575.847 3703.190
576.125 3853.053
576.403 4040.932
576.682 3841.646
576.960 3633.501
577.243 3659.404
577.527 3762.682
577.810 3673.358
578.093 3623.372
578.377 3491.943
578.660 3476.880
578.944 3538.053
579.227 3587.713
579.510 3464.147
579.794 3355.208
580.077 3405.789
580.360 3576.479
580.644 3536.288
580.927 3441.633
581.210 3433.447
581.494 3503.621
581.777 3521.923
582.061 3455.533
582.344 3376.514
582.627 3381.179
582.911 3237.195
583.194 3135.817
583.477 3236.933
583.761 3307.179
584.044 3364.996
584.327 3329.062
584.611 3428.477
584.894 3675.179
585.178 3754.393
585.461 3576.061
585.744 3481.319
586.028 3467.772
586.311 3409.049
586.594 3210.518
586.878 3154.854
587.161 3239.627
587.444 3246.686
587.728 3209.822
588.011 3178.104
588.295 3232.305
588.578 3301.070
588.861 3174.270
589.145 3152.038
589.428 3450.361
589.711 3611.054
589.995 3513.493
590.278 3470.637
590.562 3583.344
590.845 3685.203
591.128 3557.937
591.412 3417.418
591.695 3461.233
591.978 3673.184
592.262 3653.270
592.545 3647.948
592.828 3800.090
593.112 3937.981
593.395 3765.097
593.679 3720.119
593.962 3642.647
594.245 3584.403
594.529 3513.405
594.812 3549.401
595.095 3548.982
595.379 3521.846
595.662 3347.514
595.945 3244.623
596.229 3529.082
596.512 3706.552
596.796 3562.126
597.079 3420.392
597.362 3631.760
597.646 3771.459
597.929 3791.972
598.212 3794.006
598.496 3673.286
598.779 3468.903
599.062 3352.915
599.346 3176.930
599.629 3206.737
599.913 3159.319
600.196 2838.588
600.479 2803.787
600.763 3000.805
601.046 3171.155
601.329 3214.842
601.613 3229.748
601.896 3426.206
602.179 3635.987
602.463 3676.392
602.746 3632.377
603.030 3626.052
603.313 3657.940
603.596 3576.557
603.880 3449.905
604.163 3495.865
604.446 3553.511
604.730 3746.550
605.013 3891.483
605.296 3972.741
605.580 4003.981
605.863 4074.293
606.147 3959.904
606.430 3978.666
606.713 3801.227
606.997 3536.648
607.280 3623.015
607.563 3768.663
607.847 3660.509
608.130 3692.306
608.414 3857.098
608.697 3987.178
608.980 4099.318
609.264 3861.631
609.547 3760.409
609.830 3989.266
610.114 3958.995
610.397 3571.914
610.680 3442.223
610.964 3387.550
611.247 3316.516
611.531 3357.670
611.814 3310.993
612.097 3307.577
612.381 3419.851
612.664 3327.185
612.947 3311.079
613.231 3423.872
613.514 3324.940
613.797 3126.021
614.081 3030.259
614.364 2963.689
614.648 2986.164
614.931 2912.907
615.214 2850.600
615.498 2861.794
615.781 3049.671
616.064 3201.896
616.348 3254.822
616.631 3340.406
616.914 3422.818
617.198 3420.545
617.481 3430.281
617.765 3410.772
618.048 3451.186
618.331 3465.321
618.615 3451.945
618.898 3556.942
619.181 3537.538
619.465 3407.788
619.748 3308.786
620.031 3408.584
620.315 3467.893
620.598 3397.373
620.882 3473.895
621.165 3725.335
621.448 3827.573
621.732 3726.261
622.015 3514.289
622.298 3472.375
622.582 3606.196
622.865 3515.896
623.148 3376.503
623.432 3461.163
623.715 3746.943
623.999 3871.414
624.282 3897.187
624.565 4172.584
624.849 4286.167
625.132 4291.544
625.415 4384.190
625.699 4308.547
625.982 4331.884
626.265 4286.223
626.549 3887.200
626.832 5507.843
627.116 6508.276
627.399 6290.132
627.682 6285.747
627.966 6343.489
628.249 6322.012
628.532 6294.404
628.816 4515.683
629.099 3513.391
629.383 3558.646
629.666 3541.469
629.949 3546.295
630.233 3653.394
630.516 3684.896
630.799 3554.321
631.083 3512.452
631.366 3670.301
631.649 3633.358
631.933 3537.094
632.216 3481.473
632.500 3554.514
632.783 3811.432
633.066 4005.692
633.350 4082.511
633.633 4066.061
633.916 3941.197
634.200 3806.393
634.483 3732.060
634.766 3622.742
635.050 3431.927
635.333 3380.904
635.617 3503.583
635.900 3634.649
636.183 3767.595
636.467 3749.534
636.750 3745.860
637.033 3876.412
637.317 3888.316
637.600 3772.800
637.883 3683.735
638.167 3734.207
638.450 3809.582
638.734 3797.178
639.017 3867.776
639.300 3890.681
639.584 3856.792
639.867 3861.475
640.150 3936.264
640.434 4091.962
640.717 4173.889
641.000 4078.075
641.284 4108.150
641.567 4354.963
641.851 4500.838
642.134 4481.085
642.417 4523.234
642.701 4616.588
642.984 4553.811
643.267 4365.471
643.551 4193.225
643.834 4261.927
644.117 4495.421
644.401 4496.049
644.684 4597.909
644.968 5004.852
645.251 5410.333
645.534 5749.692
645.818 6128.778
646.101 6359.231
646.384 6790.311
646.668 7229.555
646.951 7673.417
647.235 8223.923
647.518 8826.815
647.801 9322.345
648.085 10052.201
648.368 10887.245
648.651 11668.844
648.935 12397.265
649.218 13258.924
649.501 14281.683
649.785 15256.150
650.068 16077.403
650.352 17018.654
650.635 18304.806
650.918 19551.729
651.202 20587.089
651.485 21602.424
651.768 22796.585
652.052 23901.541
652.335 24871.451
652.618 25619.557
652.902 26388.037
653.185 27167.231
653.469 27847.097
653.752 28415.071
654.035 29129.555
654.319 29794.100
654.602 30250.137
654.885 30725.653
655.169 31213.644
655.452 31615.064
655.735 31907.243
656.019 32213.926
656.302 32487.392
656.586 32750.907
656.869 32961.490
657.152 33221.842
657.436 33604.757
657.719 33908.792
658.002 34177.011
658.286 34530.782
658.569 34952.901
658.852 35215.680
659.136 35465.222
659.419 35955.319
659.703 36472.362
659.986 36764.690
660.269 37079.015
660.553 37553.118
660.836 38233.357
661.119 38775.282
661.403 38909.641
661.686 39209.576
661.969 39808.745
662.253 39999.316
662.536 40149.510
662.820 40063.521
663.103 39977.906
663.386 39841.224
663.670 39483.046
663.953 38948.599
664.236 38724.285
664.520 38169.148
664.803 37592.999
665.086 37086.097
665.370 36546.747
665.653 35908.327
665.937 35136.033
666.220 34115.016
666.503 33191.586
666.787 32149.198
667.070 30942.145
667.353 29675.034
667.637 28555.660
667.920 27443.220
668.204 26236.467
668.487 24961.967
668.770 23794.789
669.054 22596.327
669.337 21373.751
669.620 20170.700
669.904 18922.438
670.187 17651.015
670.470 16517.953
670.754 15524.094
671.037 14572.352
671.321 13597.206
671.604 12693.881
671.887 11901.428
672.171 11305.041
672.454 10561.976
672.737 9780.844
673.021 9230.979
673.304 8854.361
673.587 8510.080
673.871 8140.025
674.154 7971.171
674.438 7893.252
674.721 7744.179
675.004 7328.732
675.288 6986.480
675.571 6755.138
675.854 6432.828
676.138 5939.030
676.421 5695.022
676.704 5716.175
676.988 5734.864
677.271 5700.876
677.555 5545.998
677.838 5598.293
678.121 5624.186
678.405 5617.334
678.688 5451.810
678.971 5456.328
679.255 5385.971
679.538 5088.753
679.821 4871.917
680.105 4922.967
680.388 4716.617
680.672 4347.891
680.955 4123.655
681.238 4138.224
681.522 4258.684
681.805 4114.297
682.088 3908.525
682.372 3853.582
682.655 4044.770
682.938 4095.204
683.222 3981.784
683.505 3882.640
683.789 4074.536
684.072 3996.226
684.355 3858.268
684.639 3821.812
684.922 3823.431
685.205 3866.293
685.489 4033.663
685.772 4040.052
686.056 4053.897
686.339 4221.037
686.622 4361.187
686.906 4414.533
687.189 4420.388
687.472 4196.902
687.756 4000.785
688.039 4073.233
688.322 4152.391
688.606 4045.000
688.889 3921.315
689.173 4063.353
689.456 4213.603
689.739 4326.755
690.023 4401.090
690.306 4315.022
690.589 4262.389
690.873 4254.096
691.156 4211.462
691.439 4316.163
691.723 4408.549
692.006 4516.919
692.290 4612.525
692.573 4571.440
692.856 4558.052
693.140 4360.926
693.423 4191.930
693.706 4081.040
693.990 3949.471
694.273 3857.352
694.556 4034.101
694.840 4165.261
695.123 4119.440
695.407 3981.054
695.690 3858.501
695.973 3712.283
696.257 3691.388
696.540 3655.368
696.830 3633.280
697.120 4083.934
697.410 4304.659
697.699 4299.929
697.989 4421.566
698.279 4648.911
698.569 4532.125
698.859 4308.420
699.149 3889.307
699.439 4002.093
699.729 4167.494
700.018 3957.551
700.308 3833.475
700.598 3905.503
700.888 3939.570
701.178 4014.368
701.468 3890.927
701.758 4003.691
702.048 4242.022
702.337 4019.891
702.627 3836.978
702.917 3890.321
703.207 3805.887
703.497 3773.849
703.787 3673.994
704.077 3582.137
704.366 3525.680
704.656 3571.662
704.946 3888.182
705.236 3945.793
705.526 3828.421
705.816 3700.790
706.106 3692.435
706.396 3808.046
706.685 3769.317
706.975 3351.159
707.265 3276.189
707.555 3313.975
707.845 3265.559
708.135 3408.801
708.425 3518.820
708.715 3602.250
709.004 3786.622
709.294 3778.589
709.584 3833.750
709.874 3999.979
710.164 3813.663
710.454 3684.421
710.744 3698.119
711.034 3694.527
711.323 3758.982
711.613 3689.336
711.903 3635.824
712.193 3630.106
712.483 3652.370
712.773 3609.975
713.063 3504.621
713.352 3557.653
713.642 3569.336
713.932 3426.303
714.222 3493.203
714.512 3558.066
714.802 3481.769
715.092 3465.150
715.382 3367.766
715.671 3343.040
715.961 3398.306
716.251 3192.945
716.541 3051.516
716.831 3212.603
717.121 3294.643
717.411 3232.121
717.701 3177.416
717.990 3407.683
718.280 3667.956
718.570 3748.639
718.860 3727.845
719.150 3795.500
719.440 3842.535
719.730 3861.327
720.019 3708.506
720.309 3655.868
720.599 3656.794
720.889 3509.741
721.179 3299.099
721.469 3219.389
721.759 3226.279
722.049 3159.635
722.338 3143.765
722.628 3121.207
722.918 3423.042
723.208 3746.694
723.498 3868.935
723.788 4005.612
724.078 4102.873
724.368 4026.517
724.657 4057.838
724.947 3897.581
725.237 3823.119
725.527 3799.161
725.817 3634.343
726.107 3523.612
726.397 3523.876
726.686 3497.744
726.976 3584.896
727.266 3472.393
727.556 3356.891
727.846 3283.326
728.136 3258.413
728.426 3291.761
728.716 3253.935
729.005 2982.226
729.295 2832.991
729.585 3098.246
729.875 3315.933
730.165 3331.700
730.455 3516.948
730.745 3587.362
731.035 3684.049
731.324 3890.090
731.614 3850.931
731.904 3890.476
732.194 3991.211
732.484 3755.481
732.774 3761.167
733.064 4006.427
733.354 3930.703
733.643 3687.616
733.933 3619.230
734.223 3610.882
734.513 3617.107
734.803 3479.320
735.093 3518.680
735.383 3607.571
735.672 3593.067
735.962 3393.911
736.252 3368.760
736.542 3600.663
736.832 3752.936
737.122 3334.098
737.412 3166.822
737.702 3302.797
737.991 3431.086
738.281 3444.439
738.571 3357.997
738.861 3314.198
739.151 3495.049
739.441 3559.700
739.731 3665.831
740.021 3692.841
740.310 3578.000
740.600 3433.853
740.890 3453.806
741.180 3416.269
741.470 3303.121
741.760 3109.523
742.050 3328.597
742.339 3459.246
742.629 3420.208
742.919 3369.776
743.209 3354.446
743.499 3433.103
743.789 3530.256
744.079 3192.012
744.369 3027.348
744.658 3146.728
744.948 3174.525
745.238 3076.038
745.528 3073.882
745.818 3147.303
746.108 3362.715
746.398 3437.178
746.688 3402.308
746.977 3401.956
747.267 3445.484
747.557 3317.294
747.847 3259.601
748.137 3162.068
748.427 3343.353
748.717 3406.608
749.006 3506.993
749.296 3688.192
749.586 3812.446
749.876 3767.928
750.166 3725.856
750.456 3679.443
750.746 3664.576
751.036 3442.520
751.325 3631.952
751.615 3935.290
751.905 3900.738
752.195 3864.847
752.485 3800.339
752.775 3776.318
753.065 3944.497
753.355 3737.147
753.644 3541.522
753.934 3587.608
754.224 3654.434
754.514 3552.112
754.804 3639.041
755.094 3726.712
755.384 3703.561
755.674 3604.495
755.963 3698.289
756.253 3808.438
756.543 3827.456
756.833 3572.451
757.123 3441.276
757.413 3451.690
757.703 3508.722
757.992 3397.539
758.282 3381.276
758.572 3429.691
758.862 3658.781
759.152 3727.928
759.442 3673.368
759.732 3629.435
760.022 3584.568
760.311 3387.957
760.601 3580.167
760.891 3673.608
761.181 3583.619
761.471 3556.399
761.761 3630.777
762.051 3726.230
762.341 3705.129
762.630 3507.509
762.920 3424.873
763.210 3469.413
763.500 3526.124
763.793 3452.637
764.086 3416.424
764.379 3599.758
764.671 3637.625
764.964 3436.246
765.257 3456.583
765.550 3514.476
765.843 3470.597
766.136 3378.270
766.429 3249.850
766.722 3195.176
767.014 3271.730
767.307 3168.128
767.600 3230.568
767.893 3420.327
768.186 3499.663
768.479 3535.425
768.772 3562.186
769.064 3598.213
769.357 3502.909
769.650 3261.489
769.943 3181.936
770.236 3317.676
770.529 3357.002
770.822 3205.929
771.115 3227.690
771.407 3538.967
771.700 3733.606
771.993 3739.017
772.286 3640.598
772.579 3736.535
772.872 3883.223
773.165 3695.247
773.457 3684.586
773.750 3678.188
774.043 3622.614
774.336 3613.972
774.629 3524.849
774.922 3523.897
775.215 3648.495
775.508 3391.619
775.800 3207.672
776.093 3252.922
776.386 3422.786
776.679 3568.536
776.972 3649.250
777.265 3785.119
777.558 3935.099
777.850 3987.472
778.143 3996.789
778.436 3860.873
778.729 3604.176
779.022 3383.581
779.315 3307.997
779.608 3349.176
779.900 3297.455
780.193 3082.433
780.486 3486.537
780.779 3849.259
781.072 3897.472
781.365 3845.788
781.658 3844.146
781.951 3961.967
782.243 3990.989
782.536 3553.613
782.829 3444.336
783.122 3612.956
783.415 3720.096
783.708 3747.656
784.001 3744.092
784.293 3878.334
784.586 3917.287
784.879 3706.452
785.172 3556.240
785.465 3531.492
785.758 3583.879
786.051 3502.633
786.344 3550.579
786.636 3561.425
786.929 3568.371
787.222 3650.561
787.515 3813.368
787.808 3920.747
788.101 3997.377
788.394 3899.196
788.686 3825.660
788.979 3848.262
789.272 3826.646
789.565 3573.690
789.858 3341.812
790.151 3338.277
790.444 3391.791
790.737 3388.697
791.029 3507.249
791.322 3566.592
791.615 3538.147
791.908 3459.995
792.201 3468.383
792.494 3555.521
792.787 3601.887
793.079 3448.709
793.372 3518.187
793.665 3774.534
793.958 3853.536
794.251 3698.647
794.544 3578.535
794.837 3533.887
795.130 3644.302
795.422 3514.011
795.715 3382.042
796.008 3544.225
796.301 3705.815
796.594 3624.989
796.887 3582.762
797.180 3608.961
797.472 3616.198
797.765 3433.077
798.058 3280.301
798.351 3426.682
798.644 3762.036
798.937 3958.805
799.230 3901.035
799.523 3915.636
799.815 4054.505
800.108 3946.474
800.401 3885.937
800.694 3763.736
800.987 3696.542
801.280 3696.112
801.573 3671.726
801.865 3796.977
802.158 3954.736
802.451 3864.898
802.744 3901.290
803.037 3939.734
803.330 3897.488
803.623 3843.051
803.915 3695.989
804.208 3661.665
804.501 3527.777
804.794 3396.222
805.087 3399.352
805.380 3501.847
805.673 3577.174
805.966 3508.542
806.258 3553.319
806.551 3703.930
806.844 3588.794
807.137 3339.791
807.430 3476.191
807.723 3604.203
808.016 3695.637
808.308 3602.251
808.601 3808.081
808.894 4007.978
809.187 4039.641
809.480 3925.894
809.773 3848.637
810.066 3770.653
810.359 3609.713
810.651 3187.674
810.944 3103.895
811.237 3290.197
811.530 3083.710
811.825 3013.041
812.119 3099.980
812.414 3258.193
812.709 3485.544
813.003 3394.983
813.298 3832.560
813.593 4272.607
813.887 4399.204
814.182 4414.938
814.476 4433.384
814.771 4419.769
815.066 4470.387
815.360 3974.597
815.655 3728.963
815.950 3648.454
816.244 3577.678
816.539 3638.610
816.834 3691.689
817.128 3831.032
817.423 3745.722
817.718 3621.061
818.012 3641.991
818.307 3787.001
818.602 3735.387
818.896 3732.121
819.191 3793.632
819.486 4012.252
819.780 4044.553
820.075 3990.348
820.369 4053.109
820.664 4203.625
820.959 4099.752
821.253 3921.929
821.548 3802.537
821.843 3890.831
822.137 3860.474
822.432 3635.136
822.727 3482.870
823.021 3620.758
823.316 3647.407
823.611 3589.985
823.905 3513.552
824.200 3566.071
824.495 3575.246
824.789 3528.488
825.084 3626.250
825.379 3757.827
825.673 3904.785
825.968 3997.428
826.262 4074.337
826.557 4199.623
826.852 4314.775
827.146 4125.283
827.441 3900.932
827.736 3815.129
828.030 3807.009
828.325 3689.928
828.620 3810.586
828.914 3822.518
829.209 3815.670
829.504 3846.838
829.798 3823.940
830.093 3774.691
830.388 3763.963
830.682 3503.000
830.977 3462.601
831.271 3594.771
831.566 3709.941
831.861 3717.629
832.155 3685.840
832.450 3706.446
832.745 3824.956
833.039 3654.711
833.334 3376.803
833.629 3335.065
833.923 3301.670
834.218 3224.370
834.513 3289.312
834.807 3253.616
835.102 3272.768
835.397 3214.200
835.691 3022.594
835.986 2958.274
836.281 2938.168
836.575 2841.350
836.870 2838.329
837.164 2890.156
837.459 2897.074
837.754 2897.027
838.048 2990.366
838.343 3103.877
838.638 3150.994
838.932 3187.432
839.227 3226.094
839.522 3300.211
839.816 3361.738
840.111 3292.961
840.406 3510.798
840.700 3848.807
840.995 3954.033
841.290 3972.558
841.584 4000.117
841.879 4028.784
842.174 4274.998
842.468 4221.095
842.763 4034.870
843.057 3974.365
843.352 3931.080
843.647 3928.448
843.941 4048.958
844.236 3878.514
844.531 3840.216
844.825 3862.159
845.120 3853.504
845.415 3849.046
845.709 4044.233
846.004 4130.581
846.299 4268.429
846.593 4255.894
846.888 4051.102
847.183 4032.724
847.477 4159.748
847.772 4156.440
848.066 3992.558
848.361 3794.988
848.656 3638.960
848.950 3899.971
849.245 4076.572
849.540 4003.763
849.834 3869.937
850.129 3875.539
850.424 3859.442
850.718 3864.222
851.013 3728.358
851.308 3686.632
851.602 3760.264
851.897 3723.793
852.192 4039.664
852.486 4372.506
852.781 4617.128
853.076 4612.215
853.370 4354.534
853.665 4285.579
853.959 4311.049
854.254 3852.694
854.549 3600.821
854.843 3505.726
855.138 3461.662
855.433 3672.669
855.727 3715.914
856.022 3715.723
856.317 3972.547
856.611 3954.784
856.906 3991.638
857.201 4123.018
857.495 3938.303
857.790 3784.442
858.085 3790.385
858.379 3717.314
858.674 3631.535
858.969 3355.354
859.263 3223.030
859.558 3459.980
859.852 3478.755
860.147 3384.433
860.442 3408.461
860.736 3561.925
861.031 3838.589
861.326 3852.512
861.620 3617.854
861.915 3772.296
862.210 3908.838
862.504 3779.130
862.799 3744.326
863.094 3659.989
863.388 3612.100
863.683 3506.121
863.978 3288.624
864.272 3273.174
864.567 3231.371
864.861 3045.128
865.156 3037.547
865.451 3069.781
865.745 3618.150
866.040 4030.881
866.335 4064.646
866.629 4186.925
866.924 4356.844
867.219 4311.034
867.513 4351.118
867.808 4152.063
868.103 3948.713
868.397 3839.834
868.692 3761.976
868.987 3707.632
869.281 3519.697
869.576 3276.447
869.871 3007.575
870.165 2817.806
870.460 2749.425
870.754 2744.801
871.049 2832.212
871.344 3083.824
871.638 3214.370
871.933 3354.252
872.228 3569.237
872.522 3679.443
872.817 3834.904
873.112 3738.304
873.406 3534.528
873.701 3499.700
873.996 3456.556
874.290 3337.265
874.585 3343.186
874.880 3237.474
875.174 3181.811
875.469 3227.117
875.764 3297.898
876.058 3355.587
876.353 3354.366
876.647 3337.369
876.942 3377.406
877.237 3585.725
877.531 3659.105
877.826 3583.008
878.121 3526.892
878.415 3543.829
878.710 3506.107
879.005 3295.213
879.299 2987.842
879.594 2960.699
879.889 2990.241
880.183 2845.052
880.478 2739.946
880.773 2770.829
881.067 2876.297
881.362 2906.812
881.656 2860.061
881.951 2920.605
882.246 3019.247
882.540 2944.130
882.835 2771.372
883.130 2809.621
883.424 2985.689
883.719 3015.942
884.014 2968.381
884.308 3000.639
884.603 3121.739
884.898 3168.475
885.192 3185.344
885.487 3186.531
885.782 3090.707
886.076 3002.852
886.371 2801.348
886.666 2740.735
886.960 2983.592
887.255 3047.824
887.549 3083.565
887.844 3171.736
888.139 3177.606
888.433 3257.806
888.728 3307.005
889.023 3180.572
889.317 3147.861
889.612 3127.273
889.907 3141.497
890.201 3268.569
890.496 3349.914
890.791 3316.228
891.085 3311.565
891.380 3217.961
891.675 3058.286
891.969 2939.152
892.264 2797.476
892.559 2821.080
892.853 2909.848
893.148 2789.016
893.442 2850.106
893.737 3056.507
894.032 3078.299
894.326 3047.873
894.621 3009.142
894.916 2954.426
895.210 2982.155
895.505 2937.485
895.800 2757.172
896.094 2832.432
896.389 2893.655
896.684 2818.359
896.978 2718.745
897.273 2724.215
897.568 2771.998
897.862 2824.050
898.157 2935.599
898.451 3130.953
898.746 3237.523
899.041 3291.827
899.335 3430.682
899.630 3535.127
899.925 3489.710
900.219 3364.470
900.514 3498.668
900.809 3521.309
901.103 3491.241
901.398 3565.309
901.693 3499.037
901.987 3613.477
902.282 3631.336
902.577 3314.089
902.871 3248.991
903.166 3379.277
903.461 3239.030
903.755 3088.124
904.050 2998.822
904.344 2957.724
904.639 2911.441
904.934 2860.914
905.228 2813.071
905.523 2782.316
905.818 2798.860
906.112 2887.479
906.407 3076.006
906.702 3232.835
906.996 3370.921
907.291 3328.824
907.586 3391.133
907.880 3598.866
908.175 3575.981
908.470 3379.687
908.764 3324.365
909.059 3288.539
909.354 3397.197
909.648 3483.684
909.943 3545.906
910.237 3585.656
910.532 3746.668
910.827 3715.943
911.121 3644.207
911.416 3627.193
911.711 3596.242
912.005 3562.482
912.300 3537.582
912.599 3423.087
912.898 3416.263
913.196 3328.339
913.495 3278.747
913.794 3401.348
914.093 3319.739
914.391 3368.802
914.690 3416.048
914.989 3497.124
915.288 3558.843
915.586 3411.522
915.885 3250.168
916.184 3246.358
916.483 3230.552
916.782 3262.720
917.080 3380.698
917.379 3673.776
917.678 3884.506
917.977 3879.116
918.275 3878.837
918.574 3809.770
918.873 3730.620
919.172 3660.129
919.471 3440.965
919.769 3431.230
920.068 3490.638
920.367 3352.450
920.666 3208.198
920.964 3261.777
921.263 3117.993
921.562 2995.262
921.861 3001.539
922.159 3112.044
922.458 3321.616
922.757 3570.045
923.056 3598.479
923.355 3698.639
923.653 3823.952
923.952 3753.717
924.251 3561.584
924.550 3570.996
924.848 3448.531
925.147 3262.088
925.446 3224.818
925.745 3275.953
926.043 3315.286
926.342 3303.327
926.641 3204.484
926.940 3182.653
927.239 3360.341
927.537 3420.380
927.836 3522.611
928.135 3708.954
928.434 3824.684
928.732 3732.642
929.031 3749.903
929.330 3855.486
929.629 3942.854
929.927 3772.308
930.226 3676.096
930.525 3739.741
930.824 3900.620
931.123 3998.646
931.421 3917.400
931.720 3900.242
932.019 4043.140
932.318 3921.945
932.616 3775.935
932.915 3843.544
933.214 3869.225
933.513 3907.111
933.812 3866.798
934.110 4048.122
934.409 4476.369
934.708 4657.704
935.007 4597.454
935.305 4543.385
935.604 4449.583
935.903 4417.858
936.202 4289.238
936.500 4128.548
936.799 4072.625
937.098 4080.782
937.397 4231.806
937.696 4387.769
937.994 4442.649
938.293 4440.191
938.592 4455.033
938.891 4546.422
939.189 4460.798
939.488 4546.413
939.787 4630.143
940.086 4676.900
940.384 4600.542
940.683 4834.542
940.982 5125.214
941.281 5336.341
941.580 5309.039
941.878 5280.463
942.177 5241.858
942.476 5380.570
942.775 5169.863
943.073 4896.036
943.372 5155.965
943.671 5320.199
943.970 5239.887
944.268 5248.579
944.567 5280.690
944.866 5293.829
945.165 5266.941
945.464 5008.431
945.762 5105.032
946.061 5290.402
946.360 5259.796
946.659 5059.948
946.957 5003.713
947.256 5000.717
947.555 4816.086
947.854 4396.224
948.153 4326.738
948.451 4461.224
948.750 4488.481
949.049 4411.558
949.348 4448.154
949.646 4674.116
949.945 4789.380
950.244 4651.818
950.543 4619.721
950.841 4805.256
951.140 4816.626
951.439 4815.595
951.738 4818.178
952.037 4817.376
952.335 4869.776
952.634 4635.660
952.933 4419.233
953.232 4456.747
953.530 4389.597
953.829 4211.728
954.128 4135.845
954.427 4238.877
954.725 4501.468
955.024 4407.798
955.323 4360.915
955.622 4427.252
955.921 4364.097
956.219 4297.001
956.518 4126.274
956.817 4036.998
957.116 4041.080
957.414 3774.786
957.713 3628.060
958.012 3663.473
958.311 3678.599
958.610 3611.705
958.908 3647.753
959.207 3878.487
959.506 4085.123
959.805 4056.120
960.103 4136.400
960.402 4307.623
960.701 4376.245
961.000 4200.631
961.298 3989.014
961.597 4045.998
961.896 4163.898
962.195 3955.784
962.494 3725.669
962.792 3648.486
963.091 3594.389
963.390 3626.124
963.689 3556.298
963.987 3476.465
964.286 3557.230
964.585 3732.094
964.884 4171.784
965.182 4491.747
965.481 4622.215
965.780 4667.470
966.080 4667.928
966.380 4834.095
966.680 4687.784
966.981 4284.695
967.281 4102.522
967.581 4091.635
967.881 4073.810
968.181 3957.658
968.481 3861.193
968.781 3881.102
969.082 3861.662
969.382 3921.224
969.682 3782.350
969.982 3818.330
970.282 3986.523
970.582 3938.385
970.882 3843.117
971.183 3882.372
971.483 3867.906
971.783 3860.784
972.083 3732.719
972.383 3685.397
972.683 3714.326
972.983 3797.604
973.284 3805.803
973.584 3854.661
973.884 3888.792
974.184 3852.804
974.484 3829.017
974.784 3879.229
975.084 3857.766
975.385 3718.067
975.685 3647.280
975.985 3626.100
976.285 3593.521
976.585 3470.773
976.885 3374.868
977.185 3432.783
977.486 3518.792
977.786 3354.850
978.086 3271.008
978.386 3442.739
978.686 3567.006
978.986 3459.240
979.286 3336.256
979.587 3276.425
979.887 3327.296
980.187 3297.191
980.487 3333.373
980.787 3390.697
981.087 3438.164
981.387 3373.203
981.688 3372.384
981.988 3337.565
982.288 3365.461
982.588 3148.928
982.888 3051.538
983.188 3254.004
983.488 3459.185
983.789 3614.509
984.089 3712.833
984.389 3830.300
984.689 3889.767
984.989 3780.805
985.289 3545.700
985.589 3417.452
985.890 3224.062
986.190 3110.099
986.490 3046.852
986.790 3154.747
987.090 3136.213
987.390 3216.822
987.690 3422.288
987.991 3543.612
988.291 3518.078
988.591 3539.544
988.891 3538.582
989.191 3647.048
989.491 3712.800
989.791 3532.552
990.092 3493.161
990.392 3750.769
990.692 3821.378
990.992 3628.416
991.292 3538.167
991.592 3444.062
991.892 3370.385
992.193 3274.422
992.493 3133.173
992.793 3074.210
993.093 3107.676
993.393 3119.570
993.693 3140.464
993.993 3266.073
994.294 3457.538
994.594 3461.718
994.894 3340.898
995.194 3380.506
995.494 3400.972
995.794 3391.294
996.094 3350.902
996.395 3285.653
996.695 3168.547
996.995 3113.727
997.295 3145.906
997.595 3250.800
997.895 3277.122
998.195 3252.016
998.496 3160.195
998.796 3225.660
999.096 3316.982
999.396 3390.733
999.696 3387.626
999.996 3360.234
1000.296 3387.985
1000.597 3704.735
1000.897 3794.343
1001.197 3735.808
1001.497 3660.129
1001.797 3588.308
1002.097 3708.773
1002.397 3718.238
1002.698 3392.845
1002.998 3262.738
1003.298 3362.488
1003.598 3353.524
1003.898 3297.132
1004.198 3154.882
1004.498 3149.632
1004.799 3265.096
1005.099 3275.703
1005.399 3174.453
1005.699 3134.632
1005.999 3325.525
1006.299 3330.560
1006.599 3289.739
1006.900 3343.631
1007.200 3374.810
1007.500 3412.560
1007.800 3464.166
1008.100 3357.059
1008.400 3417.523
1008.700 3553.415
1009.001 3578.879
1009.301 3819.915
1009.601 4107.378
1009.901 4228.414
1010.201 4165.877
1010.501 4053.055
1010.801 3883.662
1011.102 3695.697
1011.402 3397.018
1011.702 3118.196
1012.002 2990.231
1012.302 3025.694
1012.602 3000.729
1012.902 3138.907
1013.203 3164.513
1013.503 3197.976
1013.803 3224.440
1014.103 3224.332
1014.403 3367.938
1014.703 3658.687
1015.003 3548.864
1015.304 3477.185
1015.604 3487.077
1015.904 3660.111
1016.204 3706.717
1016.504 3564.609
1016.804 3327.215
1017.104 3332.535
1017.405 3435.426
1017.705 3551.175
1018.005 3454.066
1018.305 3354.387
1018.605 3516.421
1018.905 3744.026
1019.205 3863.632
1019.506 3886.809
1019.806 3718.415
1020.106 3635.735
1020.406 3679.626
1020.706 3548.374
1021.006 3380.265
1021.306 3277.014
1021.607 3193.905
1021.907 3218.367
1022.207 3141.830
1022.507 3072.149
1022.807 3160.326
1023.107 3172.789
1023.407 3097.394
1023.708 3104.285
1024.008 3120.890
1024.308 3231.781
1024.608 3500.814
1024.908 3556.705
1025.208 3551.024
1025.508 3610.201
1025.809 3602.663
1026.109 3604.839
1026.409 3683.873
1026.709 3544.192
1027.009 3380.225
1027.309 3426.830
1027.609 3526.292
1027.910 3819.325
1028.210 4070.073
1028.510 4240.963
1028.810 4594.711
1029.110 4738.173
1029.410 4670.492
1029.710 4529.668
1030.011 4341.986
1030.311 4190.734
1030.611 3941.910
1030.911 3636.657
1031.211 3642.833
1031.511 3632.723
1031.811 3607.185
1032.112 3626.503
1032.412 3766.679
1032.712 3761.998
1033.012 3588.459
1033.312 3588.635
1033.612 3643.239
1033.912 3729.700
1034.212 3652.304
1034.513 3420.194
1034.813 3436.655
1035.113 3472.974
1035.413 3209.006
1035.713 3159.467
1036.013 3273.785
1036.313 3296.532
1036.614 3375.708
1036.914 3496.454
1037.214 3757.344
1037.514 3885.091
1037.814 3812.837
1038.114 3694.870
1038.414 3656.188
1038.715 3552.505
1039.015 3322.395
1039.315 3008.427
1039.615 2953.602
1039.915 2938.920
1040.215 2855.666
1040.515 2780.270
1040.816 2785.873
1041.116 2812.334
1041.416 2929.366
1041.716 3151.827
1042.016 3442.001
1042.316 3552.890
1042.616 3578.779
1042.917 3782.240
1043.217 3885.986
1043.517 3680.875
1043.817 3376.050
1044.117 3184.367
1044.417 3352.684
1044.717 3449.288
1045.018 3267.462
1045.318 3233.494
1045.618 3439.954
1045.918 3585.986
1046.218 3519.874
1046.518 3327.191
1046.818 3338.080
1047.119 3362.112
1047.419 3336.714
1047.719 3352.174
1048.019 3417.063
1048.319 3385.523
1048.619 3314.697
1048.919 3265.300
1049.220 3177.902
1049.520 3196.934
1049.820 3125.251
1050.120 3129.425
1050.420 3398.027
1050.720 3478.058
1051.020 3426.804
1051.321 3488.549
1051.621 3425.866
1051.921 3371.040
1052.221 3366.499
1052.521 3241.245
1052.821 3390.418
1053.121 3473.306
1053.422 3839.623
1053.722 4218.368
1054.022 4364.828
1054.322 4237.001
1054.622 4179.746
1054.922 4159.920
1055.222 4235.379
1055.523 3893.981
1055.823 3528.012
1056.123 3348.043
1056.423 3355.645
1056.723 3455.390
1057.023 3316.563
1057.323 3203.165
1057.624 3245.910
1057.924 3342.226
1058.224 3366.256
1058.524 3519.144
1058.824 3576.174
1059.124 3610.633
1059.424 3676.092
1059.725 3707.265
1060.025 3763.010
1060.325 3791.612
1060.625 3672.356
1060.925 3529.815
1061.225 3547.274
1061.525 3489.161
1061.826 3354.620
1062.126 3286.650
1062.426 3440.537
1062.726 3489.138
1063.026 3589.454
1063.326 3567.484
1063.626 3556.657
1063.927 3754.687
1064.227 3798.574
1064.527 3633.461
1064.827 3619.491
1065.127 3519.521
1065.427 3574.265
1065.727 3643.152
1066.028 3555.182
1066.328 3474.068
1066.628 3465.670
1066.928 3452.699
1067.228 3445.015
1067.528 3318.330
1067.828 3253.645
1068.129 3174.961
1068.429 3204.133
1068.729 3331.591
1069.029 3392.335
1069.329 3503.793
1069.629 3606.394
1069.929 3581.138
1070.230 3565.310
1070.530 3480.768
1070.830 3463.797
1071.130 3435.112
1071.430 3274.570
1071.730 3316.028
1072.030 3524.914
1072.331 3603.801
1072.631 3597.401
1072.931 3569.145
1073.231 3631.174
1073.531 3726.203
1073.831 3528.518
1074.131 3225.261
1074.432 3090.147
1074.732 3056.462
1075.032 2918.634
1075.332 2719.091
1075.632 2740.406
1075.932 2806.721
1076.232 2803.464
1076.533 2933.636
1076.833 3107.665
1077.133 3125.265
1077.433 3016.294
1077.733 2868.037
1078.033 2990.351
1078.333 3181.380
1078.634 3131.551
1078.934 3147.437
1079.234 3290.609
1079.534 3416.637
1079.834 3457.523
1080.134 3377.266
1080.434 3323.294
1080.735 3384.609
1081.035 3333.351
1081.335 3327.951
1081.635 3456.266
1081.935 3588.723
1082.235 3617.322
1082.535 3666.922
1082.836 3670.665
1083.136 3656.550
1083.436 3544.579
1083.736 3437.321
1084.036 3276.921
1084.336 3275.092
1084.636 3292.834
1084.937 3341.148
1085.237 3369.891
1085.537 3574.776
1085.837 3684.233
1086.137 3804.546
1086.437 3876.146
1086.737 3816.745
1087.038 3633.059
1087.338 3522.087
1087.638 3481.401
1087.938 3400.286
1088.238 3376.457
1088.538 3302.056
1088.838 3538.084
1089.139 3827.397
1089.439 3852.997
1089.739 3711.310
1090.039 3685.767
1090.339 3532.651
1090.639 3425.679
1090.939 3124.135
1091.240 2960.592
1091.540 3089.476
1091.840 3158.790
1092.140 3308.389
1092.453 3464.702
1092.766 3479.587
1093.079 3419.471
1093.392 3346.499
1093.705 3239.526
1094.018 3266.697
1094.330 3080.439
1094.643 3234.037
1094.956 3396.636
1095.269 3523.521
1095.582 3503.691
1095.895 3540.861
1096.208 3602.174
1096.521 3862.630
1096.834 3751.943
1097.147 3610.684
1097.460 3664.712
1097.773 3804.310
1098.085 3740.337
1098.398 3628.793
1098.711 3498.535
1099.024 3466.276
1099.337 3534.589
1099.650 3415.187
1099.963 3317.643
1100.276 3380.813
1100.589 3335.697
1100.902 3250.152
1101.215 3242.608
1101.528 3394.063
1101.841 3449.947
1102.153 3431.688
1102.466 3490.001
1102.779 3670.028
1103.092 3759.626
1103.405 3812.796
1103.718 3670.822
1104.031 3589.421
1104.344 3526.447
1104.657 3498.188
1104.970 3467.644
1105.283 3556.813
1105.596 3629.554
1105.909 3664.438
1106.221 3781.607
1106.534 3893.348
1106.847 3803.232
1107.160 3639.687
1107.473 3543.713
1107.786 3363.025
1108.099 3236.337
1108.412 3262.935
1108.725 3268.247
1109.038 3232.988
1109.351 3196.586
1109.664 3079.041
1109.977 3051.353
1110.289 3010.379
1110.602 2857.262
1110.915 2952.432
1111.228 3127.458
1111.541 3318.341
1111.854 3332.510
1112.167 3270.251
1112.480 3336.134
1112.793 3400.446
1113.106 3173.186
1113.419 3049.069
1113.732 2944.381
1114.044 2996.264
1114.357 3061.862
1114.670 3115.602
1114.983 3145.199
1115.296 3270.654
1115.609 3295.251
1115.922 3318.563
1116.235 3343.589
1116.548 3387.900
1116.861 3279.497
1117.174 3190.523
1117.487 3193.120
1117.800 3228.718
1118.112 3304.029
1118.425 3420.912
1118.738 3561.938
1119.051 3625.249
1119.364 3763.132
1119.677 3919.443
1119.990 3990.897
1120.303 3944.066
1120.616 3848.234
1120.929 3826.117
1121.242 3938.142
1121.555 3854.596
1121.868 3666.622
1122.180 3596.647
1122.493 3578.530
1122.806 3619.555
1123.119 3497.295
1123.432 3357.035
1123.745 3520.917
1124.058 3707.800
1124.371 3734.396
1124.684 3636.422
1124.997 3480.590
1125.310 3476.472
1125.623 3499.355
1125.935 3433.523
1126.248 3389.834
1126.561 3413.859
1126.874 3478.598
1127.187 3626.909
1127.500 3793.220
1127.813 3954.673
1128.126 3954.413
1128.439 3767.009
1128.752 3614.891
1129.065 3586.916
1129.378 3535.227
1129.691 3441.681
1130.003 3420.420
1130.316 3407.159
1130.629 3371.327
1130.942 3433.780
1131.255 3579.234
1131.568 3507.259
1131.881 3305.283
1132.194 3209.451
1132.507 3137.190
1132.820 3177.072
1133.133 3302.240
1133.446 3382.264
1133.759 3466.289
1134.071 3777.171
1134.384 3824.910
1134.697 3798.506
1135.010 3856.102
1135.323 3871.698
1135.636 3701.722
1135.949 3606.890
1136.262 3422.486
1136.575 3355.225
1136.888 3400.963
1137.201 3506.845
1137.514 3448.869
1137.826 3640.894
1138.139 3876.347
1138.452 4031.800
1138.765 4134.396
1139.078 4318.277
1139.391 4284.159
1139.704 4330.326
1140.017 4257.207
1140.330 4086.231
1140.643 3955.827
1140.956 3957.709
1141.269 3920.876
1141.582 3885.614
1141.894 3865.638
1142.207 3775.091
1142.520 3797.687
1142.833 3779.568
1143.146 3707.163
1143.459 3517.187
1143.772 3428.497
1144.085 3254.807
1144.398 3248.688
1144.711 3340.855
1145.024 3376.736
1145.337 3495.903
1145.650 3505.355
1145.962 3548.522
1146.275 3734.117
1146.588 3712.284
1146.901 3629.022
1147.214 3719.760
1147.527 3587.927
1147.840 3523.665
1148.153 3603.260
1148.466 3556.427
1148.779 3678.594
1149.092 3683.474
1149.405 3639.212
1149.718 3649.665
1150.030 3740.688
1150.343 3667.712
1150.656 3543.450
1150.969 3427.331
1151.282 3359.211
1151.595 3217.949
1151.908 3307.116
1152.221 3403.425
1152.534 3686.020
1152.847 4065.615
1153.160 4248.495
1153.473 4394.662
1153.785 4535.114
1154.098 4439.994
1154.411 4307.446
1154.724 4065.327
1155.037 3738.779
1155.350 3534.945
1155.663 3422.111
1155.976 3304.420
1156.289 3253.015
1156.602 3353.752
1156.915 3332.776
1157.228 3426.227
1157.541 3665.251
1157.853 3672.702
1158.166 3649.868
1158.479 3696.606
1158.792 3664.629
1159.105 3668.652
1159.418 3687.532
1159.731 3500.555
1160.044 3500.864
1160.357 3739.887
1160.670 3976.624
1160.983 3989.790
1161.296 3894.385
1161.609 3699.551
1161.921 3610.431
1162.234 3587.025
1162.547 3515.762
1162.860 3261.357
1163.173 3143.665
1163.486 3313.259
1163.799 3567.425
1164.112 3630.305
1164.425 3550.328
1164.738 3352.494
1165.051 3502.659
1165.364 3733.825
1165.676 3731.133
1165.989 3758.013
1166.302 3933.179
1166.615 4050.630
1166.928 4182.653
1167.241 4093.247
1167.554 3962.126
1167.867 3892.720
1168.180 3689.172
1168.493 3599.051
1168.806 3701.074
1169.119 3736.096
1169.432 3600.119
1169.744 3598.570
1170.057 3643.878
1170.370 3724.615
1170.683 3544.494
1170.996 3378.803
1171.309 3375.682
1171.622 3490.276
1171.935 3466.584
1172.248 3384.463
1172.561 3277.486
1172.874 3331.794
1173.187 3407.673
1173.500 3670.267
1173.812 3770.004
1174.125 3680.311
1174.438 3929.905
1174.751 4165.356
1175.064 4148.664
1175.377 4045.115
1175.690 3677.565
1176.003 3496.445
1176.316 3520.895
1176.629 3191.774
1176.942 2947.225
1177.255 3064.819
1177.567 3228.555
1177.880 3371.006
1178.193 3551.885
1178.506 3716.192
1178.819 3813.929
1179.132 3797.951
1179.445 3638.687
1179.758 3588.280
1180.071 3569.159
1180.384 3544.324
1180.697 3592.060
1181.010 3680.511
1181.323 3720.675
1181.635 3680.840
1181.948 3671.576
1182.261 3831.884
1182.574 4060.048
1182.887 4016.356
1183.200 3922.806
1183.513 3957.828
1183.826 4114.135
1184.139 4057.443
1184.452 3822.464
1184.765 3543.057
1185.078 3568.222
1185.391 3516.672
1185.703 3513.979
1186.016 3722.429
1186.329 3830.022
1186.642 4005.330
1186.955 3956.494
1187.268 3827.230
1187.581 3924.394
1187.894 4003.987
1188.207 3778.866
1188.520 3674.030
1188.833 3519.909
1189.146 3465.216
1189.459 3395.523
1189.771 3305.544
1190.084 3289.709
1190.397 3365.444
1190.710 3366.465
1191.023 3362.773
1191.336 3435.794
1191.649 3480.958
1191.962 3470.122
1192.275 3340.000
1192.588 3225.165
1192.901 3260.186
1193.214 3179.350
1193.526 3169.514
1193.839 3270.249
1194.152 3273.128
1194.465 3193.863
1194.778 3205.884
1195.091 3250.048
1195.404 3176.926
1195.717 2961.090
1196.030 2902.254
1196.343 2997.275
1196.656 3233.868
1196.969 3487.031
1197.282 3712.910
1197.594 3963.359
1197.907 4096.951
1198.220 3978.830
1198.533 4041.422
1198.846 4003.729
1199.159 3757.321
1199.472 3474.342
1199.785 3419.220
1200.098 3514.955
1200.411 3570.119
1200.724 3339.854
1201.037 3349.732
1201.350 3413.609
1201.662 3094.916
1201.975 2967.712
1202.288 2845.022
1202.601 2815.483
