165.028 483.141
165.288 434.507
165.547 328.626
165.807 318.464
166.067 315.420
166.327 426.530
166.587 468.366
166.847 367.498
167.107 441.212
167.367 558.936
167.627 613.385
167.886 724.988
168.146 885.886
168.406 958.080
168.666 903.856
168.926 849.785
169.186 948.723
169.446 972.528
169.706 808.629
169.966 704.596
170.225 856.716
170.485 1010.273
170.745 986.554
171.005 923.559
171.265 999.001
171.525 1079.023
171.785 995.911
172.045 821.809
172.305 888.572
172.564 998.057
172.824 921.980
173.084 888.911
173.344 969.708
173.604 969.227
173.864 870.039
174.124 714.717
174.384 761.117
174.644 851.953
174.903 710.940
175.163 680.363
175.423 847.507
175.683 922.945
175.943 815.961
176.203 740.985
176.463 754.444
176.723 925.482
176.983 930.526
177.242 841.577
177.502 921.064
177.762 1022.128
178.022 937.342
178.282 855.991
178.542 983.360
178.802 940.736
179.062 802.975
179.322 770.362
179.581 915.184
179.841 996.012
180.101 1011.846
180.361 847.828
180.621 907.530
180.881 1064.381
181.141 1032.665
181.401 914.098
181.661 983.107
181.920 969.978
182.180 833.140
182.440 738.164
182.700 803.478
182.960 789.369
183.220 717.407
183.480 653.879
183.740 812.926
184.000 972.834
184.259 1024.747
184.519 1033.665
184.779 1161.300
185.039 1297.511
185.299 1287.869
185.559 1305.516
185.819 1436.596
186.079 1420.965
186.339 1215.338
186.598 1111.142
186.858 1328.951
187.118 1493.762
187.378 1394.720
187.638 1214.966
187.898 1251.644
188.158 1389.040
188.418 1370.438
188.678 1201.554
188.937 1245.243
189.197 1189.936
189.457 1033.631
189.717 1004.042
189.977 1132.457
190.237 1216.730
190.497 1080.435
190.757 869.285
191.017 917.565
191.276 1037.847
191.536 893.846
191.796 831.275
192.056 891.277
192.316 915.139
192.576 826.716
192.836 862.723
193.096 1024.161
193.356 1071.600
193.616 965.183
193.875 974.910
194.135 1131.353
194.395 1253.655
194.655 1202.671
194.915 1066.117
195.175 1101.279
195.435 1114.155
195.695 1033.176
195.955 1017.197
196.214 1141.361
196.474 1208.955
196.734 1210.407
196.994 1314.001
197.254 1397.025
197.514 1354.049
197.774 1217.359
198.034 1151.955
198.294 1146.266
198.553 1162.434
198.813 1074.173
199.073 1132.198
199.333 1266.080
199.593 1299.104
199.853 1175.414
200.113 1147.010
200.373 1270.462
200.633 1320.771
200.892 1152.509
201.152 1146.817
201.412 1279.838
201.672 1293.431
201.932 1163.737
202.192 1114.900
202.452 1325.062
202.712 1494.794
202.972 1384.097
203.231 1274.542
203.491 1581.128
203.751 1774.714
204.011 1663.155
204.271 1491.881
204.531 1491.749
204.791 1456.472
205.051 1318.337
205.311 1073.630
205.570 1104.063
205.830 1248.638
206.090 1182.069
206.350 1122.355
206.610 1297.068
206.870 1415.350
207.130 1358.631
207.390 1305.196
207.650 1344.902
207.909 1358.321
208.169 1263.594
208.429 1145.151
208.689 1187.564
208.949 1161.403
209.209 1024.525
209.469 936.217
209.729 1122.764
209.989 1166.308
210.248 1161.422
210.508 1192.390
210.768 1293.356
211.028 1395.320
211.288 1383.567
211.548 1299.097
211.808 1363.767
212.068 1277.864
212.328 1148.672
212.587 1222.620
212.847 1431.709
213.107 1508.937
213.367 1372.735
213.627 1374.672
213.887 1610.606
214.147 1690.252
214.407 1535.181
214.667 1438.678
214.926 1513.744
215.186 1578.663
215.446 1456.152
215.706 1314.494
215.966 1381.976
216.226 1497.026
216.486 1328.501
216.746 1176.260
217.006 1316.300
217.265 1356.909
217.525 1290.086
217.785 1280.830
218.045 1356.143
218.305 1418.024
218.565 1336.473
218.825 1142.776
219.085 1264.504
219.345 1384.514
219.604 1236.948
219.864 1101.237
220.124 1150.236
220.384 1284.089
220.644 1318.795
220.904 1257.783
221.164 1298.196
221.424 1337.177
221.684 1306.297
221.943 1235.413
222.203 1236.097
222.463 1211.919
222.723 1085.738
222.983 953.696
223.243 988.221
223.503 970.171
223.763 1000.689
224.023 1034.060
224.282 1173.855
224.542 1381.075
224.802 1434.433
225.062 1546.645
225.322 1749.710
225.582 1711.485
225.842 1590.398
226.102 1513.736
226.362 1464.785
226.621 1515.543
226.881 1400.297
227.141 1358.190
227.401 1516.221
227.661 1516.677
227.921 1438.843
228.181 1402.004
228.441 1357.447
228.701 1344.028
228.960 1305.034
229.220 1256.893
229.480 1303.175
229.740 1334.311
230.000 1309.727
230.260 1331.140
230.520 1434.405
230.780 1413.237
231.040 1306.493
231.299 1412.602
231.559 1540.135
231.819 1498.520
232.079 1420.473
232.339 1476.849
232.599 1568.507
232.859 1565.874
233.119 1396.237
233.379 1340.310
233.638 1480.092
233.898 1600.155
234.158 1442.357
234.418 1365.126
234.678 1509.318
234.938 1602.220
235.198 1486.403
235.458 1445.439
235.718 1515.756
235.978 1618.639
236.237 1597.375
236.497 1549.963
236.757 1681.976
237.017 1754.555
237.277 1664.700
237.537 1588.698
237.797 1578.692
238.057 1594.823
238.317 1527.379
238.576 1473.644
238.836 1662.189
239.096 1771.159
239.356 1679.981
239.616 1639.084
239.876 1725.325
240.136 1826.418
240.396 1686.792
240.656 1517.876
240.915 1588.098
241.175 1660.172
241.435 1649.813
241.695 1624.734
241.955 1633.937
242.215 1737.563
242.475 1747.756
242.735 1640.658
242.995 1668.270
243.254 1685.591
243.514 1655.765
243.774 1597.219
244.034 1656.811
244.294 1689.828
244.554 1629.124
244.814 1657.702
245.074 1786.704
245.334 1780.700
245.593 1724.263
245.853 1705.822
246.113 1791.375
246.373 1855.495
246.633 1765.610
246.893 1678.578
247.153 1759.826
247.413 1792.069
247.673 1652.450
247.932 1591.113
248.192 1650.198
248.452 1629.708
248.712 1506.498
248.972 1412.569
249.232 1526.779
249.492 1615.554
249.752 1509.468
250.012 1580.948
250.271 1781.995
250.531 1911.608
250.791 1878.217
251.051 1876.678
251.311 1965.705
251.571 2069.156
251.831 1962.888
252.091 1874.186
252.351 1978.622
252.610 2089.625
252.870 1986.623
253.130 1920.331
253.390 1982.605
253.650 1991.160
253.911 1885.567
254.172 1798.826
254.433 1858.081
254.694 1919.617
254.955 1837.862
255.216 1742.387
255.477 1723.908
255.738 1769.424
255.999 1632.793
256.261 1444.157
256.522 1496.230
256.783 1524.012
257.044 1389.504
257.305 1403.848
257.566 1485.331
257.827 1541.094
258.088 1552.996
258.349 1504.892
258.610 1606.641
258.871 1704.242
259.132 1540.267
259.393 1382.145
259.654 1547.589
259.915 1604.028
260.176 1485.605
260.437 1454.607
260.698 1609.889
260.959 1712.880
261.221 1716.439
261.482 1624.421
261.743 1736.255
262.004 1769.228
262.265 1580.196
262.526 1474.159
262.787 1579.975
263.048 1655.929
263.309 1595.307
263.570 1458.823
263.831 1546.048
264.092 1655.554
264.353 1608.628
264.614 1630.696
264.875 1814.903
265.136 1957.105
265.397 1993.017
265.658 1949.067
265.919 2071.969
266.181 2130.296
266.442 1970.189
266.703 1810.934
266.964 1801.533
267.225 1767.269
267.486 1682.144
267.747 1664.014
268.008 1787.308
268.269 2004.883
268.530 1951.597
268.791 1899.163
269.052 2031.439
269.313 2113.853
269.574 1994.834
269.835 1909.810
270.096 1861.068
270.357 1927.892
270.618 1844.855
270.879 1726.528
271.141 1750.625
271.402 1765.288
271.663 1708.090
271.924 1673.888
272.185 1688.967
272.446 1684.898
272.707 1636.682
272.968 1635.319
273.229 1730.809
273.490 1765.294
273.751 1676.060
274.012 1678.965
274.273 1869.437
274.534 1942.904
274.795 1875.367
275.056 1916.826
275.317 1943.138
275.578 1956.016
275.839 1897.604
276.101 1804.903
276.362 1979.911
276.623 2090.772
276.884 1917.772
277.145 1874.481
277.406 2090.758
277.667 2185.745
277.928 2036.870
278.189 1847.991
278.450 1806.250
278.711 1939.648
278.972 1941.614
279.233 1738.860
279.494 1732.389
279.755 1791.484
280.016 1708.861
280.277 1726.519
280.538 1760.745
280.799 1740.823
281.061 1687.469
281.322 1639.682
281.583 1783.891
281.844 1871.381
282.105 1761.725
282.366 1672.350
282.627 1811.827
282.888 1945.730
283.149 1910.342
283.410 1859.094
283.671 2002.698
283.932 2152.155
284.193 2097.037
284.454 2047.058
284.715 2168.503
284.976 2223.801
285.237 2138.523
285.498 2159.099
285.759 2263.528
286.021 2270.096
286.282 2132.517
286.543 2071.076
286.804 2118.203
287.065 2134.041
287.326 1974.874
287.587 1961.704
287.848 2071.100
288.109 2070.493
288.370 1889.454
288.631 1757.410
288.892 1879.506
289.153 1921.597
289.414 1686.685
289.675 1589.768
289.936 1697.563
290.197 1763.496
290.458 1785.710
290.719 1778.921
290.981 1842.271
291.242 1911.332
291.503 1915.960
291.764 1945.013
292.025 2071.633
292.286 2102.393
292.547 1948.862
292.808 1930.471
293.069 2056.077
293.330 2045.107
293.591 1842.419
293.852 1773.441
294.113 1897.317
294.374 2000.332
294.635 1962.057
294.896 1950.493
295.157 2102.497
295.418 2241.926
295.679 2158.065
295.941 2094.915
296.202 2089.618
296.463 2040.604
296.724 1887.300
296.985 1728.563
297.246 1851.252
297.507 1976.080
297.768 1917.333
298.029 2006.868
298.290 2150.256
298.551 2223.498
298.812 2243.308
299.073 2242.258
299.334 2327.203
299.595 2407.288
299.856 2236.512
300.117 2087.304
300.378 2180.093
300.639 2301.164
300.901 2259.517
301.162 2349.438
301.423 2422.498
301.684 2488.126
301.945 2429.751
302.206 2334.086
302.467 2322.418
302.728 2311.461
302.989 2097.072
303.250 2057.679
303.511 2171.426
303.772 2265.313
304.033 2207.053
304.294 2143.361
304.555 2142.522
304.816 2089.538
305.077 1943.550
305.338 1958.131
305.599 2138.565
305.861 2246.567
306.122 2127.851
306.383 2148.132
306.644 2269.125
306.905 2311.542
307.166 2088.813
307.427 1947.795
307.688 2014.774
307.949 2175.179
308.210 2060.722
308.471 1977.120
308.732 2014.515
308.993 2194.906
309.254 2197.865
309.515 2125.964
309.776 2149.346
310.037 2329.153
310.298 2337.242
310.559 2325.186
310.821 2292.554
311.082 2182.063
311.343 1990.711
311.604 1864.213
311.865 1742.569
312.126 1720.779
312.387 1673.700
312.648 1694.761
312.909 1861.105
313.170 2023.303
313.434 2044.640
313.698 2048.832
313.963 2119.449
314.227 2087.205
314.491 1885.245
314.755 1753.852
315.019 1808.171
315.284 1900.202
315.548 1908.657
315.812 1891.253
316.076 2068.131
316.340 2231.007
316.604 2330.736
316.869 2398.462
317.133 2516.614
317.397 2483.764
317.661 2379.910
317.925 2314.196
318.190 2400.764
318.454 2342.187
318.718 2313.607
318.982 2277.453
319.246 2297.582
319.511 2300.136
319.775 2142.973
320.039 1999.092
320.303 2081.638
320.567 1964.180
320.832 1803.577
321.096 1842.686
321.360 1942.220
321.624 2020.036
321.888 1974.851
322.153 1871.376
322.417 1870.470
322.681 1818.990
322.945 1617.793
323.209 1578.878
323.473 1782.676
323.738 1896.041
324.002 1835.262
324.266 1808.765
324.530 1967.837
324.794 2168.477
325.059 2122.972
325.323 2008.464
325.587 2067.525
325.851 2194.297
326.115 2275.353
326.380 2234.405
326.644 2189.027
326.908 2204.360
327.172 2065.690
327.436 2009.446
327.701 2056.771
327.965 1970.665
328.229 1959.985
328.493 2017.445
328.757 2086.188
329.022 2172.357
329.286 2126.237
329.550 2094.830
329.814 2169.705
330.078 2102.863
330.342 1970.019
330.607 1967.601
330.871 2087.180
331.135 2074.614
331.399 1963.189
331.663 2001.760
331.928 2173.901
332.192 2189.610
332.456 2065.888
332.720 1985.021
332.984 2071.009
333.249 2062.851
333.513 1903.119
333.777 1796.956
334.041 1963.934
334.305 2000.051
334.570 1913.738
334.834 1911.851
335.098 2056.390
335.362 2101.784
335.626 1970.747
335.891 1794.135
336.155 1851.665
336.419 1816.906
336.683 1726.716
336.947 1733.238
337.211 1899.614
337.476 2034.132
337.740 2088.932
338.004 2097.302
338.268 2207.526
338.532 2251.462
338.797 2134.110
339.061 2099.042
339.325 2220.542
339.589 2275.755
339.853 2225.536
340.118 2229.030
340.382 2297.378
340.646 2320.581
340.910 2227.496
341.174 2102.552
341.439 2127.320
341.703 2085.942
341.967 1971.277
342.231 1950.466
342.495 2117.510
342.759 2097.981
343.024 1960.735
343.288 1902.058
343.552 2042.379
343.816 2090.984
344.080 1901.586
344.345 1695.900
344.609 1853.355
344.873 1960.950
345.137 2017.686
345.401 2129.849
345.666 2263.866
345.930 2378.596
346.194 2302.466
346.458 2233.334
346.722 2434.629
346.987 2369.921
347.251 2134.640
347.515 2019.356
347.779 2013.071
348.043 2088.926
348.308 1929.636
348.572 1692.058
348.836 1757.479
349.100 1822.754
349.364 1731.455
349.628 1769.583
349.893 1889.281
350.157 1911.833
350.421 1806.812
350.685 1709.932
350.949 1715.907
351.214 1791.451
351.478 1743.565
351.742 1705.676
352.006 1901.500
352.270 2106.322
352.535 2051.999
352.799 2028.245
353.063 2138.203
353.327 2130.017
353.591 2067.971
353.856 2072.067
354.120 2187.589
354.384 2276.108
354.648 2244.626
354.912 2258.571
355.177 2430.513
355.441 2479.311
355.705 2330.535
355.969 2167.472
356.233 2309.406
356.497 2366.482
356.762 2241.555
357.026 2165.056
357.290 2224.554
357.554 2196.764
357.818 2165.402
358.083 2079.323
358.347 2139.385
358.611 2154.445
358.875 2056.075
359.139 1973.274
359.404 2086.757
359.668 2135.381
359.932 2065.431
360.196 1993.052
360.460 2102.098
360.725 2189.144
360.989 2217.044
361.253 2266.657
361.517 2454.268
361.781 2554.305
362.046 2546.912
362.310 2535.232
362.574 2589.407
362.838 2586.009
363.102 2451.752
363.366 2327.350
363.631 2326.375
363.895 2328.255
364.159 2237.133
364.423 2214.153
364.687 2345.742
364.952 2395.187
365.216 2255.915
365.480 2155.499
365.747 2250.938
366.013 2293.947
366.280 2165.954
366.546 2105.388
366.813 2240.392
367.079 2372.537
367.346 2437.680
367.612 2415.678
367.879 2484.103
368.145 2585.956
368.412 2434.235
368.678 2328.798
368.945 2430.073
369.211 2423.776
369.478 2297.334
369.744 2206.033
370.011 2356.159
370.278 2455.997
370.544 2323.263
370.811 2237.812
371.077 2376.789
371.344 2491.335
371.610 2461.451
371.877 2368.851
372.143 2535.249
372.410 2644.503
372.676 2482.898
372.943 2326.149
373.209 2409.969
373.476 2495.788
373.742 2355.319
374.009 2177.992
374.276 2231.806
374.542 2301.618
374.809 2191.144
375.075 2045.096
375.342 2098.475
375.608 2118.138
375.875 2073.799
376.141 2173.459
376.408 2343.118
376.674 2531.489
376.941 2567.001
377.207 2515.798
377.474 2629.021
377.740 2684.100
378.007 2506.464
378.273 2368.968
378.540 2366.329
378.807 2399.830
379.073 2316.330
379.340 2236.972
379.606 2292.897
379.873 2355.393
380.139 2300.601
380.406 2214.808
380.672 2209.156
380.939 2220.074
381.205 2152.991
381.472 2117.477
381.738 2164.676
382.005 2261.303
382.271 2236.642
382.538 2228.551
382.804 2316.316
383.071 2408.794
383.338 2276.556
383.604 2215.316
383.871 2320.932
384.137 2339.547
384.404 2234.017
384.670 2213.058
384.937 2327.668
385.203 2471.563
385.470 2414.170
385.736 2282.776
386.003 2345.095
386.269 2466.841
386.536 2530.015
386.802 2477.044
387.069 2468.786
387.336 2464.955
387.602 2380.694
387.869 2351.860
388.135 2515.311
388.402 2465.903
388.668 2327.065
388.935 2289.369
389.201 2410.671
389.468 2449.400
389.734 2371.986
390.001 2242.998
390.267 2315.152
390.534 2392.305
390.800 2346.313
391.067 2257.891
391.333 2348.326
391.600 2336.759
391.867 2142.905
392.133 2075.335
392.400 2096.764
392.666 2030.763
392.933 1882.332
393.199 1891.043
393.466 2074.467
393.732 2139.318
393.999 2094.881
394.265 2089.158
394.532 2246.577
394.798 2398.137
395.065 2278.124
395.331 2144.539
395.598 2241.381
395.864 2266.364
396.131 2178.918
396.398 2220.613
396.664 2312.021
396.931 2316.571
397.197 2255.120
397.464 2190.524
397.730 2171.499
397.997 2304.615
398.263 2212.159
398.530 2087.844
398.796 2182.957
399.063 2256.211
399.329 2255.607
399.596 2356.287
399.862 2355.966
400.129 2344.644
400.396 2318.320
400.662 2280.424
400.929 2410.384
401.195 2468.914
401.462 2278.729
401.728 2169.685
401.995 2252.212
402.261 2321.023
402.528 2316.118
402.794 2286.498
403.061 2299.877
403.327 2287.826
403.594 2245.917
403.860 2232.721
404.127 2324.095
404.393 2374.325
404.660 2192.126
404.931 2196.925
405.202 2468.438
405.473 2572.520
405.745 2479.887
406.016 2435.396
406.287 2448.333
406.558 2566.411
406.829 2505.916
407.100 2366.278
407.371 2360.495
407.642 2354.712
407.914 2277.784
408.185 2267.427
408.456 2406.497
408.727 2464.423
408.998 2367.634
409.269 2369.987
409.540 2438.338
409.811 2413.260
410.083 2312.323
410.354 2286.957
410.625 2362.161
410.896 2391.793
411.167 2382.566
411.438 2434.482
411.709 2604.539
411.981 2683.023
412.252 2542.649
412.523 2444.846
412.794 2644.041
413.065 2770.521
413.336 2730.572
413.607 2587.479
413.878 2578.670
414.150 2502.146
414.421 2370.621
414.692 2237.523
414.963 2334.139
415.234 2387.039
415.505 2354.795
415.776 2286.122
416.047 2378.733
416.319 2436.915
416.590 2314.953
416.861 2114.419
417.132 2067.026
417.403 2113.918
417.674 2095.095
417.945 2104.842
418.217 2197.017
418.488 2305.333
418.759 2271.363
419.030 2299.249
419.301 2416.277
419.572 2470.446
419.843 2439.615
420.114 2406.354
420.386 2443.806
420.657 2377.972
420.928 2187.280
421.199 2179.443
421.470 2357.177
421.741 2326.196
422.012 2260.643
422.283 2208.517
422.555 2347.533
422.826 2434.834
423.097 2254.133
423.368 2123.575
423.639 2249.730
423.910 2404.884
424.181 2419.608
424.453 2369.903
424.724 2525.626
424.995 2694.919
425.266 2663.925
425.537 2649.502
425.808 2594.078
426.079 2497.796
426.350 2411.227
426.622 2318.086
426.893 2337.372
427.164 2348.515
427.435 2146.943
427.706 2126.798
427.977 2268.223
428.248 2340.220
428.519 2225.358
428.791 2155.638
429.062 2237.060
429.333 2413.052
429.604 2390.187
429.875 2396.463
430.146 2435.453
430.417 2447.585
430.689 2291.287
430.960 2148.560
431.231 2214.975
431.502 2214.388
431.773 2073.230
432.044 2062.499
432.315 2214.911
432.586 2344.607
432.858 2327.873
433.129 2225.568
433.400 2222.261
433.671 2161.811
433.942 2015.788
434.213 1903.622
434.484 1931.312
434.755 2066.715
435.027 2077.261
435.298 2063.948
435.569 2296.063
435.840 2359.749
436.116 2324.291
436.391 2341.118
436.667 2373.516
436.942 2339.198
437.218 2295.594
437.493 2280.846
437.769 2451.097
438.045 2525.205
438.320 2456.740
438.596 2352.703
438.871 2383.094
439.147 2445.627
439.422 2308.587
439.698 2234.833
439.974 2301.506
440.249 2317.750
440.525 2242.707
440.800 2285.663
441.076 2401.190
441.351 2374.860
441.627 2273.528
441.903 2277.624
442.178 2322.005
442.454 2424.671
442.729 2360.051
443.005 2248.858
443.281 2379.521
443.556 2436.184
443.832 2357.846
444.107 2373.364
444.383 2422.739
444.658 2431.542
444.934 2443.486
445.210 2467.716
445.485 2548.516
445.761 2588.030
446.036 2434.114
446.312 2298.769
446.587 2324.852
446.863 2288.934
447.139 2098.729
447.414 2005.095
447.690 2068.032
447.965 2173.683
448.241 2117.618
448.516 2064.267
448.792 2100.487
449.068 2266.991
449.343 2274.923
449.619 2283.427
449.894 2447.929
450.170 2513.002
450.445 2448.360
450.721 2388.860
450.997 2394.073
451.272 2423.144
451.548 2221.070
451.823 2024.853
452.099 2129.921
452.375 2181.559
452.650 2225.911
452.926 2214.834
453.201 2229.328
453.477 2325.392
453.752 2291.313
454.028 2294.661
454.304 2491.723
454.579 2579.642
454.855 2517.559
455.130 2518.762
455.406 2616.822
455.681 2669.023
455.957 2486.224
456.233 2279.424
456.508 2291.337
456.784 2351.393
457.059 2294.305
457.335 2197.788
457.610 2234.699
457.886 2414.038
458.162 2430.233
458.437 2380.570
458.713 2539.335
458.988 2634.814
459.264 2624.149
459.539 2608.484
459.815 2609.675
460.091 2595.151
460.366 2528.198
460.642 2331.101
460.917 2320.575
461.193 2339.763
461.468 2209.521
461.744 2162.708
462.020 2273.179
462.295 2276.650
462.571 2258.691
462.846 2196.401
463.122 2237.222
463.397 2333.959
463.673 2196.516
463.949 2107.554
464.224 2241.841
464.500 2305.504
464.775 2237.773
465.051 2261.500
465.327 2358.182
465.602 2486.945
465.878 2577.925
466.153 2507.709
466.429 2572.973
466.704 2657.163
466.980 2570.751
467.256 2487.067
467.531 2593.998
467.807 2601.071
468.082 2441.968
468.358 2343.991
468.633 2451.542
468.909 2539.252
469.185 2516.553
469.460 2402.772
469.736 2405.092
470.011 2566.801
470.287 2555.997
470.562 2483.687
470.838 2580.177
471.114 2723.236
471.389 2731.265
471.665 2692.605
471.940 2763.222
472.216 2818.048
472.491 2762.098
472.767 2649.012
473.043 2630.609
473.318 2611.796
473.594 2484.785
473.869 2385.170
474.145 2416.143
474.421 2391.464
474.696 2299.420
474.972 2328.681
475.247 2457.462
475.523 2601.436
475.798 2557.164
476.074 2539.834
476.350 2711.053
476.625 2804.371
476.901 2639.833
477.176 2511.196
477.452 2522.935
477.727 2533.916
478.003 2384.440
478.279 2244.355
478.554 2282.638
478.830 2301.780
479.105 2261.190
479.381 2323.843
479.656 2498.036
479.932 2677.080
480.208 2667.465
480.483 2591.495
480.759 2687.025
481.034 2774.677
481.310 2626.699
481.585 2504.223
481.861 2459.182
482.137 2522.966
482.412 2549.057
482.688 2516.180
482.963 2654.052
483.239 2796.524
483.514 2774.902
483.790 2796.430
484.066 2863.991
484.341 2881.518
484.617 2799.238
484.892 2658.547
485.168 2657.609
485.443 2651.089
485.719 2527.623
485.995 2454.548
486.270 2522.348
486.546 2593.236
486.821 2589.198
487.097 2530.517
487.373 2507.150
487.648 2416.649
487.924 2235.399
488.199 2139.113
488.475 2113.818
488.750 2038.769
489.026 1937.362
489.302 1981.889
489.577 2254.118
489.853 2402.997
490.128 2282.358
490.404 2261.372
490.679 2368.033
490.955 2389.982
491.231 2299.031
491.506 2298.873
491.782 2467.570
492.057 2612.588
492.333 2551.223
492.608 2530.658
492.884 2656.842
493.160 2632.459
493.435 2384.186
493.711 2151.425
493.986 2180.120
494.262 2198.459
494.537 2004.220
494.813 1938.517
495.089 2105.229
495.364 2223.458
495.640 2217.799
495.915 2245.536
496.191 2388.254
496.467 2521.885
496.742 2479.675
497.018 2439.634
497.293 2550.214
497.569 2678.683
497.844 2662.919
498.120 2718.079
498.396 2886.697
498.671 2947.738
498.947 2920.277
499.222 2859.963
499.498 2851.822
499.773 2815.974
500.049 2656.754
500.325 2625.544
500.600 2728.917
500.876 2783.176
501.151 2701.086
501.427 2632.452
501.702 2640.592
501.978 2768.690
502.254 2707.341
502.529 2583.895
502.805 2597.274
503.080 2638.267
503.356 2630.648
503.631 2724.193
503.907 2784.246
504.183 2853.519
504.458 2797.023
504.734 2750.164
505.009 2866.951
505.285 2891.199
505.560 2710.414
505.836 2555.523
506.112 2466.355
506.387 2452.280
506.663 2387.362
506.938 2290.494
507.214 2472.470
507.490 2621.149
507.765 2529.261
508.041 2594.977
508.316 2775.809
508.592 2806.408
508.867 2661.032
509.143 2439.138
509.419 2398.320
509.694 2506.853
509.970 2350.444
510.245 2167.182
510.521 2140.983
510.796 2260.696
511.072 2210.319
511.348 2156.243
511.623 2212.923
511.899 2199.982
512.174 2148.096
512.450 2178.880
512.725 2380.938
513.001 2566.793
513.277 2500.477
513.552 2512.094
513.828 2643.216
514.103 2696.790
514.379 2744.654
514.654 2712.153
514.930 2741.658
515.206 2741.173
515.481 2635.451
515.757 2677.752
516.032 2770.584
516.308 2796.327
516.583 2632.799
516.859 2532.021
517.135 2667.316
517.410 2711.263
517.686 2519.560
517.961 2521.888
518.237 2536.605
518.513 2479.896
518.788 2347.701
519.064 2273.715
519.339 2316.654
519.615 2448.891
519.890 2362.558
520.166 2328.370
520.442 2443.524
520.717 2526.502
520.993 2407.494
521.268 2325.549
521.544 2375.721
521.819 2426.561
522.095 2382.242
522.371 2409.125
522.646 2507.410
522.922 2567.301
523.197 2500.152
523.473 2470.855
523.748 2480.236
524.024 2483.527
524.300 2402.196
524.575 2372.872
524.851 2586.883
525.126 2747.048
525.402 2677.365
525.677 2645.305
525.953 2684.644
526.229 2682.854
526.504 2628.236
526.780 2543.260
527.055 2567.505
527.331 2592.395
527.606 2531.291
527.882 2508.718
528.158 2623.841
528.433 2633.354
528.709 2546.793
528.984 2488.699
529.260 2562.862
529.535 2680.514
529.811 2621.548
530.087 2552.055
530.362 2663.079
530.638 2661.428
530.913 2628.346
531.189 2658.737
531.465 2741.099
531.740 2841.525
532.016 2744.087
532.291 2661.150
532.567 2798.910
532.842 2782.698
533.118 2528.964
533.394 2383.180
533.669 2447.817
533.945 2519.626
534.220 2491.492
534.496 2512.004
534.771 2716.646
535.047 2949.733
535.323 2987.656
535.598 2912.162
535.874 2959.355
536.149 2947.103
536.425 2749.213
536.700 2635.620
536.976 2668.209
537.252 2688.488
537.527 2682.345
537.803 2744.591
538.078 2913.423
538.354 2981.542
538.629 2849.129
538.905 2861.310
539.181 3012.759
539.456 2995.259
539.732 2876.845
540.007 2790.645
540.283 2866.228
540.558 2971.802
540.834 2817.659
541.110 2750.286
541.385 2850.269
541.661 2889.674
541.936 2883.894
542.212 2935.822
542.488 3022.817
542.763 3075.159
543.039 2956.814
543.314 2879.916
543.590 2959.766
543.865 2889.980
544.141 2745.806
544.417 2697.672
544.692 2766.095
544.968 2826.832
545.243 2839.766
545.519 2779.065
545.794 2824.037
546.070 2827.744
546.348 2775.435
546.627 2806.262
546.905 2907.194
547.183 2920.584
547.461 2891.145
547.740 2932.227
548.018 3011.593
548.296 2967.514
548.575 2843.083
548.853 2780.689
549.131 2806.392
549.409 2821.780
549.688 2814.458
549.966 2849.304
550.244 3018.001
550.523 3125.825
550.801 3068.778
551.079 3068.698
551.357 3132.438
551.636 3100.214
551.914 2955.975
552.192 2858.618
552.471 2930.163
552.749 2943.194
553.027 2841.271
553.306 2781.663
553.584 2804.543
553.862 2913.681
554.140 2897.207
554.419 2892.362
554.697 2974.912
554.975 2953.625
555.254 2907.404
555.532 2915.608
555.810 2949.994
556.088 3012.643
556.367 2862.080
556.645 2875.398
556.923 3023.738
557.202 3006.858
557.480 2878.883
557.758 2783.483
558.036 2749.649
558.315 2747.966
558.593 2555.254
558.871 2471.189
559.150 2582.502
559.428 2694.094
559.706 2672.088
559.984 2665.553
560.263 2776.874
560.541 2841.812
560.819 2722.385
561.098 2619.768
561.376 2708.956
561.654 2772.825
561.932 2710.530
562.211 2618.015
562.489 2642.151
562.767 2720.687
563.046 2667.604
563.324 2561.452
563.602 2576.861
563.880 2536.714
564.159 2397.076
564.437 2447.551
564.715 2544.152
564.994 2510.859
565.272 2356.012
565.550 2333.786
565.828 2446.366
566.107 2465.010
566.385 2268.254
566.663 2153.350
566.942 2299.620
567.220 2422.421
567.498 2327.768
567.776 2273.954
568.055 2414.700
568.333 2496.152
568.611 2432.755
568.890 2366.709
569.168 2396.455
569.446 2402.517
569.725 2325.765
570.003 2305.747
570.281 2440.886
570.559 2515.045
570.838 2468.317
571.116 2515.548
571.394 2629.943
571.673 2646.374
571.951 2514.153
572.229 2443.106
572.507 2521.703
572.786 2513.705
573.064 2347.736
573.342 2355.536
573.621 2513.905
573.899 2606.672
574.177 2494.391
574.455 2369.264
574.734 2556.832
575.012 2753.833
575.290 2643.249
575.569 2520.661
575.847 2621.959
576.125 2734.089
576.403 2820.195
576.682 2697.575
576.960 2620.869
577.243 2658.672
577.527 2680.912
577.810 2603.084
578.093 2609.050
578.377 2563.936
578.660 2535.049
578.944 2547.085
579.227 2611.878
579.510 2580.605
579.794 2512.359
580.077 2523.531
580.360 2654.382
580.644 2656.866
580.927 2577.178
581.210 2552.830
581.494 2626.866
581.777 2647.152
582.061 2565.625
582.344 2493.925
582.627 2509.842
582.911 2420.123
583.194 2319.700
583.477 2350.637
583.761 2405.656
584.044 2451.837
584.327 2398.576
584.611 2456.724
584.894 2665.890
585.178 2733.350
585.461 2591.223
585.744 2520.316
586.028 2564.977
586.311 2566.036
586.594 2430.013
586.878 2374.453
587.161 2445.599
587.444 2455.602
587.728 2407.063
588.011 2374.967
588.295 2433.112
588.578 2481.714
588.861 2373.144
589.145 2340.027
589.428 2548.654
589.711 2663.910
589.995 2564.581
590.278 2514.310
590.562 2611.742
590.845 2689.106
591.128 2596.316
591.412 2500.696
591.695 2549.011
591.978 2678.323
592.262 2631.256
592.545 2607.628
592.828 2717.707
593.112 2807.722
593.395 2677.400
593.679 2627.239
593.962 2611.248
594.245 2593.016
594.529 2516.281
594.812 2522.606
595.095 2563.397
595.379 2567.629
595.662 2438.785
595.945 2360.293
596.229 2552.231
596.512 2678.033
596.796 2567.766
597.079 2451.979
597.362 2594.370
597.646 2706.397
597.929 2700.335
598.212 2690.456
598.496 2638.103
598.779 2514.051
599.062 2423.665
599.346 2320.887
599.629 2373.910
599.913 2359.914
600.196 2137.956
600.479 2109.251
600.763 2277.824
601.046 2393.239
601.329 2389.858
601.613 2372.636
601.896 2520.356
602.179 2662.823
602.463 2648.586
602.746 2575.170
603.030 2599.337
603.313 2643.775
603.596 2560.214
603.880 2461.647
604.163 2524.979
604.446 2594.678
604.730 2684.973
605.013 2752.595
605.296 2808.463
605.580 2844.691
605.863 2850.210
606.147 2738.845
606.430 2764.289
606.713 2702.085
606.997 2538.101
607.280 2576.146
607.563 2703.701
607.847 2677.969
608.130 2689.569
608.414 2758.621
608.697 2860.537
608.980 2927.533
609.264 2768.292
609.547 2684.785
609.830 2835.735
610.114 2845.449
610.397 2617.563
610.680 2533.489
610.964 2519.294
611.247 2486.943
611.531 2473.579
611.814 2438.104
612.097 2439.564
612.381 2491.693
612.664 2387.778
612.947 2355.391
613.231 2453.739
613.514 2424.842
613.797 2281.702
614.081 2216.647
614.364 2205.728
614.648 2234.491
614.931 2159.276
615.214 2088.712
615.498 2123.114
615.781 2221.943
616.064 2283.534
616.348 2333.018
616.631 2437.739
616.914 2536.078
617.198 2526.671
617.481 2508.587
617.765 2527.680
618.048 2560.698
618.331 2520.413
618.615 2503.052
618.898 2605.163
619.181 2593.860
619.465 2477.888
619.748 2433.326
620.031 2537.392
620.315 2591.166
620.598 2510.697
620.882 2514.066
621.165 2689.452
621.448 2771.923
621.732 2672.914
622.015 2535.575
622.298 2538.036
622.582 2631.670
622.865 2566.295
623.148 2495.747
623.432 2595.397
623.715 2758.553
623.999 2780.455
624.282 2784.071
624.565 2937.205
624.849 2990.999
625.132 2937.549
625.415 2951.652
625.699 2952.820
625.982 2998.631
626.265 2951.051
626.549 2720.971
626.832 3547.858
627.116 4082.041
627.399 3923.298
627.682 3871.100
627.966 3921.528
628.249 3917.476
628.532 3889.670
628.816 3002.193
629.099 2525.065
629.383 2580.489
629.666 2572.542
629.949 2569.307
630.233 2665.956
630.516 2694.338
630.799 2562.602
631.083 2509.843
631.366 2629.035
631.649 2614.014
631.933 2508.168
632.216 2425.126
632.500 2486.404
632.783 2673.474
633.066 2750.730
633.350 2765.457
633.633 2767.435
633.916 2717.505
634.200 2614.997
634.483 2535.324
634.766 2481.029
635.050 2391.775
635.333 2325.657
635.617 2386.540
635.900 2484.638
636.183 2588.329
636.467 2555.171
636.750 2535.737
637.033 2627.721
637.317 2628.039
637.600 2528.505
637.883 2454.602
638.167 2494.470
638.450 2536.244
638.734 2474.362
639.017 2466.341
639.300 2490.836
639.584 2448.671
639.867 2389.256
640.150 2390.495
640.434 2485.474
640.717 2531.680
641.000 2426.836
641.284 2410.366
641.567 2569.614
641.851 2661.787
642.134 2596.869
642.417 2580.879
642.701 2632.914
642.984 2578.340
643.267 2409.484
643.551 2237.585
643.834 2229.417
644.117 2320.127
644.401 2228.896
644.684 2198.473
644.968 2382.006
645.251 2527.525
645.534 2591.182
645.818 2658.905
646.101 2660.480
646.384 2726.664
646.668 2721.100
646.951 2705.775
647.235 2773.614
647.518 2820.485
647.801 2749.697
648.085 2785.286
648.368 2898.935
648.651 2960.176
648.935 2910.087
649.218 2925.140
649.501 3067.072
649.785 3156.457
650.068 3101.679
650.352 3119.380
650.635 3328.321
650.918 3497.625
651.202 3487.002
651.485 3478.247
651.768 3596.759
652.052 3679.687
652.335 3679.616
652.618 3610.964
652.902 3635.537
653.185 3704.046
653.469 3719.944
653.752 3731.338
654.035 3885.033
654.319 4010.396
654.602 4016.062
654.885 4063.756
655.169 4188.980
655.452 4220.738
655.735 4155.839
656.019 4157.835
656.302 4201.767
656.586 4213.814
656.869 4167.534
657.152 4170.580
657.436 4329.300
657.719 4443.886
658.002 4440.115
658.286 4472.948
658.569 4570.226
658.852 4535.044
659.136 4415.435
659.419 4418.649
659.703 4465.247
659.986 4373.356
660.269 4234.795
660.553 4225.840
660.836 4392.405
661.119 4482.540
661.403 4341.948
661.686 4350.613
661.969 4608.954
662.253 4699.917
662.536 4736.659
662.820 4740.139
663.103 4802.995
663.386 4847.051
663.670 4729.703
663.953 4580.341
664.236 4656.332
664.520 4566.000
664.803 4402.845
665.086 4363.631
665.370 4403.051
665.653 4437.485
665.937 4373.481
666.220 4227.293
666.503 4246.038
666.787 4237.118
667.070 4119.858
667.353 3971.728
667.637 3919.753
667.920 3874.971
668.204 3755.653
668.487 3620.732
668.770 3591.783
669.054 3515.789
669.337 3406.273
669.620 3363.600
669.904 3339.881
670.187 3276.283
670.470 3189.361
670.754 3166.892
671.037 3196.821
671.321 3144.061
671.604 3031.118
671.887 2949.039
672.171 2988.018
672.454 2929.830
672.737 2767.472
673.021 2705.116
673.304 2783.318
673.587 2832.142
673.871 2803.491
674.154 2857.113
674.438 3001.040
674.721 3072.731
675.004 2918.490
675.288 2795.643
675.571 2794.039
675.854 2699.588
676.138 2469.890
676.421 2382.661
676.704 2485.556
676.988 2590.481
677.271 2610.999
677.555 2560.565
677.838 2676.367
678.121 2762.881
678.405 2761.916
678.688 2709.002
678.971 2794.885
679.255 2830.537
679.538 2675.500
679.821 2587.991
680.105 2709.390
680.388 2684.676
680.672 2481.937
680.955 2384.187
681.238 2468.174
681.522 2615.546
681.805 2557.874
682.088 2469.263
682.372 2491.217
682.655 2656.293
682.938 2687.301
683.222 2629.852
683.505 2616.479
683.789 2741.981
684.072 2660.653
684.355 2574.851
684.639 2603.902
684.922 2622.951
685.205 2603.733
685.489 2696.056
685.772 2742.523
686.056 2775.272
686.339 2827.853
686.622 2859.258
686.906 2901.833
687.189 2918.881
687.472 2717.135
687.756 2561.245
688.039 2626.203
688.322 2686.686
688.606 2599.242
688.889 2526.889
689.173 2629.353
689.456 2749.680
689.739 2801.520
690.023 2828.761
690.306 2825.633
690.589 2818.165
690.873 2772.901
691.156 2744.198
691.439 2838.576
691.723 2897.344
692.006 2898.631
692.290 2922.489
692.573 2914.473
692.856 2918.038
693.140 2777.197
693.423 2660.094
693.706 2636.689
693.990 2607.529
694.273 2538.685
694.556 2636.441
694.840 2752.547
695.123 2739.102
695.407 2626.700
695.690 2535.930
695.973 2462.065
696.257 2464.836
696.540 2410.515
696.830 2379.119
697.120 2659.622
697.410 2780.005
697.699 2734.661
697.989 2806.791
698.279 2954.288
698.569 2886.221
698.859 2702.926
699.149 2445.773
699.439 2549.906
699.729 2660.973
700.018 2475.932
700.308 2373.744
700.598 2444.194
700.888 2487.267
701.178 2491.302
701.468 2416.345
701.758 2510.917
702.048 2683.076
702.337 2542.166
702.627 2436.671
702.917 2517.857
703.207 2508.660
703.497 2463.057
703.787 2420.110
704.077 2423.321
704.366 2411.393
704.656 2421.354
704.946 2581.247
705.236 2655.401
705.526 2634.174
705.816 2546.420
706.106 2520.979
706.396 2621.656
706.685 2636.378
706.975 2394.646
707.265 2350.258
707.555 2411.241
707.845 2397.161
708.135 2439.220
708.425 2503.450
708.715 2581.181
709.004 2686.634
709.294 2637.731
709.584 2649.242
709.874 2794.235
710.164 2754.352
710.454 2658.977
710.744 2649.407
711.034 2694.259
711.323 2764.489
711.613 2692.626
711.903 2629.791
712.193 2620.940
712.483 2622.067
712.773 2557.186
713.063 2491.549
713.352 2545.064
713.642 2567.851
713.932 2453.912
714.222 2496.322
714.512 2594.497
714.802 2578.070
715.092 2516.236
715.382 2446.309
715.671 2466.276
715.961 2513.763
716.251 2333.247
716.541 2223.012
716.831 2348.511
717.121 2416.365
717.411 2351.202
717.701 2301.748
717.990 2450.608
718.280 2646.610
718.570 2670.038
718.860 2634.485
719.150 2710.220
719.440 2762.003
719.730 2743.518
720.019 2649.407
720.309 2635.774
720.599 2642.897
720.889 2528.762
721.179 2389.793
721.469 2342.047
721.759 2343.200
722.049 2266.643
722.338 2241.428
722.628 2250.803
722.918 2415.865
723.208 2561.241
723.498 2624.521
723.788 2735.720
724.078 2812.494
724.368 2749.468
724.657 2759.880
724.947 2715.082
725.237 2683.803
725.527 2649.574
725.817 2547.646
726.107 2519.819
726.397 2542.179
726.686 2508.004
726.976 2553.760
727.266 2525.369
727.556 2470.301
727.846 2397.342
728.136 2364.189
728.426 2408.090
728.716 2403.351
729.005 2208.675
729.295 2093.378
729.585 2259.161
729.875 2394.655
730.165 2372.469
730.455 2445.567
730.745 2501.253
731.035 2576.483
731.324 2669.151
731.614 2652.314
731.904 2717.185
732.194 2791.910
732.484 2643.284
732.774 2637.701
733.064 2787.584
733.354 2778.174
733.643 2612.132
733.933 2552.456
734.223 2583.591
734.513 2604.503
734.803 2507.702
735.093 2526.989
735.383 2576.453
735.672 2563.675
735.962 2416.237
736.252 2381.049
736.542 2535.177
736.832 2628.453
737.122 2362.647
737.412 2275.418
737.702 2412.203
737.991 2504.552
738.281 2464.185
738.571 2397.948
738.861 2407.321
739.151 2536.676
739.441 2540.397
739.731 2574.103
740.021 2615.311
740.310 2588.862
740.600 2495.917
740.890 2510.476
741.180 2517.185
741.470 2479.385
741.760 2344.350
742.050 2452.285
742.339 2538.622
742.629 2516.140
742.919 2438.891
743.209 2404.134
743.499 2476.265
743.789 2547.263
744.079 2318.808
744.369 2213.003
744.658 2284.584
744.948 2299.744
745.238 2208.074
745.528 2205.489
745.818 2290.813
746.108 2455.904
746.398 2489.876
746.688 2487.480
746.977 2528.545
747.267 2581.367
747.557 2455.366
747.847 2386.034
748.137 2332.057
748.427 2428.982
748.717 2431.398
749.006 2484.293
749.296 2635.622
749.586 2738.430
749.876 2701.314
750.166 2664.537
750.456 2674.274
750.746 2682.220
751.036 2504.327
751.325 2551.188
751.615 2766.994
751.905 2759.485
752.195 2711.190
752.485 2672.353
752.775 2699.048
753.065 2819.430
753.355 2703.778
753.644 2567.960
753.934 2610.378
754.224 2672.467
754.514 2571.862
754.804 2589.780
755.094 2681.029
755.384 2684.487
755.674 2588.698
755.963 2636.598
756.253 2747.730
756.543 2791.875
756.833 2612.879
757.123 2508.348
757.413 2556.174
757.703 2609.299
757.992 2505.988
758.282 2473.481
758.572 2524.560
758.862 2677.674
759.152 2686.207
759.442 2639.280
759.732 2649.211
760.022 2653.039
760.311 2518.285
760.601 2605.205
760.891 2692.376
761.181 2672.464
761.471 2623.662
761.761 2651.019
762.051 2725.636
762.341 2695.591
762.630 2544.637
762.920 2477.946
763.210 2526.058
763.500 2552.708
763.793 2465.544
764.086 2444.227
764.379 2628.748
764.671 2692.495
764.964 2544.499
765.257 2534.159
765.550 2608.972
765.843 2607.640
766.136 2520.894
766.429 2389.760
766.722 2372.028
767.014 2452.878
767.307 2377.334
767.600 2388.484
767.893 2526.117
768.186 2586.660
768.479 2598.949
768.772 2609.890
769.064 2645.137
769.357 2584.893
769.650 2416.319
769.943 2365.544
770.236 2470.155
770.529 2515.545
770.822 2376.299
771.115 2358.753
771.407 2585.064
771.700 2725.821
771.993 2674.758
772.286 2572.427
772.579 2634.476
772.872 2758.365
773.165 2622.265
773.457 2566.529
773.750 2576.525
774.043 2561.672
774.336 2542.765
774.629 2480.103
774.922 2483.961
775.215 2582.973
775.508 2432.013
775.800 2318.561
776.093 2389.416
776.386 2505.342
776.679 2546.858
776.972 2589.479
777.265 2702.020
777.558 2811.593
777.850 2814.028
778.143 2799.602
778.436 2756.698
778.729 2634.168
779.022 2470.119
779.315 2404.994
779.608 2448.036
779.900 2431.117
780.193 2273.356
780.486 2416.754
780.779 2613.889
781.072 2669.354
781.365 2618.619
781.658 2621.544
781.951 2750.850
782.243 2787.837
782.536 2559.208
782.829 2520.813
783.122 2657.124
783.415 2724.992
783.708 2696.426
784.001 2658.829
784.293 2773.001
784.586 2827.850
784.879 2690.477
785.172 2556.259
785.465 2567.430
785.758 2608.987
786.051 2494.677
786.344 2490.950
786.636 2539.397
786.929 2553.957
787.222 2586.793
787.515 2675.216
787.808 2780.004
788.101 2879.208
788.394 2795.336
788.686 2713.866
788.979 2746.681
789.272 2746.022
789.565 2563.118
789.858 2414.574
790.151 2446.093
790.444 2503.151
790.737 2485.919
791.029 2553.542
791.322 2631.395
791.615 2641.662
791.908 2561.173
792.201 2542.017
792.494 2615.611
792.787 2662.525
793.079 2544.668
793.372 2553.286
793.665 2710.394
793.958 2771.295
794.251 2651.423
794.544 2562.472
794.837 2546.716
795.130 2597.113
795.422 2508.958
795.715 2433.314
796.008 2555.361
796.301 2671.922
796.594 2604.464
796.887 2574.465
797.180 2645.817
797.472 2666.995
797.765 2532.280
798.058 2409.200
798.351 2499.504
798.644 2689.986
798.937 2772.933
799.230 2723.699
799.523 2763.490
799.815 2862.751
800.108 2788.028
800.401 2745.559
800.694 2726.870
800.987 2723.593
801.280 2694.363
801.573 2658.308
801.865 2746.185
802.158 2843.913
802.451 2770.182
802.744 2759.797
803.037 2794.949
803.330 2788.922
803.623 2731.126
803.915 2643.730
804.208 2687.720
804.501 2623.159
804.794 2511.870
805.087 2503.511
805.380 2588.603
805.673 2657.969
805.966 2610.350
806.258 2590.079
806.551 2685.536
806.844 2650.169
807.137 2468.925
807.430 2507.901
807.723 2583.828
808.016 2626.913
808.308 2550.126
808.601 2657.609
808.894 2787.898
809.187 2820.640
809.480 2740.881
809.773 2679.884
810.066 2650.561
810.359 2557.175
810.651 2289.606
810.944 2237.000
811.237 2380.757
811.530 2263.660
811.825 2202.193
812.119 2245.511
812.414 2377.516
812.709 2539.606
813.003 2463.211
813.298 2655.068
813.593 2945.637
813.887 3037.526
814.182 3017.095
814.476 3027.512
814.771 3061.143
815.066 3119.699
815.360 2850.593
815.655 2698.256
815.950 2673.485
816.244 2657.560
816.539 2658.231
816.834 2672.161
817.128 2772.021
817.423 2717.036
817.718 2602.055
818.012 2607.533
818.307 2713.957
818.602 2694.379
818.896 2632.593
819.191 2632.547
819.486 2812.002
819.780 2873.450
820.075 2817.899
820.369 2845.459
820.664 2956.202
820.959 2932.568
821.253 2808.259
821.548 2715.913
821.843 2790.316
822.137 2780.362
822.432 2618.951
822.727 2524.008
823.021 2621.649
823.316 2649.555
823.611 2584.783
823.905 2529.626
824.200 2614.224
824.495 2640.871
824.789 2577.241
825.084 2617.123
825.379 2728.295
825.673 2845.152
825.968 2880.157
826.262 2906.626
826.557 3010.261
826.852 3107.284
827.146 2980.397
827.441 2812.060
827.736 2786.781
828.030 2804.112
828.325 2694.123
828.620 2754.467
828.914 2789.000
829.209 2792.842
829.504 2807.904
829.798 2776.395
830.093 2761.778
830.388 2778.272
830.682 2594.295
830.977 2553.977
831.271 2667.086
831.566 2749.199
831.861 2730.063
832.155 2700.829
832.450 2729.674
832.745 2811.465
833.039 2669.145
833.334 2468.467
833.629 2461.457
833.923 2451.670
834.218 2375.110
834.513 2396.215
834.807 2390.795
835.102 2432.236
835.397 2381.805
835.691 2239.981
835.986 2221.085
836.281 2216.876
836.575 2123.528
836.870 2103.591
837.164 2155.512
837.459 2174.166
837.754 2176.645
838.048 2227.579
838.343 2323.204
838.638 2367.947
838.932 2350.943
839.227 2352.533
839.522 2415.144
839.816 2450.149
840.111 2387.983
840.406 2508.316
840.700 2731.295
840.995 2830.277
841.290 2822.901
841.584 2853.558
841.879 2916.994
842.174 3056.946
842.468 2982.652
842.763 2878.839
843.057 2884.890
843.352 2891.608
843.647 2863.485
843.941 2917.670
844.236 2858.339
844.531 2847.092
844.825 2817.803
845.120 2795.278
845.415 2789.826
845.709 2889.548
846.004 2905.938
846.299 2983.215
846.593 3014.828
846.888 2906.281
847.183 2835.107
847.477 2913.894
847.772 2974.663
848.066 2893.052
848.361 2737.341
848.656 2621.098
848.950 2797.120
849.245 2921.441
849.540 2843.045
849.834 2735.449
850.129 2764.412
850.424 2776.216
850.718 2769.080
851.013 2704.707
851.308 2728.447
851.602 2787.226
851.897 2743.128
852.192 2919.932
852.486 3154.713
852.781 3312.978
853.076 3270.538
853.370 3086.416
853.665 3077.870
853.959 3107.625
854.254 2802.894
854.549 2628.128
854.843 2604.010
855.138 2595.500
855.433 2705.861
855.727 2703.327
856.022 2710.361
856.317 2874.850
856.611 2831.758
856.906 2830.985
857.201 2935.651
857.495 2836.392
857.790 2726.159
858.085 2730.486
858.379 2734.737
858.674 2681.145
858.969 2473.312
859.263 2374.619
859.558 2538.989
859.852 2555.069
860.147 2477.885
860.442 2484.225
860.736 2628.066
861.031 2810.539
861.326 2788.779
861.620 2642.857
861.915 2775.468
862.210 2872.225
862.504 2759.292
862.799 2717.391
863.094 2702.676
863.388 2678.211
863.683 2569.886
863.978 2396.906
864.272 2390.171
864.567 2365.685
864.861 2231.494
865.156 2209.572
865.451 2263.724
865.745 2579.828
866.040 2801.860
866.335 2816.679
866.629 2914.231
866.924 3021.845
867.219 2976.262
867.513 2988.028
867.808 2914.970
868.103 2820.589
868.397 2738.246
868.692 2672.051
868.987 2657.762
869.281 2563.169
869.576 2399.947
869.871 2249.966
870.165 2177.406
870.460 2161.765
870.754 2153.754
871.049 2202.406
871.344 2362.986
871.638 2437.035
871.933 2462.144
872.228 2556.307
872.522 2632.553
872.817 2721.539
873.112 2631.052
873.406 2489.782
873.701 2502.537
873.996 2527.473
874.290 2449.328
874.585 2434.577
874.880 2399.797
875.174 2387.048
875.469 2401.071
875.764 2426.906
876.058 2471.580
876.353 2492.140
876.647 2468.098
876.942 2471.419
877.237 2582.891
877.531 2631.080
877.826 2565.614
878.121 2508.771
878.415 2525.316
878.710 2510.415
879.005 2355.203
879.299 2183.137
879.594 2192.400
879.889 2225.340
880.183 2135.214
880.478 2065.237
880.773 2108.723
881.067 2205.391
881.362 2206.432
881.656 2182.505
881.951 2245.905
882.246 2296.341
882.540 2212.961
882.835 2085.267
883.130 2126.527
883.424 2247.803
883.719 2234.562
884.014 2186.563
884.308 2235.475
884.603 2339.853
884.898 2359.785
885.192 2342.287
885.487 2351.758
885.782 2298.064
886.076 2221.534
886.371 2088.245
886.666 2058.747
886.960 2184.263
887.255 2201.091
887.549 2216.133
887.844 2291.084
888.139 2310.795
888.433 2348.197
888.728 2377.772
889.023 2347.673
889.317 2342.344
889.612 2299.952
889.907 2302.342
890.201 2388.972
890.496 2427.667
890.791 2366.736
891.085 2338.133
891.380 2297.140
891.675 2226.223
891.969 2128.235
892.264 2019.329
892.559 2055.272
892.853 2133.679
893.148 2043.495
893.442 2063.541
893.737 2191.842
894.032 2202.493
894.326 2183.677
894.621 2165.006
894.916 2152.339
895.210 2190.355
895.505 2156.406
895.800 2050.482
896.094 2132.950
896.389 2176.808
896.684 2110.839
896.978 2044.558
897.273 2069.573
897.568 2110.189
897.862 2117.949
898.157 2162.456
898.451 2293.590
898.746 2359.607
899.041 2369.618
899.335 2427.620
899.630 2498.875
899.925 2478.913
900.219 2380.373
900.514 2426.573
900.809 2442.040
901.103 2436.725
901.398 2467.267
901.693 2422.663
901.987 2505.449
902.282 2538.865
902.577 2363.099
902.871 2333.295
903.166 2423.673
903.461 2354.993
903.755 2253.918
904.050 2210.277
904.344 2194.128
904.639 2169.769
904.934 2134.446
905.228 2115.376
905.523 2112.087
905.818 2126.317
906.112 2145.932
906.407 2256.041
906.702 2379.966
906.996 2458.897
907.291 2395.504
907.586 2418.973
907.880 2569.951
908.175 2582.666
908.470 2463.734
908.764 2417.296
909.059 2428.421
909.354 2504.016
909.648 2546.228
909.943 2562.400
910.237 2596.482
910.532 2681.784
910.827 2638.620
911.121 2583.238
911.416 2602.503
911.711 2601.930
912.005 2563.690
912.300 2529.077
912.599 2495.911
912.898 2509.691
913.196 2426.059
913.495 2368.038
913.794 2444.929
914.093 2421.046
914.391 2436.914
914.690 2451.544
914.989 2499.437
915.288 2545.507
915.586 2438.931
915.885 2333.488
916.184 2341.741
916.483 2337.849
916.782 2319.795
917.080 2371.489
917.379 2550.179
917.678 2690.001
917.977 2670.881
918.275 2667.461
918.574 2665.804
918.873 2649.864
919.172 2603.116
919.471 2468.793
919.769 2488.673
920.068 2535.541
920.367 2412.713
920.666 2291.496
920.964 2345.810
921.263 2272.755
921.562 2187.257
921.861 2174.843
922.159 2252.600
922.458 2394.682
922.757 2540.990
923.056 2539.841
923.355 2629.478
923.653 2731.969
923.952 2690.216
924.251 2578.492
924.550 2597.097
924.848 2516.300
925.147 2382.084
925.446 2352.386
925.745 2388.122
926.043 2420.258
926.342 2411.514
926.641 2379.548
926.940 2412.227
927.239 2520.324
927.537 2530.166
927.836 2588.882
928.135 2724.738
928.434 2797.057
928.732 2701.149
929.031 2696.991
929.330 2795.874
929.629 2862.821
929.927 2755.894
930.226 2666.322
930.525 2710.328
930.824 2826.398
931.123 2862.624
931.421 2821.490
931.720 2833.937
932.019 2913.814
932.318 2826.591
932.616 2740.240
932.915 2791.322
933.214 2822.123
933.513 2817.978
933.812 2799.014
934.110 2947.244
934.409 3214.208
934.708 3300.765
935.007 3294.534
935.305 3289.521
935.604 3245.246
935.903 3207.218
936.202 3137.799
936.500 3106.849
936.799 3111.344
937.098 3080.389
937.397 3168.535
937.696 3305.456
937.994 3371.302
938.293 3328.609
938.592 3312.193
938.891 3402.855
939.189 3368.066
939.488 3373.614
939.787 3380.832
940.086 3422.586
940.384 3423.618
940.683 3524.532
940.982 3678.177
941.281 3839.663
941.580 3867.522
941.878 3841.477
942.177 3770.632
942.476 3826.282
942.775 3734.722
943.073 3562.797
943.372 3690.313
943.671 3807.927
943.970 3792.651
944.268 3811.686
944.567 3836.351
944.866 3860.723
945.165 3840.704
945.464 3669.452
945.762 3682.090
946.061 3784.978
946.360 3778.473
946.659 3657.668
946.957 3626.307
947.256 3642.210
947.555 3535.219
947.854 3287.856
948.153 3254.812
948.451 3356.630
948.750 3384.239
949.049 3298.719
949.348 3312.620
949.646 3494.876
949.945 3593.061
950.244 3484.897
950.543 3432.113
950.841 3558.882
951.140 3595.539
951.439 3539.778
951.738 3508.088
952.037 3523.619
952.335 3556.343
952.634 3370.266
952.933 3208.141
953.232 3245.800
953.530 3232.531
953.829 3099.159
954.128 3041.477
954.427 3141.215
954.725 3330.609
955.024 3254.803
955.323 3193.234
955.622 3239.055
955.921 3189.616
956.219 3099.486
956.518 2985.691
956.817 2953.644
957.116 2939.215
957.414 2723.955
957.713 2615.602
958.012 2655.749
958.311 2673.204
958.610 2596.214
958.908 2605.168
959.207 2775.698
959.506 2944.492
959.805 2918.529
960.103 2961.517
960.402 3072.612
960.701 3111.224
961.000 2987.937
961.298 2853.883
961.597 2900.935
961.896 2965.765
962.195 2807.994
962.494 2678.802
962.792 2654.527
963.091 2627.112
963.390 2632.366
963.689 2596.669
963.987 2593.695
964.286 2676.634
964.585 2755.389
964.884 2981.157
965.182 3199.550
965.481 3301.867
965.780 3281.561
966.080 3260.803
966.380 3383.679
966.680 3325.529
966.981 3090.894
967.281 2965.884
967.581 2967.539
967.881 2970.444
968.181 2874.026
968.481 2788.226
968.781 2808.932
969.082 2816.920
969.382 2819.094
969.682 2702.507
969.982 2725.499
970.282 2841.913
970.582 2806.321
970.882 2718.809
971.183 2751.271
971.483 2771.417
971.783 2775.963
972.083 2730.074
972.383 2715.172
972.683 2717.841
972.983 2753.654
973.284 2751.980
973.584 2797.925
973.884 2810.712
974.184 2746.701
974.484 2725.652
974.784 2800.933
975.084 2807.809
975.385 2711.985
975.685 2663.236
975.985 2662.338
976.285 2655.085
976.585 2570.300
976.885 2507.034
977.185 2575.816
977.486 2645.012
977.786 2521.218
978.086 2466.512
978.386 2573.486
978.686 2656.932
978.986 2551.614
979.286 2443.743
979.587 2404.582
979.887 2440.542
980.187 2411.570
980.487 2431.598
980.787 2481.911
981.087 2531.082
981.387 2478.110
981.688 2482.280
981.988 2481.451
982.288 2515.193
982.588 2383.221
982.888 2301.677
983.188 2431.276
983.488 2556.446
983.789 2601.188
984.089 2650.644
984.389 2732.815
984.689 2775.699
984.989 2710.727
985.289 2559.468
985.589 2511.924
985.890 2430.380
986.190 2332.551
986.490 2283.578
986.790 2349.462
987.090 2325.633
987.390 2361.374
987.690 2473.687
987.991 2561.571
988.291 2558.599
988.591 2545.911
988.891 2539.939
989.191 2639.109
989.491 2689.421
989.791 2569.877
990.092 2559.190
990.392 2726.217
990.692 2781.958
990.992 2654.699
991.292 2589.298
991.592 2564.467
991.892 2517.066
992.193 2416.378
992.493 2331.262
992.793 2319.146
993.093 2357.459
993.393 2346.342
993.693 2344.512
993.993 2463.110
994.294 2577.137
994.594 2553.592
994.894 2468.904
995.194 2511.788
995.494 2543.529
995.794 2503.698
996.094 2440.154
996.395 2418.180
996.695 2357.635
996.995 2304.947
997.295 2299.688
997.595 2374.714
997.895 2407.455
998.195 2389.053
998.496 2328.508
998.796 2397.820
999.096 2468.560
999.396 2486.444
999.696 2465.470
999.996 2468.210
1000.296 2481.665
1000.597 2631.406
1000.897 2643.575
1001.197 2591.315
1001.497 2555.055
1001.797 2497.081
1002.097 2551.965
1002.397 2564.705
1002.698 2400.159
1002.998 2338.042
1003.298 2427.640
1003.598 2461.951
1003.898 2439.692
1004.198 2341.003
1004.498 2353.743
1004.799 2458.483
1005.099 2477.795
1005.399 2392.392
1005.699 2368.989
1005.999 2507.301
1006.299 2513.898
1006.599 2460.352
1006.900 2477.806
1007.200 2500.832
1007.500 2535.572
1007.800 2529.026
1008.100 2463.194
1008.400 2544.220
1008.700 2645.531
1009.001 2624.414
1009.301 2750.725
1009.601 2925.179
1009.901 2994.776
1010.201 2926.801
1010.501 2834.969
1010.801 2727.138
1011.102 2625.592
1011.402 2446.903
1011.702 2282.071
1012.002 2246.953
1012.302 2275.121
1012.602 2226.003
1012.902 2306.314
1013.203 2346.768
1013.503 2372.936
1013.803 2368.818
1014.103 2347.272
1014.403 2442.583
1014.703 2626.608
1015.003 2533.919
1015.304 2478.372
1015.604 2505.254
1015.904 2594.279
1016.204 2587.590
1016.504 2509.615
1016.804 2388.782
1017.104 2413.236
1017.405 2461.118
1017.705 2515.857
1018.005 2501.739
1018.305 2474.764
1018.605 2527.503
1018.905 2653.242
1019.205 2754.838
1019.506 2789.005
1019.806 2663.173
1020.106 2607.769
1020.406 2671.365
1020.706 2640.104
1021.006 2537.414
1021.306 2467.867
1021.607 2418.320
1021.907 2444.773
1022.207 2369.655
1022.507 2288.394
1022.807 2329.275
1023.107 2350.157
1023.407 2298.181
1023.708 2302.491
1024.008 2325.944
1024.308 2404.826
1024.608 2540.421
1024.908 2574.017
1025.208 2581.756
1025.508 2618.494
1025.809 2603.518
1026.109 2610.543
1026.409 2667.710
1026.709 2590.019
1027.009 2471.186
1027.309 2493.782
1027.609 2574.377
1027.910 2745.259
1028.210 2869.426
1028.510 2962.164
1028.810 3182.331
1029.110 3276.926
1029.410 3220.093
1029.710 3117.974
1030.011 3031.141
1030.311 2957.165
1030.611 2810.331
1030.911 2648.927
1031.211 2683.379
1031.511 2697.117
1031.811 2670.141
1032.112 2658.450
1032.412 2736.188
1032.712 2716.069
1033.012 2588.950
1033.312 2560.402
1033.612 2574.569
1033.912 2624.021
1034.212 2593.616
1034.513 2487.639
1034.813 2540.092
1035.113 2587.258
1035.413 2415.567
1035.713 2394.162
1036.013 2486.328
1036.313 2495.638
1036.614 2505.947
1036.914 2551.827
1037.214 2706.136
1037.514 2789.303
1037.814 2727.040
1038.114 2644.492
1038.414 2626.658
1038.715 2570.967
1039.015 2413.705
1039.315 2212.300
1039.615 2207.180
1039.915 2210.489
1040.215 2142.941
1040.515 2082.678
1040.816 2101.844
1041.116 2138.581
1041.416 2192.033
1041.716 2310.485
1042.016 2497.508
1042.316 2583.388
1042.616 2604.268
1042.917 2701.720
1043.217 2774.028
1043.517 2678.051
1043.817 2495.789
1044.117 2380.811
1044.417 2472.120
1044.717 2519.429
1045.018 2407.594
1045.318 2396.189
1045.618 2539.497
1045.918 2628.663
1046.218 2571.971
1046.518 2484.423
1046.818 2540.445
1047.119 2578.182
1047.419 2552.205
1047.719 2542.085
1048.019 2586.679
1048.319 2565.987
1048.619 2490.010
1048.919 2441.461
1049.220 2393.912
1049.520 2398.935
1049.820 2346.529
1050.120 2339.837
1050.420 2507.288
1050.720 2548.882
1051.020 2485.761
1051.321 2518.641
1051.621 2494.949
1051.921 2472.257
1052.221 2466.280
1052.521 2405.159
1052.821 2520.181
1053.121 2569.775
1053.422 2723.369
1053.722 2916.105
1054.022 3011.556
1054.322 2946.293
1054.622 2889.458
1054.922 2866.194
1055.222 2948.788
1055.523 2807.667
1055.823 2601.404
1056.123 2465.997
1056.423 2464.876
1056.723 2528.327
1057.023 2434.063
1057.323 2354.800
1057.624 2392.536
1057.924 2464.558
1058.224 2478.008
1058.524 2552.745
1058.824 2592.910
1059.124 2624.360
1059.424 2637.525
1059.725 2641.261
1060.025 2685.426
1060.325 2702.447
1060.625 2628.755
1060.925 2549.348
1061.225 2580.227
1061.525 2568.249
1061.826 2480.842
1062.126 2430.721
1062.426 2561.886
1062.726 2620.193
1063.026 2660.072
1063.326 2621.379
1063.626 2612.401
1063.927 2713.422
1064.227 2722.015
1064.527 2604.465
1064.827 2588.344
1065.127 2552.937
1065.427 2579.102
1065.727 2613.123
1066.028 2587.859
1066.328 2559.452
1066.628 2553.616
1066.928 2543.495
1067.228 2534.087
1067.528 2471.966
1067.828 2432.130
1068.129 2392.009
1068.429 2433.887
1068.729 2515.908
1069.029 2546.501
1069.329 2613.951
1069.629 2694.829
1069.929 2679.993
1070.230 2658.872
1070.530 2578.893
1070.830 2561.914
1071.130 2554.078
1071.430 2459.099
1071.730 2480.263
1072.030 2622.999
1072.331 2682.448
1072.631 2664.755
1072.931 2645.348
1073.231 2685.369
1073.531 2738.961
1073.831 2596.268
1074.131 2395.432
1074.432 2290.738
1074.732 2263.045
1075.032 2158.209
1075.332 2020.658
1075.632 2032.822
1075.932 2050.843
1076.232 2019.721
1076.533 2110.885
1076.833 2245.048
1077.133 2273.069
1077.433 2189.518
1077.733 2099.253
1078.033 2220.703
1078.333 2375.438
1078.634 2340.316
1078.934 2340.051
1079.234 2441.214
1079.534 2540.806
1079.834 2555.684
1080.134 2503.705
1080.434 2486.582
1080.735 2529.746
1081.035 2483.338
1081.335 2479.930
1081.635 2582.522
1081.935 2665.828
1082.235 2661.706
1082.535 2685.155
1082.836 2712.604
1083.136 2726.196
1083.436 2637.502
1083.736 2553.665
1084.036 2467.257
1084.336 2468.277
1084.636 2454.726
1084.937 2461.318
1085.237 2491.481
1085.537 2612.073
1085.837 2659.522
1086.137 2735.542
1086.437 2809.419
1086.737 2793.868
1087.038 2665.603
1087.338 2566.480
1087.638 2542.214
1087.938 2496.377
1088.238 2452.540
1088.538 2387.275
1088.838 2496.009
1089.139 2656.886
1089.439 2661.621
1089.739 2587.355
1090.039 2596.232
1090.339 2510.967
1090.639 2420.701
1090.939 2259.864
1091.240 2202.884
1091.540 2303.761
1091.840 2336.352
1092.140 2407.372
1092.453 2513.392
1092.766 2538.983
1093.079 2497.289
1093.392 2445.309
1093.705 2399.471
1094.018 2442.206
1094.330 2321.082
1094.643 2387.817
1094.956 2495.265
1095.269 2576.428
1095.582 2529.733
1095.895 2539.753
1096.208 2578.201
1096.521 2737.506
1096.834 2676.812
1097.147 2578.974
1097.460 2630.422
1097.773 2738.442
1098.085 2667.890
1098.398 2589.767
1098.711 2551.644
1099.024 2566.520
1099.337 2599.254
1099.650 2497.131
1099.963 2467.008
1100.276 2533.170
1100.589 2484.618
1100.902 2422.494
1101.215 2430.800
1101.528 2523.248
1101.841 2538.696
1102.153 2497.001
1102.466 2554.449
1102.779 2668.468
1103.092 2691.630
1103.405 2710.078
1103.718 2662.240
1104.031 2647.688
1104.344 2600.850
1104.657 2560.727
1104.970 2568.174
1105.283 2630.622
1105.596 2641.499
1105.909 2633.089
1106.221 2711.680
1106.534 2796.128
1106.847 2729.290
1107.160 2607.594
1107.473 2549.756
1107.786 2452.347
1108.099 2366.652
1108.412 2393.956
1108.725 2421.976
1109.038 2411.995
1109.351 2386.156
1109.664 2324.604
1109.977 2321.052
1110.289 2295.642
1110.602 2169.804
1110.915 2206.823
1111.228 2332.984
1111.541 2442.860
1111.854 2424.879
1112.167 2380.041
1112.480 2450.917
1112.793 2504.079
1113.106 2328.955
1113.419 2228.545
1113.732 2197.707
1114.044 2259.440
1114.357 2311.887
1114.670 2332.906
1114.983 2356.210
1115.296 2456.372
1115.609 2461.962
1115.922 2463.981
1116.235 2491.428
1116.548 2511.304
1116.861 2422.894
1117.174 2346.627
1117.487 2378.074
1117.800 2417.664
1118.112 2437.397
1118.425 2476.844
1118.738 2572.577
1119.051 2628.738
1119.364 2707.614
1119.677 2783.632
1119.990 2842.936
1120.303 2848.098
1120.616 2800.688
1120.929 2792.849
1121.242 2886.867
1121.555 2855.029
1121.868 2735.047
1122.180 2685.922
1122.493 2691.798
1122.806 2703.388
1123.119 2591.549
1123.432 2497.567
1123.745 2617.728
1124.058 2724.318
1124.371 2715.908
1124.684 2628.497
1124.997 2546.659
1125.310 2562.677
1125.623 2553.409
1125.935 2495.713
1126.248 2505.160
1126.561 2540.607
1126.874 2576.625
1127.187 2678.214
1127.500 2798.518
1127.813 2906.393
1128.126 2889.269
1128.439 2754.572
1128.752 2669.876
1129.065 2654.894
1129.378 2600.912
1129.691 2522.359
1130.003 2515.091
1130.316 2518.966
1130.629 2469.841
1130.942 2484.145
1131.255 2588.592
1131.568 2552.895
1131.881 2418.199
1132.194 2360.931
1132.507 2324.806
1132.820 2362.824
1133.133 2434.985
1133.446 2470.145
1133.759 2537.592
1134.071 2727.609
1134.384 2738.770
1134.697 2715.645
1135.010 2784.091
1135.323 2790.395
1135.636 2661.698
1135.949 2598.859
1136.262 2528.877
1136.575 2513.323
1136.888 2543.912
1137.201 2574.787
1137.514 2569.947
1137.826 2701.393
1138.139 2830.125
1138.452 2928.857
1138.765 3012.732
1139.078 3102.178
1139.391 3068.481
1139.704 3086.499
1140.017 3073.088
1140.330 2987.962
1140.643 2864.694
1140.956 2832.283
1141.269 2845.301
1141.582 2842.604
1141.894 2800.336
1142.207 2716.210
1142.520 2725.799
1142.833 2734.102
1143.146 2672.119
1143.459 2540.851
1143.772 2507.154
1144.085 2428.457
1144.398 2412.475
1144.711 2463.063
1145.024 2502.652
1145.337 2582.526
1145.650 2570.115
1145.962 2597.847
1146.275 2734.578
1146.588 2747.453
1146.901 2676.898
1147.214 2710.773
1147.527 2650.790
1147.840 2610.236
1148.153 2603.539
1148.466 2552.127
1148.779 2629.430
1149.092 2656.876
1149.405 2598.607
1149.718 2584.196
1150.030 2687.641
1150.343 2694.087
1150.656 2619.247
1150.969 2552.835
1151.282 2519.852
1151.595 2462.726
1151.908 2498.601
1152.221 2533.760
1152.534 2693.063
1152.847 2906.651
1153.160 2985.526
1153.473 3079.542
1153.785 3200.559
1154.098 3179.719
1154.411 3093.165
1154.724 2958.039
1155.037 2774.055
1155.350 2654.072
1155.663 2552.661
1155.976 2446.392
1156.289 2416.980
1156.602 2465.140
1156.915 2423.585
1157.228 2486.030
1157.541 2650.333
1157.853 2653.921
1158.166 2635.652
1158.479 2669.954
1158.792 2687.542
1159.105 2706.845
1159.418 2702.576
1159.731 2591.592
1160.044 2625.180
1160.357 2752.340
1160.670 2828.214
1160.983 2803.659
1161.296 2755.247
1161.609 2642.835
1161.921 2568.566
1162.234 2555.154
1162.547 2556.313
1162.860 2440.044
1163.173 2365.060
1163.486 2468.791
1163.799 2641.093
1164.112 2680.253
1164.425 2594.555
1164.738 2455.000
1165.051 2566.731
1165.364 2710.604
1165.676 2670.621
1165.989 2658.780
1166.302 2792.368
1166.615 2886.813
1166.928 2943.829
1167.241 2900.988
1167.554 2871.147
1167.867 2857.306
1168.180 2732.180
1168.493 2672.625
1168.806 2752.355
1169.119 2793.514
1169.432 2668.245
1169.744 2627.118
1170.057 2685.135
1170.370 2758.008
1170.683 2625.024
1170.996 2515.040
1171.309 2542.485
1171.622 2631.644
1171.935 2601.089
1172.248 2520.105
1172.561 2456.978
1172.874 2509.994
1173.187 2524.153
1173.500 2629.884
1173.812 2683.328
1174.125 2641.630
1174.438 2743.932
1174.751 2862.662
1175.064 2858.107
1175.377 2804.265
1175.690 2583.139
1176.003 2485.869
1176.316 2514.171
1176.629 2358.186
1176.942 2218.202
1177.255 2293.933
1177.567 2425.091
1177.880 2530.250
1178.193 2614.695
1178.506 2723.996
1178.819 2804.726
1179.132 2802.456
1179.445 2693.044
1179.758 2651.774
1180.071 2662.933
1180.384 2654.520
1180.697 2639.107
1181.010 2685.551
1181.323 2711.567
1181.635 2660.869
1181.948 2606.884
1182.261 2672.471
1182.574 2822.059
1182.887 2821.503
1183.200 2748.090
1183.513 2776.106
1183.826 2922.978
1184.139 2925.280
1184.452 2776.010
1184.765 2610.311
1185.078 2645.755
1185.391 2609.485
1185.703 2572.072
1186.016 2665.516
1186.329 2753.103
1186.642 2858.262
1186.955 2790.277
1187.268 2687.578
1187.581 2776.165
1187.894 2843.038
1188.207 2690.768
1188.520 2605.355
1188.833 2548.084
1189.146 2557.814
1189.459 2509.115
1189.771 2433.559
1190.084 2448.575
1190.397 2511.733
1190.710 2499.177
1191.023 2486.478
1191.336 2549.636
1191.649 2588.509
1191.962 2579.810
1192.275 2482.540
1192.588 2432.269
1192.901 2463.999
1193.214 2390.443
1193.526 2382.315
1193.839 2466.330
1194.152 2466.917
1194.465 2398.504
1194.778 2403.519
1195.091 2462.963
1195.404 2433.549
1195.717 2248.565
1196.030 2184.151
1196.343 2262.881
1196.656 2401.039
1196.969 2491.054
1197.282 2586.640
1197.594 2748.370
1197.907 2856.671
1198.220 2782.686
1198.533 2801.701
1198.846 2805.287
1199.159 2676.874
1199.472 2490.175
1199.785 2455.047
1200.098 2541.490
1200.411 2586.505
1200.724 2430.520
1201.037 2437.393
1201.350 2515.836
1201.662 2313.423
1201.975 2229.620
1202.288 2118.895
1202.601 2080.802
