165.028 510.650
165.288 460.229
165.547 353.346
165.807 354.485
166.067 382.427
166.327 474.665
166.587 470.201
166.847 363.892
167.107 436.879
167.367 542.163
167.627 571.743
167.886 665.192
168.146 811.080
168.406 873.979
168.666 817.317
168.926 774.095
169.186 882.596
169.446 900.394
169.706 739.202
169.966 656.735
170.225 840.277
170.485 990.830
170.745 944.677
171.005 859.963
171.265 931.830
171.525 999.707
171.785 904.450
172.045 720.773
172.305 782.820
172.564 886.591
172.824 815.799
173.084 788.301
173.344 874.526
173.604 899.617
173.864 808.146
174.124 680.396
174.384 748.656
174.644 847.923
174.903 718.341
175.163 689.910
175.423 832.345
175.683 893.215
175.943 777.236
176.203 695.122
176.463 723.015
176.723 898.630
176.983 904.252
177.242 835.453
177.502 923.089
177.762 1008.733
178.022 917.526
178.282 838.897
178.542 963.132
178.802 936.802
179.062 796.336
179.322 774.305
179.581 924.422
179.841 1007.832
180.101 998.819
180.361 819.098
180.621 858.811
180.881 989.959
181.141 925.255
181.401 811.271
181.661 879.007
181.920 870.605
182.180 741.494
182.440 660.531
182.700 736.860
182.960 750.621
183.220 670.673
183.480 609.302
183.740 770.507
184.000 922.573
184.259 959.930
184.519 976.291
184.779 1103.513
185.039 1241.597
185.299 1229.828
185.559 1248.349
185.819 1384.159
186.079 1381.259
186.339 1188.934
186.598 1079.756
186.858 1282.582
187.118 1437.268
187.378 1334.957
187.638 1183.079
187.898 1234.061
188.158 1352.331
188.418 1314.748
188.678 1146.453
188.937 1187.590
189.197 1148.016
189.457 994.015
189.717 951.589
189.977 1073.737
190.237 1172.316
190.497 1052.611
190.757 875.052
191.017 943.495
191.276 1048.940
191.536 917.101
191.796 870.408
192.056 936.573
192.316 964.312
192.576 879.195
192.836 898.366
193.096 1043.252
193.356 1092.569
193.616 999.173
193.875 1009.493
194.135 1154.099
194.395 1241.707
194.655 1168.888
194.915 1062.355
195.175 1117.109
195.435 1124.435
195.695 1031.762
195.955 1006.662
196.214 1136.991
196.474 1207.463
196.734 1177.221
196.994 1234.266
197.254 1294.740
197.514 1259.643
197.774 1129.831
198.034 1049.306
198.294 1040.924
198.553 1056.827
198.813 976.159
199.073 1053.491
199.333 1198.395
199.593 1240.869
199.853 1138.344
200.113 1107.246
200.373 1230.577
200.633 1285.336
200.892 1117.523
201.152 1096.138
201.412 1219.896
201.672 1253.510
201.932 1143.123
202.192 1086.307
202.452 1285.061
202.712 1440.243
202.972 1331.567
203.231 1227.890
203.491 1514.069
203.751 1699.961
204.011 1599.994
204.271 1439.170
204.531 1445.772
204.791 1429.516
205.051 1299.973
205.311 1046.143
205.570 1067.025
205.830 1222.763
206.090 1154.785
206.350 1096.663
206.610 1252.110
206.870 1361.699
207.130 1314.999
207.390 1267.584
207.650 1288.167
207.909 1287.033
208.169 1183.040
208.429 1072.617
208.689 1122.477
208.949 1119.763
209.209 1006.333
209.469 925.758
209.729 1121.752
209.989 1189.601
210.248 1191.304
210.508 1216.862
210.768 1312.275
211.028 1390.685
211.288 1367.807
211.548 1280.783
211.808 1332.614
212.068 1259.014
212.328 1152.696
212.587 1208.233
212.847 1416.624
213.107 1514.298
213.367 1378.112
213.627 1376.494
213.887 1586.159
214.147 1634.393
214.407 1476.052
214.667 1382.279
214.926 1449.360
215.186 1520.581
215.446 1399.942
215.706 1260.014
215.966 1333.939
216.226 1439.718
216.486 1260.780
216.746 1108.695
217.006 1264.750
217.265 1336.801
217.525 1274.563
217.785 1254.179
218.045 1341.362
218.305 1420.399
218.565 1351.147
218.825 1173.034
219.085 1271.917
219.345 1381.654
219.604 1261.673
219.864 1142.545
220.124 1186.984
220.384 1306.849
220.644 1304.280
220.904 1227.137
221.164 1268.275
221.424 1314.124
221.684 1277.969
221.943 1224.238
222.203 1232.932
222.463 1222.050
222.723 1102.879
222.983 985.418
223.243 1024.809
223.503 1026.911
223.763 1065.152
224.023 1103.960
224.282 1232.621
224.542 1443.277
224.802 1485.215
225.062 1547.149
225.322 1699.649
225.582 1645.717
225.842 1523.495
226.102 1458.840
226.362 1404.180
226.621 1454.659
226.881 1375.562
227.141 1343.461
227.401 1475.783
227.661 1484.244
227.921 1409.272
228.181 1377.296
228.441 1362.743
228.701 1345.615
228.960 1307.767
229.220 1281.487
229.480 1348.202
229.740 1376.769
230.000 1319.617
230.260 1304.604
230.520 1401.300
230.780 1392.991
231.040 1276.964
231.299 1344.503
231.559 1473.466
231.819 1469.567
232.079 1404.521
232.339 1456.755
232.599 1552.413
232.859 1565.781
233.119 1405.001
233.379 1339.502
233.638 1475.855
233.898 1603.489
234.158 1460.404
234.418 1376.600
234.678 1508.648
234.938 1588.263
235.198 1483.444
235.458 1440.049
235.718 1494.648
235.978 1577.243
236.237 1553.547
236.497 1510.561
236.757 1659.141
237.017 1745.573
237.277 1658.572
237.537 1589.994
237.797 1617.554
238.057 1654.537
238.317 1583.945
238.576 1519.490
238.836 1687.172
239.096 1800.279
239.356 1710.094
239.616 1656.476
239.876 1723.996
240.136 1814.368
240.396 1683.592
240.656 1513.525
240.915 1576.024
241.175 1647.519
241.435 1629.865
241.695 1602.921
241.955 1626.400
242.215 1719.160
242.475 1712.629
242.735 1617.521
242.995 1649.694
243.254 1643.576
243.514 1598.596
243.774 1546.468
244.034 1625.049
244.294 1669.339
244.554 1589.481
244.814 1599.904
245.074 1729.464
245.334 1725.734
245.593 1647.855
245.853 1613.686
246.113 1703.797
246.373 1772.046
246.633 1695.004
246.893 1617.957
247.153 1707.905
247.413 1743.276
247.673 1596.071
247.932 1533.861
248.192 1592.216
248.452 1582.281
248.712 1471.912
248.972 1385.681
249.232 1511.731
249.492 1609.060
249.752 1502.814
250.012 1573.276
250.271 1753.305
250.531 1865.472
250.791 1819.919
251.051 1814.218
251.311 1916.226
251.571 2025.943
251.831 1928.512
252.091 1845.505
252.351 1955.778
252.610 2073.761
252.870 1964.167
253.130 1877.853
253.390 1931.963
253.650 1939.925
253.911 1846.167
254.172 1765.262
254.433 1826.208
254.694 1899.721
254.955 1825.657
255.216 1734.160
255.477 1726.371
255.738 1773.435
255.999 1667.922
256.261 1523.261
256.522 1581.024
256.783 1618.068
257.044 1508.249
257.305 1516.710
257.566 1584.310
257.827 1618.047
258.088 1593.351
258.349 1549.221
258.610 1660.228
258.871 1745.517
259.132 1594.800
259.393 1472.793
259.654 1635.209
259.915 1691.048
260.176 1550.312
260.437 1501.427
260.698 1643.109
260.959 1749.071
261.221 1746.600
261.482 1658.124
261.743 1766.071
262.004 1817.156
262.265 1648.379
262.526 1552.026
262.787 1641.382
263.048 1700.018
263.309 1626.793
263.570 1508.848
263.831 1601.756
264.092 1692.372
264.353 1623.841
264.614 1625.591
264.875 1805.908
265.136 1948.219
265.397 1955.382
265.658 1902.398
265.919 2032.838
266.181 2103.701
266.442 1947.273
266.703 1775.127
266.964 1752.261
267.225 1736.390
267.486 1658.801
267.747 1633.206
268.008 1750.892
268.269 1972.431
268.530 1944.821
268.791 1923.636
269.052 2054.017
269.313 2129.250
269.574 2006.479
269.835 1923.417
270.096 1877.065
270.357 1930.851
270.618 1831.632
270.879 1728.979
271.141 1780.179
271.402 1800.374
271.663 1737.851
271.924 1697.465
272.185 1706.217
272.446 1697.108
272.707 1626.422
272.968 1588.303
273.229 1678.323
273.490 1717.480
273.751 1632.490
274.012 1627.353
274.273 1819.639
274.534 1895.349
274.795 1824.912
275.056 1877.756
275.317 1935.881
275.578 1967.287
275.839 1914.974
276.101 1821.656
276.362 1996.620
276.623 2112.293
276.884 1928.248
277.145 1845.769
277.406 2037.000
277.667 2141.513
277.928 2023.877
278.189 1855.523
278.450 1835.451
278.711 1988.659
278.972 2013.291
279.233 1842.348
279.494 1844.543
279.755 1895.019
280.016 1802.348
280.277 1792.386
280.538 1800.992
280.799 1772.307
281.061 1695.333
281.322 1632.782
281.583 1754.799
281.844 1825.096
282.105 1726.533
282.366 1651.822
282.627 1800.678
282.888 1931.815
283.149 1903.091
283.410 1867.362
283.671 2021.487
283.932 2162.750
284.193 2106.865
284.454 2047.405
284.715 2163.655
284.976 2208.758
285.237 2108.999
285.498 2125.236
285.759 2234.183
286.021 2255.126
286.282 2130.636
286.543 2073.999
286.804 2128.358
287.065 2153.283
287.326 1998.776
287.587 1988.980
287.848 2102.321
288.109 2110.088
288.370 1931.135
288.631 1817.322
288.892 1950.504
289.153 1980.825
289.414 1741.999
289.675 1642.312
289.936 1734.763
290.197 1805.068
290.458 1821.083
290.719 1805.665
290.981 1881.671
291.242 1953.102
291.503 1936.529
291.764 1955.524
292.025 2090.371
292.286 2111.358
292.547 1941.626
292.808 1910.461
293.069 2028.864
293.330 2027.977
293.591 1866.229
293.852 1813.906
294.113 1929.150
294.374 2034.533
294.635 1997.483
294.896 1980.858
295.157 2119.658
295.418 2221.740
295.679 2109.103
295.941 2052.891
296.202 2081.961
296.463 2052.170
296.724 1914.946
296.985 1795.719
297.246 1929.630
297.507 2051.395
297.768 1990.156
298.029 2042.485
298.290 2164.667
298.551 2229.702
298.812 2210.876
299.073 2182.333
299.334 2261.071
299.595 2347.091
299.856 2201.822
300.117 2065.263
300.378 2161.701
300.639 2281.849
300.901 2252.136
301.162 2352.562
301.423 2429.128
301.684 2485.404
301.945 2432.962
302.206 2343.231
302.467 2343.210
302.728 2339.615
302.989 2119.730
303.250 2064.412
303.511 2163.377
303.772 2245.767
304.033 2182.725
304.294 2133.679
304.555 2136.201
304.816 2085.434
305.077 1950.805
305.338 1970.317
305.599 2144.681
305.861 2252.328
306.122 2136.686
306.383 2162.898
306.644 2301.248
306.905 2344.167
307.166 2152.796
307.427 2040.137
307.688 2112.616
307.949 2254.664
308.210 2139.137
308.471 2055.177
308.732 2092.643
308.993 2235.534
309.254 2220.850
309.515 2157.734
309.776 2181.758
310.037 2365.778
310.298 2369.938
310.559 2349.380
310.821 2332.247
311.082 2235.968
311.343 2050.400
311.604 1936.114
311.865 1817.682
312.126 1789.962
312.387 1747.380
312.648 1777.510
312.909 1935.065
313.170 2080.045
313.434 2082.879
313.698 2061.138
313.963 2118.680
314.227 2111.790
314.491 1924.040
314.755 1802.001
315.019 1858.958
315.284 1950.627
315.548 1972.006
315.812 1977.097
316.076 2142.184
316.340 2269.840
316.604 2342.064
316.869 2401.142
317.133 2528.360
317.397 2509.717
317.661 2412.357
317.925 2338.852
318.190 2445.342
318.454 2411.687
318.718 2389.886
318.982 2339.368
319.246 2360.704
319.511 2366.465
319.775 2229.223
320.039 2088.549
320.303 2168.730
320.567 2059.336
320.832 1918.796
321.096 1939.968
321.360 2017.279
321.624 2079.302
321.888 2022.464
322.153 1920.766
322.417 1936.209
322.681 1899.505
322.945 1734.513
323.209 1705.375
323.473 1900.233
323.738 2009.089
324.002 1927.514
324.266 1885.650
324.530 2021.068
324.794 2184.198
325.059 2129.754
325.323 2016.593
325.587 2072.142
325.851 2198.404
326.115 2260.091
326.380 2220.775
326.644 2201.742
326.908 2222.563
327.172 2090.096
327.436 2041.912
327.701 2088.153
327.965 2023.392
328.229 2021.485
328.493 2063.718
328.757 2132.805
329.022 2212.175
329.286 2153.543
329.550 2117.050
329.814 2177.984
330.078 2101.486
330.342 1958.271
330.607 1941.196
330.871 2056.404
331.135 2061.610
331.399 1972.098
331.663 2016.013
331.928 2174.210
332.192 2191.976
332.456 2079.025
332.720 2007.643
332.984 2091.830
333.249 2085.871
333.513 1934.195
333.777 1839.517
334.041 1999.836
334.305 2048.723
334.570 1966.751
334.834 1966.777
335.098 2103.371
335.362 2154.962
335.626 2042.266
335.891 1896.709
336.155 1957.436
336.419 1944.589
336.683 1866.167
336.947 1873.458
337.211 2022.889
337.476 2137.460
337.740 2174.028
338.004 2178.880
338.268 2280.586
338.532 2319.576
338.797 2201.849
339.061 2160.548
339.325 2277.244
339.589 2312.224
339.853 2245.058
340.118 2216.318
340.382 2258.148
340.646 2277.546
340.910 2186.085
341.174 2075.478
341.439 2110.869
341.703 2095.829
341.967 2006.358
342.231 2005.028
342.495 2179.980
342.759 2199.645
343.024 2077.307
343.288 2018.967
343.552 2134.911
343.816 2160.566
344.080 1984.361
344.345 1811.155
344.609 1948.374
344.873 2054.306
345.137 2122.520
345.401 2232.162
345.666 2373.229
345.930 2470.437
346.194 2375.500
346.458 2306.417
346.722 2485.761
346.987 2414.531
347.251 2188.870
347.515 2099.064
347.779 2128.399
348.043 2202.732
348.308 2044.633
348.572 1834.675
348.836 1913.144
349.100 1973.753
349.364 1865.217
349.628 1871.679
349.893 1997.853
350.157 2034.168
350.421 1932.909
350.685 1848.933
350.949 1884.813
351.214 1961.118
351.478 1905.708
351.742 1837.866
352.006 1983.737
352.270 2151.177
352.535 2082.472
352.799 2034.622
353.063 2127.627
353.327 2124.916
353.591 2071.488
353.856 2093.915
354.120 2208.197
354.384 2288.620
354.648 2247.469
354.912 2269.745
355.177 2438.733
355.441 2492.719
355.705 2344.417
355.969 2195.685
356.233 2331.950
356.497 2401.642
356.762 2275.618
357.026 2195.306
357.290 2241.849
357.554 2227.247
357.818 2202.786
358.083 2119.894
358.347 2161.715
358.611 2173.248
358.875 2068.636
359.139 2005.021
359.404 2118.405
359.668 2149.073
359.932 2060.167
360.196 2002.974
360.460 2134.493
360.725 2228.867
360.989 2233.668
361.253 2265.466
361.517 2449.834
361.781 2544.772
362.046 2526.136
362.310 2490.927
362.574 2534.431
362.838 2529.932
363.102 2399.574
363.366 2283.358
363.631 2305.425
363.895 2314.633
364.159 2228.839
364.423 2202.186
364.687 2325.531
364.952 2361.303
365.216 2215.073
365.480 2137.841
365.747 2244.179
366.013 2282.657
366.280 2172.991
366.546 2132.895
366.813 2280.511
367.079 2416.839
367.346 2451.309
367.612 2411.919
367.879 2474.242
368.145 2566.564
368.412 2424.740
368.678 2330.629
368.945 2422.945
369.211 2413.973
369.478 2291.714
369.744 2211.881
370.011 2369.761
370.278 2469.640
370.544 2334.802
370.811 2251.676
371.077 2382.835
371.344 2483.849
371.610 2450.004
371.877 2361.301
372.143 2512.309
372.410 2622.316
372.676 2478.750
372.943 2336.754
373.209 2434.042
373.476 2526.756
373.742 2381.755
374.009 2201.751
374.276 2234.175
374.542 2286.740
374.809 2184.731
375.075 2054.864
375.342 2118.710
375.608 2158.696
375.875 2127.824
376.141 2239.808
376.408 2417.075
376.674 2600.198
376.941 2616.748
377.207 2550.010
377.474 2640.414
377.740 2680.387
378.007 2498.359
378.273 2373.186
378.540 2377.440
378.807 2415.407
379.073 2335.087
379.340 2271.479
379.606 2332.727
379.873 2399.544
380.139 2333.360
380.406 2239.032
380.672 2232.845
380.939 2236.085
381.205 2153.180
381.472 2117.131
381.738 2159.223
382.005 2241.314
382.271 2207.689
382.538 2199.633
382.804 2302.291
383.071 2398.375
383.338 2282.744
383.604 2234.825
383.871 2350.477
384.137 2378.841
384.404 2262.918
384.670 2216.421
384.937 2327.638
385.203 2462.710
385.470 2402.781
385.736 2283.422
386.003 2349.489
386.269 2479.413
386.536 2552.906
386.802 2507.255
387.069 2512.317
387.336 2519.806
387.602 2434.722
387.869 2400.350
388.135 2562.978
388.402 2529.318
388.668 2390.799
388.935 2342.422
389.201 2452.330
389.468 2493.378
389.734 2418.854
390.001 2289.471
390.267 2360.944
390.534 2435.844
390.800 2375.886
391.067 2294.354
391.333 2385.107
391.600 2392.716
391.867 2225.180
392.133 2147.500
392.400 2178.962
392.666 2144.993
392.933 2012.309
393.199 2018.767
393.466 2187.508
393.732 2237.820
393.999 2187.416
394.265 2168.011
394.532 2302.319
394.798 2422.196
395.065 2300.501
395.331 2189.805
395.598 2292.535
395.864 2323.551
396.131 2239.993
396.398 2284.434
396.664 2390.731
396.931 2411.598
397.197 2327.320
397.464 2275.470
397.730 2309.762
397.997 2467.338
398.263 2394.770
398.530 2315.486
398.796 2431.772
399.063 2523.485
399.329 2513.055
399.596 2597.909
399.862 2600.618
400.129 2594.755
400.396 2549.462
400.662 2503.454
400.929 2634.872
401.195 2711.718
401.462 2532.277
401.728 2454.692
401.995 2571.392
402.261 2669.661
402.528 2718.501
402.794 2763.911
403.061 2851.748
403.327 2919.441
403.594 2925.705
403.860 2947.395
404.127 3080.799
404.393 3170.630
404.660 3052.888
404.931 3130.288
405.202 3458.687
405.473 3651.513
405.745 3675.624
406.016 3743.019
406.287 3846.698
406.558 4014.662
406.829 4009.768
407.100 3923.444
407.371 3974.262
407.642 3999.364
407.914 3920.036
408.185 3915.565
408.456 4080.520
408.727 4156.475
408.998 4071.000
409.269 4064.952
409.540 4158.760
409.811 4168.996
410.083 4081.516
410.354 4048.463
410.625 4086.553
410.896 4083.641
411.167 4036.442
411.438 3995.099
411.709 4073.612
411.981 4075.982
412.252 3842.207
412.523 3670.431
412.794 3798.654
413.065 3845.304
413.336 3745.811
413.607 3563.459
413.878 3501.106
414.150 3396.323
414.421 3214.539
414.692 3002.897
414.963 3014.111
415.234 2988.467
415.505 2862.822
415.776 2726.175
416.047 2755.528
416.319 2750.879
416.590 2581.658
416.861 2343.864
417.132 2285.784
417.403 2329.702
417.674 2280.191
417.945 2249.822
418.217 2338.451
418.488 2443.080
418.759 2396.850
419.030 2391.476
419.301 2488.387
419.572 2540.868
419.843 2505.206
420.114 2467.399
420.386 2514.592
420.657 2485.069
420.928 2329.116
421.199 2319.734
421.470 2490.923
421.741 2478.824
422.012 2393.439
422.283 2337.624
422.555 2453.094
422.826 2518.134
423.097 2335.888
423.368 2212.926
423.639 2317.249
423.910 2475.714
424.181 2471.892
424.453 2416.355
424.724 2564.959
424.995 2720.134
425.266 2657.880
425.537 2646.481
425.808 2613.368
426.079 2548.967
426.350 2474.423
426.622 2392.735
426.893 2431.760
427.164 2450.785
427.435 2257.236
427.706 2208.830
427.977 2316.851
428.248 2365.015
428.519 2240.177
428.791 2161.624
429.062 2258.499
429.333 2419.229
429.604 2381.673
429.875 2379.260
430.146 2432.559
430.417 2462.286
430.689 2327.012
430.960 2207.308
431.231 2292.175
431.502 2326.756
431.773 2197.050
432.044 2177.914
432.315 2306.920
432.586 2416.068
432.858 2372.644
433.129 2261.790
433.400 2259.649
433.671 2239.079
433.942 2120.937
434.213 2021.937
434.484 2053.936
434.755 2182.076
435.027 2173.216
435.298 2148.069
435.569 2341.065
435.840 2392.916
436.116 2352.052
436.391 2352.473
436.667 2385.322
436.942 2380.455
437.218 2339.588
437.493 2317.148
437.769 2462.851
438.045 2517.409
438.320 2465.253
438.596 2390.524
438.871 2416.651
439.147 2462.492
439.422 2326.332
439.698 2265.885
439.974 2351.580
440.249 2362.275
440.525 2270.254
440.800 2306.804
441.076 2420.924
441.351 2419.901
441.627 2333.448
441.903 2336.566
442.178 2398.540
442.454 2493.657
442.729 2406.343
443.005 2304.887
443.281 2416.143
443.556 2446.113
443.832 2346.225
444.107 2329.622
444.383 2377.018
444.658 2400.699
444.934 2396.808
445.210 2405.916
445.485 2497.166
445.761 2547.129
446.036 2428.806
446.312 2339.339
446.587 2390.014
446.863 2376.831
447.139 2222.362
447.414 2143.035
447.690 2210.136
447.965 2295.664
448.241 2222.477
448.516 2162.575
448.792 2211.530
449.068 2374.626
449.343 2376.437
449.619 2402.532
449.894 2578.769
450.170 2646.862
450.445 2581.812
450.721 2525.189
450.997 2533.138
451.272 2565.799
451.548 2383.032
451.823 2211.121
452.099 2308.923
452.375 2369.296
452.650 2390.811
452.926 2362.182
453.201 2381.267
453.477 2454.351
453.752 2399.292
454.028 2406.375
454.304 2596.885
454.579 2699.681
454.855 2644.190
455.130 2640.412
455.406 2730.777
455.681 2769.855
455.957 2591.504
456.233 2397.295
456.508 2410.656
456.784 2469.874
457.059 2410.806
457.335 2338.594
457.610 2393.667
457.886 2548.882
458.162 2529.097
458.437 2449.310
458.713 2589.238
458.988 2668.736
459.264 2627.518
459.539 2598.586
459.815 2593.939
460.091 2588.577
460.366 2528.357
460.642 2355.280
460.917 2348.915
461.193 2367.693
461.468 2258.328
461.744 2225.390
462.020 2332.166
462.295 2341.512
462.571 2302.715
462.846 2249.150
463.122 2300.122
463.397 2366.594
463.673 2246.426
463.949 2175.054
464.224 2294.236
464.500 2361.060
464.775 2295.335
465.051 2317.367
465.327 2421.198
465.602 2515.585
465.878 2582.735
466.153 2536.518
466.429 2613.942
466.704 2692.463
466.980 2597.219
467.256 2541.916
467.531 2682.315
467.807 2705.878
468.082 2565.211
468.358 2475.637
468.633 2584.237
468.909 2678.869
469.185 2632.187
469.460 2515.690
469.736 2524.272
470.011 2655.316
470.287 2624.717
470.562 2549.274
470.838 2648.120
471.114 2784.448
471.389 2763.730
471.665 2706.946
471.940 2785.417
472.216 2845.187
472.491 2788.832
472.767 2668.985
473.043 2654.828
473.318 2643.282
473.594 2526.028
473.869 2423.120
474.145 2455.877
474.421 2436.033
474.696 2339.792
474.972 2354.668
475.247 2482.016
475.523 2619.471
475.798 2578.725
476.074 2565.788
476.350 2731.053
476.625 2825.261
476.901 2659.302
477.176 2534.307
477.452 2553.750
477.727 2558.618
478.003 2413.496
478.279 2282.126
478.554 2328.977
478.830 2365.549
479.105 2321.195
479.381 2379.045
479.656 2553.523
479.932 2714.000
480.208 2694.682
480.483 2617.833
480.759 2718.656
481.034 2809.912
481.310 2651.702
481.585 2527.782
481.861 2495.831
482.137 2561.061
482.412 2565.214
482.688 2512.087
482.963 2648.213
483.239 2809.424
483.514 2798.343
483.790 2807.141
484.066 2866.600
484.341 2891.784
484.617 2810.281
484.892 2667.877
485.168 2650.407
485.443 2629.084
485.719 2510.035
485.995 2449.023
486.270 2517.181
486.546 2586.157
486.821 2583.235
487.097 2535.396
487.373 2537.874
487.648 2486.529
487.924 2329.193
488.199 2251.470
488.475 2260.996
488.750 2195.472
489.026 2085.647
489.302 2110.948
489.577 2348.226
489.853 2472.181
490.128 2379.302
490.404 2367.859
490.679 2475.348
490.955 2499.271
491.231 2416.997
491.506 2413.917
491.782 2586.404
492.057 2700.583
492.333 2605.861
492.608 2571.192
492.884 2704.677
493.160 2696.414
493.435 2468.890
493.711 2265.992
493.986 2309.165
494.262 2354.476
494.537 2198.562
494.813 2147.068
495.089 2299.289
495.364 2402.581
495.640 2360.391
495.915 2368.951
496.191 2500.128
496.467 2607.590
496.742 2539.849
497.018 2477.883
497.293 2571.982
497.569 2690.275
497.844 2669.020
498.120 2698.488
498.396 2852.150
498.671 2917.607
498.947 2903.350
499.222 2859.092
499.498 2874.297
499.773 2853.450
500.049 2716.926
500.325 2701.608
500.600 2812.344
500.876 2888.369
501.151 2825.743
501.427 2787.760
501.702 2844.713
501.978 3005.722
502.254 2969.654
502.529 2870.352
502.805 2895.290
503.080 2948.352
503.356 2942.135
503.631 3011.634
503.907 3058.176
504.183 3135.234
504.458 3106.187
504.734 3068.483
505.009 3182.248
505.285 3200.003
505.560 3025.739
505.836 2899.318
506.112 2833.419
506.387 2807.883
506.663 2731.240
506.938 2620.003
507.214 2776.788
507.490 2906.606
507.765 2786.278
508.041 2802.363
508.316 2945.571
508.592 2955.605
508.867 2825.725
509.143 2618.511
509.419 2565.633
509.694 2636.504
509.970 2464.416
510.245 2287.935
510.521 2284.686
510.796 2386.808
511.072 2324.104
511.348 2272.063
511.623 2332.459
511.899 2339.487
512.174 2288.303
512.450 2287.562
512.725 2466.724
513.001 2618.639
513.277 2530.681
513.552 2538.498
513.828 2666.915
514.103 2719.333
514.379 2763.907
514.654 2742.092
514.930 2793.547
515.206 2824.288
515.481 2748.319
515.757 2789.609
516.032 2895.217
516.308 2933.587
516.583 2788.040
516.859 2707.776
517.135 2852.216
517.410 2909.292
517.686 2757.134
517.961 2787.438
518.237 2846.275
518.513 2840.634
518.788 2762.465
519.064 2734.239
519.339 2830.592
519.615 3005.533
519.890 2952.331
520.166 2960.700
520.442 3115.992
520.717 3226.248
520.993 3151.957
521.268 3109.011
521.544 3172.636
521.819 3240.660
522.095 3204.508
522.371 3236.041
522.646 3357.780
522.922 3425.681
523.197 3354.335
523.473 3331.800
523.748 3384.179
524.024 3415.261
524.300 3349.006
524.575 3326.255
524.851 3590.722
525.126 3793.796
525.402 3738.758
525.677 3691.125
525.953 3714.907
526.229 3696.309
526.504 3644.027
526.780 3509.018
527.055 3495.572
527.331 3535.514
527.606 3494.151
527.882 3507.715
528.158 3657.060
528.433 3676.049
528.709 3608.408
528.984 3567.171
529.260 3638.229
529.535 3745.354
529.811 3681.639
530.087 3620.205
530.362 3744.365
530.638 3732.289
530.913 3682.288
531.189 3679.838
531.465 3720.091
531.740 3770.096
532.016 3608.811
532.291 3448.386
532.567 3531.088
532.842 3464.797
533.118 3192.715
533.394 3027.963
533.669 3045.278
533.945 3068.525
534.220 2995.465
534.496 2975.060
534.771 3146.370
535.047 3327.256
535.323 3326.652
535.598 3238.038
535.874 3285.858
536.149 3291.320
536.425 3121.003
536.700 3051.831
536.976 3153.464
537.252 3283.604
537.527 3430.807
537.803 3699.495
538.078 4106.474
538.354 4426.866
538.629 4573.367
538.905 4889.892
539.181 5341.933
539.456 5620.599
539.732 5777.813
540.007 5963.683
540.283 6322.744
540.558 6686.386
540.834 6769.850
541.110 6933.245
541.385 7235.759
541.661 7429.489
541.936 7527.918
542.212 7632.935
542.488 7740.469
542.763 7777.187
543.039 7595.958
543.314 7429.522
543.590 7426.480
543.865 7268.524
544.141 7027.273
544.417 6872.807
544.692 6837.112
544.968 6799.505
545.243 6718.337
545.519 6554.798
545.794 6499.111
546.070 6408.147
546.348 6288.346
546.627 6243.712
546.905 6288.519
547.183 6276.075
547.461 6235.010
547.740 6286.546
548.018 6401.732
548.296 6409.869
548.575 6362.229
548.853 6369.247
549.131 6474.065
549.409 6551.903
549.688 6620.492
549.966 6734.043
550.244 6965.650
550.523 7158.081
550.801 7184.308
551.079 7244.844
551.357 7398.591
551.636 7458.189
551.914 7393.979
552.192 7347.001
552.471 7458.988
552.749 7514.891
553.027 7468.748
553.306 7453.919
553.584 7502.685
553.862 7638.569
554.140 7669.624
554.419 7699.579
554.697 7838.542
554.975 7865.697
555.254 7860.063
555.532 7899.730
555.810 7957.766
556.088 8021.530
556.367 7849.552
556.645 7790.702
556.923 7837.797
557.202 7717.507
557.480 7469.890
557.758 7231.501
558.036 7034.180
558.315 6857.430
558.593 6472.453
558.871 6191.204
559.150 6080.263
559.428 5958.943
559.706 5685.739
559.984 5422.467
560.263 5278.637
560.541 5099.510
560.819 4732.814
561.098 4400.530
561.376 4272.867
561.654 4145.651
561.932 3897.236
562.211 3632.407
562.489 3522.467
562.767 3486.108
563.046 3334.101
563.324 3153.096
563.602 3098.822
563.880 3032.361
564.159 2877.854
564.437 2910.241
564.715 2981.923
564.994 2923.550
565.272 2742.616
565.550 2695.540
565.828 2773.579
566.107 2778.704
566.385 2566.236
566.663 2445.294
566.942 2563.094
567.220 2642.776
567.498 2527.150
567.776 2465.460
568.055 2575.657
568.333 2624.114
568.611 2537.320
568.890 2477.453
569.168 2519.933
569.446 2515.311
569.725 2432.280
570.003 2413.452
570.281 2539.243
570.559 2601.003
570.838 2535.125
571.116 2566.642
571.394 2684.666
571.673 2711.157
571.951 2588.614
572.229 2523.860
572.507 2607.080
572.786 2604.149
573.064 2443.916
573.342 2450.792
573.621 2601.893
573.899 2677.770
574.177 2566.672
574.455 2460.358
574.734 2666.901
575.012 2864.801
575.290 2748.509
575.569 2621.088
575.847 2720.614
576.125 2819.469
576.403 2882.663
576.682 2764.849
576.960 2692.552
577.243 2729.521
577.527 2755.778
577.810 2683.501
578.093 2689.614
578.377 2639.874
578.660 2576.944
578.944 2579.872
579.227 2643.965
579.510 2592.204
579.794 2500.624
580.077 2511.802
580.360 2644.084
580.644 2656.261
580.927 2577.590
581.210 2551.397
581.494 2629.820
581.777 2663.891
582.061 2586.216
582.344 2510.399
582.627 2540.319
582.911 2482.561
583.194 2398.395
583.477 2431.618
583.761 2498.498
584.044 2546.692
584.327 2491.297
584.611 2523.647
584.894 2692.756
585.178 2747.537
585.461 2609.276
585.744 2559.393
586.028 2620.782
586.311 2632.988
586.594 2504.830
586.878 2448.276
587.161 2519.144
587.444 2534.727
587.728 2456.475
588.011 2409.809
588.295 2466.819
588.578 2510.861
588.861 2408.585
589.145 2383.182
589.428 2592.807
589.711 2713.221
589.995 2606.622
590.278 2562.335
590.562 2668.035
590.845 2742.551
591.128 2647.764
591.412 2554.722
591.695 2600.017
591.978 2726.344
592.262 2676.851
592.545 2652.650
592.828 2766.295
593.112 2854.313
593.395 2728.071
593.679 2681.313
593.962 2683.943
594.245 2673.092
594.529 2594.904
594.812 2604.354
595.095 2644.998
595.379 2639.835
595.662 2506.694
595.945 2428.446
596.229 2604.609
596.512 2720.490
596.796 2608.927
597.079 2508.533
597.362 2655.561
597.646 2757.699
597.929 2736.915
598.212 2722.527
598.496 2694.440
598.779 2613.209
599.062 2526.132
599.346 2422.904
599.629 2488.456
599.913 2497.829
600.196 2293.591
600.479 2246.405
600.763 2366.943
601.046 2460.548
601.329 2439.459
601.613 2407.629
601.896 2545.180
602.179 2684.132
602.463 2665.822
602.746 2617.509
603.030 2659.606
603.313 2705.185
603.596 2631.717
603.880 2527.238
604.163 2584.246
604.446 2657.587
604.730 2719.437
605.013 2763.681
605.296 2826.418
605.580 2857.616
605.863 2857.123
606.147 2769.416
606.430 2813.175
606.713 2770.131
606.997 2620.825
607.280 2672.590
607.563 2806.721
607.847 2791.479
608.130 2789.095
608.414 2842.653
608.697 2941.654
608.980 3020.290
609.264 2856.439
609.547 2771.407
609.830 2918.871
610.114 2914.880
610.397 2691.763
610.680 2605.759
610.964 2592.034
611.247 2561.114
611.531 2552.945
611.814 2512.319
612.097 2543.086
612.381 2608.974
612.664 2516.443
612.947 2499.381
613.231 2591.294
613.514 2557.935
613.797 2419.578
614.081 2353.436
614.364 2356.583
614.648 2392.118
614.931 2322.890
615.214 2283.419
615.498 2332.042
615.781 2427.669
616.064 2469.356
616.348 2490.395
616.631 2574.490
616.914 2643.478
617.198 2608.661
617.481 2588.109
617.765 2630.095
618.048 2666.260
618.331 2614.441
618.615 2596.979
618.898 2685.010
619.181 2690.155
619.465 2576.388
619.748 2504.879
620.031 2609.436
620.315 2684.802
620.598 2602.678
620.882 2612.311
621.165 2776.470
621.448 2853.091
621.732 2762.228
622.015 2627.253
622.298 2625.833
622.582 2721.237
622.865 2659.342
623.148 2586.498
623.432 2685.113
623.715 2856.118
623.999 2874.394
624.282 2873.858
624.565 3038.148
624.849 3099.959
625.132 3046.891
625.415 3055.177
625.699 3042.861
625.982 3080.210
626.265 3031.799
626.549 2810.279
626.832 3010.138
627.116 3189.961
627.399 3058.203
627.682 3047.769
627.966 3129.278
628.249 3139.015
628.532 3093.658
628.816 2826.905
629.099 2694.568
629.383 2719.191
629.666 2673.654
629.949 2641.132
630.233 2714.687
630.516 2742.754
630.799 2635.595
631.083 2601.225
631.366 2726.614
631.649 2724.245
631.933 2636.353
632.216 2595.893
632.500 2689.145
632.783 2857.458
633.066 2925.361
633.350 2944.433
633.633 2972.341
633.916 2937.880
634.200 2849.011
634.483 2780.524
634.766 2755.933
635.050 2695.460
635.333 2642.532
635.617 2686.997
635.900 2795.687
636.183 2892.352
636.467 2872.840
636.750 2885.549
637.033 3015.633
637.317 3073.346
637.600 3021.415
637.883 2991.831
638.167 3087.222
638.450 3175.236
638.734 3156.154
639.017 3203.561
639.300 3281.812
639.584 3315.618
639.867 3320.388
640.150 3359.748
640.434 3500.715
640.717 3601.050
641.000 3535.039
641.284 3558.666
641.567 3762.635
641.851 3899.596
642.134 3900.771
642.417 3958.922
642.701 4077.205
642.984 4133.483
643.267 4081.174
643.551 4031.945
643.834 4160.458
644.117 4391.138
644.401 4462.774
644.684 4647.366
644.968 5040.098
645.251 5452.452
645.534 5819.201
645.818 6250.945
646.101 6725.095
646.384 7346.944
646.668 7951.805
646.951 8648.347
647.235 9497.546
647.518 10409.000
647.801 11315.785
648.085 12394.334
648.368 13601.522
648.651 14841.230
648.935 16055.728
649.218 17380.765
649.501 18875.075
649.785 20288.468
650.068 21568.521
650.352 22983.973
650.635 24604.778
650.918 26184.874
651.202 27653.401
651.485 29132.811
651.768 30765.989
652.052 32339.639
652.335 33791.148
652.618 35104.927
652.902 36400.062
653.185 37566.596
653.469 38546.076
653.752 39375.679
654.035 40198.387
654.319 40864.710
654.602 41367.670
654.885 41878.741
655.169 42466.946
655.452 42976.361
655.735 43427.423
656.019 43959.828
656.302 44469.704
656.586 44862.101
656.869 45140.733
657.152 45453.928
657.436 45899.521
657.719 46298.311
658.002 46609.534
658.286 47040.208
658.569 47600.623
658.852 48139.387
659.136 48691.167
659.419 49347.903
659.703 50067.835
659.986 50726.583
660.269 51328.315
660.553 52043.545
660.836 52850.317
661.119 53452.949
661.403 53797.703
661.686 54165.984
661.969 54575.530
662.253 54745.960
662.536 54787.929
662.820 54671.700
663.103 54509.057
663.386 54240.898
663.670 53773.784
663.953 53244.667
664.236 52806.684
664.520 52101.396
664.803 51282.399
665.086 50480.727
665.370 49634.206
665.653 48666.579
665.937 47493.498
666.220 46137.960
666.503 44844.924
666.787 43385.222
667.070 41805.058
667.353 40242.309
667.637 38748.571
667.920 37225.817
668.204 35608.912
668.487 33982.933
668.770 32445.985
669.054 30761.856
669.337 28966.482
669.620 27218.116
669.904 25487.259
670.187 23717.731
670.470 21948.151
670.754 20369.866
671.037 18981.834
671.321 17596.743
671.604 16245.621
671.887 15027.892
672.171 14088.568
672.454 13147.483
672.737 12158.970
673.021 11317.063
673.304 10660.580
673.587 10051.230
673.871 9433.142
674.154 8920.706
674.438 8554.907
674.721 8191.532
675.004 7693.839
675.288 7309.330
675.571 7064.431
675.854 6780.473
676.138 6399.611
676.421 6174.298
676.704 6135.511
676.988 6080.222
677.271 5943.274
677.555 5774.264
677.838 5769.588
678.121 5738.651
678.405 5628.984
678.688 5454.219
678.971 5436.074
679.255 5337.691
679.538 5059.927
679.821 4845.636
680.105 4807.005
680.388 4593.920
680.672 4221.565
680.955 3939.601
681.238 3857.797
681.522 3823.007
681.805 3587.838
682.088 3365.942
682.372 3298.554
682.655 3369.889
682.938 3321.929
683.222 3210.203
683.505 3167.272
683.789 3267.429
684.072 3173.580
684.355 3070.635
684.639 3077.987
684.922 3093.758
685.205 3071.168
685.489 3143.188
685.772 3183.845
686.056 3211.677
686.339 3269.184
686.622 3341.901
686.906 3423.390
687.189 3483.275
687.472 3344.343
687.756 3250.343
688.039 3349.454
688.322 3410.837
688.606 3307.741
688.889 3213.871
689.173 3299.256
689.456 3380.136
689.739 3369.216
690.023 3353.773
690.306 3358.719
690.589 3358.732
690.873 3308.631
691.156 3273.897
691.439 3366.690
691.723 3447.217
692.006 3476.534
692.290 3494.694
692.573 3504.856
692.856 3522.940
693.140 3376.394
693.423 3258.803
693.706 3236.933
693.990 3190.163
694.273 3096.711
694.556 3151.239
694.840 3234.018
695.123 3226.404
695.407 3119.206
695.690 3031.697
695.973 2984.709
696.257 3001.859
696.540 2954.842
696.830 2939.504
697.120 3219.992
697.410 3369.046
697.699 3340.312
697.989 3410.683
698.279 3583.075
698.569 3551.130
698.859 3411.812
699.149 3185.991
699.439 3273.565
699.729 3371.419
700.018 3213.767
700.308 3129.878
700.598 3217.538
700.888 3265.036
701.178 3264.975
701.468 3183.899
701.758 3256.189
702.048 3367.945
702.337 3178.186
702.627 3032.028
702.917 3066.344
703.207 3005.290
703.497 2916.027
703.787 2845.857
704.077 2821.934
704.366 2796.760
704.656 2761.718
704.946 2875.796
705.236 2927.287
705.526 2891.037
705.816 2777.165
706.106 2735.164
706.396 2811.479
706.685 2807.287
706.975 2560.019
707.265 2500.608
707.555 2541.300
707.845 2524.747
708.135 2562.198
708.425 2602.061
708.715 2675.433
709.004 2776.859
709.294 2736.352
709.584 2755.350
709.874 2890.584
710.164 2837.856
710.454 2753.145
710.744 2748.189
711.034 2803.681
711.323 2862.336
711.613 2775.215
711.903 2720.646
712.193 2752.586
712.483 2768.745
712.773 2692.978
713.063 2607.226
713.352 2666.776
713.642 2704.816
713.932 2594.819
714.222 2607.766
714.512 2682.880
714.802 2678.200
715.092 2630.496
715.382 2559.724
715.671 2581.009
715.961 2627.257
716.251 2470.575
716.541 2383.760
716.831 2510.313
717.121 2577.502
717.411 2513.858
717.701 2467.392
717.990 2610.262
718.280 2757.688
718.570 2747.766
718.860 2699.622
719.150 2769.859
719.440 2810.594
719.730 2784.472
720.019 2696.413
720.309 2711.060
720.599 2734.194
720.889 2618.730
721.179 2473.248
721.469 2450.727
721.759 2458.011
722.049 2370.952
722.338 2335.656
722.628 2356.358
722.918 2535.068
723.208 2685.556
723.498 2749.840
723.788 2863.308
724.078 2948.798
724.368 2888.836
724.657 2893.011
724.947 2844.127
725.237 2814.146
725.527 2755.419
725.817 2644.607
726.107 2626.639
726.397 2647.363
726.686 2602.180
726.976 2645.104
727.266 2625.697
727.556 2587.395
727.846 2523.882
728.136 2489.537
728.426 2533.735
728.716 2527.927
729.005 2341.159
729.295 2239.922
729.585 2408.364
729.875 2529.763
730.165 2492.093
730.455 2566.896
730.745 2643.390
731.035 2715.914
731.324 2787.690
731.614 2750.783
731.904 2810.119
732.194 2883.475
732.484 2727.072
732.774 2691.808
733.064 2830.615
733.354 2814.567
733.643 2649.933
733.933 2592.923
734.223 2628.265
734.513 2662.164
734.803 2573.459
735.093 2582.440
735.383 2654.134
735.672 2666.441
735.962 2530.789
736.252 2490.760
736.542 2643.971
736.832 2751.028
737.122 2515.504
737.412 2417.637
737.702 2526.735
737.991 2601.889
738.281 2556.491
738.571 2487.069
738.861 2492.555
739.151 2609.361
739.441 2613.424
739.731 2647.297
740.021 2699.912
740.310 2677.703
740.600 2571.831
740.890 2573.630
741.180 2599.837
741.470 2569.305
741.760 2437.533
742.050 2525.601
742.339 2611.384
742.629 2602.184
742.919 2518.730
743.209 2470.363
743.499 2533.313
743.789 2598.243
744.079 2396.376
744.369 2321.173
744.658 2389.525
744.948 2410.354
745.238 2319.158
745.528 2304.304
745.818 2394.743
746.108 2545.853
746.398 2548.123
746.688 2544.620
746.977 2599.755
747.267 2654.213
747.557 2541.445
747.847 2468.723
748.137 2434.663
748.427 2534.166
748.717 2530.054
749.006 2569.045
749.296 2703.897
749.586 2793.784
749.876 2750.833
750.166 2713.568
750.456 2721.042
750.746 2728.994
751.036 2571.383
751.325 2613.851
751.615 2785.392
751.905 2776.736
752.195 2719.799
752.485 2682.982
752.775 2716.689
753.065 2819.412
753.355 2693.888
753.644 2599.227
753.934 2664.997
754.224 2711.936
754.514 2606.620
754.804 2618.108
755.094 2707.778
755.384 2718.548
755.674 2620.038
755.963 2655.491
756.253 2764.477
756.543 2805.184
756.833 2643.279
757.123 2543.645
757.413 2590.614
757.703 2651.495
757.992 2549.623
758.282 2512.382
758.572 2579.529
758.862 2730.206
759.152 2735.872
759.442 2698.434
759.732 2713.262
760.022 2706.899
760.311 2577.461
760.601 2638.114
760.891 2703.164
761.181 2681.833
761.471 2618.231
761.761 2638.124
762.051 2719.648
762.341 2710.777
762.630 2581.106
762.920 2522.332
763.210 2581.813
763.500 2626.144
763.793 2535.529
764.086 2508.748
764.379 2669.660
764.671 2720.459
764.964 2593.493
765.257 2586.055
765.550 2664.065
765.843 2671.657
766.136 2589.658
766.429 2490.318
766.722 2496.187
767.014 2558.752
767.307 2461.466
767.600 2449.866
767.893 2570.088
768.186 2626.900
768.479 2607.399
768.772 2597.626
769.064 2639.203
769.357 2611.909
769.650 2472.716
769.943 2424.248
770.236 2527.711
770.529 2566.757
770.822 2450.002
771.115 2437.253
771.407 2631.053
771.700 2743.588
771.993 2695.120
772.286 2620.442
772.579 2698.489
772.872 2794.559
773.165 2669.546
773.457 2649.743
773.750 2690.417
774.043 2693.728
774.336 2656.401
774.629 2598.051
774.922 2633.116
775.215 2719.131
775.508 2544.750
775.800 2421.782
776.093 2481.099
776.386 2592.118
776.679 2623.565
776.972 2654.678
777.265 2757.144
777.558 2859.678
777.850 2855.769
778.143 2838.322
778.436 2803.166
778.729 2694.563
779.022 2530.231
779.315 2467.550
779.608 2506.570
779.900 2494.222
780.193 2351.346
780.486 2489.278
780.779 2686.401
781.072 2738.987
781.365 2682.797
781.658 2685.296
781.951 2803.861
782.243 2840.597
782.536 2627.589
782.829 2590.185
783.122 2713.879
783.415 2783.470
783.708 2751.186
784.001 2708.863
784.293 2807.546
784.586 2836.037
784.879 2680.185
785.172 2573.455
785.465 2600.194
785.758 2655.773
786.051 2586.227
786.344 2596.546
786.636 2649.433
786.929 2666.856
787.222 2668.650
787.515 2737.791
787.808 2825.008
788.101 2881.029
788.394 2795.104
788.686 2744.431
788.979 2804.479
789.272 2819.665
789.565 2641.473
789.858 2488.639
790.151 2511.751
790.444 2557.678
790.737 2512.360
791.029 2555.468
791.322 2645.146
791.615 2665.380
791.908 2589.209
792.201 2576.047
792.494 2655.475
792.787 2701.395
793.079 2573.278
793.372 2560.228
793.665 2709.928
793.958 2780.224
794.251 2670.325
794.544 2589.361
794.837 2606.510
795.130 2687.556
795.422 2598.407
795.715 2511.668
796.008 2632.435
796.301 2749.854
796.594 2671.005
796.887 2613.947
797.180 2666.188
797.472 2692.638
797.765 2574.728
798.058 2453.930
798.351 2525.590
798.644 2705.819
798.937 2773.387
799.230 2715.615
799.523 2750.566
799.815 2832.163
800.108 2742.916
800.401 2701.132
800.694 2687.855
800.987 2681.999
801.280 2654.764
801.573 2628.692
801.865 2734.536
802.158 2850.790
802.451 2785.197
802.744 2787.648
803.037 2846.907
803.330 2846.304
803.623 2783.108
803.915 2687.600
804.208 2718.464
804.501 2674.370
804.794 2561.261
805.087 2543.939
805.380 2639.781
805.673 2704.717
805.966 2643.057
806.258 2638.408
806.551 2738.926
806.844 2696.277
807.137 2533.555
807.430 2576.329
807.723 2666.602
808.016 2722.604
808.308 2624.979
808.601 2694.427
808.894 2837.643
809.187 2880.785
809.480 2798.025
809.773 2747.340
810.066 2734.731
810.359 2681.688
810.651 2464.677
810.944 2407.247
811.237 2518.532
811.530 2409.109
811.825 2320.686
812.119 2351.651
812.414 2457.716
812.709 2573.061
813.003 2489.172
813.298 2675.390
813.593 2935.356
813.887 3025.353
814.182 2996.095
814.476 3001.450
814.771 3044.198
815.066 3089.985
815.360 2814.913
815.655 2669.974
815.950 2664.996
816.244 2663.208
816.539 2668.245
816.834 2681.439
817.128 2788.843
817.423 2762.187
817.718 2664.041
818.012 2660.102
818.307 2748.558
818.602 2731.657
818.896 2682.659
819.191 2697.347
819.486 2861.170
819.780 2904.012
820.075 2836.539
820.369 2865.387
820.664 2974.833
820.959 2947.730
821.253 2820.548
821.548 2739.982
821.843 2826.440
822.137 2831.058
822.432 2684.242
822.727 2591.587
823.021 2689.755
823.316 2708.618
823.611 2635.445
823.905 2581.163
824.200 2656.066
824.495 2673.922
824.789 2612.760
825.084 2647.873
825.379 2767.680
825.673 2879.272
825.968 2894.787
826.262 2905.181
826.557 3002.918
826.852 3100.444
827.146 2982.074
827.441 2842.726
827.736 2832.160
828.030 2851.307
828.325 2764.963
828.620 2827.431
828.914 2866.623
829.209 2858.932
829.504 2832.154
829.798 2792.268
830.093 2797.717
830.388 2814.454
830.682 2632.753
830.977 2575.102
831.271 2688.660
831.566 2779.865
831.861 2757.907
832.155 2723.365
832.450 2760.639
832.745 2845.773
833.039 2735.171
833.334 2574.684
833.629 2571.059
833.923 2556.427
834.218 2452.395
834.513 2444.896
834.807 2440.918
835.102 2456.467
835.397 2382.758
835.691 2268.965
835.986 2266.820
836.281 2287.315
836.575 2214.338
836.870 2198.835
837.164 2252.987
837.459 2273.602
837.754 2260.211
838.048 2299.330
838.343 2394.587
838.638 2443.408
838.932 2424.298
839.227 2427.705
839.522 2499.694
839.816 2536.316
840.111 2475.591
840.406 2584.134
840.700 2791.846
840.995 2870.754
841.290 2861.400
841.584 2880.388
841.879 2934.550
842.174 3077.488
842.468 3013.854
842.763 2914.615
843.057 2931.950
843.352 2928.497
843.647 2875.749
843.941 2923.637
844.236 2883.463
844.531 2886.224
844.825 2856.336
845.120 2836.296
845.415 2869.250
845.709 2997.539
846.004 3007.078
846.299 3048.077
846.593 3061.414
846.888 2969.578
847.183 2908.000
847.477 2947.433
847.772 2977.311
848.066 2903.222
848.361 2766.190
848.656 2679.366
848.950 2855.711
849.245 2975.214
849.540 2904.804
849.834 2821.104
850.129 2884.599
850.424 2913.828
850.718 2886.621
851.013 2795.041
851.308 2819.118
851.602 2880.842
851.897 2823.609
852.192 2949.213
852.486 3146.307
852.781 3281.334
853.076 3250.555
853.370 3083.988
853.665 3079.489
853.959 3111.031
854.254 2836.356
854.549 2680.134
854.843 2665.554
855.138 2665.261
855.433 2760.069
855.727 2778.842
856.022 2824.482
856.317 2983.768
856.611 2940.569
856.906 2959.012
857.201 3057.650
857.495 2971.423
857.790 2853.632
858.085 2832.752
858.379 2831.089
858.674 2810.562
858.969 2614.738
859.263 2510.192
859.558 2654.417
859.852 2675.849
860.147 2598.649
860.442 2587.137
860.736 2695.912
861.031 2864.160
861.326 2848.116
861.620 2707.993
861.915 2819.006
862.210 2906.629
862.504 2806.899
862.799 2756.251
863.094 2738.430
863.388 2726.226
863.683 2642.957
863.978 2507.274
864.272 2516.495
864.567 2502.750
864.861 2377.341
865.156 2352.571
865.451 2404.906
865.745 2689.237
866.040 2863.502
866.335 2854.947
866.629 2943.736
866.924 3050.065
867.219 2996.119
867.513 2996.799
867.808 2922.014
868.103 2830.596
868.397 2750.275
868.692 2695.817
868.987 2688.879
869.281 2612.409
869.576 2453.977
869.871 2302.467
870.165 2249.638
870.460 2241.193
870.754 2210.190
871.049 2234.294
871.344 2380.750
871.638 2459.744
871.933 2497.350
872.228 2584.560
872.522 2666.814
872.817 2760.862
873.112 2689.292
873.406 2575.239
873.701 2593.255
873.996 2604.535
874.290 2511.758
874.585 2473.818
874.880 2437.369
875.174 2422.073
875.469 2406.504
875.764 2416.917
876.058 2455.609
876.353 2465.136
876.647 2443.929
876.942 2445.348
877.237 2560.422
877.531 2617.843
877.826 2554.099
878.121 2510.921
878.415 2547.481
878.710 2542.877
879.005 2407.164
879.299 2251.341
879.594 2258.203
879.889 2277.744
880.183 2173.198
880.478 2099.300
880.773 2134.644
881.067 2217.828
881.362 2211.100
881.656 2178.654
881.951 2242.458
882.246 2302.902
882.540 2237.423
882.835 2137.203
883.130 2178.794
883.424 2280.067
883.719 2265.691
884.014 2226.230
884.308 2282.134
884.603 2368.959
884.898 2370.402
885.192 2355.417
885.487 2374.684
885.782 2332.819
886.076 2257.955
886.371 2127.048
886.666 2106.214
886.960 2231.943
887.255 2238.145
887.549 2249.445
887.844 2329.389
888.139 2354.035
888.433 2383.636
888.728 2401.731
889.023 2365.258
889.317 2360.970
889.612 2320.836
889.907 2312.555
890.201 2387.168
890.496 2423.090
890.791 2373.648
891.085 2351.610
891.380 2327.246
891.675 2261.482
891.969 2177.111
892.264 2106.663
892.559 2163.507
892.853 2231.315
893.148 2145.523
893.442 2163.557
893.737 2284.299
894.032 2295.944
894.326 2253.410
894.621 2214.219
894.916 2211.784
895.210 2249.947
895.505 2204.924
895.800 2113.397
896.094 2179.869
896.389 2209.236
896.684 2146.423
896.978 2082.039
897.273 2105.937
897.568 2149.086
897.862 2138.167
898.157 2175.722
898.451 2312.922
898.746 2385.151
899.041 2381.013
899.335 2434.478
899.630 2504.729
899.925 2505.604
900.219 2435.090
900.514 2488.272
900.809 2526.798
901.103 2537.388
901.398 2556.126
901.693 2505.291
901.987 2571.306
902.282 2581.249
902.577 2396.088
902.871 2345.202
903.166 2427.848
903.461 2359.625
903.755 2263.784
904.050 2215.930
904.344 2222.129
904.639 2209.479
904.934 2158.531
905.228 2125.725
905.523 2140.580
905.818 2168.773
906.112 2198.573
906.407 2291.767
906.702 2400.083
906.996 2478.054
907.291 2431.476
907.586 2448.667
907.880 2577.140
908.175 2586.542
908.470 2468.941
908.764 2427.418
909.059 2443.853
909.354 2513.235
909.648 2544.885
909.943 2560.861
910.237 2585.677
910.532 2671.681
910.827 2632.060
911.121 2574.690
911.416 2592.003
911.711 2595.612
912.005 2565.630
912.300 2546.742
912.599 2508.737
912.898 2518.702
913.196 2445.649
913.495 2388.169
913.794 2452.659
914.093 2423.050
914.391 2430.056
914.690 2437.624
914.989 2489.793
915.288 2532.850
915.586 2452.556
915.885 2367.957
916.184 2386.384
916.483 2397.988
916.782 2400.492
917.080 2459.512
917.379 2648.235
917.678 2770.213
917.977 2751.849
918.275 2744.282
918.574 2724.603
918.873 2689.773
919.172 2631.134
919.471 2501.480
919.769 2515.447
920.068 2553.626
920.367 2451.457
920.666 2368.856
920.964 2434.039
921.263 2386.603
921.562 2303.294
921.861 2302.606
922.159 2390.818
922.458 2507.099
922.757 2601.650
923.056 2597.104
923.355 2664.889
923.653 2751.659
923.952 2696.887
924.251 2587.152
924.550 2615.910
924.848 2569.855
925.147 2457.887
925.446 2437.507
925.745 2465.315
926.043 2484.168
926.342 2454.190
926.641 2417.432
926.940 2443.712
927.239 2540.117
927.537 2536.521
927.836 2605.668
928.135 2750.376
928.434 2829.399
928.732 2748.492
929.031 2741.956
929.330 2828.273
929.629 2884.052
929.927 2758.514
930.226 2668.757
930.525 2717.197
930.824 2812.749
931.123 2839.061
931.421 2792.960
931.720 2816.809
932.019 2905.235
932.318 2825.380
932.616 2731.154
932.915 2779.563
933.214 2803.861
933.513 2814.701
933.812 2794.551
934.110 2927.590
934.409 3171.298
934.708 3264.258
935.007 3266.275
935.305 3295.077
935.604 3260.947
935.903 3219.436
936.202 3145.772
936.500 3121.401
936.799 3120.131
937.098 3084.190
937.397 3137.025
937.696 3249.973
937.994 3324.948
938.293 3310.761
938.592 3310.441
938.891 3412.774
939.189 3410.924
939.488 3440.165
939.787 3468.733
940.086 3524.066
940.384 3531.982
940.683 3630.119
940.982 3760.215
941.281 3902.759
941.580 3917.327
941.878 3871.789
942.177 3816.040
942.476 3891.575
942.775 3802.375
943.073 3631.427
943.372 3735.850
943.671 3847.643
943.970 3859.520
944.268 3860.019
944.567 3855.346
944.866 3875.735
945.165 3880.293
945.464 3725.295
945.762 3751.861
946.061 3867.139
946.360 3857.433
946.659 3726.617
946.957 3696.255
947.256 3715.745
947.555 3626.808
947.854 3372.278
948.153 3286.933
948.451 3393.086
948.750 3438.061
949.049 3367.559
949.348 3377.148
949.646 3528.856
949.945 3621.843
950.244 3517.174
950.543 3448.032
950.841 3561.665
951.140 3573.531
951.439 3497.724
951.738 3472.647
952.037 3491.237
952.335 3530.336
952.634 3379.909
952.933 3249.773
953.232 3307.413
953.530 3306.330
953.829 3167.075
954.128 3088.188
954.427 3176.407
954.725 3322.839
955.024 3233.841
955.323 3169.956
955.622 3215.285
955.921 3197.670
956.219 3139.757
956.518 3043.274
956.817 3032.991
957.116 3034.413
957.414 2853.919
957.713 2766.666
958.012 2812.093
958.311 2833.664
958.610 2757.240
958.908 2763.196
959.207 2914.446
959.506 3036.257
959.805 2987.312
960.103 3009.339
960.402 3111.022
960.701 3153.571
961.000 3024.055
961.298 2905.408
961.597 2983.184
961.896 3060.979
962.195 2926.993
962.494 2820.693
962.792 2831.374
963.091 2830.301
963.390 2815.557
963.689 2757.644
963.987 2752.360
964.286 2812.116
964.585 2856.678
964.884 3029.858
965.182 3208.117
965.481 3291.920
965.780 3262.199
966.080 3232.168
966.380 3344.285
966.680 3290.261
966.981 3061.796
967.281 2947.994
967.581 2960.534
967.881 2973.326
968.181 2883.414
968.481 2807.290
968.781 2832.317
969.082 2838.561
969.382 2846.303
969.682 2761.577
969.982 2795.258
970.282 2909.094
970.582 2866.710
970.882 2801.218
971.183 2856.802
971.483 2862.164
971.783 2825.980
972.083 2760.232
972.383 2736.010
972.683 2739.846
972.983 2745.992
973.284 2722.660
973.584 2775.294
973.884 2802.797
974.184 2747.011
974.484 2737.689
974.784 2815.279
975.084 2825.661
975.385 2738.171
975.685 2698.739
975.985 2717.630
976.285 2719.328
976.585 2629.883
976.885 2556.019
977.185 2612.083
977.486 2668.412
977.786 2541.688
978.086 2471.585
978.386 2573.633
978.686 2655.364
978.986 2578.002
979.286 2492.220
979.587 2470.856
979.887 2517.056
980.187 2495.228
980.487 2508.401
980.787 2551.002
981.087 2572.460
981.387 2510.203
981.688 2504.947
981.988 2509.976
982.288 2527.720
982.588 2385.892
982.888 2322.778
983.188 2465.807
983.488 2592.979
983.789 2648.437
984.089 2678.323
984.389 2751.781
984.689 2802.524
984.989 2731.125
985.289 2579.154
985.589 2525.326
985.890 2439.497
986.190 2352.241
986.490 2315.698
986.790 2402.156
987.090 2406.470
987.390 2444.642
987.690 2549.385
987.991 2632.128
988.291 2644.299
988.591 2636.042
988.891 2613.500
989.191 2696.100
989.491 2745.843
989.791 2634.871
990.092 2620.900
990.392 2750.928
990.692 2790.100
990.992 2671.843
991.292 2603.728
991.592 2569.185
991.892 2537.356
992.193 2453.528
992.493 2385.270
992.793 2393.156
993.093 2429.756
993.393 2402.784
993.693 2399.812
993.993 2491.840
994.294 2592.297
994.594 2571.039
994.894 2488.068
995.194 2521.239
995.494 2557.267
995.794 2526.295
996.094 2484.466
996.395 2472.208
996.695 2426.522
996.995 2372.121
997.295 2364.435
997.595 2431.605
997.895 2460.490
998.195 2442.947
998.496 2391.403
998.796 2455.002
999.096 2522.173
999.396 2539.772
999.696 2527.086
999.996 2521.828
1000.296 2518.570
1000.597 2637.312
1000.897 2651.339
1001.197 2641.653
1001.497 2628.109
1001.797 2572.993
1002.097 2651.164
1002.397 2710.477
1002.698 2580.647
1002.998 2507.532
1003.298 2552.131
1003.598 2580.015
1003.898 2575.900
1004.198 2465.070
1004.498 2445.669
1004.799 2532.696
1005.099 2546.580
1005.399 2461.608
1005.699 2429.492
1005.999 2541.948
1006.299 2564.975
1006.599 2518.002
1006.900 2524.029
1007.200 2562.056
1007.500 2599.512
1007.800 2583.825
1008.100 2511.423
1008.400 2557.164
1008.700 2639.906
1009.001 2622.218
1009.301 2727.102
1009.601 2903.558
1009.901 3001.727
1010.201 2966.897
1010.501 2916.210
1010.801 2844.094
1011.102 2770.977
1011.402 2613.576
1011.702 2457.602
1012.002 2406.772
1012.302 2417.513
1012.602 2365.539
1012.902 2434.709
1013.203 2472.307
1013.503 2496.619
1013.803 2481.217
1014.103 2450.672
1014.403 2534.127
1014.703 2693.154
1015.003 2600.895
1015.304 2540.207
1015.604 2557.805
1015.904 2643.117
1016.204 2636.286
1016.504 2558.312
1016.804 2448.338
1017.104 2458.365
1017.405 2494.391
1017.705 2548.131
1018.005 2531.015
1018.305 2512.898
1018.605 2583.781
1018.905 2699.808
1019.205 2798.262
1019.506 2832.431
1019.806 2719.172
1020.106 2663.483
1020.406 2706.795
1020.706 2655.821
1021.006 2547.847
1021.306 2473.587
1021.607 2441.470
1021.907 2461.782
1022.207 2407.093
1022.507 2351.405
1022.807 2394.002
1023.107 2414.171
1023.407 2361.768
1023.708 2351.937
1024.008 2379.105
1024.308 2447.988
1024.608 2569.442
1024.908 2613.611
1025.208 2628.637
1025.508 2664.805
1025.809 2635.402
1026.109 2616.856
1026.409 2664.310
1026.709 2587.764
1027.009 2472.076
1027.309 2491.244
1027.609 2568.984
1027.910 2745.723
1028.210 2871.034
1028.510 2939.488
1028.810 3139.514
1029.110 3214.968
1029.410 3163.707
1029.710 3091.161
1030.011 3013.186
1030.311 2941.926
1030.611 2809.380
1030.911 2664.691
1031.211 2710.716
1031.511 2716.455
1031.811 2671.623
1032.112 2663.077
1032.412 2742.673
1032.712 2748.270
1033.012 2654.152
1033.312 2642.463
1033.612 2682.631
1033.912 2727.084
1034.212 2674.538
1034.513 2563.420
1034.813 2596.302
1035.113 2619.755
1035.413 2456.352
1035.713 2426.233
1036.013 2516.115
1036.313 2532.997
1036.614 2555.165
1036.914 2602.475
1037.214 2745.786
1037.514 2831.525
1037.814 2771.121
1038.114 2689.574
1038.414 2684.599
1038.715 2651.909
1039.015 2534.934
1039.315 2365.387
1039.615 2341.697
1039.915 2349.722
1040.215 2294.746
1040.515 2243.771
1040.816 2245.081
1041.116 2256.391
1041.416 2291.130
1041.716 2394.440
1042.016 2557.750
1042.316 2636.489
1042.616 2640.084
1042.917 2733.823
1043.217 2804.276
1043.517 2714.157
1043.817 2538.181
1044.117 2415.348
1044.417 2492.944
1044.717 2552.254
1045.018 2442.707
1045.318 2411.017
1045.618 2530.041
1045.918 2618.065
1046.218 2576.946
1046.518 2497.541
1046.818 2543.137
1047.119 2581.447
1047.419 2558.756
1047.719 2565.494
1048.019 2622.661
1048.319 2611.685
1048.619 2542.852
1048.919 2489.019
1049.220 2456.900
1049.520 2480.638
1049.820 2425.662
1050.120 2401.400
1050.420 2546.566
1050.720 2604.733
1051.020 2550.614
1051.321 2559.923
1051.621 2535.661
1051.921 2509.685
1052.221 2513.137
1052.521 2469.446
1052.821 2558.041
1053.121 2624.208
1053.422 2796.517
1053.722 2974.969
1054.022 3054.278
1054.322 2975.731
1054.622 2908.183
1054.922 2887.063
1055.222 2946.087
1055.523 2790.539
1055.823 2598.848
1056.123 2505.871
1056.423 2525.894
1056.723 2584.775
1057.023 2498.370
1057.323 2430.964
1057.624 2466.988
1057.924 2515.297
1058.224 2508.463
1058.524 2582.200
1058.824 2633.938
1059.124 2655.104
1059.424 2645.127
1059.725 2634.436
1060.025 2676.744
1060.325 2696.910
1060.625 2611.505
1060.925 2517.099
1061.225 2532.408
1061.525 2506.717
1061.826 2427.454
1062.126 2388.191
1062.426 2497.500
1062.726 2541.523
1063.026 2572.546
1063.326 2560.426
1063.626 2577.020
1063.927 2664.900
1064.227 2657.066
1064.527 2555.089
1064.827 2562.111
1065.127 2536.134
1065.427 2542.443
1065.727 2570.180
1066.028 2562.631
1066.328 2552.082
1066.628 2537.819
1066.928 2520.985
1067.228 2529.293
1067.528 2487.601
1067.828 2448.195
1068.129 2412.646
1068.429 2449.669
1068.729 2535.977
1069.029 2573.000
1069.329 2626.308
1069.629 2691.902
1069.929 2689.924
1070.230 2670.661
1070.530 2615.255
1070.830 2611.277
1071.130 2594.585
1071.430 2493.322
1071.730 2524.630
1072.030 2665.224
1072.331 2707.532
1072.631 2674.411
1072.931 2649.862
1073.231 2700.741
1073.531 2763.906
1073.831 2625.357
1074.131 2441.808
1074.432 2371.830
1074.732 2368.138
1075.032 2281.731
1075.332 2169.325
1075.632 2196.347
1075.932 2238.798
1076.232 2222.391
1076.533 2296.413
1076.833 2397.149
1077.133 2414.743
1077.433 2330.765
1077.733 2250.930
1078.033 2344.523
1078.333 2457.116
1078.634 2415.567
1078.934 2415.731
1079.234 2495.896
1079.534 2567.204
1079.834 2564.226
1080.134 2517.247
1080.434 2512.126
1080.735 2547.148
1081.035 2501.027
1081.335 2497.906
1081.635 2586.213
1081.935 2657.521
1082.235 2642.399
1082.535 2658.564
1082.836 2695.300
1083.136 2713.179
1083.436 2644.629
1083.736 2590.365
1084.036 2544.529
1084.336 2558.836
1084.636 2539.715
1084.937 2546.451
1085.237 2588.615
1085.537 2725.351
1085.837 2773.658
1086.137 2823.822
1086.437 2879.129
1086.737 2868.151
1087.038 2758.029
1087.338 2668.479
1087.638 2628.929
1087.938 2586.236
1088.238 2551.543
1088.538 2505.136
1088.838 2634.157
1089.139 2780.035
1089.439 2790.771
1089.739 2719.364
1090.039 2718.099
1090.339 2636.692
1090.639 2549.141
1090.939 2402.162
1091.240 2357.041
1091.540 2425.205
1091.840 2427.083
1092.140 2474.961
1092.453 2586.411
1092.766 2614.432
1093.079 2552.024
1093.392 2489.331
1093.705 2460.637
1094.018 2515.230
1094.330 2429.251
1094.643 2490.557
1094.956 2590.150
1095.269 2669.028
1095.582 2639.477
1095.895 2645.498
1096.208 2669.805
1096.521 2804.254
1096.834 2731.989
1097.147 2647.581
1097.460 2695.031
1097.773 2777.051
1098.085 2714.358
1098.398 2660.236
1098.711 2630.828
1099.024 2633.134
1099.337 2639.583
1099.650 2558.033
1099.963 2540.767
1100.276 2595.359
1100.589 2558.237
1100.902 2491.401
1101.215 2497.993
1101.528 2588.442
1101.841 2598.462
1102.153 2561.054
1102.466 2607.789
1102.779 2695.524
1103.092 2714.973
1103.405 2738.279
1103.718 2699.728
1104.031 2688.320
1104.344 2650.626
1104.657 2608.932
1104.970 2611.238
1105.283 2674.687
1105.596 2687.850
1105.909 2679.156
1106.221 2732.176
1106.534 2792.339
1106.847 2732.359
1107.160 2641.237
1107.473 2599.971
1107.786 2514.420
1108.099 2429.297
1108.412 2446.175
1108.725 2469.766
1109.038 2466.215
1109.351 2438.521
1109.664 2384.398
1109.977 2395.847
1110.289 2397.009
1110.602 2301.601
1110.915 2343.192
1111.228 2459.355
1111.541 2544.947
1111.854 2523.109
1112.167 2487.558
1112.480 2541.149
1112.793 2576.741
1113.106 2435.903
1113.419 2355.638
1113.732 2341.800
1114.044 2390.249
1114.357 2403.840
1114.670 2423.574
1114.983 2458.308
1115.296 2534.899
1115.609 2531.491
1115.922 2528.367
1116.235 2551.959
1116.548 2571.835
1116.861 2492.712
1117.174 2447.875
1117.487 2476.752
1117.800 2498.200
1118.112 2509.648
1118.425 2550.525
1118.738 2646.402
1119.051 2695.564
1119.364 2745.726
1119.677 2803.175
1119.990 2855.623
1120.303 2855.214
1120.616 2797.519
1120.929 2777.110
1121.242 2846.272
1121.555 2792.149
1121.868 2670.025
1122.180 2630.616
1122.493 2646.635
1122.806 2673.369
1123.119 2574.817
1123.432 2500.551
1123.745 2636.142
1124.058 2753.875
1124.371 2748.894
1124.684 2682.628
1124.997 2615.933
1125.310 2642.238
1125.623 2626.257
1125.935 2559.562
1126.248 2575.439
1126.561 2612.315
1126.874 2612.191
1127.187 2687.210
1127.500 2790.372
1127.813 2880.820
1128.126 2854.982
1128.439 2732.430
1128.752 2675.020
1129.065 2678.754
1129.378 2614.630
1129.691 2543.363
1130.003 2556.096
1130.316 2585.258
1130.629 2554.706
1130.942 2562.582
1131.255 2666.887
1131.568 2665.334
1131.881 2548.496
1132.194 2491.658
1132.507 2467.677
1132.820 2491.553
1133.133 2546.571
1133.446 2575.162
1133.759 2643.181
1134.071 2834.628
1134.384 2850.504
1134.697 2821.951
1135.010 2866.256
1135.323 2870.275
1135.636 2752.150
1135.949 2683.741
1136.262 2602.188
1136.575 2568.492
1136.888 2571.940
1137.201 2608.530
1137.514 2606.405
1137.826 2721.853
1138.139 2822.157
1138.452 2897.033
1138.765 2974.194
1139.078 3071.784
1139.391 3036.517
1139.704 3040.536
1140.017 3024.840
1140.330 2949.144
1140.643 2848.591
1140.956 2836.895
1141.269 2856.628
1141.582 2859.218
1141.894 2838.379
1142.207 2782.540
1142.520 2798.559
1142.833 2802.006
1143.146 2739.167
1143.459 2614.328
1143.772 2593.918
1144.085 2512.222
1144.398 2486.669
1144.711 2527.687
1145.024 2559.277
1145.337 2614.581
1145.650 2587.885
1145.962 2597.046
1146.275 2713.350
1146.588 2709.797
1146.901 2654.958
1147.214 2696.833
1147.527 2665.851
1147.840 2650.584
1148.153 2654.602
1148.466 2623.477
1148.779 2708.352
1149.092 2726.942
1149.405 2677.246
1149.718 2673.121
1150.030 2759.139
1150.343 2749.586
1150.656 2665.747
1150.969 2600.765
1151.282 2578.354
1151.595 2514.658
1151.908 2528.676
1152.221 2553.265
1152.534 2720.426
1152.847 2928.444
1153.160 2989.176
1153.473 3062.194
1153.785 3170.069
1154.098 3153.801
1154.411 3071.247
1154.724 2925.408
1155.037 2760.426
1155.350 2664.729
1155.663 2572.319
1155.976 2505.622
1156.289 2496.640
1156.602 2553.372
1156.915 2523.532
1157.228 2579.264
1157.541 2725.568
1157.853 2737.443
1158.166 2687.603
1158.479 2693.049
1158.792 2706.639
1159.105 2721.942
1159.418 2698.531
1159.731 2591.406
1160.044 2619.280
1160.357 2746.012
1160.670 2834.601
1160.983 2823.476
1161.296 2805.779
1161.609 2712.082
1161.921 2636.100
1162.234 2609.689
1162.547 2606.992
1162.860 2501.295
1163.173 2412.884
1163.486 2478.759
1163.799 2637.919
1164.112 2683.651
1164.425 2619.811
1164.738 2507.685
1165.051 2607.846
1165.364 2742.149
1165.676 2712.737
1165.989 2714.469
1166.302 2841.201
1166.615 2918.075
1166.928 2957.950
1167.241 2913.253
1167.554 2886.413
1167.867 2860.144
1168.180 2718.876
1168.493 2651.179
1168.806 2728.053
1169.119 2752.499
1169.432 2646.087
1169.744 2619.962
1170.057 2685.836
1170.370 2772.710
1170.683 2679.013
1170.996 2585.887
1171.309 2619.476
1171.622 2679.207
1171.935 2640.510
1172.248 2581.098
1172.561 2541.973
1172.874 2579.561
1173.187 2592.007
1173.500 2711.452
1173.812 2789.755
1174.125 2753.058
1174.438 2844.646
1174.751 2940.091
1175.064 2949.965
1175.377 2909.268
1175.690 2686.714
1176.003 2579.016
1176.316 2618.604
1176.629 2466.336
1176.942 2318.638
1177.255 2362.941
1177.567 2469.243
1177.880 2573.403
1178.193 2654.991
1178.506 2722.865
1178.819 2802.310
1179.132 2827.613
1179.445 2722.630
1179.758 2675.789
1180.071 2681.663
1180.384 2676.108
1180.697 2684.554
1181.010 2724.427
1181.323 2759.873
1181.635 2747.746
1181.948 2720.049
1182.261 2787.065
1182.574 2916.511
1182.887 2890.670
1183.200 2805.829
1183.513 2806.417
1183.826 2920.434
1184.139 2904.451
1184.452 2746.467
1184.765 2589.198
1185.078 2645.072
1185.391 2640.517
1185.703 2607.676
1186.016 2690.121
1186.329 2773.995
1186.642 2891.582
1186.955 2859.170
1187.268 2775.044
1187.581 2842.775
1187.894 2892.505
1188.207 2738.093
1188.520 2663.395
1188.833 2611.554
1189.146 2604.428
1189.459 2539.730
1189.771 2478.889
1190.084 2501.477
1190.397 2560.636
1190.710 2541.938
1191.023 2519.383
1191.336 2574.399
1191.649 2614.129
1191.962 2593.860
1192.275 2527.305
1192.588 2505.749
1192.901 2538.623
1193.214 2478.639
1193.526 2471.512
1193.839 2539.957
1194.152 2532.116
1194.465 2455.989
1194.778 2456.577
1195.091 2508.021
1195.404 2475.037
1195.717 2314.196
1196.030 2273.212
1196.343 2355.943
1196.656 2479.387
1196.969 2564.118
1197.282 2651.848
1197.594 2799.435
1197.907 2885.880
1198.220 2798.753
1198.533 2811.198
1198.846 2831.214
1199.159 2724.372
1199.472 2572.960
1199.785 2549.976
1200.098 2622.849
1200.411 2666.436
1200.724 2527.737
1201.037 2522.896
1201.350 2591.198
1201.662 2376.214
1201.975 2291.317
1202.288 2196.458
1202.601 2176.416
