165.028 530.769
165.288 462.407
165.547 345.400
165.807 344.882
166.067 371.414
166.327 458.100
166.587 451.655
166.847 360.222
167.107 445.371
167.367 558.960
167.627 588.846
167.886 680.457
168.146 833.508
168.406 909.141
168.666 850.356
168.926 805.010
169.186 918.818
169.446 950.064
169.706 788.606
169.966 691.731
170.225 845.293
170.485 984.437
170.745 939.734
171.005 851.469
171.265 916.214
171.525 990.825
171.785 903.160
172.045 717.933
172.305 782.858
172.564 894.935
172.824 831.307
173.084 800.116
173.344 873.363
173.604 888.189
173.864 807.025
174.124 670.725
174.384 732.292
174.644 821.724
174.903 687.306
175.163 669.611
175.423 823.781
175.683 883.531
175.943 777.002
176.203 701.053
176.463 728.968
176.723 912.462
176.983 921.963
177.242 860.186
177.502 956.273
177.762 1042.653
178.022 942.897
178.282 863.433
178.542 976.548
178.802 937.812
179.062 791.225
179.322 758.931
179.581 904.357
179.841 988.361
180.101 981.085
180.361 811.672
180.621 863.122
180.881 993.864
181.141 941.469
181.401 840.936
181.661 909.124
181.920 893.745
182.180 762.086
182.440 670.575
182.700 744.926
182.960 755.282
183.220 671.215
183.480 605.152
183.740 781.523
184.000 946.327
184.259 1005.707
184.519 1028.948
184.779 1153.766
185.039 1287.159
185.299 1276.985
185.559 1282.529
185.819 1402.506
186.079 1378.772
186.339 1176.900
186.598 1072.888
186.858 1282.308
187.118 1439.875
187.378 1342.874
187.638 1199.305
187.898 1247.168
188.158 1369.177
188.418 1342.903
188.678 1174.489
188.937 1212.365
189.197 1166.957
189.457 1006.837
189.717 973.006
189.977 1087.607
190.237 1173.638
190.497 1049.958
190.757 872.565
191.017 938.461
191.276 1035.073
191.536 902.973
191.796 864.303
192.056 932.778
192.316 971.970
192.576 890.306
192.836 917.358
193.096 1081.268
193.356 1131.609
193.616 1022.952
193.875 1027.296
194.135 1165.069
194.395 1258.558
194.655 1184.906
194.915 1066.397
195.175 1118.747
195.435 1140.098
195.695 1050.592
195.955 1019.944
196.214 1150.726
196.474 1217.651
196.734 1185.148
196.994 1248.503
197.254 1317.429
197.514 1287.785
197.774 1153.141
198.034 1069.640
198.294 1069.282
198.553 1093.495
198.813 1010.709
199.073 1069.065
199.333 1188.850
199.593 1230.349
199.853 1126.847
200.113 1106.631
200.373 1229.129
200.633 1264.341
200.892 1095.553
201.152 1092.049
201.412 1220.831
201.672 1246.612
201.932 1120.249
202.192 1061.886
202.452 1276.664
202.712 1437.156
202.972 1318.219
203.231 1212.852
203.491 1498.340
203.751 1685.971
204.011 1592.172
204.271 1433.086
204.531 1444.427
204.791 1439.052
205.051 1315.819
205.311 1071.727
205.570 1097.633
205.830 1238.824
206.090 1160.156
206.350 1103.486
206.610 1263.958
206.870 1363.284
207.130 1308.466
207.390 1255.646
207.650 1288.967
207.909 1301.286
208.169 1199.746
208.429 1089.918
208.689 1138.659
208.949 1137.969
209.209 1028.135
209.469 948.298
209.729 1141.601
209.989 1203.045
210.248 1181.772
210.508 1211.926
210.768 1304.362
211.028 1378.510
211.288 1361.513
211.548 1280.656
211.808 1331.796
212.068 1268.791
212.328 1151.783
212.587 1204.058
212.847 1401.758
213.107 1480.599
213.367 1337.579
213.627 1342.842
213.887 1561.674
214.147 1623.931
214.407 1470.899
214.667 1388.149
214.926 1479.254
215.186 1564.213
215.446 1436.882
215.706 1289.549
215.966 1359.640
216.226 1471.157
216.486 1297.242
216.746 1123.752
217.006 1251.259
217.265 1318.476
217.525 1263.404
217.785 1244.043
218.045 1326.535
218.305 1391.310
218.565 1315.509
218.825 1148.705
219.085 1269.182
219.345 1385.370
219.604 1265.412
219.864 1152.878
220.124 1206.198
220.384 1346.657
220.644 1357.968
220.904 1263.991
221.164 1290.295
221.424 1338.452
221.684 1305.891
221.943 1255.897
222.203 1265.899
222.463 1251.469
222.723 1143.177
222.983 1046.881
223.243 1084.438
223.503 1077.705
223.763 1118.397
224.023 1141.941
224.282 1264.196
224.542 1465.875
224.802 1492.406
225.062 1563.791
225.322 1721.314
225.582 1661.975
225.842 1538.918
226.102 1469.856
226.362 1418.219
226.621 1469.577
226.881 1370.788
227.141 1338.423
227.401 1489.624
227.661 1515.250
227.921 1441.014
228.181 1402.488
228.441 1386.529
228.701 1382.708
228.960 1345.596
229.220 1297.766
229.480 1348.502
229.740 1386.377
230.000 1345.675
230.260 1337.684
230.520 1432.544
230.780 1409.543
231.040 1298.680
231.299 1373.812
231.559 1498.367
231.819 1484.347
232.079 1409.036
232.339 1471.577
232.599 1581.828
232.859 1593.931
233.119 1425.744
233.379 1353.266
233.638 1479.640
233.898 1598.581
234.158 1437.374
234.418 1350.019
234.678 1481.945
234.938 1569.867
235.198 1468.926
235.458 1437.980
235.718 1497.457
235.978 1590.216
236.237 1565.112
236.497 1519.718
236.757 1669.032
237.017 1753.628
237.277 1667.361
237.537 1601.804
237.797 1616.670
238.057 1643.674
238.317 1567.816
238.576 1496.524
238.836 1664.798
239.096 1771.925
239.356 1688.618
239.616 1646.591
239.876 1731.988
240.136 1838.380
240.396 1709.053
240.656 1545.292
240.915 1613.382
241.175 1688.754
241.435 1656.549
241.695 1612.196
241.955 1631.980
242.215 1727.045
242.475 1708.391
242.735 1601.589
242.995 1621.067
243.254 1618.683
243.514 1588.579
243.774 1541.471
244.034 1609.786
244.294 1660.809
244.554 1588.971
244.814 1602.127
245.074 1742.421
245.334 1737.424
245.593 1647.279
245.853 1616.701
246.113 1709.831
246.373 1777.242
246.633 1706.076
246.893 1629.191
247.153 1713.729
247.413 1754.262
247.673 1614.362
247.932 1540.170
248.192 1600.544
248.452 1587.199
248.712 1467.421
248.972 1374.922
249.232 1496.133
249.492 1600.339
249.752 1507.968
250.012 1581.735
250.271 1761.068
250.531 1879.110
250.791 1838.004
251.051 1826.750
251.311 1912.062
251.571 2010.369
251.831 1901.956
252.091 1811.824
252.351 1918.401
252.610 2049.402
252.870 1955.540
253.130 1883.387
253.390 1951.658
253.650 1972.495
253.911 1895.898
254.172 1829.439
254.433 1885.975
254.694 1952.791
254.955 1871.031
255.216 1773.408
255.477 1763.637
255.738 1796.719
255.999 1675.081
256.261 1513.723
256.522 1568.646
256.783 1608.278
257.044 1498.191
257.305 1501.956
257.566 1582.001
257.827 1623.184
258.088 1602.505
258.349 1552.678
258.610 1646.846
258.871 1730.294
259.132 1588.166
259.393 1464.318
259.654 1615.180
259.915 1678.322
260.176 1542.602
260.437 1500.877
260.698 1641.147
260.959 1736.412
261.221 1718.386
261.482 1633.212
261.743 1751.748
262.004 1811.135
262.265 1652.661
262.526 1569.324
262.787 1664.125
263.048 1721.635
263.309 1647.998
263.570 1517.498
263.831 1605.993
264.092 1705.055
264.353 1641.254
264.614 1641.878
264.875 1817.782
265.136 1959.395
265.397 1976.003
265.658 1929.749
265.919 2048.776
266.181 2101.798
266.442 1944.387
266.703 1787.113
266.964 1776.263
267.225 1756.123
267.486 1663.549
267.747 1638.112
268.008 1761.386
268.269 1976.654
268.530 1943.346
268.791 1912.177
269.052 2039.859
269.313 2113.822
269.574 1983.781
269.835 1892.734
270.096 1848.254
270.357 1906.770
270.618 1817.709
270.879 1718.500
271.141 1772.430
271.402 1804.498
271.663 1750.989
271.924 1716.904
272.185 1733.243
272.446 1736.435
272.707 1673.907
272.968 1639.660
273.229 1721.980
273.490 1763.153
273.751 1677.320
274.012 1669.198
274.273 1841.499
274.534 1897.509
274.795 1830.801
275.056 1886.088
275.317 1944.085
275.578 1979.220
275.839 1928.636
276.101 1840.619
276.362 2019.168
276.623 2127.428
276.884 1943.825
277.145 1864.361
277.406 2055.035
277.667 2151.419
277.928 2022.655
278.189 1850.172
278.450 1834.542
278.711 1990.908
278.972 2008.411
279.233 1837.911
279.494 1844.262
279.755 1904.896
280.016 1821.524
280.277 1814.148
280.538 1830.339
280.799 1812.668
281.061 1732.850
281.322 1664.314
281.583 1781.201
281.844 1851.370
282.105 1748.105
282.366 1659.694
282.627 1793.706
282.888 1922.429
283.149 1891.861
283.410 1848.432
283.671 2006.284
283.932 2151.703
284.193 2084.547
284.454 2023.814
284.715 2145.506
284.976 2200.908
285.237 2114.020
285.498 2116.127
285.759 2224.802
286.021 2264.186
286.282 2142.567
286.543 2097.514
286.804 2153.600
287.065 2173.396
287.326 2019.045
287.587 2003.404
287.848 2116.045
288.109 2123.681
288.370 1925.599
288.631 1801.655
288.892 1931.279
289.153 1966.899
289.414 1741.514
289.675 1648.840
289.936 1739.732
290.197 1807.192
290.458 1815.791
290.719 1807.814
290.981 1896.691
291.242 1968.706
291.503 1945.002
291.764 1960.152
292.025 2092.298
292.286 2123.582
292.547 1959.863
292.808 1915.568
293.069 2023.840
293.330 2027.108
293.591 1872.372
293.852 1822.061
294.113 1940.603
294.374 2034.570
294.635 1998.390
294.896 1981.205
295.157 2115.446
295.418 2226.111
295.679 2126.058
295.941 2078.858
296.202 2118.511
296.463 2094.589
296.724 1952.520
296.985 1823.019
297.246 1942.799
297.507 2053.433
297.768 1976.634
298.029 2014.832
298.290 2131.454
298.551 2205.501
298.812 2201.401
299.073 2186.869
299.334 2280.333
299.595 2360.222
299.856 2217.107
300.117 2097.131
300.378 2195.009
300.639 2308.454
300.901 2274.467
301.162 2372.476
301.423 2462.339
301.684 2519.626
301.945 2450.624
302.206 2353.333
302.467 2345.895
302.728 2346.739
302.989 2136.151
303.250 2097.988
303.511 2212.107
303.772 2293.793
304.033 2226.048
304.294 2177.584
304.555 2174.260
304.816 2108.361
305.077 1951.601
305.338 1965.837
305.599 2136.356
305.861 2243.728
306.122 2125.668
306.383 2149.604
306.644 2286.966
306.905 2331.752
307.166 2131.678
307.427 2020.601
307.688 2099.948
307.949 2250.863
308.210 2133.918
308.471 2046.541
308.732 2077.732
308.993 2221.633
309.254 2206.245
309.515 2121.283
309.776 2140.888
310.037 2322.919
310.298 2332.232
310.559 2326.399
310.821 2308.562
311.082 2218.722
311.343 2062.307
311.604 1957.603
311.865 1832.895
312.126 1805.042
312.387 1756.899
312.648 1781.468
312.909 1934.747
313.170 2071.880
313.434 2073.010
313.698 2066.851
313.963 2118.831
314.227 2105.951
314.491 1930.925
314.755 1817.610
315.019 1884.863
315.284 1980.399
315.548 1995.074
315.812 1998.032
316.076 2156.272
316.340 2276.652
316.604 2342.314
316.869 2391.116
317.133 2503.058
317.397 2484.139
317.661 2387.217
317.925 2332.293
318.190 2436.222
318.454 2392.719
318.718 2362.213
318.982 2322.419
319.246 2348.764
319.511 2348.535
319.775 2202.016
320.039 2066.352
320.303 2155.257
320.567 2054.586
320.832 1900.627
321.096 1920.951
321.360 2022.415
321.624 2080.161
321.888 2022.047
322.153 1931.644
322.417 1943.953
322.681 1912.830
322.945 1746.132
323.209 1714.432
323.473 1912.157
323.738 2025.736
324.002 1944.456
324.266 1907.029
324.530 2032.742
324.794 2180.024
325.059 2116.732
325.323 2000.008
325.587 2059.852
325.851 2186.694
326.115 2260.818
326.380 2239.369
326.644 2227.916
326.908 2248.175
327.172 2119.431
327.436 2072.684
327.701 2117.648
327.965 2048.324
328.229 2037.140
328.493 2070.810
328.757 2143.192
329.022 2231.999
329.286 2172.804
329.550 2138.177
329.814 2200.977
330.078 2136.630
330.342 2013.995
330.607 2003.215
330.871 2113.574
331.135 2116.645
331.399 2024.142
331.663 2054.493
331.928 2214.271
332.192 2231.331
332.456 2107.960
332.720 2022.443
332.984 2091.495
333.249 2079.259
333.513 1930.591
333.777 1823.636
334.041 1972.391
334.305 2018.573
334.570 1945.895
334.834 1954.500
335.098 2093.102
335.362 2149.559
335.626 2045.156
335.891 1907.322
336.155 1964.914
336.419 1947.075
336.683 1853.090
336.947 1847.389
337.211 1983.256
337.476 2082.978
337.740 2114.126
338.004 2123.985
338.268 2232.985
338.532 2292.411
338.797 2183.549
339.061 2151.399
339.325 2288.960
339.589 2337.090
339.853 2265.218
340.118 2244.486
340.382 2286.323
340.646 2303.872
340.910 2217.133
341.174 2107.249
341.439 2146.076
341.703 2139.043
341.967 2039.437
342.231 2037.543
342.495 2224.218
342.759 2242.747
343.024 2105.845
343.288 2035.084
343.552 2158.606
343.816 2195.269
344.080 2013.501
344.345 1824.302
344.609 1958.243
344.873 2068.039
345.137 2132.404
345.401 2234.338
345.666 2369.270
345.930 2472.057
346.194 2400.984
346.458 2337.909
346.722 2515.403
346.987 2448.752
347.251 2221.670
347.515 2134.442
347.779 2160.927
348.043 2212.410
348.308 2048.176
348.572 1840.225
348.836 1905.701
349.100 1959.603
349.364 1848.217
349.628 1854.543
349.893 1980.581
350.157 2014.903
350.421 1917.794
350.685 1839.968
350.949 1872.569
351.214 1953.024
351.478 1895.478
351.742 1832.358
352.006 1982.521
352.270 2148.111
352.535 2084.270
352.799 2045.713
353.063 2135.867
353.327 2133.305
353.591 2075.742
353.856 2091.890
354.120 2205.607
354.384 2282.323
354.648 2248.179
354.912 2272.605
355.177 2441.028
355.441 2491.021
355.705 2337.297
355.969 2186.857
356.233 2324.986
356.497 2382.399
356.762 2255.524
357.026 2177.362
357.290 2237.625
357.554 2241.030
357.818 2215.290
358.083 2138.119
358.347 2185.232
358.611 2192.771
358.875 2083.308
359.139 2021.701
359.404 2134.949
359.668 2159.051
359.932 2064.295
360.196 2013.394
360.460 2133.062
360.725 2221.871
360.989 2225.963
361.253 2253.911
361.517 2457.572
361.781 2567.659
362.046 2531.458
362.310 2499.255
362.574 2557.907
362.838 2552.986
363.102 2411.921
363.366 2282.567
363.631 2294.212
363.895 2312.569
364.159 2236.353
364.423 2218.135
364.687 2339.772
364.952 2386.693
365.216 2241.469
365.480 2164.672
365.747 2275.444
366.013 2312.929
366.280 2186.412
366.546 2144.179
366.813 2284.086
367.079 2418.135
367.346 2459.325
367.612 2425.799
367.879 2494.270
368.145 2593.883
368.412 2453.066
368.678 2362.532
368.945 2470.425
369.211 2465.174
369.478 2337.635
369.744 2253.237
370.011 2406.980
370.278 2506.435
370.544 2374.460
370.811 2289.912
371.077 2406.220
371.344 2503.811
371.610 2473.829
371.877 2383.274
372.143 2541.717
372.410 2651.730
372.676 2493.884
372.943 2348.179
373.209 2449.186
373.476 2551.335
373.742 2419.054
374.009 2241.770
374.276 2281.485
374.542 2341.913
374.809 2247.767
375.075 2109.335
375.342 2154.471
375.608 2187.035
375.875 2144.597
376.141 2250.443
376.408 2428.002
376.674 2600.844
376.941 2608.542
377.207 2550.667
377.474 2645.362
377.740 2695.055
378.007 2524.747
378.273 2399.437
378.540 2408.697
378.807 2460.812
379.073 2370.497
379.340 2298.609
379.606 2358.005
379.873 2407.542
380.139 2337.363
380.406 2244.326
380.672 2235.287
380.939 2248.818
381.205 2165.204
381.472 2120.303
381.738 2166.401
382.005 2251.783
382.271 2222.020
382.538 2222.541
382.804 2319.490
383.071 2416.294
383.338 2304.525
383.604 2249.326
383.871 2356.411
384.137 2387.351
384.404 2271.005
384.670 2229.514
384.937 2340.735
385.203 2470.241
385.470 2410.603
385.736 2299.392
386.003 2364.322
386.269 2485.393
386.536 2555.463
386.802 2505.388
387.069 2509.312
387.336 2525.806
387.602 2443.584
387.869 2411.075
388.135 2587.993
388.402 2556.338
388.668 2424.825
388.935 2389.738
389.201 2491.508
389.468 2517.133
389.734 2438.042
390.001 2295.378
390.267 2350.428
390.534 2421.904
390.800 2357.522
391.067 2289.281
391.333 2404.182
391.600 2421.081
391.867 2260.693
392.133 2214.875
392.400 2251.198
392.666 2204.806
392.933 2066.698
393.199 2066.875
393.466 2225.050
393.732 2269.795
393.999 2204.539
394.265 2179.138
394.532 2314.308
394.798 2424.190
395.065 2280.357
395.331 2160.808
395.598 2259.115
395.864 2278.135
396.131 2194.582
396.398 2253.456
396.664 2371.472
396.931 2394.915
397.197 2318.642
397.464 2277.654
397.730 2322.236
397.997 2494.530
398.263 2411.824
398.530 2318.830
398.796 2445.835
399.063 2537.411
399.329 2517.699
399.596 2608.986
399.862 2620.985
400.129 2625.555
400.396 2583.838
400.662 2540.691
400.929 2682.258
401.195 2769.394
401.462 2589.243
401.728 2494.805
401.995 2606.509
402.261 2718.783
402.528 2771.341
402.794 2800.613
403.061 2879.169
403.327 2941.723
403.594 2949.991
403.860 2975.972
404.127 3106.237
404.393 3180.501
404.660 3066.906
404.931 3152.882
405.202 3479.857
405.473 3665.116
405.745 3679.373
406.016 3741.630
406.287 3857.171
406.558 4023.854
406.829 3991.964
407.100 3892.072
407.371 3943.609
407.642 3973.572
407.914 3904.820
408.185 3902.210
408.456 4083.170
408.727 4180.557
408.998 4108.229
409.269 4099.757
409.540 4187.569
409.811 4194.809
410.083 4108.905
410.354 4056.142
410.625 4102.664
410.896 4100.613
411.167 4055.562
411.438 4036.509
411.709 4126.883
411.981 4131.828
412.252 3922.486
412.523 3746.142
412.794 3872.512
413.065 3923.167
413.336 3814.249
413.607 3621.615
413.878 3553.837
414.150 3428.487
414.421 3240.136
414.692 3034.070
414.963 3061.145
415.234 3034.504
415.505 2899.006
415.776 2766.363
416.047 2793.577
416.319 2787.789
416.590 2612.572
416.861 2360.497
417.132 2298.420
417.403 2336.914
417.674 2287.692
417.945 2269.755
418.217 2351.246
418.488 2447.735
418.759 2394.938
419.030 2391.568
419.301 2497.769
419.572 2539.539
419.843 2491.452
420.114 2457.935
420.386 2513.846
420.657 2488.755
420.928 2326.664
421.199 2313.000
421.470 2483.335
421.741 2477.240
422.012 2406.001
422.283 2353.476
422.555 2455.521
422.826 2520.994
423.097 2346.465
423.368 2224.079
423.639 2332.262
423.910 2481.874
424.181 2482.198
424.453 2443.665
424.724 2590.987
424.995 2742.595
425.266 2688.629
425.537 2675.663
425.808 2640.410
426.079 2565.871
426.350 2484.902
426.622 2403.503
426.893 2433.960
427.164 2448.845
427.435 2252.015
427.706 2214.470
427.977 2334.352
428.248 2388.233
428.519 2268.113
428.791 2190.135
429.062 2281.870
429.333 2448.319
429.604 2411.624
429.875 2404.642
430.146 2451.516
430.417 2476.818
430.689 2350.976
430.960 2234.276
431.231 2307.004
431.502 2321.873
431.773 2181.885
432.044 2162.038
432.315 2293.477
432.586 2399.485
432.858 2365.207
433.129 2263.928
433.400 2270.077
433.671 2254.939
433.942 2138.800
434.213 2040.518
434.484 2075.520
434.755 2204.807
435.027 2195.950
435.298 2178.378
435.569 2384.091
435.840 2434.374
436.116 2385.799
436.391 2378.509
436.667 2399.219
436.942 2388.927
437.218 2345.491
437.493 2320.912
437.769 2475.332
438.045 2540.323
438.320 2488.741
438.596 2406.301
438.871 2441.574
439.147 2497.276
439.422 2356.547
439.698 2289.961
439.974 2368.802
440.249 2380.357
440.525 2298.768
440.800 2331.893
441.076 2436.302
441.351 2431.568
441.627 2350.119
441.903 2356.525
442.178 2415.931
442.454 2521.908
442.729 2442.312
443.005 2341.287
443.281 2453.118
443.556 2485.520
443.832 2396.349
444.107 2395.892
444.383 2438.577
444.658 2461.261
444.934 2467.373
445.210 2479.913
445.485 2552.880
445.761 2584.275
446.036 2455.527
446.312 2368.777
446.587 2413.027
446.863 2392.276
447.139 2248.524
447.414 2175.629
447.690 2242.732
447.965 2321.978
448.241 2244.937
448.516 2198.181
448.792 2249.853
449.068 2390.238
449.343 2394.194
449.619 2430.435
449.894 2609.247
450.170 2684.772
450.445 2621.439
450.721 2568.248
450.997 2585.914
451.272 2624.150
451.548 2429.385
451.823 2256.620
452.099 2345.997
452.375 2397.658
452.650 2413.748
452.926 2393.693
453.201 2418.353
453.477 2502.868
453.752 2448.526
454.028 2453.612
454.304 2643.125
454.579 2739.209
454.855 2678.578
455.130 2670.661
455.406 2764.457
455.681 2807.824
455.957 2640.904
456.233 2445.412
456.508 2452.063
456.784 2495.998
457.059 2426.647
457.335 2347.580
457.610 2400.656
457.886 2548.874
458.162 2536.091
458.437 2471.451
458.713 2621.238
458.988 2697.453
459.264 2644.525
459.539 2619.453
459.815 2626.237
460.091 2610.878
460.366 2546.518
460.642 2375.157
460.917 2383.510
461.193 2418.291
461.468 2307.642
461.744 2260.278
462.020 2368.486
462.295 2380.121
462.571 2346.755
462.846 2293.898
463.122 2353.573
463.397 2431.602
463.673 2315.287
463.949 2242.204
464.224 2366.649
464.500 2425.474
464.775 2351.189
465.051 2368.371
465.327 2466.913
465.602 2569.152
465.878 2641.145
466.153 2587.241
466.429 2674.098
466.704 2762.918
466.980 2673.861
467.256 2613.596
467.531 2739.299
467.807 2754.309
468.082 2615.672
468.358 2526.587
468.633 2625.901
468.909 2697.452
469.185 2642.892
469.460 2532.291
469.736 2554.555
470.011 2695.007
470.287 2658.264
470.562 2582.829
470.838 2698.259
471.114 2840.799
471.389 2817.951
471.665 2750.239
471.940 2810.974
472.216 2857.294
472.491 2801.816
472.767 2684.777
473.043 2672.535
473.318 2662.465
473.594 2544.643
473.869 2446.093
474.145 2487.985
474.421 2466.261
474.696 2366.846
474.972 2390.767
475.247 2521.323
475.523 2660.966
475.798 2618.772
476.074 2613.265
476.350 2786.679
476.625 2871.144
476.901 2690.333
477.176 2558.354
477.452 2574.742
477.727 2580.043
478.003 2422.844
478.279 2291.741
478.554 2346.132
478.830 2375.605
479.105 2332.117
479.381 2388.230
479.656 2559.666
479.932 2732.734
480.208 2711.211
480.483 2634.914
480.759 2744.419
481.034 2835.665
481.310 2695.011
481.585 2576.274
481.861 2529.917
482.137 2598.688
482.412 2601.641
482.688 2543.063
482.963 2677.600
483.239 2821.409
483.514 2794.615
483.790 2805.588
484.066 2858.717
484.341 2882.156
484.617 2813.602
484.892 2676.165
485.168 2660.969
485.443 2661.532
485.719 2547.879
485.995 2480.349
486.270 2551.720
486.546 2619.353
486.821 2609.345
487.097 2559.946
487.373 2565.002
487.648 2522.625
487.924 2362.936
488.199 2277.462
488.475 2277.134
488.750 2219.601
489.026 2118.871
489.302 2139.519
489.577 2372.003
489.853 2497.089
490.128 2399.326
490.404 2394.175
490.679 2497.879
490.955 2515.648
491.231 2424.281
491.506 2411.000
491.782 2582.790
492.057 2698.923
492.333 2598.477
492.608 2564.096
492.884 2685.962
493.160 2672.803
493.435 2451.716
493.711 2257.494
493.986 2313.839
494.262 2369.673
494.537 2223.029
494.813 2192.711
495.089 2351.513
495.364 2442.304
495.640 2400.838
495.915 2406.202
496.191 2537.429
496.467 2641.147
496.742 2565.157
497.018 2506.169
497.293 2618.882
497.569 2745.003
497.844 2731.038
498.120 2761.418
498.396 2908.044
498.671 2966.995
498.947 2952.475
499.222 2903.153
499.498 2910.878
499.773 2880.988
500.049 2745.410
500.325 2737.561
500.600 2856.026
500.876 2929.935
501.151 2864.039
501.427 2822.505
501.702 2868.568
501.978 3017.853
502.254 2976.216
502.529 2883.145
502.805 2912.420
503.080 2971.127
503.356 2967.088
503.631 3056.506
503.907 3109.117
504.183 3181.133
504.458 3129.278
504.734 3085.371
505.009 3200.150
505.285 3212.412
505.560 3014.726
505.836 2871.407
506.112 2804.788
506.387 2794.721
506.663 2718.659
506.938 2614.321
507.214 2785.241
507.490 2915.378
507.765 2808.187
508.041 2832.909
508.316 2969.629
508.592 2981.244
508.867 2845.407
509.143 2636.832
509.419 2600.475
509.694 2676.475
509.970 2501.774
510.245 2337.723
510.521 2340.017
510.796 2441.523
511.072 2377.304
511.348 2326.058
511.623 2387.532
511.899 2403.604
512.174 2337.188
512.450 2326.923
512.725 2502.774
513.001 2653.631
513.277 2563.218
513.552 2572.537
513.828 2696.354
514.103 2758.077
514.379 2807.160
514.654 2784.476
514.930 2844.132
515.206 2885.739
515.481 2800.188
515.757 2826.216
516.032 2925.524
516.308 2971.391
516.583 2832.755
516.859 2741.953
517.135 2866.984
517.410 2929.602
517.686 2791.606
517.961 2823.028
518.237 2879.300
518.513 2873.326
518.788 2792.912
519.064 2774.078
519.339 2869.017
519.615 3030.031
519.890 2983.157
520.166 2985.321
520.442 3121.465
520.717 3225.388
520.993 3134.057
521.268 3073.958
521.544 3145.280
521.819 3218.351
522.095 3181.923
522.371 3215.007
522.646 3336.626
522.922 3421.248
523.197 3363.063
523.473 3339.297
523.748 3381.404
524.024 3423.425
524.300 3385.593
524.575 3374.601
524.851 3592.179
525.126 3773.266
525.402 3721.371
525.677 3684.676
525.953 3718.419
526.229 3705.857
526.504 3657.542
526.780 3575.862
527.055 3598.624
527.331 3648.289
527.606 3606.961
527.882 3603.335
528.158 3741.242
528.433 3767.163
528.709 3703.403
528.984 3661.949
529.260 3730.594
529.535 3836.665
529.811 3779.564
530.087 3692.995
530.362 3782.485
530.638 3756.012
530.913 3695.053
531.189 3687.681
531.465 3719.411
531.740 3770.460
532.016 3636.815
532.291 3504.725
532.567 3586.332
532.842 3516.592
533.118 3239.124
533.394 3070.633
533.669 3079.383
533.945 3082.686
534.220 3003.714
534.496 2982.340
534.771 3155.185
535.047 3332.167
535.323 3333.929
535.598 3247.710
535.874 3303.630
536.149 3301.289
536.425 3139.806
536.700 3070.647
536.976 3169.872
537.252 3287.797
537.527 3439.525
537.803 3708.531
538.078 4111.574
538.354 4428.490
538.629 4578.239
538.905 4905.310
539.181 5378.884
539.456 5646.169
539.732 5792.967
540.007 5999.590
540.283 6348.915
540.558 6711.587
540.834 6774.132
541.110 6908.544
541.385 7199.163
541.661 7398.683
541.936 7473.644
542.212 7574.686
542.488 7683.221
542.763 7731.382
543.039 7555.791
543.314 7396.140
543.590 7375.087
543.865 7229.886
544.141 6992.601
544.417 6822.668
544.692 6783.570
544.968 6755.891
545.243 6684.943
545.519 6531.323
545.794 6473.230
546.070 6388.087
546.348 6263.759
546.627 6231.184
546.905 6281.387
547.183 6255.738
547.461 6224.335
547.740 6280.975
548.018 6405.097
548.296 6429.692
548.575 6376.240
548.853 6387.225
549.131 6482.426
549.409 6559.695
549.688 6621.615
549.966 6720.002
550.244 6945.387
550.523 7121.860
550.801 7136.772
551.079 7213.903
551.357 7367.214
551.636 7430.191
551.914 7378.954
552.192 7343.672
552.471 7469.815
552.749 7527.292
553.027 7476.528
553.306 7460.288
553.584 7508.035
553.862 7631.979
554.140 7650.135
554.419 7677.742
554.697 7792.877
554.975 7798.198
555.254 7784.769
555.532 7815.231
555.810 7854.395
556.088 7905.411
556.367 7725.558
556.645 7685.041
556.923 7742.557
557.202 7598.325
557.480 7351.844
557.758 7128.362
558.036 6946.346
558.315 6778.377
558.593 6396.903
558.871 6138.777
559.150 6064.390
559.428 5944.463
559.706 5677.904
559.984 5424.009
560.263 5282.955
560.541 5104.677
560.819 4733.425
561.098 4395.901
561.376 4266.190
561.654 4136.508
561.932 3883.959
562.211 3638.757
562.489 3534.861
562.767 3493.562
563.046 3331.684
563.324 3140.128
563.602 3080.247
563.880 3010.223
564.159 2825.814
564.437 2838.049
564.715 2912.480
564.994 2878.238
565.272 2714.988
565.550 2676.815
565.828 2765.139
566.107 2791.249
566.385 2598.662
566.663 2482.111
566.942 2591.013
567.220 2679.357
567.498 2576.919
567.776 2513.475
568.055 2614.750
568.333 2660.592
568.611 2571.189
568.890 2499.480
569.168 2517.448
569.446 2495.909
569.725 2402.958
570.003 2377.212
570.281 2509.780
570.559 2572.786
570.838 2519.772
571.116 2572.864
571.394 2696.561
571.673 2727.479
571.951 2612.125
572.229 2555.186
572.507 2652.741
572.786 2654.171
573.064 2485.479
573.342 2480.229
573.621 2617.095
573.899 2698.140
574.177 2581.515
574.455 2466.338
574.734 2665.374
575.012 2860.752
575.290 2755.486
575.569 2641.755
575.847 2728.521
576.125 2820.671
576.403 2876.306
576.682 2753.726
576.960 2695.635
577.243 2736.272
577.527 2753.218
577.810 2697.982
578.093 2712.567
578.377 2675.694
578.660 2625.502
578.944 2624.969
579.227 2688.093
579.510 2654.298
579.794 2562.478
580.077 2559.795
580.360 2684.883
580.644 2692.424
580.927 2608.946
581.210 2587.893
581.494 2659.528
581.777 2681.099
582.061 2607.256
582.344 2537.590
582.627 2566.670
582.911 2508.068
583.194 2416.221
583.477 2452.733
583.761 2536.589
584.044 2591.490
584.327 2522.834
584.611 2546.344
584.894 2717.740
585.178 2782.096
585.461 2643.698
585.744 2573.258
586.028 2611.654
586.311 2616.573
586.594 2490.271
586.878 2434.866
587.161 2502.164
587.444 2519.033
587.728 2461.342
588.011 2432.390
588.295 2498.687
588.578 2550.881
588.861 2444.749
589.145 2406.924
589.428 2611.833
589.711 2718.119
589.995 2615.802
590.278 2573.798
590.562 2681.332
590.845 2759.985
591.128 2674.615
591.412 2586.426
591.695 2636.569
591.978 2766.742
592.262 2709.700
592.545 2671.390
592.828 2782.883
593.112 2870.183
593.395 2740.076
593.679 2696.723
593.962 2702.161
594.245 2709.801
594.529 2649.225
594.812 2654.692
595.095 2682.703
595.379 2674.271
595.662 2540.956
595.945 2458.286
596.229 2633.961
596.512 2740.612
596.796 2623.115
597.079 2538.162
597.362 2700.437
597.646 2814.985
597.929 2801.931
598.212 2785.957
598.496 2757.861
598.779 2672.562
599.062 2588.136
599.346 2477.546
599.629 2525.307
599.913 2521.000
600.196 2308.854
600.479 2266.018
600.763 2402.179
601.046 2493.239
601.329 2481.952
601.613 2459.943
601.896 2585.704
602.179 2727.321
602.463 2722.588
602.746 2680.573
603.030 2731.618
603.313 2778.564
603.596 2709.402
603.880 2617.828
604.163 2664.191
604.446 2712.307
604.730 2758.743
605.013 2789.262
605.296 2841.067
605.580 2864.431
605.863 2874.700
606.147 2804.898
606.430 2851.178
606.713 2800.731
606.997 2643.184
607.280 2668.226
607.563 2782.362
607.847 2749.369
608.130 2725.718
608.414 2787.118
608.697 2892.265
608.980 2981.942
609.264 2842.578
609.547 2779.922
609.830 2943.741
610.114 2955.849
610.397 2725.871
610.680 2649.672
610.964 2649.415
611.247 2629.162
611.531 2615.683
611.814 2572.427
612.097 2602.643
612.381 2668.951
612.664 2577.549
612.947 2551.946
613.231 2647.384
613.514 2606.317
613.797 2448.183
614.081 2378.260
614.364 2383.934
614.648 2412.312
614.931 2333.682
615.214 2279.066
615.498 2332.324
615.781 2450.439
616.064 2497.477
616.348 2523.310
616.631 2619.509
616.914 2698.499
617.198 2670.186
617.481 2648.511
617.765 2682.910
618.048 2722.640
618.331 2682.418
618.615 2661.328
618.898 2744.725
619.181 2734.347
619.465 2623.414
619.748 2551.922
620.031 2638.951
620.315 2702.076
620.598 2621.552
620.882 2629.084
621.165 2800.189
621.448 2882.101
621.732 2800.245
622.015 2684.506
622.298 2685.975
622.582 2772.436
622.865 2702.693
623.148 2633.742
623.432 2729.837
623.715 2889.163
623.999 2898.915
624.282 2883.922
624.565 3047.495
624.849 3123.105
625.132 3080.747
625.415 3097.022
625.699 3096.833
625.982 3138.968
626.265 3103.390
626.549 2889.230
626.832 2940.463
627.116 3018.252
627.399 2863.285
627.682 2835.268
627.966 2906.390
628.249 2913.202
628.532 2877.507
628.816 2765.287
629.099 2732.341
629.383 2774.824
629.666 2739.256
629.949 2719.596
630.233 2805.330
630.516 2834.948
630.799 2727.376
631.083 2684.645
631.366 2809.175
631.649 2816.163
631.933 2730.257
632.216 2689.914
632.500 2773.447
632.783 2937.680
633.066 3015.631
633.350 3048.400
633.633 3077.020
633.916 3044.232
634.200 2948.263
634.483 2878.154
634.766 2855.163
635.050 2791.206
635.333 2728.261
635.617 2775.893
635.900 2865.920
636.183 2951.708
636.467 2927.684
636.750 2923.892
637.033 3038.831
637.317 3095.777
637.600 3041.260
637.883 3024.803
638.167 3120.067
638.450 3214.491
638.734 3202.247
639.017 3243.917
639.300 3304.230
639.584 3315.437
639.867 3304.434
640.150 3339.657
640.434 3464.855
640.717 3558.509
641.000 3509.586
641.284 3551.389
641.567 3753.629
641.851 3893.392
642.134 3910.456
642.417 3984.512
642.701 4120.449
642.984 4155.876
643.267 4083.647
643.551 4049.795
643.834 4180.045
644.117 4392.132
644.401 4454.538
644.684 4618.116
644.968 5019.147
645.251 5425.172
645.534 5774.364
645.818 6208.254
646.101 6668.857
646.384 7284.262
646.668 7880.785
646.951 8550.602
647.235 9390.949
647.518 10303.334
647.801 11167.560
648.085 12230.984
648.368 13455.378
648.651 14691.405
648.935 15875.447
649.218 17166.140
649.501 18596.196
649.785 19977.358
650.068 21197.502
650.352 22482.239
650.635 24036.688
650.918 25592.988
651.202 26996.762
651.485 28407.247
651.768 30015.960
652.052 31615.234
652.335 33068.970
652.618 34339.966
652.902 35602.297
653.185 36774.050
653.469 37748.678
653.752 38522.477
654.035 39260.354
654.319 39874.307
654.602 40321.016
654.885 40754.701
655.169 41300.243
655.452 41803.306
655.735 42210.852
656.019 42697.981
656.302 43230.207
656.586 43668.515
656.869 43996.946
657.152 44309.820
657.436 44743.853
657.719 45122.663
658.002 45415.756
658.286 45784.143
658.569 46326.900
658.852 46823.589
659.136 47286.645
659.419 47926.802
659.703 48737.391
659.986 49449.626
660.269 50089.907
660.553 50742.686
660.836 51511.003
661.119 52149.751
661.403 52485.979
661.686 52817.967
661.969 53261.027
662.253 53436.008
662.536 53525.087
662.820 53476.626
663.103 53386.059
663.386 53170.006
663.670 52735.663
663.953 52199.588
664.236 51822.530
664.520 51153.890
664.803 50331.290
665.086 49533.099
665.370 48691.800
665.653 47693.907
665.937 46515.325
666.220 45107.816
666.503 43791.428
666.787 42380.391
667.070 40855.429
667.353 39281.522
667.637 37834.672
667.920 36354.247
668.204 34799.284
668.487 33202.381
668.770 31697.043
669.054 30032.073
669.337 28313.441
669.620 26612.106
669.904 24895.182
670.187 23159.148
670.470 21467.371
670.754 19912.649
671.037 18531.311
671.321 17177.968
671.604 15874.915
671.887 14746.844
672.171 13865.349
672.454 12955.384
672.737 12008.731
673.021 11210.183
673.304 10578.086
673.587 9967.617
673.871 9340.431
674.154 8846.205
674.438 8497.265
674.721 8129.430
675.004 7627.605
675.288 7239.811
675.571 6992.032
675.854 6699.477
676.138 6303.472
676.421 6061.170
676.704 6017.427
676.988 5957.633
677.271 5817.262
677.555 5655.874
677.838 5660.631
678.121 5620.052
678.405 5525.264
678.688 5379.765
678.971 5377.409
679.255 5306.229
679.538 5043.108
679.821 4815.574
680.105 4777.810
680.388 4579.423
680.672 4227.720
680.955 3974.325
681.238 3896.122
681.522 3866.697
681.805 3651.727
682.088 3447.084
682.372 3379.425
682.655 3416.558
682.938 3350.582
683.222 3218.895
683.505 3171.945
683.789 3273.743
684.072 3169.754
684.355 3058.161
684.639 3086.102
684.922 3103.963
685.205 3093.770
685.489 3169.381
685.772 3208.249
686.056 3245.029
686.339 3307.309
686.622 3368.545
686.906 3443.764
687.189 3489.771
687.472 3334.723
687.756 3228.944
688.039 3311.801
688.322 3364.834
688.606 3257.116
688.889 3169.361
689.173 3262.800
689.456 3347.118
689.739 3347.979
690.023 3341.342
690.306 3342.287
690.589 3344.248
690.873 3301.116
691.156 3269.954
691.439 3371.829
691.723 3450.428
692.006 3482.420
692.290 3502.243
692.573 3515.525
692.856 3524.524
693.140 3381.945
693.423 3269.510
693.706 3241.901
693.990 3193.063
694.273 3105.240
694.556 3157.851
694.840 3242.960
695.123 3221.775
695.407 3105.288
695.690 3028.826
695.973 2986.840
696.257 3003.701
696.540 2954.493
696.830 2933.854
697.120 3224.921
697.410 3381.458
697.699 3348.466
697.989 3405.361
698.279 3584.041
698.569 3565.540
698.859 3415.721
699.149 3178.806
699.439 3261.107
699.729 3353.577
700.018 3203.993
700.308 3111.946
700.598 3182.731
700.888 3232.033
701.178 3230.311
701.468 3145.338
701.758 3236.286
702.048 3359.877
702.337 3170.863
702.627 3034.392
702.917 3081.117
703.207 3029.440
703.497 2941.642
703.787 2849.617
704.077 2818.606
704.366 2798.874
704.656 2760.104
704.946 2864.597
705.236 2915.228
705.526 2882.557
705.816 2779.985
706.106 2737.966
706.396 2804.487
706.685 2791.648
706.975 2547.670
707.265 2495.622
707.555 2539.272
707.845 2523.137
708.135 2569.891
708.425 2628.267
708.715 2718.472
709.004 2837.235
709.294 2797.961
709.584 2821.194
709.874 2964.885
710.164 2900.441
710.454 2805.701
710.744 2801.997
711.034 2843.537
711.323 2891.913
711.613 2794.358
711.903 2732.583
712.193 2768.447
712.483 2783.898
712.773 2701.930
713.063 2627.453
713.352 2690.082
713.642 2724.952
713.932 2595.799
714.222 2599.972
714.512 2678.249
714.802 2678.645
715.092 2611.647
715.382 2536.595
715.671 2562.477
715.961 2631.097
716.251 2489.257
716.541 2398.705
716.831 2509.476
717.121 2578.074
717.411 2514.865
717.701 2456.263
717.990 2571.409
718.280 2712.384
718.570 2702.461
718.860 2653.788
719.150 2727.583
719.440 2774.868
719.730 2755.978
720.019 2691.647
720.309 2712.044
720.599 2742.980
720.889 2643.096
721.179 2506.649
721.469 2495.375
721.759 2521.564
722.049 2439.861
722.338 2407.771
722.628 2426.857
722.918 2599.130
723.208 2746.349
723.498 2803.283
723.788 2901.651
724.078 2973.819
724.368 2903.289
724.657 2897.425
724.947 2851.572
725.237 2817.193
725.527 2754.344
725.817 2652.367
726.107 2635.905
726.397 2654.147
726.686 2609.925
726.976 2632.394
727.266 2611.744
727.556 2574.558
727.846 2505.798
728.136 2474.631
728.426 2523.812
728.716 2522.711
729.005 2353.369
729.295 2256.425
729.585 2420.715
729.875 2545.030
730.165 2506.945
730.455 2577.736
730.745 2646.326
731.035 2712.603
731.324 2772.862
731.614 2732.901
731.904 2795.721
732.194 2873.106
732.484 2720.316
732.774 2697.849
733.064 2848.473
733.354 2838.110
733.643 2687.674
733.933 2639.886
734.223 2680.953
734.513 2712.637
734.803 2618.359
735.093 2634.772
735.383 2713.301
735.672 2711.815
735.962 2556.922
736.252 2508.674
736.542 2658.113
736.832 2761.394
737.122 2511.048
737.412 2408.431
737.702 2522.155
737.991 2613.469
738.281 2578.761
738.571 2508.773
738.861 2509.058
739.151 2630.924
739.441 2640.621
739.731 2672.957
740.021 2721.786
740.310 2691.715
740.600 2591.758
740.890 2595.362
741.180 2611.422
741.470 2568.188
741.760 2434.724
742.050 2524.529
742.339 2620.338
742.629 2612.701
742.919 2541.678
743.209 2508.708
743.499 2580.843
743.789 2646.339
744.079 2444.768
744.369 2370.739
744.658 2466.710
744.948 2501.160
745.238 2407.288
745.528 2398.966
745.818 2486.285
746.108 2615.443
746.398 2595.329
746.688 2553.583
746.977 2597.399
747.267 2650.880
747.557 2525.620
747.847 2464.130
748.137 2453.080
748.427 2577.318
748.717 2580.451
749.006 2608.221
749.296 2730.841
749.586 2815.450
749.876 2767.811
750.166 2716.472
750.456 2710.864
750.746 2718.254
751.036 2569.058
751.325 2627.496
751.615 2850.009
751.905 2856.522
752.195 2798.010
752.485 2753.771
752.775 2780.902
753.065 2873.906
753.355 2749.840
753.644 2616.906
753.934 2666.237
754.224 2713.028
754.514 2610.858
754.804 2641.250
755.094 2744.823
755.384 2755.461
755.674 2656.804
755.963 2684.222
756.253 2798.514
756.543 2847.261
756.833 2678.205
757.123 2563.230
757.413 2603.315
757.703 2667.504
757.992 2576.402
758.282 2543.327
758.572 2603.296
758.862 2747.943
759.152 2758.347
759.442 2718.185
759.732 2724.828
760.022 2717.321
760.311 2580.130
760.601 2650.845
760.891 2730.284
761.181 2716.290
761.471 2661.887
761.761 2684.080
762.051 2769.206
762.341 2769.837
762.630 2629.100
762.920 2553.782
763.210 2605.207
763.500 2646.233
763.793 2566.254
764.086 2539.897
764.379 2701.797
764.671 2763.542
764.964 2643.631
765.257 2633.601
765.550 2694.631
765.843 2690.293
766.136 2606.139
766.429 2503.933
766.722 2506.483
767.014 2554.647
767.307 2458.514
767.600 2472.115
767.893 2617.682
768.186 2678.971
768.479 2652.421
768.772 2637.760
769.064 2709.701
769.357 2700.393
769.650 2549.823
769.943 2477.307
770.236 2578.754
770.529 2632.360
770.822 2516.473
771.115 2490.370
771.407 2677.427
771.700 2796.154
771.993 2761.368
772.286 2679.058
772.579 2748.306
772.872 2843.367
773.165 2705.229
773.457 2674.614
773.750 2714.856
774.043 2708.812
774.336 2668.603
774.629 2611.254
774.922 2641.714
775.215 2730.761
775.508 2558.687
775.800 2429.668
776.093 2481.207
776.386 2586.477
776.679 2611.019
776.972 2635.818
777.265 2742.884
777.558 2852.604
777.850 2843.521
778.143 2830.675
778.436 2800.991
778.729 2689.087
779.022 2536.529
779.315 2472.843
779.608 2510.844
779.900 2505.666
780.193 2362.356
780.486 2519.494
780.779 2728.813
781.072 2785.556
781.365 2731.366
781.658 2714.932
781.951 2817.725
782.243 2856.185
782.536 2626.843
782.829 2582.697
783.122 2710.109
783.415 2778.558
783.708 2759.038
784.001 2741.358
784.293 2856.192
784.586 2900.000
784.879 2746.723
785.172 2641.987
785.465 2673.434
785.758 2728.726
786.051 2637.288
786.344 2630.737
786.636 2675.602
786.929 2694.867
787.222 2679.925
787.515 2736.929
787.808 2833.136
788.101 2893.738
788.394 2810.802
788.686 2756.685
788.979 2809.884
789.272 2841.483
789.565 2675.850
789.858 2519.740
790.151 2559.968
790.444 2603.040
790.737 2545.896
791.029 2587.434
791.322 2664.839
791.615 2677.937
791.908 2605.157
792.201 2582.724
792.494 2658.733
792.787 2713.769
793.079 2591.924
793.372 2580.013
793.665 2738.535
793.958 2805.281
794.251 2699.940
794.544 2623.248
794.837 2637.691
795.130 2713.609
795.422 2623.890
795.715 2534.305
796.008 2664.032
796.301 2767.920
796.594 2677.249
796.887 2623.183
797.180 2685.813
797.472 2720.668
797.765 2605.613
798.058 2475.146
798.351 2565.877
798.644 2768.326
798.937 2844.013
799.230 2782.833
799.523 2811.090
799.815 2892.126
800.108 2809.858
800.401 2763.836
800.694 2747.019
800.987 2736.045
801.280 2695.985
801.573 2661.790
801.865 2754.090
802.158 2847.830
802.451 2764.683
802.744 2753.010
803.037 2807.275
803.330 2809.235
803.623 2746.738
803.915 2652.931
804.208 2691.632
804.501 2650.235
804.794 2531.108
805.087 2507.064
805.380 2603.324
805.673 2675.418
805.966 2615.469
806.258 2618.418
806.551 2721.365
806.844 2692.885
807.137 2538.318
807.430 2582.658
807.723 2662.174
808.016 2720.904
808.308 2623.721
808.601 2714.579
808.894 2862.538
809.187 2909.275
809.480 2824.212
809.773 2784.296
810.066 2775.722
810.359 2714.186
810.651 2472.438
810.944 2402.643
811.237 2512.068
811.530 2412.439
811.825 2339.026
812.119 2376.808
812.414 2489.946
812.709 2613.374
813.003 2540.611
813.298 2746.259
813.593 3015.684
813.887 3092.861
814.182 3051.022
814.476 3047.978
814.771 3089.573
815.066 3134.381
815.360 2842.663
815.655 2685.844
815.950 2680.593
816.244 2671.662
816.539 2673.919
816.834 2685.952
817.128 2789.454
817.423 2766.790
817.718 2668.659
818.012 2652.725
818.307 2745.531
818.602 2730.470
818.896 2685.151
819.191 2702.656
819.486 2868.194
819.780 2913.728
820.075 2863.199
820.369 2903.418
820.664 3020.530
820.959 2990.195
821.253 2851.321
821.548 2752.088
821.843 2832.777
822.137 2833.894
822.432 2675.652
822.727 2582.124
823.021 2689.443
823.316 2726.722
823.611 2670.033
823.905 2617.858
824.200 2698.536
824.495 2725.704
824.789 2658.522
825.084 2684.042
825.379 2792.879
825.673 2886.018
825.968 2901.697
826.262 2915.209
826.557 3016.918
826.852 3112.601
827.146 2994.687
827.441 2864.593
827.736 2870.870
828.030 2895.788
828.325 2801.242
828.620 2860.226
828.914 2906.847
829.209 2906.703
829.504 2876.710
829.798 2831.656
830.093 2826.806
830.388 2827.734
830.682 2632.646
830.977 2572.147
831.271 2677.255
831.566 2747.164
831.861 2709.835
832.155 2671.388
832.450 2715.484
832.745 2809.382
833.039 2698.980
833.334 2540.517
833.629 2568.962
833.923 2573.702
834.218 2493.118
834.513 2496.002
834.807 2489.016
835.102 2503.905
835.397 2431.974
835.691 2299.187
835.986 2287.147
836.281 2282.971
836.575 2196.517
836.870 2182.278
837.164 2236.439
837.459 2257.194
837.754 2238.473
838.048 2287.413
838.343 2397.121
838.638 2449.964
838.932 2432.986
839.227 2438.488
839.522 2511.858
839.816 2558.391
840.111 2491.620
840.406 2605.801
840.700 2831.168
840.995 2920.186
841.290 2903.264
841.584 2909.915
841.879 2963.169
842.174 3112.012
842.468 3038.710
842.763 2923.369
843.057 2933.233
843.352 2950.329
843.647 2920.266
843.941 2976.538
844.236 2938.788
844.531 2945.120
844.825 2926.292
845.120 2911.981
845.415 2939.598
845.709 3054.432
846.004 3061.402
846.299 3103.276
846.593 3111.444
846.888 3009.517
847.183 2940.701
847.477 2981.916
847.772 3013.620
848.066 2941.299
848.361 2799.177
848.656 2711.389
848.950 2892.815
849.245 3024.145
849.540 2956.927
849.834 2876.048
850.129 2929.093
850.424 2941.608
850.718 2912.927
851.013 2836.005
851.308 2846.979
851.602 2904.420
851.897 2859.765
852.192 2993.062
852.486 3210.793
852.781 3365.276
853.076 3316.230
853.370 3155.840
853.665 3160.894
853.959 3184.030
854.254 2910.413
854.549 2758.314
854.843 2731.408
855.138 2729.316
855.433 2819.849
855.727 2820.242
856.022 2862.360
856.317 3021.231
856.611 2971.808
856.906 2980.601
857.201 3081.300
857.495 2994.056
857.790 2871.199
858.085 2837.405
858.379 2825.838
858.674 2796.722
858.969 2613.361
859.263 2517.391
859.558 2666.879
859.852 2694.174
860.147 2615.698
860.442 2602.825
860.736 2709.185
861.031 2869.566
861.326 2854.661
861.620 2715.443
861.915 2820.359
862.210 2907.213
862.504 2812.100
862.799 2772.292
863.094 2748.727
863.388 2727.267
863.683 2639.470
863.978 2516.607
864.272 2536.560
864.567 2520.854
864.861 2391.016
865.156 2368.416
865.451 2421.567
865.745 2707.426
866.040 2874.662
866.335 2868.394
866.629 2965.947
866.924 3077.480
867.219 3036.756
867.513 3041.417
867.808 2967.243
868.103 2880.151
868.397 2796.722
868.692 2741.534
868.987 2746.500
869.281 2660.178
869.576 2485.684
869.871 2334.210
870.165 2278.759
870.460 2275.940
870.754 2251.173
871.049 2266.679
871.344 2409.893
871.638 2488.859
871.933 2524.543
872.228 2614.526
872.522 2693.602
872.817 2779.126
873.112 2696.033
873.406 2587.708
873.701 2612.894
873.996 2617.758
874.290 2525.759
874.585 2495.367
874.880 2458.449
875.174 2448.953
875.469 2439.375
875.764 2454.739
876.058 2509.352
876.353 2530.172
876.647 2503.635
876.942 2519.158
877.237 2641.639
877.531 2691.639
877.826 2630.682
878.121 2580.130
878.415 2608.498
878.710 2601.380
879.005 2454.258
879.299 2289.436
879.594 2295.872
879.889 2317.853
880.183 2224.927
880.478 2154.642
880.773 2193.365
881.067 2270.619
881.362 2265.959
881.656 2239.156
881.951 2302.293
882.246 2350.788
882.540 2271.782
882.835 2161.924
883.130 2207.920
883.424 2312.120
883.719 2291.545
884.014 2244.585
884.308 2294.059
884.603 2381.035
884.898 2385.339
885.192 2367.705
885.487 2373.011
885.782 2328.447
886.076 2260.869
886.371 2140.448
886.666 2129.588
886.960 2265.651
887.255 2276.026
887.549 2299.456
887.844 2386.271
888.139 2407.798
888.433 2436.662
888.728 2452.278
889.023 2412.284
889.317 2408.448
889.612 2360.321
889.907 2346.461
890.201 2424.195
890.496 2464.739
890.791 2408.339
891.085 2377.202
891.380 2343.741
891.675 2277.858
891.969 2193.361
892.264 2111.061
892.559 2150.762
892.853 2223.863
893.148 2151.543
893.442 2170.458
893.737 2289.063
894.032 2307.134
894.326 2273.794
894.621 2243.052
894.916 2234.187
895.210 2258.754
895.505 2214.361
895.800 2124.337
896.094 2193.210
896.389 2221.965
896.684 2154.610
896.978 2096.542
897.273 2124.100
897.568 2172.054
897.862 2167.325
898.157 2206.680
898.451 2335.665
898.746 2400.300
899.041 2391.488
899.335 2444.577
899.630 2518.264
899.925 2515.727
900.219 2430.648
900.514 2477.098
900.809 2514.961
901.103 2519.309
901.398 2525.590
901.693 2464.861
901.987 2536.351
902.282 2554.047
902.577 2378.527
902.871 2334.383
903.166 2425.185
903.461 2378.676
903.755 2297.562
904.050 2254.493
904.344 2268.809
904.639 2255.770
904.934 2198.901
905.228 2179.617
905.523 2197.239
905.818 2213.529
906.112 2236.941
906.407 2327.126
906.702 2443.202
906.996 2538.900
907.291 2476.874
907.586 2483.386
907.880 2616.796
908.175 2619.855
908.470 2491.871
908.764 2439.838
909.059 2442.378
909.354 2518.685
909.648 2550.229
909.943 2571.502
910.237 2610.717
910.532 2701.300
910.827 2672.424
911.121 2620.560
911.416 2629.098
911.711 2627.184
912.005 2585.417
912.300 2560.831
912.599 2528.810
912.898 2531.555
913.196 2455.876
913.495 2406.882
913.794 2487.209
914.093 2465.737
914.391 2470.378
914.690 2476.941
914.989 2537.538
915.288 2585.694
915.586 2501.565
915.885 2421.498
916.184 2439.172
916.483 2438.706
916.782 2423.903
917.080 2479.628
917.379 2670.968
917.678 2790.669
917.977 2754.040
918.275 2753.225
918.574 2737.812
918.873 2708.997
919.172 2661.328
919.471 2530.266
919.769 2549.586
920.068 2593.804
920.367 2480.939
920.666 2399.931
920.964 2466.297
921.263 2396.250
921.562 2299.318
921.861 2288.415
922.159 2366.251
922.458 2486.367
922.757 2590.537
923.056 2590.442
923.355 2668.115
923.653 2755.906
923.952 2709.246
924.251 2612.323
924.550 2642.593
924.848 2596.787
925.147 2484.271
925.446 2457.379
925.745 2489.816
926.043 2510.009
926.342 2484.895
926.641 2442.668
926.940 2465.759
927.239 2560.735
927.537 2564.781
927.836 2635.948
928.135 2768.615
928.434 2844.812
928.732 2777.617
929.031 2771.892
929.330 2857.610
929.629 2918.246
929.927 2804.498
930.226 2741.328
930.525 2789.241
930.824 2878.017
931.123 2904.481
931.421 2858.201
931.720 2881.874
932.019 2965.955
932.318 2871.934
932.616 2775.912
932.915 2819.863
933.214 2845.651
933.513 2852.138
933.812 2820.403
934.110 2955.813
934.409 3215.023
934.708 3302.678
935.007 3291.838
935.305 3323.161
935.604 3305.575
935.903 3277.248
936.202 3215.462
936.500 3184.055
936.799 3180.290
937.098 3156.502
937.397 3213.854
937.696 3317.903
937.994 3368.295
938.293 3330.804
938.592 3329.439
938.891 3442.319
939.189 3447.623
939.488 3463.016
939.787 3489.337
940.086 3551.225
940.384 3553.411
940.683 3640.427
940.982 3758.525
941.281 3887.558
941.580 3909.608
941.878 3883.520
942.177 3850.373
942.476 3931.578
942.775 3849.953
943.073 3692.785
943.372 3811.625
943.671 3924.495
943.970 3914.624
944.268 3909.610
944.567 3909.112
944.866 3932.314
945.165 3932.790
945.464 3766.878
945.762 3790.408
946.061 3911.043
946.360 3900.867
946.659 3771.762
946.957 3738.664
947.256 3752.306
947.555 3663.705
947.854 3416.729
948.153 3334.226
948.451 3417.929
948.750 3444.029
949.049 3358.265
949.348 3364.293
949.646 3521.837
949.945 3603.464
950.244 3502.377
950.543 3453.099
950.841 3577.194
951.140 3606.024
951.439 3555.893
951.738 3522.945
952.037 3529.959
952.335 3555.761
952.634 3392.070
952.933 3260.265
953.232 3301.411
953.530 3289.125
953.829 3169.555
954.128 3115.435
954.427 3226.103
954.725 3383.019
955.024 3293.343
955.323 3235.526
955.622 3274.035
955.921 3243.985
956.219 3169.317
956.518 3045.963
956.817 3024.647
957.116 3029.588
957.414 2848.418
957.713 2750.036
958.012 2799.368
958.311 2836.072
958.610 2772.471
958.908 2771.668
959.207 2916.655
959.506 3047.537
959.805 3016.315
960.103 3027.770
960.402 3112.185
960.701 3153.049
961.000 3055.826
961.298 2951.316
961.597 3007.558
961.896 3072.279
962.195 2946.620
962.494 2839.611
962.792 2831.645
963.091 2807.257
963.390 2786.958
963.689 2748.064
963.987 2740.922
964.286 2790.767
964.585 2851.869
964.884 3052.174
965.182 3244.620
965.481 3335.019
965.780 3311.152
966.080 3285.729
966.380 3395.415
966.680 3337.483
966.981 3108.782
967.281 2995.052
967.581 3007.968
967.881 3003.533
968.181 2906.198
968.481 2827.388
968.781 2845.998
969.082 2849.538
969.382 2850.398
969.682 2762.320
969.982 2801.158
970.282 2908.578
970.582 2864.289
970.882 2792.524
971.183 2836.274
971.483 2840.111
971.783 2809.732
972.083 2758.330
972.383 2758.604
972.683 2781.551
972.983 2806.020
973.284 2793.738
973.584 2849.898
973.884 2866.057
974.184 2794.611
974.484 2763.588
974.784 2824.609
975.084 2820.568
975.385 2728.510
975.685 2669.994
975.985 2691.805
976.285 2702.942
976.585 2630.917
976.885 2568.961
977.185 2637.865
977.486 2695.174
977.786 2581.813
978.086 2509.262
978.386 2604.904
978.686 2685.660
978.986 2608.052
979.286 2525.449
979.587 2511.049
979.887 2551.260
980.187 2526.004
980.487 2548.605
980.787 2597.063
981.087 2622.522
981.387 2553.980
981.688 2544.581
981.988 2555.325
982.288 2592.068
982.588 2445.812
982.888 2369.842
983.188 2505.871
983.488 2628.472
983.789 2673.930
984.089 2710.245
984.389 2786.703
984.689 2837.446
984.989 2768.476
985.289 2625.933
985.589 2582.248
985.890 2503.420
986.190 2413.307
986.490 2355.193
986.790 2418.651
987.090 2412.108
987.390 2435.852
987.690 2528.595
987.991 2600.910
988.291 2606.510
988.591 2609.967
988.891 2605.139
989.191 2698.882
989.491 2760.911
989.791 2657.511
990.092 2655.826
990.392 2797.140
990.692 2835.598
990.992 2718.912
991.292 2657.798
991.592 2619.112
991.892 2572.998
992.193 2479.598
992.493 2408.198
992.793 2407.655
993.093 2442.541
993.393 2421.998
993.693 2423.455
993.993 2535.055
994.294 2657.798
994.594 2634.683
994.894 2556.426
995.194 2596.311
995.494 2616.911
995.794 2581.797
996.094 2531.539
996.395 2512.996
996.695 2470.881
996.995 2424.909
997.295 2419.366
997.595 2496.109
997.895 2525.422
998.195 2501.879
998.496 2443.050
998.796 2499.935
999.096 2560.106
999.396 2576.991
999.696 2563.590
999.996 2564.047
1000.296 2577.646
1000.597 2706.531
1000.897 2729.702
1001.197 2712.730
1001.497 2694.186
1001.797 2632.214
1002.097 2693.242
1002.397 2729.126
1002.698 2580.011
1002.998 2496.182
1003.298 2541.781
1003.598 2560.380
1003.898 2551.122
1004.198 2450.149
1004.498 2439.463
1004.799 2533.633
1005.099 2557.518
1005.399 2482.116
1005.699 2450.001
1005.999 2571.314
1006.299 2591.342
1006.599 2536.512
1006.900 2545.968
1007.200 2589.424
1007.500 2624.594
1007.800 2626.192
1008.100 2559.505
1008.400 2614.675
1008.700 2715.417
1009.001 2710.873
1009.301 2815.328
1009.601 2978.498
1009.901 3046.668
1010.201 2992.409
1010.501 2926.579
1010.801 2847.749
1011.102 2751.776
1011.402 2579.517
1011.702 2432.544
1012.002 2401.428
1012.302 2422.741
1012.602 2371.339
1012.902 2435.509
1013.203 2482.679
1013.503 2513.991
1013.803 2504.589
1014.103 2481.902
1014.403 2567.071
1014.703 2734.812
1015.003 2644.839
1015.304 2587.151
1015.604 2611.035
1015.904 2687.490
1016.204 2674.374
1016.504 2597.972
1016.804 2490.855
1017.104 2504.453
1017.405 2534.908
1017.705 2572.935
1018.005 2549.533
1018.305 2521.845
1018.605 2587.443
1018.905 2703.755
1019.205 2798.781
1019.506 2827.236
1019.806 2721.405
1020.106 2677.431
1020.406 2735.029
1020.706 2688.769
1021.006 2577.653
1021.306 2511.822
1021.607 2493.562
1021.907 2519.445
1022.207 2459.757
1022.507 2396.212
1022.807 2442.952
1023.107 2460.549
1023.407 2393.290
1023.708 2365.173
1024.008 2379.199
1024.308 2445.225
1024.608 2570.393
1024.908 2601.562
1025.208 2613.016
1025.508 2658.042
1025.809 2641.925
1026.109 2645.094
1026.409 2715.405
1026.709 2647.145
1027.009 2531.314
1027.309 2554.625
1027.609 2641.365
1027.910 2827.677
1028.210 2952.131
1028.510 3025.442
1028.810 3226.468
1029.110 3312.064
1029.410 3248.090
1029.710 3151.401
1030.011 3063.427
1030.311 2989.166
1030.611 2849.906
1030.911 2701.503
1031.211 2740.957
1031.511 2754.982
1031.811 2713.008
1032.112 2687.604
1032.412 2764.487
1032.712 2755.941
1033.012 2635.966
1033.312 2616.562
1033.612 2661.730
1033.912 2721.756
1034.212 2680.066
1034.513 2564.949
1034.813 2604.117
1035.113 2642.142
1035.413 2485.881
1035.713 2450.049
1036.013 2535.503
1036.313 2556.385
1036.614 2569.410
1036.914 2605.149
1037.214 2742.745
1037.514 2822.199
1037.814 2775.509
1038.114 2692.677
1038.414 2686.702
1038.715 2651.155
1039.015 2535.037
1039.315 2380.205
1039.615 2374.230
1039.915 2377.111
1040.215 2320.565
1040.515 2269.304
1040.816 2279.185
1041.116 2289.067
1041.416 2305.663
1041.716 2399.545
1042.016 2560.712
1042.316 2627.023
1042.616 2625.333
1042.917 2731.786
1043.217 2818.096
1043.517 2742.692
1043.817 2569.431
1044.117 2452.312
1044.417 2553.337
1044.717 2618.075
1045.018 2493.957
1045.318 2455.981
1045.618 2569.577
1045.918 2653.887
1046.218 2609.054
1046.518 2517.792
1046.818 2556.674
1047.119 2602.698
1047.419 2584.294
1047.719 2590.175
1048.019 2648.770
1048.319 2640.937
1048.619 2574.247
1048.919 2524.271
1049.220 2485.581
1049.520 2496.891
1049.820 2440.486
1050.120 2427.367
1050.420 2579.391
1050.720 2636.130
1051.020 2585.011
1051.321 2598.177
1051.621 2584.058
1051.921 2568.225
1052.221 2555.106
1052.521 2494.987
1052.821 2592.297
1053.121 2653.035
1053.422 2826.201
1053.722 3000.082
1054.022 3073.534
1054.322 3002.987
1054.622 2938.867
1054.922 2905.462
1055.222 2965.057
1055.523 2808.653
1055.823 2612.248
1056.123 2522.271
1056.423 2556.437
1056.723 2621.461
1057.023 2534.627
1057.323 2450.794
1057.624 2479.531
1057.924 2531.983
1058.224 2525.864
1058.524 2582.602
1058.824 2629.054
1059.124 2645.791
1059.424 2651.957
1059.725 2651.981
1060.025 2696.718
1060.325 2715.599
1060.625 2632.479
1060.925 2543.931
1061.225 2582.811
1061.525 2563.406
1061.826 2472.286
1062.126 2417.595
1062.426 2518.618
1062.726 2555.213
1063.026 2575.807
1063.326 2541.687
1063.626 2543.710
1063.927 2638.448
1064.227 2653.185
1064.527 2561.494
1064.827 2567.231
1065.127 2542.254
1065.427 2559.420
1065.727 2598.157
1066.028 2572.466
1066.328 2537.774
1066.628 2516.511
1066.928 2506.820
1067.228 2514.128
1067.528 2469.151
1067.828 2434.174
1068.129 2412.482
1068.429 2453.362
1068.729 2538.385
1069.029 2569.836
1069.329 2627.430
1069.629 2686.167
1069.929 2670.190
1070.230 2645.498
1070.530 2596.521
1070.830 2604.972
1071.130 2603.280
1071.430 2499.588
1071.730 2523.039
1072.030 2660.776
1072.331 2714.799
1072.631 2691.821
1072.931 2660.558
1073.231 2704.295
1073.531 2768.460
1073.831 2647.768
1074.131 2492.933
1074.432 2429.098
1074.732 2411.549
1075.032 2319.429
1075.332 2207.879
1075.632 2247.616
1075.932 2292.781
1076.232 2258.375
1076.533 2337.968
1076.833 2452.705
1077.133 2475.870
1077.433 2394.035
1077.733 2300.200
1078.033 2391.650
1078.333 2513.387
1078.634 2466.980
1078.934 2479.002
1079.234 2564.024
1079.534 2634.046
1079.834 2634.497
1080.134 2564.376
1080.434 2538.969
1080.735 2558.991
1081.035 2494.156
1081.335 2491.464
1081.635 2582.343
1081.935 2644.222
1082.235 2637.101
1082.535 2663.837
1082.836 2698.287
1083.136 2705.452
1083.436 2632.045
1083.736 2567.781
1084.036 2509.946
1084.336 2526.539
1084.636 2515.560
1084.937 2526.868
1085.237 2565.461
1085.537 2683.483
1085.837 2722.361
1086.137 2781.526
1086.437 2836.404
1086.737 2810.712
1087.038 2696.876
1087.338 2629.326
1087.638 2612.205
1087.938 2585.369
1088.238 2563.676
1088.538 2522.269
1088.838 2654.291
1089.139 2804.741
1089.439 2799.476
1089.739 2719.069
1090.039 2714.805
1090.339 2641.112
1090.639 2566.276
1090.939 2430.012
1091.240 2382.461
1091.540 2465.768
1091.840 2486.361
1092.140 2534.954
1092.453 2632.689
1092.766 2650.853
1093.079 2584.160
1093.392 2530.610
1093.705 2503.202
1094.018 2543.795
1094.330 2447.673
1094.643 2512.123
1094.956 2616.572
1095.269 2695.022
1095.582 2660.757
1095.895 2664.207
1096.208 2695.942
1096.521 2844.392
1096.834 2764.127
1097.147 2671.719
1097.460 2721.883
1097.773 2809.476
1098.085 2733.782
1098.398 2667.374
1098.711 2633.824
1099.024 2647.702
1099.337 2661.437
1099.650 2578.315
1099.963 2553.050
1100.276 2609.928
1100.589 2568.806
1100.902 2501.684
1101.215 2512.990
1101.528 2608.725
1101.841 2619.174
1102.153 2591.052
1102.466 2654.358
1102.779 2750.093
1103.092 2765.971
1103.405 2785.563
1103.718 2739.584
1104.031 2726.461
1104.344 2681.339
1104.657 2630.645
1104.970 2629.523
1105.283 2687.543
1105.596 2687.850
1105.909 2669.727
1106.221 2726.890
1106.534 2785.625
1106.847 2719.074
1107.160 2627.952
1107.473 2602.115
1107.786 2526.421
1108.099 2453.441
1108.412 2480.604
1108.725 2514.625
1109.038 2517.359
1109.351 2490.522
1109.664 2424.114
1109.977 2438.420
1110.289 2437.583
1110.602 2332.746
1110.915 2367.481
1111.228 2482.929
1111.541 2579.092
1111.854 2553.684
1112.167 2504.275
1112.480 2558.724
1112.793 2594.173
1113.106 2443.764
1113.419 2357.927
1113.732 2337.661
1114.044 2382.110
1114.357 2394.273
1114.670 2413.864
1114.983 2451.598
1115.296 2535.333
1115.609 2532.781
1115.922 2532.372
1116.235 2571.249
1116.548 2595.698
1116.861 2510.003
1117.174 2459.738
1117.487 2498.472
1117.800 2532.206
1118.112 2556.511
1118.425 2597.531
1118.738 2691.694
1119.051 2739.713
1119.364 2785.305
1119.677 2845.896
1119.990 2902.201
1120.303 2890.649
1120.616 2825.098
1120.929 2809.403
1121.242 2888.851
1121.555 2846.442
1121.868 2718.462
1122.180 2666.338
1122.493 2678.072
1122.806 2712.520
1123.119 2628.397
1123.432 2548.988
1123.745 2665.008
1124.058 2772.456
1124.371 2765.761
1124.684 2695.637
1124.997 2623.943
1125.310 2633.105
1125.623 2612.981
1125.935 2554.858
1126.248 2559.877
1126.561 2590.897
1126.874 2602.916
1127.187 2685.221
1127.500 2792.526
1127.813 2892.831
1128.126 2876.279
1128.439 2765.727
1128.752 2707.317
1129.065 2695.194
1129.378 2630.499
1129.691 2554.803
1130.003 2558.823
1130.316 2566.699
1130.629 2527.004
1130.942 2543.594
1131.255 2647.471
1131.568 2643.775
1131.881 2536.223
1132.194 2484.956
1132.507 2469.404
1132.820 2507.994
1133.133 2561.871
1133.446 2585.175
1133.759 2640.766
1134.071 2831.642
1134.384 2847.089
1134.697 2819.823
1135.010 2868.984
1135.323 2867.860
1135.636 2747.594
1135.949 2695.755
1136.262 2616.346
1136.575 2580.507
1136.888 2588.240
1137.201 2619.974
1137.514 2622.421
1137.826 2754.011
1138.139 2848.459
1138.452 2920.192
1138.765 2996.496
1139.078 3090.229
1139.391 3046.391
1139.704 3051.409
1140.017 3032.285
1140.330 2949.732
1140.643 2834.037
1140.956 2827.484
1141.269 2852.074
1141.582 2865.235
1141.894 2846.111
1142.207 2796.701
1142.520 2830.148
1142.833 2843.595
1143.146 2771.900
1143.459 2652.061
1143.772 2628.794
1144.085 2554.241
1144.398 2525.116
1144.711 2554.278
1145.024 2592.439
1145.337 2664.600
1145.650 2645.619
1145.962 2664.208
1146.275 2784.513
1146.588 2788.674
1146.901 2732.121
1147.214 2760.282
1147.527 2715.586
1147.840 2690.461
1148.153 2690.908
1148.466 2650.355
1148.779 2739.945
1149.092 2769.392
1149.405 2724.695
1149.718 2717.999
1150.030 2794.446
1150.343 2773.607
1150.656 2682.625
1150.969 2599.929
1151.282 2565.947
1151.595 2517.965
1151.908 2555.126
1152.221 2594.002
1152.534 2756.877
1152.847 2963.752
1153.160 3030.342
1153.473 3105.788
1153.785 3199.378
1154.098 3156.253
1154.411 3050.699
1154.724 2904.146
1155.037 2754.164
1155.350 2660.896
1155.663 2566.771
1155.976 2493.789
1156.289 2486.236
1156.602 2544.253
1156.915 2515.986
1157.228 2557.861
1157.541 2699.593
1157.853 2717.039
1158.166 2677.057
1158.479 2686.360
1158.792 2708.093
1159.105 2734.110
1159.418 2717.985
1159.731 2607.432
1160.044 2620.735
1160.357 2741.324
1160.670 2828.913
1160.983 2822.931
1161.296 2802.663
1161.609 2710.823
1161.921 2634.555
1162.234 2618.002
1162.547 2617.876
1162.860 2509.894
1163.173 2417.340
1163.486 2476.929
1163.799 2636.518
1164.112 2690.821
1164.425 2621.839
1164.738 2509.999
1165.051 2618.160
1165.364 2751.891
1165.676 2721.909
1165.989 2711.783
1166.302 2833.515
1166.615 2928.961
1166.928 2974.693
1167.241 2925.139
1167.554 2902.871
1167.867 2886.602
1168.180 2761.762
1168.493 2712.065
1168.806 2784.654
1169.119 2805.100
1169.432 2696.832
1169.744 2662.135
1170.057 2712.723
1170.370 2787.455
1170.683 2669.758
1170.996 2571.918
1171.309 2613.792
1171.622 2688.095
1171.935 2653.398
1172.248 2595.558
1172.561 2552.004
1172.874 2588.878
1173.187 2593.038
1173.500 2694.627
1173.812 2756.501
1174.125 2727.090
1174.438 2824.964
1174.751 2929.267
1175.064 2948.141
1175.377 2911.587
1175.690 2700.318
1176.003 2604.906
1176.316 2646.066
1176.629 2488.940
1176.942 2339.243
1177.255 2381.689
1177.567 2486.991
1177.880 2580.865
1178.193 2649.882
1178.506 2716.042
1178.819 2802.059
1179.132 2817.076
1179.445 2719.521
1179.758 2685.538
1180.071 2699.412
1180.384 2693.857
1180.697 2692.589
1181.010 2728.891
1181.323 2765.051
1181.635 2743.925
1181.948 2697.513
1182.261 2760.815
1182.574 2906.546
1182.887 2906.706
1183.200 2826.008
1183.513 2822.596
1183.826 2925.756
1184.139 2914.201
1184.452 2765.218
1184.765 2600.949
1185.078 2634.680
1185.391 2627.839
1185.703 2605.427
1186.016 2704.587
1186.329 2797.460
1186.642 2914.334
1186.955 2875.494
1187.268 2791.939
1187.581 2855.812
1187.894 2910.115
1188.207 2757.560
1188.520 2679.148
1188.833 2619.450
1189.146 2613.609
1189.459 2558.911
1189.771 2505.642
1190.084 2531.373
1190.397 2602.961
1190.710 2588.977
1191.023 2570.850
1191.336 2626.153
1191.649 2652.312
1191.962 2624.900
1192.275 2552.916
1192.588 2518.218
1192.901 2558.806
1193.214 2502.679
1193.526 2503.410
1193.839 2589.997
1194.152 2595.728
1194.465 2520.458
1194.778 2510.046
1195.091 2549.062
1195.404 2511.364
1195.717 2343.238
1196.030 2282.397
1196.343 2357.127
1196.656 2485.429
1196.969 2579.159
1197.282 2674.604
1197.594 2829.335
1197.907 2918.208
1198.220 2842.795
1198.533 2851.097
1198.846 2854.256
1199.159 2735.129
1199.472 2563.574
1199.785 2524.733
1200.098 2603.606
1200.411 2646.336
1200.724 2507.924
1201.037 2504.797
1201.350 2579.241
1201.662 2371.543
1201.975 2294.575
1202.288 2188.016
1202.601 2158.424
