165.028 522.523
165.288 452.894
165.547 337.536
165.807 333.335
166.067 363.403
166.327 458.055
166.587 457.861
166.847 353.964
167.107 435.792
167.367 543.203
167.627 588.911
167.886 679.629
168.146 826.644
168.406 887.813
168.666 831.135
168.926 790.038
169.186 915.809
169.446 944.876
169.706 781.954
169.966 692.470
170.225 872.138
170.485 1032.959
170.745 992.647
171.005 897.917
171.265 948.052
171.525 1013.626
171.785 929.209
172.045 742.516
172.305 789.260
172.564 894.013
172.824 828.632
173.084 805.403
173.344 890.182
173.604 908.541
173.864 814.623
174.124 686.999
174.384 750.098
174.644 836.776
174.903 702.605
175.163 684.585
175.423 828.002
175.683 888.711
175.943 783.286
176.203 701.582
176.463 733.457
176.723 918.626
176.983 918.801
177.242 854.412
177.502 943.173
177.762 1021.512
178.022 927.287
178.282 851.783
178.542 968.571
178.802 940.080
179.062 798.738
179.322 774.545
179.581 924.501
179.841 1005.464
180.101 1003.432
180.361 832.550
180.621 876.673
180.881 1013.944
181.141 954.365
181.401 837.362
181.661 911.936
181.920 901.086
182.180 765.099
182.440 672.403
182.700 733.427
182.960 745.884
183.220 663.917
183.480 590.669
183.740 746.140
184.000 894.616
184.259 941.382
184.519 967.724
184.779 1096.356
185.039 1242.563
185.299 1234.060
185.559 1235.705
185.819 1362.781
186.079 1349.719
186.339 1151.946
186.598 1048.463
186.858 1247.555
187.118 1413.078
187.378 1327.462
187.638 1183.993
187.898 1235.955
188.158 1355.492
188.418 1322.318
188.678 1159.003
188.937 1198.692
189.197 1156.812
189.457 1005.364
189.717 972.775
189.977 1095.188
190.237 1191.033
190.497 1065.309
190.757 880.158
191.017 936.867
191.276 1031.292
191.536 891.291
191.796 844.149
192.056 899.581
192.316 924.157
192.576 834.020
192.836 866.171
193.096 1037.466
193.356 1091.620
193.616 995.204
193.875 1016.647
194.135 1171.519
194.395 1269.393
194.655 1200.696
194.915 1082.429
195.175 1135.877
195.435 1136.469
195.695 1044.634
195.955 1025.085
196.214 1162.251
196.474 1236.417
196.734 1193.441
196.994 1245.609
197.254 1324.634
197.514 1289.945
197.774 1143.971
198.034 1058.855
198.294 1049.452
198.553 1085.336
198.813 1018.219
199.073 1074.103
199.333 1202.272
199.593 1243.012
199.853 1130.038
200.113 1097.778
200.373 1202.946
200.633 1229.542
200.892 1061.138
201.152 1056.447
201.412 1198.184
201.672 1241.635
201.932 1130.657
202.192 1079.678
202.452 1298.984
202.712 1456.717
202.972 1330.736
203.231 1216.324
203.491 1497.340
203.751 1678.784
204.011 1581.512
204.271 1416.239
204.531 1433.679
204.791 1434.546
205.051 1314.554
205.311 1065.847
205.570 1088.567
205.830 1228.856
206.090 1148.573
206.350 1079.716
206.610 1233.144
206.870 1336.569
207.130 1292.136
207.390 1245.272
207.650 1277.264
207.909 1288.967
208.169 1198.526
208.429 1088.797
208.689 1140.352
208.949 1142.476
209.209 1028.598
209.469 955.860
209.729 1162.120
209.989 1224.520
210.248 1207.347
210.508 1222.600
210.768 1302.279
211.028 1374.526
211.288 1352.914
211.548 1264.014
211.808 1311.682
212.068 1246.634
212.328 1133.583
212.587 1183.957
212.847 1380.472
213.107 1457.841
213.367 1314.064
213.627 1309.284
213.887 1520.358
214.147 1586.858
214.407 1437.497
214.667 1369.277
214.926 1459.196
215.186 1534.112
215.446 1413.882
215.706 1273.363
215.966 1336.697
216.226 1442.886
216.486 1264.786
216.746 1102.682
217.006 1247.717
217.265 1319.892
217.525 1259.635
217.785 1234.661
218.045 1317.539
218.305 1388.415
218.565 1326.286
218.825 1159.726
219.085 1262.304
219.345 1369.736
219.604 1261.307
219.864 1154.303
220.124 1195.153
220.384 1309.284
220.644 1309.126
220.904 1243.392
221.164 1287.655
221.424 1330.627
221.684 1291.882
221.943 1246.847
222.203 1264.379
222.463 1246.336
222.723 1119.861
222.983 1014.952
223.243 1058.325
223.503 1061.695
223.763 1091.202
224.023 1111.278
224.282 1239.777
224.542 1440.558
224.802 1462.478
225.062 1530.393
225.322 1688.304
225.582 1638.211
225.842 1521.970
226.102 1450.440
226.362 1400.476
226.621 1460.651
226.881 1363.108
227.141 1321.131
227.401 1455.578
227.661 1459.593
227.921 1393.460
228.181 1374.465
228.441 1375.466
228.701 1375.177
228.960 1340.740
229.220 1307.442
229.480 1382.424
229.740 1412.117
230.000 1353.662
230.260 1329.345
230.520 1423.309
230.780 1407.269
231.040 1293.081
231.299 1359.745
231.559 1489.690
231.819 1477.345
232.079 1406.281
232.339 1464.213
232.599 1554.139
232.859 1556.775
233.119 1397.549
233.379 1332.747
233.638 1460.654
233.898 1581.985
234.158 1431.455
234.418 1367.919
234.678 1507.807
234.938 1591.690
235.198 1484.140
235.458 1443.156
235.718 1497.453
235.978 1580.888
236.237 1553.603
236.497 1514.600
236.757 1655.877
237.017 1737.293
237.277 1657.989
237.537 1593.251
237.797 1607.080
238.057 1625.190
238.317 1550.294
238.576 1481.680
238.836 1645.632
239.096 1746.150
239.356 1648.949
239.616 1599.029
239.876 1676.389
240.136 1781.173
240.396 1660.523
240.656 1504.011
240.915 1582.066
241.175 1666.829
241.435 1649.017
241.695 1615.056
241.955 1617.376
242.215 1709.119
242.475 1704.143
242.735 1601.877
242.995 1627.891
243.254 1628.042
243.514 1602.332
243.774 1569.759
244.034 1632.038
244.294 1658.884
244.554 1585.010
244.814 1606.988
245.074 1738.819
245.334 1717.787
245.593 1631.464
245.853 1606.565
246.113 1704.803
246.373 1774.751
246.633 1685.550
246.893 1599.630
247.153 1695.277
247.413 1734.918
247.673 1606.554
247.932 1553.328
248.192 1614.097
248.452 1608.004
248.712 1506.334
248.972 1430.230
249.232 1561.979
249.492 1645.722
249.752 1529.031
250.012 1596.193
250.271 1783.921
250.531 1905.644
250.791 1855.361
251.051 1846.216
251.311 1954.352
251.571 2072.483
251.831 1964.752
252.091 1876.587
252.351 1977.417
252.610 2089.527
252.870 1978.632
253.130 1894.447
253.390 1950.256
253.650 1957.917
253.911 1855.288
254.172 1775.368
254.433 1844.157
254.694 1920.798
254.955 1845.005
255.216 1756.064
255.477 1765.690
255.738 1810.596
255.999 1693.355
256.261 1543.108
256.522 1596.000
256.783 1626.886
257.044 1510.195
257.305 1500.071
257.566 1575.371
257.827 1617.237
258.088 1590.669
258.349 1535.953
258.610 1634.090
258.871 1709.078
259.132 1553.776
259.393 1431.183
259.654 1590.728
259.915 1647.697
260.176 1515.089
260.437 1471.905
260.698 1620.144
260.959 1736.378
261.221 1724.750
261.482 1633.546
261.743 1738.337
262.004 1785.694
262.265 1618.618
262.526 1522.394
262.787 1604.593
263.048 1666.502
263.309 1592.977
263.570 1475.305
263.831 1566.056
264.092 1654.802
264.353 1593.829
264.614 1604.994
264.875 1778.583
265.136 1926.309
265.397 1941.317
265.658 1897.748
265.919 2037.031
266.181 2099.310
266.442 1941.584
266.703 1782.995
266.964 1761.688
267.225 1746.661
267.486 1668.630
267.747 1646.451
268.008 1770.410
268.269 1984.792
268.530 1957.456
268.791 1931.829
269.052 2052.197
269.313 2122.704
269.574 1988.491
269.835 1896.845
270.096 1854.194
270.357 1899.253
270.618 1801.593
270.879 1704.071
271.141 1740.830
271.402 1766.727
271.663 1711.619
271.924 1675.792
272.185 1695.675
272.446 1701.696
272.707 1635.569
272.968 1613.438
273.229 1714.160
273.490 1758.162
273.751 1674.588
274.012 1674.438
274.273 1857.570
274.534 1925.839
274.795 1852.104
275.056 1883.793
275.317 1927.334
275.578 1951.728
275.839 1892.261
276.101 1795.645
276.362 1965.883
276.623 2081.973
276.884 1912.487
277.145 1847.282
277.406 2047.787
277.667 2146.573
277.928 2026.640
278.189 1865.846
278.450 1854.190
278.711 1999.387
278.972 2007.436
279.233 1834.053
279.494 1847.664
279.755 1905.415
280.016 1810.589
280.277 1788.902
280.538 1797.210
280.799 1768.943
281.061 1683.385
281.322 1614.681
281.583 1731.257
281.844 1811.258
282.105 1717.683
282.366 1640.675
282.627 1791.805
282.888 1937.503
283.149 1908.910
283.410 1864.171
283.671 2012.712
283.932 2149.821
284.193 2090.212
284.454 2031.740
284.715 2139.836
284.976 2183.643
285.237 2095.587
285.498 2115.385
285.759 2240.178
286.021 2276.253
286.282 2148.323
286.543 2093.961
286.804 2150.023
287.065 2170.938
287.326 2008.564
287.587 1984.185
287.848 2098.516
288.109 2112.414
288.370 1928.166
288.631 1816.056
288.892 1949.942
289.153 1984.252
289.414 1748.987
289.675 1646.289
289.936 1740.302
290.197 1810.882
290.458 1814.029
290.719 1795.315
290.981 1867.168
291.242 1943.446
291.503 1933.291
291.764 1959.275
292.025 2101.684
292.286 2135.231
292.547 1973.632
292.808 1941.029
293.069 2048.993
293.330 2038.667
293.591 1865.338
293.852 1801.719
294.113 1917.667
294.374 2022.040
294.635 1987.409
294.896 1980.917
295.157 2126.992
295.418 2235.921
295.679 2130.989
295.941 2064.624
296.202 2080.970
296.463 2051.883
296.724 1904.507
296.985 1776.556
297.246 1907.315
297.507 2028.355
297.768 1976.535
298.029 2047.569
298.290 2169.598
298.551 2237.052
298.812 2226.360
299.073 2214.235
299.334 2306.107
299.595 2384.689
299.856 2221.696
300.117 2091.271
300.378 2189.841
300.639 2304.980
300.901 2271.115
301.162 2367.246
301.423 2446.517
301.684 2509.927
301.945 2459.047
302.206 2372.592
302.467 2360.277
302.728 2346.529
302.989 2122.206
303.250 2072.594
303.511 2175.836
303.772 2247.073
304.033 2184.165
304.294 2137.538
304.555 2133.765
304.816 2078.989
305.077 1934.638
305.338 1950.854
305.599 2125.067
305.861 2232.277
306.122 2121.768
306.383 2156.971
306.644 2293.027
306.905 2324.937
307.166 2121.272
307.427 2001.889
307.688 2071.360
307.949 2208.970
308.210 2075.148
308.471 1986.609
308.732 2035.209
308.993 2192.662
309.254 2177.541
309.515 2099.703
309.776 2116.003
310.037 2300.729
310.298 2311.309
310.559 2302.457
310.821 2282.173
311.082 2201.171
311.343 2031.309
311.604 1928.157
311.865 1810.574
312.126 1783.131
312.387 1730.827
312.648 1753.662
312.909 1901.780
313.170 2030.324
313.434 2026.721
313.698 2025.258
313.963 2087.363
314.227 2079.464
314.491 1895.849
314.755 1776.087
315.019 1853.179
315.284 1961.697
315.548 1973.497
315.812 1973.436
316.076 2131.373
316.340 2251.306
316.604 2312.665
316.869 2364.021
317.133 2477.659
317.397 2454.009
317.661 2355.641
317.925 2293.984
318.190 2407.324
318.454 2377.947
318.718 2366.138
318.982 2332.898
319.246 2360.797
319.511 2364.979
319.775 2226.015
320.039 2091.048
320.303 2172.078
320.567 2049.390
320.832 1884.414
321.096 1900.292
321.360 1992.882
321.624 2051.754
321.888 1994.623
322.153 1908.632
322.417 1927.924
322.681 1907.784
322.945 1748.641
323.209 1706.781
323.473 1899.204
323.738 2006.910
324.002 1926.327
324.266 1893.598
324.530 2025.295
324.794 2183.989
325.059 2133.251
325.323 2024.654
325.587 2086.911
325.851 2226.165
326.115 2297.559
326.380 2271.807
326.644 2260.338
326.908 2285.866
327.172 2160.392
327.436 2112.915
327.701 2141.292
327.965 2059.666
328.229 2032.323
328.493 2049.978
328.757 2103.201
329.022 2178.421
329.286 2114.781
329.550 2084.139
329.814 2146.923
330.078 2078.703
330.342 1956.338
330.607 1952.971
330.871 2063.601
331.135 2067.085
331.399 1969.424
331.663 2012.331
331.928 2175.950
332.192 2182.709
332.456 2064.323
332.720 1991.791
332.984 2072.828
333.249 2070.719
333.513 1923.608
333.777 1832.066
334.041 2011.664
334.305 2063.688
334.570 1986.566
334.834 1981.585
335.098 2102.458
335.362 2145.757
335.626 2031.911
335.891 1877.062
336.155 1930.496
336.419 1913.785
336.683 1835.071
336.947 1847.641
337.211 1997.779
337.476 2106.201
337.740 2129.763
338.004 2129.751
338.268 2239.880
338.532 2282.434
338.797 2157.272
339.061 2113.536
339.325 2231.797
339.589 2281.913
339.853 2224.598
340.118 2196.709
340.382 2254.104
340.646 2290.210
340.910 2198.314
341.174 2083.986
341.439 2123.371
341.703 2108.039
341.967 2015.705
342.231 2015.654
342.495 2193.886
342.759 2209.687
343.024 2085.915
343.288 2024.997
343.552 2141.077
343.816 2169.440
344.080 1979.230
344.345 1794.017
344.609 1941.230
344.873 2054.441
345.137 2114.079
345.401 2223.571
345.666 2361.632
345.930 2456.834
346.194 2371.319
346.458 2301.802
346.722 2473.711
346.987 2410.618
347.251 2187.523
347.515 2102.568
347.779 2135.611
348.043 2193.938
348.308 2035.548
348.572 1835.870
348.836 1908.190
349.100 1962.936
349.364 1853.394
349.628 1863.564
349.893 1993.304
350.157 2024.184
350.421 1917.919
350.685 1832.509
350.949 1867.954
351.214 1941.397
351.478 1882.981
351.742 1823.134
352.006 1977.570
352.270 2140.290
352.535 2067.580
352.799 2019.152
353.063 2100.295
353.327 2087.435
353.591 2030.715
353.856 2051.851
354.120 2175.985
354.384 2260.831
354.648 2230.960
354.912 2260.088
355.177 2431.356
355.441 2474.765
355.705 2324.601
355.969 2172.434
356.233 2310.408
356.497 2372.952
356.762 2252.065
357.026 2184.319
357.290 2246.285
357.554 2232.392
357.818 2211.783
358.083 2139.171
358.347 2185.272
358.611 2193.371
358.875 2080.754
359.139 2014.277
359.404 2119.799
359.668 2145.032
359.932 2051.264
360.196 1989.637
360.460 2108.865
360.725 2202.233
360.989 2215.743
361.253 2259.394
361.517 2444.900
361.781 2545.689
362.046 2528.477
362.310 2504.834
362.574 2560.046
362.838 2548.114
363.102 2404.751
363.366 2282.672
363.631 2298.163
363.895 2304.937
364.159 2214.995
364.423 2189.194
364.687 2315.963
364.952 2365.873
365.216 2234.352
365.480 2157.401
365.747 2264.590
366.013 2310.350
366.280 2193.250
366.546 2156.720
366.813 2296.760
367.079 2414.940
367.346 2434.834
367.612 2391.011
367.879 2455.757
368.145 2545.073
368.412 2383.245
368.678 2285.129
368.945 2395.011
369.211 2400.320
369.478 2279.913
369.744 2200.362
370.011 2360.808
370.278 2476.968
370.544 2352.696
370.811 2274.709
371.077 2408.577
371.344 2509.301
371.610 2463.451
371.877 2364.171
372.143 2520.318
372.410 2625.892
372.676 2465.464
372.943 2319.320
373.209 2425.746
373.476 2526.027
373.742 2378.735
374.009 2182.156
374.276 2225.432
374.542 2285.421
374.809 2182.408
375.075 2044.393
375.342 2105.805
375.608 2161.216
375.875 2139.196
376.141 2240.747
376.408 2413.295
376.674 2589.556
376.941 2597.244
377.207 2534.359
377.474 2620.901
377.740 2666.156
378.007 2491.123
378.273 2377.089
378.540 2382.053
378.807 2424.015
379.073 2341.405
379.340 2277.650
379.606 2329.179
379.873 2382.706
380.139 2305.661
380.406 2219.471
380.672 2224.279
380.939 2230.372
381.205 2159.748
381.472 2141.266
381.738 2193.354
382.005 2282.298
382.271 2253.954
382.538 2242.894
382.804 2343.262
383.071 2434.628
383.338 2319.278
383.604 2270.069
383.871 2375.859
384.137 2392.933
384.404 2273.863
384.670 2233.219
384.937 2342.860
385.203 2461.785
385.470 2391.423
385.736 2274.346
386.003 2352.266
386.269 2478.328
386.536 2526.817
386.802 2458.448
387.069 2459.077
387.336 2470.276
387.602 2382.474
387.869 2342.098
388.135 2506.721
388.402 2496.629
388.668 2368.963
388.935 2324.725
389.201 2439.914
389.468 2484.387
389.734 2408.859
390.001 2287.758
390.267 2346.084
390.534 2420.980
390.800 2371.446
391.067 2300.767
391.333 2398.945
391.600 2408.121
391.867 2225.581
392.133 2155.469
392.400 2191.641
392.666 2137.811
392.933 1987.266
393.199 1995.862
393.466 2160.029
393.732 2215.337
393.999 2165.786
394.265 2145.805
394.532 2287.538
394.798 2413.269
395.065 2281.570
395.331 2184.584
395.598 2300.025
395.864 2321.179
396.131 2232.332
396.398 2282.626
396.664 2392.205
396.931 2411.354
397.197 2317.358
397.464 2267.076
397.730 2311.506
397.997 2475.364
398.263 2396.935
398.530 2315.076
398.796 2424.787
399.063 2508.068
399.329 2496.205
399.596 2584.198
399.862 2595.761
400.129 2601.323
400.396 2548.740
400.662 2513.585
400.929 2660.286
401.195 2746.986
401.462 2583.541
401.728 2511.095
401.995 2637.077
402.261 2776.914
402.528 2852.464
402.794 2901.585
403.061 2984.704
403.327 3062.679
403.594 3105.368
403.860 3156.340
404.127 3287.598
404.393 3383.425
404.660 3295.108
404.931 3399.362
405.202 3742.471
405.473 3926.008
405.745 3954.401
406.016 4042.078
406.287 4164.469
406.558 4332.858
406.829 4329.960
407.100 4258.204
407.371 4316.732
407.642 4351.545
407.914 4294.786
408.185 4290.596
408.456 4473.263
408.727 4571.357
408.998 4480.593
409.269 4486.398
409.540 4583.203
409.811 4575.293
410.083 4490.524
410.354 4454.468
410.625 4481.839
410.896 4469.781
411.167 4417.150
411.438 4362.947
411.709 4445.171
411.981 4433.394
412.252 4177.759
412.523 3990.265
412.794 4101.056
413.065 4102.561
413.336 3972.635
413.607 3767.280
413.878 3691.638
414.150 3561.566
414.421 3347.636
414.692 3124.134
414.963 3140.916
415.234 3102.554
415.505 2952.048
415.776 2802.827
416.047 2823.605
416.319 2827.382
416.590 2655.586
416.861 2409.932
417.132 2343.991
417.403 2366.335
417.674 2299.392
417.945 2267.019
418.217 2338.074
418.488 2427.414
418.759 2375.323
419.030 2373.232
419.301 2484.140
419.572 2540.333
419.843 2497.810
420.114 2460.571
420.386 2502.761
420.657 2464.378
420.928 2302.422
421.199 2282.894
421.470 2444.222
421.741 2439.406
422.012 2376.303
422.283 2335.200
422.555 2449.667
422.826 2518.275
423.097 2342.740
423.368 2216.918
423.639 2322.952
423.910 2469.842
424.181 2462.446
424.453 2414.477
424.724 2562.222
424.995 2715.822
425.266 2663.850
425.537 2640.878
425.808 2594.332
426.079 2525.358
426.350 2455.525
426.622 2374.262
426.893 2399.570
427.164 2419.163
427.435 2242.040
427.706 2206.060
427.977 2314.650
428.248 2364.953
428.519 2247.683
428.791 2178.556
429.062 2269.999
429.333 2418.727
429.604 2374.883
429.875 2373.323
430.146 2416.619
430.417 2434.201
430.689 2297.781
430.960 2177.360
431.231 2252.939
431.502 2276.230
431.773 2145.664
432.044 2123.525
432.315 2254.386
432.586 2368.817
432.858 2338.961
433.129 2250.104
433.400 2258.675
433.671 2232.531
433.942 2120.100
434.213 2019.812
434.484 2053.379
434.755 2177.660
435.027 2168.368
435.298 2149.790
435.569 2348.497
435.840 2395.488
436.116 2352.336
436.391 2353.468
436.667 2383.886
436.942 2371.302
437.218 2329.575
437.493 2316.704
437.769 2481.975
438.045 2557.102
438.320 2499.514
438.596 2420.068
438.871 2452.479
439.147 2502.745
439.422 2365.725
439.698 2288.562
439.974 2354.112
440.249 2370.375
440.525 2281.494
440.800 2313.613
441.076 2422.874
441.351 2423.848
441.627 2342.964
441.903 2350.936
442.178 2403.479
442.454 2509.735
442.729 2439.562
443.005 2335.674
443.281 2432.643
443.556 2458.181
443.832 2368.576
444.107 2370.542
444.383 2416.650
444.658 2429.471
444.934 2426.292
445.210 2439.254
445.485 2530.216
445.761 2570.605
446.036 2444.422
446.312 2349.381
446.587 2385.911
446.863 2365.154
447.139 2222.683
447.414 2154.782
447.690 2219.880
447.965 2299.548
448.241 2222.216
448.516 2172.740
448.792 2215.978
449.068 2364.786
449.343 2359.737
449.619 2388.258
449.894 2572.493
450.170 2654.012
450.445 2599.531
450.721 2566.334
450.997 2581.423
451.272 2618.654
451.548 2441.169
451.823 2264.684
452.099 2345.770
452.375 2391.569
452.650 2415.510
452.926 2393.879
453.201 2418.104
453.477 2488.901
453.752 2427.410
454.028 2428.776
454.304 2610.856
454.579 2696.506
454.855 2637.441
455.130 2633.232
455.406 2728.166
455.681 2777.528
455.957 2613.317
456.233 2433.677
456.508 2453.322
456.784 2505.109
457.059 2435.610
457.335 2355.538
457.610 2409.180
457.886 2565.250
458.162 2548.462
458.437 2470.816
458.713 2607.741
458.988 2686.808
459.264 2640.589
459.539 2610.226
459.815 2612.720
460.091 2603.641
460.366 2535.562
460.642 2358.481
460.917 2357.258
461.193 2388.176
461.468 2272.951
461.744 2225.440
462.020 2329.071
462.295 2335.843
462.571 2307.758
462.846 2249.762
463.122 2296.731
463.397 2374.050
463.673 2262.302
463.949 2189.213
464.224 2313.962
464.500 2372.646
464.775 2300.361
465.051 2325.958
465.327 2432.489
465.602 2520.023
465.878 2587.598
466.153 2551.810
466.429 2640.085
466.704 2728.164
466.980 2635.653
467.256 2572.228
467.531 2718.202
467.807 2745.206
468.082 2587.373
468.358 2486.916
468.633 2586.761
468.909 2673.085
469.185 2626.122
469.460 2502.321
469.736 2511.203
470.011 2650.435
470.287 2622.840
470.562 2542.320
470.838 2645.350
471.114 2783.998
471.389 2761.820
471.665 2701.147
471.940 2766.590
472.216 2813.311
472.491 2761.111
472.767 2644.474
473.043 2623.213
473.318 2619.641
473.594 2500.932
473.869 2410.053
474.145 2455.403
474.421 2445.716
474.696 2349.196
474.972 2375.276
475.247 2496.953
475.523 2636.005
475.798 2594.096
476.074 2584.504
476.350 2753.400
476.625 2840.915
476.901 2664.474
477.176 2536.430
477.452 2554.418
477.727 2565.815
478.003 2421.852
478.279 2289.298
478.554 2336.148
478.830 2375.334
479.105 2344.450
479.381 2400.713
479.656 2569.085
479.932 2743.413
480.208 2730.847
480.483 2657.315
480.759 2762.601
481.034 2854.815
481.310 2714.456
481.585 2596.278
481.861 2548.577
482.137 2611.139
482.412 2613.977
482.688 2556.097
482.963 2685.566
483.239 2832.383
483.514 2801.001
483.790 2810.079
484.066 2865.194
484.341 2893.490
484.617 2818.519
484.892 2673.393
485.168 2652.232
485.443 2640.770
485.719 2519.453
485.995 2452.754
486.270 2524.257
486.546 2586.137
486.821 2579.547
487.097 2537.211
487.373 2547.578
487.648 2492.734
487.924 2323.913
488.199 2228.616
488.475 2236.181
488.750 2176.408
489.026 2068.530
489.302 2091.858
489.577 2348.164
489.853 2487.516
490.128 2395.789
490.404 2381.982
490.679 2485.409
490.955 2501.915
491.231 2412.367
491.506 2389.297
491.782 2551.158
492.057 2665.467
492.333 2577.169
492.608 2539.135
492.884 2671.355
493.160 2668.681
493.435 2448.846
493.711 2260.499
493.986 2327.200
494.262 2382.758
494.537 2232.868
494.813 2190.626
495.089 2345.373
495.364 2446.139
495.640 2404.125
495.915 2403.454
496.191 2521.008
496.467 2629.040
496.742 2558.646
497.018 2491.752
497.293 2588.814
497.569 2705.317
497.844 2683.825
498.120 2720.798
498.396 2877.599
498.671 2939.517
498.947 2924.681
499.222 2883.141
499.498 2896.955
499.773 2866.005
500.049 2721.944
500.325 2704.094
500.600 2819.694
500.876 2900.431
501.151 2831.238
501.427 2789.410
501.702 2838.432
501.978 3001.585
502.254 2970.282
502.529 2889.593
502.805 2929.115
503.080 2993.729
503.356 2994.889
503.631 3094.243
503.907 3165.773
504.183 3252.676
504.458 3204.897
504.734 3157.242
505.009 3274.330
505.285 3286.444
505.560 3096.418
505.836 2936.773
506.112 2851.661
506.387 2823.953
506.663 2742.396
506.938 2633.568
507.214 2793.803
507.490 2908.621
507.765 2793.503
508.041 2813.476
508.316 2954.089
508.592 2959.087
508.867 2813.207
509.143 2603.949
509.419 2575.626
509.694 2658.803
509.970 2490.979
510.245 2318.928
510.521 2324.389
510.796 2426.513
511.072 2357.950
511.348 2286.096
511.623 2337.347
511.899 2341.210
512.174 2286.318
512.450 2275.069
512.725 2457.622
513.001 2626.598
513.277 2548.836
513.552 2568.485
513.828 2711.357
514.103 2776.969
514.379 2831.118
514.654 2807.037
514.930 2844.815
515.206 2874.563
515.481 2784.524
515.757 2806.424
516.032 2901.347
516.308 2935.227
516.583 2789.395
516.859 2708.840
517.135 2854.938
517.410 2921.033
517.686 2782.301
517.961 2832.070
518.237 2911.587
518.513 2925.404
518.788 2859.498
519.064 2854.945
519.339 2964.875
519.615 3137.546
519.890 3084.102
520.166 3102.476
520.442 3259.203
520.717 3376.431
520.993 3284.884
521.268 3238.979
521.544 3318.042
521.819 3388.586
522.095 3353.487
522.371 3381.358
522.646 3502.705
522.922 3589.573
523.197 3529.521
523.473 3518.830
523.748 3579.775
524.024 3628.050
524.300 3596.176
524.575 3598.031
524.851 3886.147
525.126 4090.694
525.402 4029.883
525.677 3994.689
525.953 4014.189
526.229 3994.272
526.504 3943.219
526.780 3800.869
527.055 3799.481
527.331 3842.355
527.606 3783.022
527.882 3781.539
528.158 3922.665
528.433 3941.873
528.709 3884.788
528.984 3853.319
529.260 3931.963
529.535 4057.907
529.811 4005.690
530.087 3925.585
530.362 4022.895
530.638 3994.260
530.913 3924.683
531.189 3903.782
531.465 3918.098
531.740 3961.460
532.016 3821.745
532.291 3683.998
532.567 3744.869
532.842 3657.537
533.118 3374.471
533.394 3200.244
533.669 3199.504
533.945 3193.218
534.220 3091.831
534.496 3062.174
534.771 3228.220
535.047 3401.619
535.323 3399.387
535.598 3300.230
535.874 3342.379
536.149 3347.206
536.425 3185.476
536.700 3135.852
536.976 3266.418
537.252 3412.621
537.527 3594.829
537.803 3887.198
538.078 4320.519
538.354 4682.832
538.629 4864.654
538.905 5215.330
539.181 5730.222
539.456 6059.910
539.732 6291.260
540.007 6562.105
540.283 6979.243
540.558 7385.700
540.834 7525.234
541.110 7714.884
541.385 8034.236
541.661 8237.595
541.936 8338.251
542.212 8455.969
542.488 8573.628
542.763 8589.434
543.039 8395.378
543.314 8226.603
543.590 8205.919
543.865 8021.967
544.141 7743.959
544.417 7570.973
544.692 7520.381
544.968 7463.419
545.243 7367.729
545.519 7196.142
545.794 7144.531
546.070 7054.601
546.348 6926.050
546.627 6874.605
546.905 6922.735
547.183 6920.514
547.461 6877.989
547.740 6918.496
548.018 7056.762
548.296 7082.914
548.575 7058.294
548.853 7093.712
549.131 7193.933
549.409 7298.607
549.688 7386.548
549.966 7498.905
550.244 7741.682
550.523 7940.444
550.801 7988.103
551.079 8100.749
551.357 8289.587
551.636 8371.443
551.914 8309.622
552.192 8307.910
552.471 8453.237
552.749 8521.822
553.027 8471.721
553.306 8456.853
553.584 8548.634
553.862 8725.244
554.140 8758.985
554.419 8821.052
554.697 8972.539
554.975 9002.876
555.254 9011.069
555.532 9043.156
555.810 9115.820
556.088 9186.964
556.367 8992.161
556.645 8925.999
556.923 8969.593
557.202 8836.325
557.480 8572.919
557.758 8289.163
558.036 8047.311
558.315 7835.855
558.593 7424.346
558.871 7120.587
559.150 6959.678
559.428 6783.069
559.706 6463.894
559.984 6143.720
560.263 5933.386
560.541 5670.532
560.819 5229.753
561.098 4833.373
561.376 4639.044
561.654 4457.602
561.932 4168.474
562.211 3894.261
562.489 3769.296
562.767 3712.990
563.046 3543.457
563.324 3325.951
563.602 3245.053
563.880 3153.091
564.159 2958.921
564.437 2961.419
564.715 3017.841
564.994 2961.112
565.272 2795.110
565.550 2747.209
565.828 2828.675
566.107 2840.526
566.385 2634.504
566.663 2503.710
566.942 2604.384
567.220 2687.256
567.498 2585.777
567.776 2527.279
568.055 2635.438
568.333 2683.499
568.611 2596.585
568.890 2530.259
569.168 2559.557
569.446 2543.822
569.725 2452.402
570.003 2421.025
570.281 2547.382
570.559 2611.920
570.838 2546.732
571.116 2584.080
571.394 2697.952
571.673 2715.426
571.951 2594.526
572.229 2526.035
572.507 2601.497
572.786 2596.196
573.064 2425.126
573.342 2427.526
573.621 2573.837
573.899 2652.070
574.177 2542.929
574.455 2441.784
574.734 2641.313
575.012 2828.956
575.290 2713.894
575.569 2591.466
575.847 2688.317
576.125 2785.357
576.403 2841.680
576.682 2729.309
576.960 2681.586
577.243 2723.320
577.527 2748.829
577.810 2683.733
578.093 2696.199
578.377 2648.562
578.660 2586.601
578.944 2577.555
579.227 2642.070
579.510 2605.442
579.794 2515.439
580.077 2525.946
580.360 2669.017
580.644 2678.760
580.927 2595.535
581.210 2567.209
581.494 2636.268
581.777 2661.527
582.061 2574.611
582.344 2493.843
582.627 2534.303
582.911 2483.512
583.194 2400.054
583.477 2433.415
583.761 2507.422
584.044 2555.752
584.327 2493.082
584.611 2515.875
584.894 2681.844
585.178 2744.908
585.461 2610.215
585.744 2543.477
586.028 2596.148
586.311 2599.065
586.594 2472.045
586.878 2427.487
587.161 2497.783
587.444 2517.793
587.728 2455.681
588.011 2419.015
588.295 2485.739
588.578 2537.070
588.861 2415.364
589.145 2377.395
589.428 2586.156
589.711 2694.572
589.995 2588.400
590.278 2555.949
590.562 2672.186
590.845 2768.117
591.128 2685.596
591.412 2592.410
591.695 2648.700
591.978 2786.718
592.262 2727.387
592.545 2691.206
592.828 2792.862
593.112 2859.523
593.395 2729.280
593.679 2674.414
593.962 2660.246
594.245 2653.515
594.529 2578.862
594.812 2581.495
595.095 2627.574
595.379 2623.115
595.662 2500.613
595.945 2432.719
596.229 2615.223
596.512 2722.739
596.796 2608.949
597.079 2521.309
597.362 2667.764
597.646 2769.611
597.929 2741.900
598.212 2715.775
598.496 2692.770
598.779 2616.777
599.062 2530.390
599.346 2421.528
599.629 2475.393
599.913 2483.786
600.196 2286.995
600.479 2241.487
600.763 2372.150
601.046 2472.769
601.329 2462.919
601.613 2433.769
601.896 2557.297
602.179 2679.965
602.463 2657.574
602.746 2602.238
603.030 2633.938
603.313 2682.164
603.596 2626.060
603.880 2543.180
604.163 2612.526
604.446 2682.927
604.730 2749.815
605.013 2805.111
605.296 2871.336
605.580 2890.640
605.863 2893.637
606.147 2811.388
606.430 2852.772
606.713 2791.692
606.997 2626.443
607.280 2657.639
607.563 2784.500
607.847 2758.634
608.130 2748.973
608.414 2810.504
608.697 2916.066
608.980 2993.154
609.264 2835.738
609.547 2760.353
609.830 2914.525
610.114 2914.876
610.397 2679.994
610.680 2600.844
610.964 2602.528
611.247 2582.960
611.531 2564.289
611.814 2516.802
612.097 2545.751
612.381 2618.218
612.664 2527.651
612.947 2504.984
613.231 2603.361
613.514 2574.617
613.797 2445.658
614.081 2385.272
614.364 2392.065
614.648 2421.981
614.931 2346.292
615.214 2287.168
615.498 2339.581
615.781 2442.121
616.064 2477.357
616.348 2501.777
616.631 2592.760
616.914 2664.560
617.198 2638.478
617.481 2618.772
617.765 2644.420
618.048 2683.418
618.331 2640.224
618.615 2625.457
618.898 2719.705
619.181 2712.703
619.465 2601.064
619.748 2533.225
620.031 2620.075
620.315 2674.647
620.598 2590.135
620.882 2594.404
621.165 2764.075
621.448 2842.568
621.732 2753.130
622.015 2623.075
622.298 2625.473
622.582 2720.326
622.865 2654.860
623.148 2584.446
623.432 2674.492
623.715 2836.885
623.999 2858.845
624.282 2853.095
624.565 3007.609
624.849 3075.452
625.132 3027.584
625.415 3043.359
625.699 3039.670
625.982 3086.672
626.265 3048.921
626.549 2838.353
626.832 3660.759
627.116 4180.518
627.399 4034.940
627.682 4013.443
627.966 4077.858
628.249 4074.265
628.532 4023.439
628.816 3133.959
629.099 2655.762
629.383 2691.714
629.666 2662.167
629.949 2651.419
630.233 2748.816
630.516 2787.036
630.799 2681.496
631.083 2644.310
631.366 2764.506
631.649 2758.964
631.933 2667.132
632.216 2614.129
632.500 2689.006
632.783 2853.520
633.066 2930.934
633.350 2963.620
633.633 2997.907
633.916 2969.206
634.200 2881.284
634.483 2819.472
634.766 2798.933
635.050 2741.871
635.333 2703.266
635.617 2766.372
635.900 2870.867
636.183 2965.903
636.467 2951.803
636.750 2964.324
637.033 3088.669
637.317 3128.215
637.600 3059.299
637.883 3039.017
638.167 3139.494
638.450 3241.676
638.734 3225.376
639.017 3268.353
639.300 3349.123
639.584 3381.581
639.867 3376.305
640.150 3423.799
640.434 3558.728
640.717 3661.200
641.000 3615.194
641.284 3653.922
641.567 3862.420
641.851 4006.871
642.134 4018.860
642.417 4069.003
642.701 4189.034
642.984 4225.441
643.267 4152.955
643.551 4104.972
643.834 4241.143
644.117 4466.970
644.401 4558.175
644.684 4753.375
644.968 5153.881
645.251 5558.063
645.534 5922.291
645.818 6355.419
646.101 6811.593
646.384 7432.141
646.668 8044.964
646.951 8745.415
647.235 9636.331
647.518 10570.621
647.801 11448.158
648.085 12538.950
648.368 13754.650
648.651 14993.366
648.935 16209.771
649.218 17528.380
649.501 19011.797
649.785 20457.026
650.068 21770.658
650.352 23187.143
650.635 24810.746
650.918 26420.855
651.202 27866.421
651.485 29337.931
651.768 30992.172
652.052 32614.750
652.335 34093.449
652.618 35448.293
652.902 36734.015
653.185 37911.516
653.469 38916.743
653.752 39744.021
654.035 40520.792
654.319 41204.910
654.602 41688.779
654.885 42217.238
655.169 42854.686
655.452 43377.590
655.735 43816.924
656.019 44338.847
656.302 44837.058
656.586 45273.953
656.869 45598.665
657.152 45875.620
657.436 46310.234
657.719 46715.936
658.002 47026.660
658.286 47459.330
658.569 48029.446
658.852 48532.273
659.136 49045.524
659.419 49712.174
659.703 50475.637
659.986 51122.598
660.269 51691.730
660.553 52325.097
660.836 53092.466
661.119 53744.786
661.403 54065.528
661.686 54371.237
661.969 54785.943
662.253 54960.363
662.536 55003.239
662.820 54880.273
663.103 54718.712
663.386 54448.431
663.670 54033.357
663.953 53503.049
664.236 53057.762
664.520 52373.721
664.803 51565.128
665.086 50741.812
665.370 49896.914
665.653 48896.617
665.937 47733.419
666.220 46359.852
666.503 45034.152
666.787 43592.588
667.070 42018.074
667.353 40406.589
667.637 38896.988
667.920 37361.597
668.204 35716.638
668.487 34055.757
668.770 32505.932
669.054 30853.050
669.337 29100.598
669.620 27313.969
669.904 25543.810
670.187 23832.788
670.470 22101.107
670.754 20466.099
671.037 19024.417
671.321 17633.140
671.604 16300.979
671.887 15118.918
672.171 14167.854
672.454 13231.118
672.737 12271.838
673.021 11446.127
673.304 10817.423
673.587 10217.204
673.871 9578.783
674.154 9061.147
674.438 8699.804
674.721 8344.242
675.004 7828.622
675.288 7408.222
675.571 7152.768
675.854 6868.388
676.138 6462.098
676.421 6188.787
676.704 6123.903
676.988 6073.062
677.271 5915.180
677.555 5723.851
677.838 5712.528
678.121 5691.220
678.405 5604.288
678.688 5460.305
678.971 5436.852
679.255 5354.584
679.538 5099.164
679.821 4874.762
680.105 4813.874
680.388 4594.849
680.672 4222.381
680.955 3954.437
681.238 3873.245
681.522 3835.196
681.805 3617.120
682.088 3410.081
682.372 3351.926
682.655 3399.466
682.938 3325.418
683.222 3203.710
683.505 3161.973
683.789 3253.629
684.072 3159.631
684.355 3057.580
684.639 3077.464
684.922 3105.176
685.205 3096.181
685.489 3175.676
685.772 3222.894
686.056 3245.059
686.339 3287.057
686.622 3341.581
686.906 3413.379
687.189 3456.839
687.472 3311.921
687.756 3224.035
688.039 3322.400
688.322 3387.063
688.606 3281.878
688.889 3192.773
689.173 3296.189
689.456 3379.299
689.739 3369.849
690.023 3376.125
690.306 3394.169
690.589 3407.308
690.873 3375.199
691.156 3344.619
691.439 3442.441
691.723 3512.999
692.006 3530.551
692.290 3551.640
692.573 3571.420
692.856 3582.922
693.140 3424.738
693.423 3304.717
693.706 3304.078
693.990 3266.161
694.273 3162.051
694.556 3206.379
694.840 3287.627
695.123 3272.046
695.407 3157.318
695.690 3060.779
695.973 3006.510
696.257 3025.716
696.540 2997.482
696.830 2992.806
697.120 3282.976
697.410 3438.619
697.699 3412.178
697.989 3488.236
698.279 3675.373
698.569 3649.907
698.859 3504.515
699.149 3289.602
699.439 3391.546
699.729 3495.444
700.018 3344.805
700.308 3263.989
700.598 3341.195
700.888 3386.575
701.178 3369.171
701.468 3276.651
701.758 3347.006
702.048 3452.570
702.337 3251.720
702.627 3102.726
702.917 3131.213
703.207 3085.394
703.497 2993.333
703.787 2901.702
704.077 2867.945
704.366 2846.842
704.656 2813.857
704.946 2929.754
705.236 2954.905
705.526 2904.223
705.816 2797.617
706.106 2757.153
706.396 2823.457
706.685 2813.245
706.975 2559.418
707.265 2514.799
707.555 2570.508
707.845 2558.319
708.135 2602.239
708.425 2638.282
708.715 2705.412
709.004 2817.404
709.294 2774.767
709.584 2793.058
709.874 2926.724
710.164 2863.125
710.454 2782.075
710.744 2773.462
711.034 2809.116
711.323 2874.229
711.613 2779.906
711.903 2715.196
712.193 2748.815
712.483 2761.184
712.773 2682.929
713.063 2606.725
713.352 2657.160
713.642 2694.640
713.932 2578.323
714.222 2577.260
714.512 2647.832
714.802 2646.126
715.092 2586.443
715.382 2506.603
715.671 2530.227
715.961 2582.181
716.251 2434.937
716.541 2350.372
716.831 2467.930
717.121 2541.348
717.411 2485.299
717.701 2437.861
717.990 2591.665
718.280 2748.242
718.570 2738.876
718.860 2698.259
719.150 2771.646
719.440 2819.749
719.730 2782.438
720.019 2686.606
720.309 2697.302
720.599 2727.949
720.889 2626.300
721.179 2493.270
721.469 2477.751
721.759 2491.701
722.049 2410.946
722.338 2383.356
722.628 2402.013
722.918 2565.358
723.208 2704.885
723.498 2756.009
723.788 2865.889
724.078 2941.487
724.368 2865.569
724.657 2863.685
724.947 2817.130
725.237 2793.363
725.527 2736.841
725.817 2625.724
726.107 2609.401
726.397 2634.536
726.686 2578.292
726.976 2603.775
727.266 2566.545
727.556 2527.136
727.846 2472.053
728.136 2433.549
728.426 2480.098
728.716 2487.269
729.005 2311.001
729.295 2214.161
729.585 2385.234
729.875 2507.190
730.165 2478.106
730.455 2556.387
730.745 2641.619
731.035 2723.690
731.324 2799.476
731.614 2754.375
731.904 2807.044
732.194 2878.179
732.484 2720.664
732.774 2682.925
733.064 2827.575
733.354 2819.869
733.643 2666.779
733.933 2612.820
734.223 2642.446
734.513 2661.989
734.803 2561.569
735.093 2567.353
735.383 2630.820
735.672 2629.160
735.962 2490.422
736.252 2450.503
736.542 2608.714
736.832 2722.043
737.122 2483.157
737.412 2384.987
737.702 2508.794
737.991 2602.623
738.281 2567.606
738.571 2495.638
738.861 2489.744
739.151 2595.000
739.441 2605.108
739.731 2643.241
740.021 2687.142
740.310 2662.408
740.600 2571.170
740.890 2578.419
741.180 2603.893
741.470 2561.779
741.760 2417.451
742.050 2504.550
742.339 2590.757
742.629 2575.918
742.919 2502.202
743.209 2474.584
743.499 2548.838
743.789 2620.842
744.079 2423.080
744.369 2350.999
744.658 2448.942
744.948 2483.240
745.238 2388.655
745.528 2368.416
745.818 2452.905
746.108 2602.479
746.398 2600.219
746.688 2566.133
746.977 2606.958
747.267 2651.189
747.557 2547.227
747.847 2481.615
748.137 2442.735
748.427 2554.192
748.717 2555.623
749.006 2592.626
749.296 2731.881
749.586 2806.822
749.876 2755.186
750.166 2707.661
750.456 2703.754
750.746 2706.589
751.036 2542.413
751.325 2599.726
751.615 2796.237
751.905 2791.290
752.195 2733.469
752.485 2692.795
752.775 2729.075
753.065 2840.658
753.355 2713.736
753.644 2602.354
753.934 2668.556
754.224 2725.362
754.514 2624.912
754.804 2648.012
755.094 2747.853
755.384 2760.211
755.674 2675.744
755.963 2706.462
756.253 2812.723
756.543 2850.275
756.833 2670.739
757.123 2554.474
757.413 2598.718
757.703 2650.291
757.992 2549.855
758.282 2520.794
758.572 2589.089
758.862 2743.355
759.152 2750.456
759.442 2699.384
759.732 2712.346
760.022 2714.891
760.311 2578.705
760.601 2650.999
760.891 2721.517
761.181 2701.043
761.471 2644.339
761.761 2659.197
762.051 2737.563
762.341 2744.386
762.630 2605.520
762.920 2536.530
763.210 2592.846
763.500 2629.560
763.793 2548.146
764.086 2522.367
764.379 2674.194
764.671 2722.404
764.964 2594.713
765.257 2587.845
765.550 2662.533
765.843 2659.196
766.136 2569.292
766.429 2459.744
766.722 2462.015
767.014 2521.267
767.307 2419.805
767.600 2423.469
767.893 2556.069
768.186 2611.291
768.479 2594.955
768.772 2584.314
769.064 2638.990
769.357 2625.372
769.650 2472.209
769.943 2402.140
770.236 2507.474
770.529 2552.716
770.822 2438.407
771.115 2428.558
771.407 2635.630
771.700 2766.021
771.993 2739.730
772.286 2664.332
772.579 2729.844
772.872 2815.967
773.165 2666.873
773.457 2612.889
773.750 2641.897
774.043 2636.422
774.336 2591.307
774.629 2539.294
774.922 2575.544
775.215 2673.676
775.508 2511.001
775.800 2383.141
776.093 2443.468
776.386 2554.797
776.679 2579.202
776.972 2607.454
777.265 2716.964
777.558 2822.084
777.850 2812.300
778.143 2791.981
778.436 2763.020
778.729 2663.040
779.022 2508.327
779.315 2439.472
779.608 2487.244
779.900 2498.275
780.193 2361.850
780.486 2507.958
780.779 2707.805
781.072 2758.673
781.365 2700.919
781.658 2694.238
781.951 2797.324
782.243 2834.783
782.536 2614.181
782.829 2565.024
783.122 2694.884
783.415 2767.909
783.708 2737.918
784.001 2703.618
784.293 2800.001
784.586 2838.230
784.879 2686.681
785.172 2583.385
785.465 2617.700
785.758 2682.716
786.051 2607.159
786.344 2609.170
786.636 2658.191
786.929 2675.484
787.222 2675.552
787.515 2750.254
787.808 2827.317
788.101 2882.054
788.394 2803.434
788.686 2746.910
788.979 2816.230
789.272 2828.561
789.565 2627.820
789.858 2481.985
790.151 2526.772
790.444 2587.099
790.737 2543.921
791.029 2579.184
791.322 2662.161
791.615 2686.547
791.908 2607.219
792.201 2577.516
792.494 2640.409
792.787 2690.459
793.079 2567.618
793.372 2570.099
793.665 2731.757
793.958 2796.360
794.251 2682.330
794.544 2601.079
794.837 2607.687
795.130 2687.310
795.422 2592.034
795.715 2503.302
796.008 2655.375
796.301 2790.313
796.594 2711.748
796.887 2657.395
797.180 2714.757
797.472 2742.206
797.765 2610.482
798.058 2451.827
798.351 2518.775
798.644 2713.960
798.937 2792.779
799.230 2722.336
799.523 2745.038
799.815 2850.148
800.108 2782.265
800.401 2738.658
800.694 2705.286
800.987 2689.307
801.280 2666.342
801.573 2646.677
801.865 2730.992
802.158 2829.152
802.451 2759.134
802.744 2768.577
803.037 2827.412
803.330 2828.805
803.623 2767.460
803.915 2678.788
804.208 2707.355
804.501 2652.969
804.794 2532.997
805.087 2510.797
805.380 2594.470
805.673 2655.675
805.966 2598.310
806.258 2592.329
806.551 2684.517
806.844 2645.147
807.137 2489.709
807.430 2549.823
807.723 2644.828
808.016 2705.721
808.308 2629.369
808.601 2726.239
808.894 2870.170
809.187 2908.994
809.480 2811.852
809.773 2763.186
810.066 2747.279
810.359 2676.673
810.651 2439.088
810.944 2379.625
811.237 2502.853
811.530 2404.511
811.825 2319.985
812.119 2355.882
812.414 2474.503
812.709 2611.385
813.003 2540.645
813.298 2726.018
813.593 2995.564
813.887 3094.293
814.182 3060.575
814.476 3053.480
814.771 3087.271
815.066 3129.904
815.360 2858.041
815.655 2708.487
815.950 2678.376
816.244 2660.712
816.539 2666.606
816.834 2680.272
817.128 2783.764
817.423 2755.257
817.718 2652.899
818.012 2653.139
818.307 2753.552
818.602 2735.721
818.896 2676.173
819.191 2676.717
819.486 2835.863
819.780 2884.346
820.075 2827.618
820.369 2863.724
820.664 2987.939
820.959 2973.556
821.253 2855.192
821.548 2761.238
821.843 2833.750
822.137 2830.205
822.432 2672.407
822.727 2567.283
823.021 2658.342
823.316 2687.081
823.611 2626.858
823.905 2568.737
824.200 2656.402
824.495 2685.830
824.789 2621.322
825.084 2657.502
825.379 2774.775
825.673 2885.762
825.968 2915.620
826.262 2930.631
826.557 3023.262
826.852 3121.663
827.146 2998.899
827.441 2853.796
827.736 2846.414
828.030 2870.727
828.325 2771.792
828.620 2824.413
828.914 2864.531
829.209 2868.025
829.504 2850.317
829.798 2811.018
830.093 2801.039
830.388 2815.664
830.682 2637.490
830.977 2582.736
831.271 2684.265
831.566 2761.278
831.861 2733.051
832.155 2703.200
832.450 2745.170
832.745 2830.827
833.039 2716.389
833.334 2559.306
833.629 2576.229
833.923 2570.659
834.218 2478.281
834.513 2471.213
834.807 2468.019
835.102 2487.935
835.397 2417.015
835.691 2293.000
835.986 2287.935
836.281 2291.810
836.575 2207.486
836.870 2183.206
837.164 2239.738
837.459 2268.469
837.754 2246.955
838.048 2288.637
838.343 2397.512
838.638 2445.944
838.932 2435.023
839.227 2434.739
839.522 2491.520
839.816 2529.870
840.111 2457.440
840.406 2552.961
840.700 2771.983
840.995 2864.070
841.290 2853.724
841.584 2866.430
841.879 2929.451
842.174 3078.488
842.468 3020.851
842.763 2914.451
843.057 2914.421
843.352 2918.853
843.647 2884.171
843.941 2923.230
844.236 2880.090
844.531 2887.117
844.825 2856.322
845.120 2836.215
845.415 2854.154
845.709 2969.081
846.004 2987.039
846.299 3041.013
846.593 3054.942
846.888 2969.807
847.183 2917.177
847.477 2964.687
847.772 2995.930
848.066 2931.227
848.361 2789.936
848.656 2694.030
848.950 2877.924
849.245 3005.476
849.540 2940.784
849.834 2863.454
850.129 2916.031
850.424 2939.212
850.718 2908.055
851.013 2815.206
851.308 2827.814
851.602 2879.876
851.897 2823.289
852.192 2953.954
852.486 3161.998
852.781 3316.502
853.076 3275.542
853.370 3111.751
853.665 3121.770
853.959 3153.459
854.254 2867.034
854.549 2706.817
854.843 2689.680
855.138 2688.594
855.433 2779.999
855.727 2790.799
856.022 2832.868
856.317 2992.189
856.611 2939.796
856.906 2946.634
857.201 3047.053
857.495 2957.525
857.790 2823.086
858.085 2799.046
858.379 2794.270
858.674 2770.001
858.969 2581.752
859.263 2491.937
859.558 2645.449
859.852 2676.529
860.147 2600.646
860.442 2596.222
860.736 2717.754
861.031 2886.359
861.326 2858.818
861.620 2711.113
861.915 2822.734
862.210 2902.655
862.504 2804.727
862.799 2756.993
863.094 2731.075
863.388 2711.900
863.683 2623.750
863.978 2481.152
864.272 2483.125
864.567 2457.286
864.861 2318.775
865.156 2296.715
865.451 2358.998
865.745 2652.306
866.040 2839.740
866.335 2847.297
866.629 2950.413
866.924 3069.302
867.219 3019.262
867.513 3004.081
867.808 2927.839
868.103 2837.433
868.397 2757.710
868.692 2694.140
868.987 2679.904
869.281 2596.392
869.576 2443.811
869.871 2297.282
870.165 2236.220
870.460 2227.642
870.754 2207.280
871.049 2227.975
871.344 2359.566
871.638 2423.461
871.933 2448.419
872.228 2541.741
872.522 2622.334
872.817 2706.412
873.112 2629.713
873.406 2532.128
873.701 2564.793
873.996 2583.904
874.290 2495.840
874.585 2465.239
874.880 2433.654
875.174 2425.172
875.469 2415.792
875.764 2429.547
876.058 2470.027
876.353 2479.518
876.647 2455.796
876.942 2463.872
877.237 2586.955
877.531 2637.950
877.826 2567.461
878.121 2524.803
878.415 2560.909
878.710 2551.567
879.005 2410.237
879.299 2240.101
879.594 2244.315
879.889 2278.508
880.183 2183.656
880.478 2116.099
880.773 2162.466
881.067 2245.351
881.362 2246.502
881.656 2221.625
881.951 2281.518
882.246 2335.102
882.540 2262.285
882.835 2145.622
883.130 2180.671
883.424 2282.960
883.719 2263.477
884.014 2216.601
884.308 2268.171
884.603 2347.098
884.898 2344.406
885.192 2329.353
885.487 2348.451
885.782 2315.835
886.076 2249.215
886.371 2113.572
886.666 2093.951
886.960 2228.458
887.255 2235.974
887.549 2237.845
887.844 2305.030
888.139 2328.756
888.433 2363.339
888.728 2383.881
889.023 2350.852
889.317 2346.839
889.612 2301.569
889.907 2288.899
890.201 2345.843
890.496 2379.872
890.791 2331.192
891.085 2308.901
891.380 2285.935
891.675 2227.383
891.969 2147.308
892.264 2087.703
892.559 2137.626
892.853 2202.035
893.148 2122.285
893.442 2143.968
893.737 2263.204
894.032 2277.626
894.326 2235.728
894.621 2203.077
894.916 2195.071
895.210 2217.105
895.505 2165.529
895.800 2073.859
896.094 2149.406
896.389 2185.581
896.684 2121.254
896.978 2055.480
897.273 2080.497
897.568 2126.415
897.862 2124.207
898.157 2157.736
898.451 2285.072
898.746 2353.236
899.041 2367.930
899.335 2439.980
899.630 2519.479
899.925 2511.089
900.219 2425.609
900.514 2478.901
900.809 2515.104
901.103 2509.184
901.398 2521.232
901.693 2467.633
901.987 2540.257
902.282 2570.406
902.577 2392.862
902.871 2350.240
903.166 2444.994
903.461 2379.873
903.755 2280.470
904.050 2230.690
904.344 2230.269
904.639 2215.569
904.934 2157.660
905.228 2120.105
905.523 2133.059
905.818 2157.128
906.112 2184.332
906.407 2280.517
906.702 2392.710
906.996 2478.787
907.291 2425.955
907.586 2436.033
907.880 2573.964
908.175 2589.962
908.470 2460.129
908.764 2416.673
909.059 2440.282
909.354 2517.190
909.648 2546.327
909.943 2563.672
910.237 2585.225
910.532 2672.874
910.827 2626.169
911.121 2554.123
911.416 2569.451
911.711 2578.296
912.005 2533.585
912.300 2515.741
912.599 2488.805
912.898 2505.340
913.196 2439.783
913.495 2396.763
913.794 2485.904
914.093 2474.772
914.391 2485.373
914.690 2489.370
914.989 2545.688
915.288 2589.413
915.586 2496.618
915.885 2401.058
916.184 2412.311
916.483 2417.757
916.782 2413.131
917.080 2470.980
917.379 2657.949
917.678 2772.190
917.977 2735.244
918.275 2724.470
918.574 2695.392
918.873 2665.257
919.172 2607.199
919.471 2479.170
919.769 2496.596
920.068 2540.617
920.367 2438.327
920.666 2363.944
920.964 2430.762
921.263 2370.779
921.562 2282.763
921.861 2287.010
922.159 2378.861
922.458 2509.573
922.757 2620.991
923.056 2615.041
923.355 2685.512
923.653 2768.693
923.952 2709.399
924.251 2590.808
924.550 2600.351
924.848 2537.301
925.147 2426.027
925.446 2408.699
925.745 2447.959
926.043 2480.207
926.342 2459.502
926.641 2413.443
926.940 2436.897
927.239 2539.229
927.537 2546.618
927.836 2605.049
928.135 2731.945
928.434 2798.754
928.732 2732.009
929.031 2731.821
929.330 2807.746
929.629 2857.475
929.927 2742.504
930.226 2675.106
930.525 2727.726
930.824 2816.220
931.123 2840.084
931.421 2804.181
931.720 2827.023
932.019 2901.243
932.318 2810.093
932.616 2727.888
932.915 2788.298
933.214 2822.094
933.513 2818.040
933.812 2791.835
934.110 2939.851
934.409 3184.476
934.708 3260.419
935.007 3246.587
935.305 3268.890
935.604 3245.152
935.903 3213.319
936.202 3150.588
936.500 3129.503
936.799 3134.364
937.098 3119.658
937.397 3183.542
937.696 3286.457
937.994 3343.109
938.293 3316.252
938.592 3302.701
938.891 3391.769
939.189 3371.109
939.488 3385.670
939.787 3422.962
940.086 3479.598
940.384 3469.369
940.683 3571.780
940.982 3725.757
941.281 3869.216
941.580 3877.576
941.878 3827.825
942.177 3793.651
942.476 3877.917
942.775 3788.223
943.073 3615.947
943.372 3720.296
943.671 3835.385
943.970 3827.429
944.268 3809.729
944.567 3808.840
944.866 3835.278
945.165 3827.768
945.464 3663.425
945.762 3692.583
946.061 3833.121
946.360 3831.772
946.659 3704.493
946.957 3668.210
947.256 3691.047
947.555 3618.134
947.854 3369.089
948.153 3293.749
948.451 3394.441
948.750 3430.842
949.049 3349.849
949.348 3348.509
949.646 3492.737
949.945 3579.390
950.244 3471.693
950.543 3412.181
950.841 3526.544
951.140 3550.096
951.439 3506.357
951.738 3496.267
952.037 3507.574
952.335 3546.388
952.634 3397.087
952.933 3275.123
953.232 3337.850
953.530 3333.020
953.829 3210.153
954.128 3164.544
954.427 3254.702
954.725 3406.318
955.024 3317.815
955.323 3249.171
955.622 3287.750
955.921 3246.877
956.219 3158.974
956.518 3046.196
956.817 3024.856
957.116 3021.565
957.414 2833.152
957.713 2736.685
958.012 2787.854
958.311 2829.692
958.610 2773.720
958.908 2787.828
959.207 2941.942
959.506 3080.844
959.805 3034.968
960.103 3038.351
960.402 3127.612
960.701 3146.713
961.000 3008.142
961.298 2881.108
961.597 2939.909
961.896 3015.582
962.195 2883.409
962.494 2756.096
962.792 2757.497
963.091 2750.413
963.390 2743.000
963.689 2694.448
963.987 2675.827
964.286 2736.265
964.585 2802.504
964.884 3008.702
965.182 3207.792
965.481 3296.067
965.780 3272.496
966.080 3250.283
966.380 3366.929
966.680 3308.187
966.981 3058.147
967.281 2929.006
967.581 2942.121
967.881 2947.756
968.181 2856.541
968.481 2772.771
968.781 2801.024
969.082 2812.785
969.382 2813.170
969.682 2724.504
969.982 2760.024
970.282 2867.752
970.582 2822.466
970.882 2744.761
971.183 2799.475
971.483 2817.156
971.783 2782.904
972.083 2725.750
972.383 2722.948
972.683 2753.684
972.983 2784.750
973.284 2767.772
973.584 2817.001
973.884 2838.480
974.184 2769.306
974.484 2741.968
974.784 2795.864
975.084 2784.853
975.385 2698.361
975.685 2648.927
975.985 2668.600
976.285 2673.830
976.585 2585.306
976.885 2517.426
977.185 2583.700
977.486 2636.673
977.786 2516.365
978.086 2444.464
978.386 2552.553
978.686 2647.099
978.986 2582.403
979.286 2503.912
979.587 2488.685
979.887 2525.359
980.187 2497.959
980.487 2516.274
980.787 2559.589
981.087 2577.047
981.387 2507.219
981.688 2501.534
981.988 2519.706
982.288 2553.735
982.588 2407.478
982.888 2334.650
983.188 2459.679
983.488 2577.280
983.789 2622.023
984.089 2652.480
984.389 2720.938
984.689 2767.395
984.989 2700.424
985.289 2561.882
985.589 2516.482
985.890 2436.653
986.190 2356.682
986.490 2324.139
986.790 2402.882
987.090 2395.911
987.390 2425.368
987.690 2530.683
987.991 2609.997
988.291 2605.311
988.591 2585.625
988.891 2564.797
989.191 2661.397
989.491 2727.282
989.791 2610.596
990.092 2586.625
990.392 2730.224
990.692 2777.253
990.992 2659.995
991.292 2594.024
991.592 2556.195
991.892 2528.937
992.193 2454.680
992.493 2382.708
992.793 2384.736
993.093 2426.621
993.393 2410.649
993.693 2415.106
993.993 2514.420
994.294 2614.448
994.594 2583.333
994.894 2499.789
995.194 2534.389
995.494 2559.845
995.794 2525.730
996.094 2480.615
996.395 2470.643
996.695 2433.814
996.995 2388.984
997.295 2372.869
997.595 2432.326
997.895 2448.353
998.195 2420.667
998.496 2365.980
998.796 2418.865
999.096 2480.178
999.396 2512.348
999.696 2501.090
999.996 2510.975
1000.296 2524.145
1000.597 2663.458
1000.897 2697.343
1001.197 2683.799
1001.497 2667.112
1001.797 2610.568
1002.097 2680.310
1002.397 2727.337
1002.698 2573.936
1002.998 2485.963
1003.298 2537.419
1003.598 2561.732
1003.898 2557.330
1004.198 2439.500
1004.498 2413.527
1004.799 2510.412
1005.099 2530.867
1005.399 2440.609
1005.699 2397.636
1005.999 2510.091
1006.299 2539.404
1006.599 2498.145
1006.900 2496.601
1007.200 2534.199
1007.500 2574.226
1007.800 2575.110
1008.100 2501.565
1008.400 2551.592
1008.700 2643.048
1009.001 2629.931
1009.301 2744.387
1009.601 2921.413
1009.901 2995.726
1010.201 2954.324
1010.501 2893.493
1010.801 2822.091
1011.102 2742.690
1011.402 2579.287
1011.702 2426.743
1012.002 2394.769
1012.302 2422.653
1012.602 2371.108
1012.902 2439.706
1013.203 2486.875
1013.503 2502.616
1013.803 2479.928
1014.103 2449.240
1014.403 2528.123
1014.703 2699.149
1015.003 2605.176
1015.304 2536.916
1015.604 2559.657
1015.904 2646.397
1016.204 2641.138
1016.504 2563.450
1016.804 2459.476
1017.104 2476.216
1017.405 2507.671
1017.705 2542.554
1018.005 2520.723
1018.305 2496.463
1018.605 2562.203
1018.905 2664.801
1019.205 2748.827
1019.506 2780.710
1019.806 2688.307
1020.106 2656.762
1020.406 2712.930
1020.706 2668.527
1021.006 2567.839
1021.306 2507.293
1021.607 2486.176
1021.907 2498.059
1022.207 2423.656
1022.507 2363.110
1022.807 2404.993
1023.107 2415.019
1023.407 2348.759
1023.708 2334.356
1024.008 2368.810
1024.308 2440.978
1024.608 2556.575
1024.908 2588.744
1025.208 2609.626
1025.508 2659.794
1025.809 2640.391
1026.109 2626.560
1026.409 2678.014
1026.709 2607.610
1027.009 2510.778
1027.309 2543.661
1027.609 2624.686
1027.910 2796.569
1028.210 2920.165
1028.510 2999.333
1028.810 3207.644
1029.110 3276.812
1029.410 3195.695
1029.710 3098.148
1030.011 3021.031
1030.311 2956.627
1030.611 2817.652
1030.911 2661.106
1031.211 2705.274
1031.511 2726.584
1031.811 2698.038
1032.112 2684.920
1032.412 2751.230
1032.712 2744.113
1033.012 2633.280
1033.312 2613.162
1033.612 2661.044
1033.912 2716.069
1034.212 2661.951
1034.513 2557.261
1034.813 2607.143
1035.113 2645.168
1035.413 2485.764
1035.713 2453.503
1036.013 2539.528
1036.313 2557.981
1036.614 2569.291
1036.914 2602.459
1037.214 2741.483
1037.514 2813.222
1037.814 2744.247
1038.114 2652.271
1038.414 2644.010
1038.715 2620.177
1039.015 2509.487
1039.315 2344.083
1039.615 2335.679
1039.915 2349.132
1040.215 2286.585
1040.515 2234.466
1040.816 2232.348
1041.116 2238.943
1041.416 2270.825
1041.716 2370.420
1042.016 2523.730
1042.316 2595.183
1042.616 2597.636
1042.917 2691.946
1043.217 2763.398
1043.517 2676.137
1043.817 2498.447
1044.117 2383.613
1044.417 2478.209
1044.717 2544.947
1045.018 2432.971
1045.318 2400.710
1045.618 2520.162
1045.918 2619.043
1046.218 2581.210
1046.518 2504.662
1046.818 2546.686
1047.119 2587.853
1047.419 2571.734
1047.719 2577.901
1048.019 2621.496
1048.319 2615.234
1048.619 2546.543
1048.919 2496.424
1049.220 2460.162
1049.520 2467.186
1049.820 2402.781
1050.120 2393.804
1050.420 2544.971
1050.720 2601.423
1051.020 2541.447
1051.321 2551.756
1051.621 2542.208
1051.921 2530.660
1052.221 2524.112
1052.521 2456.564
1052.821 2541.731
1053.121 2615.182
1053.422 2794.492
1053.722 2970.515
1054.022 3047.681
1054.322 2969.990
1054.622 2910.728
1054.922 2885.323
1055.222 2951.917
1055.523 2799.941
1055.823 2603.250
1056.123 2503.416
1056.423 2525.153
1056.723 2580.319
1057.023 2492.914
1057.323 2407.794
1057.624 2437.246
1057.924 2501.269
1058.224 2501.149
1058.524 2573.886
1058.824 2627.481
1059.124 2658.504
1059.424 2664.527
1059.725 2659.264
1060.025 2697.287
1060.325 2725.881
1060.625 2651.904
1060.925 2580.499
1061.225 2613.379
1061.525 2596.687
1061.826 2518.996
1062.126 2470.447
1062.426 2569.613
1062.726 2613.636
1063.026 2639.944
1063.326 2617.110
1063.626 2632.418
1063.927 2734.441
1064.227 2741.892
1064.527 2655.057
1064.827 2652.652
1065.127 2609.531
1065.427 2613.268
1065.727 2633.291
1066.028 2612.885
1066.328 2594.764
1066.628 2568.644
1066.928 2546.381
1067.228 2551.975
1067.528 2510.854
1067.828 2480.020
1068.129 2444.328
1068.429 2470.207
1068.729 2541.373
1069.029 2577.109
1069.329 2636.560
1069.629 2693.154
1069.929 2676.462
1070.230 2648.056
1070.530 2599.935
1070.830 2611.100
1071.130 2612.122
1071.430 2514.144
1071.730 2532.167
1072.030 2665.475
1072.331 2715.211
1072.631 2688.376
1072.931 2662.541
1073.231 2692.134
1073.531 2742.014
1073.831 2613.464
1074.131 2431.629
1074.432 2359.937
1074.732 2340.816
1075.032 2245.552
1075.332 2149.574
1075.632 2196.882
1075.932 2244.761
1076.232 2228.497
1076.533 2304.233
1076.833 2422.684
1077.133 2454.563
1077.433 2370.156
1077.733 2277.321
1078.033 2373.200
1078.333 2498.507
1078.634 2452.672
1078.934 2449.836
1079.234 2529.144
1079.534 2601.022
1079.834 2592.616
1080.134 2526.066
1080.434 2504.659
1080.735 2534.395
1081.035 2479.702
1081.335 2472.009
1081.635 2557.031
1081.935 2630.052
1082.235 2624.074
1082.535 2652.667
1082.836 2688.545
1083.136 2695.281
1083.436 2612.160
1083.736 2542.467
1084.036 2488.346
1084.336 2505.510
1084.636 2477.531
1084.937 2482.410
1085.237 2527.288
1085.537 2667.881
1085.837 2725.331
1086.137 2783.495
1086.437 2835.802
1086.737 2825.823
1087.038 2716.844
1087.338 2640.723
1087.638 2609.030
1087.938 2568.336
1088.238 2538.500
1088.538 2493.236
1088.838 2627.400
1089.139 2786.278
1089.439 2794.299
1089.739 2723.320
1090.039 2718.770
1090.339 2636.077
1090.639 2561.812
1090.939 2403.547
1091.240 2338.711
1091.540 2404.732
1091.840 2413.610
1092.140 2466.631
1092.453 2566.080
1092.766 2591.101
1093.079 2551.694
1093.392 2505.286
1093.705 2486.021
1094.018 2537.042
1094.330 2442.491
1094.643 2523.512
1094.956 2628.676
1095.269 2698.268
1095.582 2661.860
1095.895 2654.738
1096.208 2685.758
1096.521 2836.493
1096.834 2762.943
1097.147 2672.678
1097.460 2721.412
1097.773 2818.433
1098.085 2772.025
1098.398 2712.760
1098.711 2675.495
1099.024 2672.801
1099.337 2677.393
1099.650 2587.842
1099.963 2547.434
1100.276 2580.454
1100.589 2534.618
1100.902 2471.210
1101.215 2478.659
1101.528 2565.107
1101.841 2574.699
1102.153 2553.148
1102.466 2616.597
1102.779 2718.189
1103.092 2734.638
1103.405 2759.229
1103.718 2726.250
1104.031 2716.699
1104.344 2668.147
1104.657 2625.596
1104.970 2629.759
1105.283 2689.494
1105.596 2690.942
1105.909 2670.248
1106.221 2724.697
1106.534 2785.146
1106.847 2720.023
1107.160 2615.757
1107.473 2590.349
1107.786 2518.940
1108.099 2435.960
1108.412 2451.980
1108.725 2484.715
1109.038 2481.592
1109.351 2451.612
1109.664 2381.060
1109.977 2388.080
1110.289 2397.243
1110.602 2299.977
1110.915 2340.854
1111.228 2448.160
1111.541 2535.608
1111.854 2516.057
1112.167 2470.505
1112.480 2518.953
1112.793 2553.545
1113.106 2403.279
1113.419 2326.584
1113.732 2312.889
1114.044 2351.052
1114.357 2367.786
1114.670 2386.091
1114.983 2425.825
1115.296 2515.131
1115.609 2516.293
1115.922 2512.599
1116.235 2549.047
1116.548 2578.638
1116.861 2505.086
1117.174 2459.534
1117.487 2490.554
1117.800 2519.145
1118.112 2537.450
1118.425 2577.612
1118.738 2669.346
1119.051 2717.080
1119.364 2761.099
1119.677 2821.833
1119.990 2878.138
1120.303 2875.443
1120.616 2819.605
1120.929 2816.910
1121.242 2908.501
1121.555 2866.949
1121.868 2732.825
1122.180 2682.416
1122.493 2693.150
1122.806 2714.455
1123.119 2610.617
1123.432 2529.065
1123.745 2652.798
1124.058 2756.817
1124.371 2747.551
1124.684 2677.713
1124.997 2613.589
1125.310 2625.465
1125.623 2592.770
1125.935 2526.075
1126.248 2543.808
1126.561 2574.685
1126.874 2585.704
1127.187 2662.865
1127.500 2759.885
1127.813 2858.046
1128.126 2849.351
1128.439 2742.799
1128.752 2691.103
1129.065 2688.694
1129.378 2624.284
1129.691 2553.446
1130.003 2557.893
1130.316 2560.626
1130.629 2513.217
1130.942 2525.664
1131.255 2636.254
1131.568 2636.988
1131.881 2530.721
1132.194 2482.025
1132.507 2473.615
1132.820 2509.206
1133.133 2575.081
1133.446 2607.243
1133.759 2665.405
1134.071 2850.852
1134.384 2855.870
1134.697 2814.603
1135.010 2868.479
1135.323 2857.212
1135.636 2722.088
1135.949 2660.392
1136.262 2580.411
1136.575 2556.287
1136.888 2572.305
1137.201 2600.466
1137.514 2602.056
1137.826 2728.361
1138.139 2830.522
1138.452 2905.683
1138.765 2984.273
1139.078 3083.720
1139.391 3050.596
1139.704 3060.329
1140.017 3041.347
1140.330 2959.223
1140.643 2853.384
1140.956 2830.974
1141.269 2846.706
1141.582 2842.582
1141.894 2810.886
1142.207 2753.333
1142.520 2785.779
1142.833 2804.798
1143.146 2739.530
1143.459 2610.120
1143.772 2585.281
1144.085 2505.299
1144.398 2481.889
1144.711 2508.336
1145.024 2533.782
1145.337 2610.086
1145.650 2600.390
1145.962 2626.408
1146.275 2750.283
1146.588 2743.730
1146.901 2681.748
1147.214 2715.909
1147.527 2676.784
1147.840 2662.374
1148.153 2668.677
1148.466 2647.124
1148.779 2748.428
1149.092 2772.160
1149.405 2723.464
1149.718 2712.767
1150.030 2774.785
1150.343 2743.232
1150.656 2644.107
1150.969 2563.839
1151.282 2542.285
1151.595 2486.875
1151.908 2504.035
1152.221 2538.196
1152.534 2712.071
1152.847 2918.660
1153.160 2991.821
1153.473 3077.553
1153.785 3187.285
1154.098 3164.017
1154.411 3080.892
1154.724 2943.624
1155.037 2785.356
1155.350 2674.088
1155.663 2558.963
1155.976 2476.409
1156.289 2467.141
1156.602 2516.873
1156.915 2474.033
1157.228 2525.194
1157.541 2693.497
1157.853 2736.800
1158.166 2705.389
1158.479 2707.407
1158.792 2725.139
1159.105 2747.013
1159.418 2723.174
1159.731 2599.763
1160.044 2604.351
1160.357 2722.940
1160.670 2806.672
1160.983 2788.975
1161.296 2774.136
1161.609 2688.439
1161.921 2609.170
1162.234 2583.331
1162.547 2575.634
1162.860 2466.508
1163.173 2387.668
1163.486 2457.686
1163.799 2613.417
1164.112 2666.863
1164.425 2603.452
1164.738 2497.183
1165.051 2616.772
1165.364 2754.075
1165.676 2724.521
1165.989 2717.967
1166.302 2834.412
1166.615 2913.858
1166.928 2951.018
1167.241 2899.321
1167.554 2868.338
1167.867 2845.641
1168.180 2715.658
1168.493 2655.818
1168.806 2725.407
1169.119 2748.281
1169.432 2641.012
1169.744 2616.315
1170.057 2671.903
1170.370 2743.063
1170.683 2644.652
1170.996 2561.383
1171.309 2596.543
1171.622 2667.274
1171.935 2632.719
1172.248 2570.308
1172.561 2537.182
1172.874 2580.342
1173.187 2583.501
1173.500 2692.375
1173.812 2765.678
1174.125 2726.409
1174.438 2823.140
1174.751 2926.443
1175.064 2929.460
1175.377 2891.762
1175.690 2689.065
1176.003 2585.367
1176.316 2619.670
1176.629 2465.401
1176.942 2322.275
1177.255 2372.291
1177.567 2478.879
1177.880 2569.610
1178.193 2645.056
1178.506 2721.644
1178.819 2805.518
1179.132 2808.963
1179.445 2705.694
1179.758 2671.282
1180.071 2682.155
1180.384 2675.029
1180.697 2673.332
1181.010 2704.348
1181.323 2748.079
1181.635 2737.667
1181.948 2712.541
1182.261 2786.700
1182.574 2922.716
1182.887 2916.447
1183.200 2841.607
1183.513 2840.480
1183.826 2938.782
1184.139 2898.656
1184.452 2726.958
1184.765 2564.403
1185.078 2589.419
1185.391 2562.579
1185.703 2532.595
1186.016 2632.040
1186.329 2740.056
1186.642 2870.787
1186.955 2841.089
1187.268 2771.248
1187.581 2856.836
1187.894 2917.852
1188.207 2765.154
1188.520 2683.742
1188.833 2622.615
1189.146 2606.917
1189.459 2553.648
1189.771 2499.521
1190.084 2519.823
1190.397 2583.125
1190.710 2565.569
1191.023 2545.586
1191.336 2604.602
1191.649 2635.761
1191.962 2610.777
1192.275 2538.650
1192.588 2508.809
1192.901 2541.111
1193.214 2485.841
1193.526 2492.143
1193.839 2573.587
1194.152 2572.746
1194.465 2494.762
1194.778 2484.207
1195.091 2537.080
1195.404 2499.810
1195.717 2326.255
1196.030 2277.414
1196.343 2362.001
1196.656 2491.017
1196.969 2583.890
1197.282 2685.335
1197.594 2836.493
1197.907 2923.223
1198.220 2835.382
1198.533 2837.969
1198.846 2853.557
1199.159 2738.572
1199.472 2569.017
1199.785 2536.461
1200.098 2610.763
1200.411 2657.636
1200.724 2518.080
1201.037 2502.953
1201.350 2582.254
1201.662 2373.270
1201.975 2295.349
1202.288 2203.057
1202.601 2174.615
