165.028 509.502
165.288 448.094
165.547 331.723
165.807 324.090
166.067 352.771
166.327 445.321
166.587 447.026
166.847 345.599
167.107 424.184
167.367 544.922
167.627 592.386
167.886 681.147
168.146 832.348
168.406 902.131
168.666 842.638
168.926 803.728
169.186 917.257
169.446 938.225
169.706 779.774
169.966 685.334
170.225 841.190
170.485 985.341
170.745 939.502
171.005 848.244
171.265 909.996
171.525 978.329
171.785 893.386
172.045 716.881
172.305 782.956
172.564 896.183
172.824 820.277
173.084 783.665
173.344 869.919
173.604 890.181
173.864 802.310
174.124 678.732
174.384 736.735
174.644 834.603
174.903 716.907
175.163 707.506
175.423 866.969
175.683 928.583
175.943 812.777
176.203 737.407
176.463 769.044
176.723 943.403
176.983 931.197
177.242 841.714
177.502 934.523
177.762 1021.482
178.022 920.734
178.282 840.278
178.542 970.258
178.802 951.244
179.062 817.380
179.322 779.664
179.581 910.813
179.841 987.682
180.101 990.271
180.361 815.580
180.621 850.753
180.881 986.360
181.141 930.687
181.401 826.877
181.661 895.644
181.920 879.845
182.180 741.479
182.440 646.262
182.700 701.621
182.960 702.843
183.220 625.070
183.480 571.587
183.740 729.966
184.000 878.492
184.259 935.023
184.519 968.702
184.779 1102.956
185.039 1238.071
185.299 1219.620
185.559 1220.601
185.819 1342.158
186.079 1318.147
186.339 1118.711
186.598 1021.850
186.858 1236.136
187.118 1398.140
187.378 1319.576
187.638 1187.730
187.898 1245.458
188.158 1365.618
188.418 1320.781
188.678 1158.376
188.937 1197.974
189.197 1143.289
189.457 981.892
189.717 951.355
189.977 1087.678
190.237 1198.290
190.497 1071.618
190.757 898.662
191.017 967.995
191.276 1071.901
191.536 940.381
191.796 888.434
192.056 936.204
192.316 951.261
192.576 855.748
192.836 869.951
193.096 1017.014
193.356 1065.363
193.616 960.285
193.875 978.066
194.135 1129.706
194.395 1225.632
194.655 1177.988
194.915 1078.917
195.175 1121.846
195.435 1125.634
195.695 1034.423
195.955 1005.069
196.214 1133.716
196.474 1187.079
196.734 1145.441
196.994 1214.090
197.254 1298.311
197.514 1283.247
197.774 1166.468
198.034 1099.119
198.294 1098.769
198.553 1119.849
198.813 1045.928
199.073 1112.721
199.333 1230.943
199.593 1257.879
199.853 1143.387
200.113 1116.465
200.373 1241.400
200.633 1282.335
200.892 1110.840
201.152 1090.488
201.412 1215.564
201.672 1243.068
201.932 1130.000
202.192 1079.645
202.452 1281.289
202.712 1423.647
202.972 1305.861
203.231 1201.216
203.491 1486.142
203.751 1667.496
204.011 1561.276
204.271 1401.056
204.531 1423.405
204.791 1424.896
205.051 1304.243
205.311 1060.874
205.570 1089.218
205.830 1232.131
206.090 1155.900
206.350 1104.096
206.610 1264.005
206.870 1370.911
207.130 1309.530
207.390 1248.719
207.650 1281.762
207.909 1295.090
208.169 1189.558
208.429 1078.453
208.689 1130.345
208.949 1130.664
209.209 1011.981
209.469 923.866
209.729 1120.607
209.989 1183.202
210.248 1166.223
210.508 1192.528
210.768 1302.116
211.028 1395.844
211.288 1386.141
211.548 1290.578
211.808 1343.012
212.068 1287.301
212.328 1172.158
212.587 1217.013
212.847 1416.722
213.107 1497.856
213.367 1349.559
213.627 1341.687
213.887 1546.670
214.147 1610.078
214.407 1460.340
214.667 1377.314
214.926 1452.712
215.186 1540.251
215.446 1424.643
215.706 1283.460
215.966 1350.989
216.226 1452.228
216.486 1269.607
216.746 1123.268
217.006 1266.640
217.265 1330.865
217.525 1268.944
217.785 1243.877
218.045 1323.949
218.305 1397.589
218.565 1330.082
218.825 1169.286
219.085 1281.629
219.345 1403.254
219.604 1286.732
219.864 1172.778
220.124 1224.677
220.384 1341.286
220.644 1335.892
220.904 1246.922
221.164 1273.948
221.424 1321.256
221.684 1287.132
221.943 1223.003
222.203 1231.871
222.463 1210.734
222.723 1088.450
222.983 978.733
223.243 1017.584
223.503 1017.859
223.763 1055.416
224.023 1089.683
224.282 1225.231
224.542 1436.489
224.802 1471.171
225.062 1547.421
225.322 1711.952
225.582 1658.192
225.842 1529.143
226.102 1453.375
226.362 1405.031
226.621 1463.825
226.881 1364.472
227.141 1325.401
227.401 1474.039
227.661 1496.387
227.921 1438.873
228.181 1420.926
228.441 1407.403
228.701 1392.303
228.960 1345.628
229.220 1305.091
229.480 1365.978
229.740 1385.718
230.000 1329.881
230.260 1322.468
230.520 1428.479
230.780 1422.057
231.040 1307.630
231.299 1388.055
231.559 1525.618
231.819 1508.320
232.079 1421.445
232.339 1470.137
232.599 1567.252
232.859 1579.220
233.119 1406.326
233.379 1327.141
233.638 1450.379
233.898 1581.756
234.158 1440.271
234.418 1372.352
234.678 1514.286
234.938 1592.071
235.198 1489.995
235.458 1468.056
235.718 1528.255
235.978 1602.593
236.237 1566.210
236.497 1509.966
236.757 1654.145
237.017 1738.891
237.277 1636.489
237.537 1565.510
237.797 1598.241
238.057 1632.537
238.317 1568.258
238.576 1511.259
238.836 1679.398
239.096 1793.531
239.356 1701.946
239.616 1642.355
239.876 1712.330
240.136 1813.586
240.396 1681.837
240.656 1514.655
240.915 1572.324
241.175 1641.274
241.435 1624.361
241.695 1588.587
241.955 1586.521
242.215 1682.450
242.475 1689.517
242.735 1610.293
242.995 1644.207
243.254 1643.116
243.514 1620.733
243.774 1594.489
244.034 1664.382
244.294 1692.698
244.554 1610.866
244.814 1630.458
245.074 1759.902
245.334 1738.483
245.593 1651.202
245.853 1623.916
246.113 1714.482
246.373 1773.899
246.633 1691.169
246.893 1615.148
247.153 1694.264
247.413 1724.518
247.673 1579.195
247.932 1515.153
248.192 1579.677
248.452 1569.767
248.712 1459.424
248.972 1398.075
249.232 1525.150
249.492 1611.505
249.752 1512.569
250.012 1590.628
250.271 1778.396
250.531 1904.444
250.791 1858.345
251.051 1853.240
251.311 1964.273
251.571 2071.443
251.831 1963.323
252.091 1867.483
252.351 1957.638
252.610 2059.502
252.870 1950.218
253.130 1874.929
253.390 1940.777
253.650 1951.049
253.911 1850.602
254.172 1766.577
254.433 1828.833
254.694 1901.227
254.955 1812.616
255.216 1708.571
255.477 1707.664
255.738 1754.466
255.999 1640.405
256.261 1498.911
256.522 1569.840
256.783 1612.479
257.044 1499.683
257.305 1492.883
257.566 1572.506
257.827 1617.123
258.088 1582.307
258.349 1520.915
258.610 1623.089
258.871 1717.400
259.132 1573.278
259.393 1451.579
259.654 1610.733
259.915 1672.310
260.176 1544.596
260.437 1500.877
260.698 1634.724
260.959 1742.423
261.221 1736.261
261.482 1655.093
261.743 1771.491
262.004 1814.456
262.265 1644.844
262.526 1548.656
262.787 1631.749
263.048 1683.265
263.309 1608.776
263.570 1487.425
263.831 1577.497
264.092 1664.279
264.353 1609.913
264.614 1629.256
264.875 1818.880
265.136 1967.927
265.397 1989.256
265.658 1955.722
265.919 2099.326
266.181 2160.353
266.442 1996.662
266.703 1826.108
266.964 1800.264
267.225 1761.843
267.486 1668.560
267.747 1638.844
268.008 1759.409
268.269 1977.254
268.530 1948.523
268.791 1920.788
269.052 2058.333
269.313 2129.016
269.574 1996.694
269.835 1912.939
270.096 1865.464
270.357 1912.985
270.618 1821.215
270.879 1727.155
271.141 1788.519
271.402 1829.877
271.663 1773.374
271.924 1737.437
272.185 1760.210
272.446 1765.550
272.707 1697.170
272.968 1660.786
273.229 1745.111
273.490 1774.860
273.751 1689.319
274.012 1686.345
274.273 1856.508
274.534 1915.810
274.795 1840.678
275.056 1879.399
275.317 1939.115
275.578 1965.112
275.839 1905.105
276.101 1814.379
276.362 1985.362
276.623 2090.341
276.884 1911.315
277.145 1834.141
277.406 2033.392
277.667 2137.209
277.928 2021.022
278.189 1860.401
278.450 1849.062
278.711 1998.004
278.972 2004.798
279.233 1830.731
279.494 1836.088
279.755 1885.012
280.016 1789.359
280.277 1785.703
280.538 1802.756
280.799 1784.233
281.061 1705.277
281.322 1639.745
281.583 1769.494
281.844 1852.382
282.105 1751.694
282.366 1678.716
282.627 1827.305
282.888 1953.032
283.149 1912.326
283.410 1860.759
283.671 2016.045
283.932 2155.611
284.193 2087.888
284.454 2032.160
284.715 2154.571
284.976 2214.692
285.237 2128.523
285.498 2131.492
285.759 2240.600
286.021 2270.846
286.282 2144.946
286.543 2093.326
286.804 2145.560
287.065 2159.218
287.326 2003.443
287.587 1989.521
287.848 2096.594
288.109 2099.664
288.370 1912.015
288.631 1794.361
288.892 1933.847
289.153 1969.471
289.414 1732.662
289.675 1641.421
289.936 1736.461
290.197 1805.497
290.458 1812.386
290.719 1792.271
290.981 1863.008
291.242 1934.742
291.503 1920.615
291.764 1938.055
292.025 2065.919
292.286 2101.351
292.547 1954.635
292.808 1931.059
293.069 2047.621
293.330 2045.751
293.591 1881.305
293.852 1833.427
294.113 1952.831
294.374 2042.659
294.635 2008.483
294.896 1995.160
295.157 2124.833
295.418 2234.788
295.679 2132.453
295.941 2068.829
296.202 2089.058
296.463 2058.569
296.724 1914.647
296.985 1790.007
297.246 1922.791
297.507 2047.429
297.768 1993.921
298.029 2053.694
298.290 2169.320
298.551 2232.800
298.812 2232.276
299.073 2228.462
299.334 2318.930
299.595 2389.823
299.856 2238.284
300.117 2121.169
300.378 2221.193
300.639 2324.357
300.901 2271.517
301.162 2353.816
301.423 2438.111
301.684 2497.545
301.945 2425.976
302.206 2346.974
302.467 2351.969
302.728 2354.674
302.989 2154.233
303.250 2108.645
303.511 2214.196
303.772 2294.601
304.033 2221.716
304.294 2165.257
304.555 2164.937
304.816 2103.327
305.077 1957.714
305.338 1977.668
305.599 2156.762
305.861 2265.567
306.122 2151.939
306.383 2173.165
306.644 2299.816
306.905 2340.892
307.166 2147.107
307.427 2030.176
307.688 2101.242
307.949 2244.732
308.210 2120.076
308.471 2034.274
308.732 2073.612
308.993 2214.231
309.254 2187.990
309.515 2109.317
309.776 2133.783
310.037 2317.960
310.298 2327.277
310.559 2314.590
310.821 2302.757
311.082 2231.778
311.343 2072.509
311.604 1968.809
311.865 1853.534
312.126 1831.398
312.387 1777.545
312.648 1796.688
312.909 1941.828
313.170 2070.679
313.434 2060.813
313.698 2047.943
313.963 2106.498
314.227 2106.479
314.491 1936.456
314.755 1825.716
315.019 1894.544
315.284 2003.369
315.548 2012.190
315.812 2002.866
316.076 2157.967
316.340 2271.350
316.604 2332.730
316.869 2383.821
317.133 2490.338
317.397 2475.994
317.661 2384.218
317.925 2319.583
318.190 2416.658
318.454 2369.302
318.718 2347.942
318.982 2314.580
319.246 2345.642
319.511 2344.274
319.775 2198.902
320.039 2076.955
320.303 2178.863
320.567 2067.767
320.832 1914.954
321.096 1931.424
321.360 2020.034
321.624 2080.498
321.888 2010.673
322.153 1892.416
322.417 1898.728
322.681 1860.037
322.945 1694.914
323.209 1662.502
323.473 1850.088
323.738 1952.099
324.002 1887.536
324.266 1863.255
324.530 1997.829
324.794 2155.400
325.059 2101.253
325.323 2003.961
325.587 2079.666
325.851 2205.368
326.115 2267.924
326.380 2240.763
326.644 2226.314
326.908 2254.290
327.172 2126.549
327.436 2077.090
327.701 2124.487
327.965 2056.451
328.229 2043.413
328.493 2074.372
328.757 2142.328
329.022 2218.568
329.286 2156.947
329.550 2117.609
329.814 2166.125
330.078 2093.353
330.342 1966.150
330.607 1941.515
330.871 2046.735
331.135 2053.523
331.399 1964.166
331.663 2019.520
331.928 2182.158
332.192 2190.078
332.456 2082.710
332.720 2015.910
332.984 2092.965
333.249 2087.161
333.513 1929.210
333.777 1832.686
334.041 1996.159
334.305 2044.201
334.570 1966.811
334.834 1963.419
335.098 2088.881
335.362 2152.341
335.626 2044.370
335.891 1905.681
336.155 1958.419
336.419 1938.440
336.683 1860.886
336.947 1873.759
337.211 2007.343
337.476 2112.497
337.740 2146.219
338.004 2150.224
338.268 2253.798
338.532 2292.656
338.797 2172.082
339.061 2136.363
339.325 2259.356
339.589 2295.632
339.853 2239.905
340.118 2225.033
340.382 2283.016
340.646 2299.853
340.910 2199.117
341.174 2083.949
341.439 2119.636
341.703 2095.035
341.967 1998.146
342.231 1984.826
342.495 2164.646
342.759 2193.892
343.024 2068.708
343.288 2010.806
343.552 2134.617
343.816 2162.139
344.080 1987.802
344.345 1814.177
344.609 1955.835
344.873 2072.205
345.137 2133.144
345.401 2227.938
345.666 2358.873
345.930 2456.805
346.194 2370.878
346.458 2297.234
346.722 2459.730
346.987 2391.224
347.251 2176.431
347.515 2095.206
347.779 2130.836
348.043 2195.036
348.308 2042.090
348.572 1844.285
348.836 1916.049
349.100 1975.810
349.364 1876.141
349.628 1873.755
349.893 1993.510
350.157 2026.120
350.421 1923.442
350.685 1841.190
350.949 1873.079
351.214 1936.109
351.478 1880.279
351.742 1826.304
352.006 1989.042
352.270 2156.919
352.535 2088.652
352.799 2048.097
353.063 2143.826
353.327 2137.552
353.591 2078.848
353.856 2086.713
354.120 2206.004
354.384 2292.579
354.648 2261.581
354.912 2283.866
355.177 2452.577
355.441 2500.858
355.705 2353.994
355.969 2208.413
356.233 2345.259
356.497 2396.675
356.762 2273.231
357.026 2203.070
357.290 2257.194
357.554 2247.886
357.818 2216.148
358.083 2131.408
358.347 2179.952
358.611 2189.065
358.875 2083.605
359.139 2027.285
359.404 2134.392
359.668 2162.783
359.932 2076.457
360.196 2023.558
360.460 2141.800
360.725 2229.326
360.989 2227.849
361.253 2268.085
361.517 2464.176
361.781 2566.980
362.046 2549.924
362.310 2529.009
362.574 2582.378
362.838 2583.602
363.102 2440.682
363.366 2304.188
363.631 2313.692
363.895 2317.765
364.159 2231.694
364.423 2209.050
364.687 2332.260
364.952 2394.612
365.216 2273.962
365.480 2200.167
365.747 2304.227
366.013 2340.857
366.280 2215.199
366.546 2167.539
366.813 2297.021
367.079 2421.500
367.346 2449.406
367.612 2416.311
367.879 2497.785
368.145 2601.828
368.412 2463.584
368.678 2370.767
368.945 2477.519
369.211 2475.555
369.478 2339.447
369.744 2248.194
370.011 2406.225
370.278 2504.968
370.544 2373.281
370.811 2296.164
371.077 2440.330
371.344 2555.781
371.610 2515.086
371.877 2412.533
372.143 2571.121
372.410 2682.422
372.676 2514.721
372.943 2349.161
373.209 2428.170
373.476 2511.178
373.742 2373.613
374.009 2186.189
374.276 2223.192
374.542 2282.621
374.809 2184.335
375.075 2063.475
375.342 2129.614
375.608 2166.894
375.875 2132.886
376.141 2235.592
376.408 2409.295
376.674 2597.282
376.941 2618.268
377.207 2568.967
377.474 2667.378
377.740 2714.644
378.007 2536.052
378.273 2410.315
378.540 2405.577
378.807 2435.123
379.073 2335.238
379.340 2256.495
379.606 2304.750
379.873 2358.432
380.139 2291.398
380.406 2209.934
380.672 2219.468
380.939 2235.144
381.205 2172.247
381.472 2147.490
381.738 2185.875
382.005 2264.402
382.271 2227.641
382.538 2206.879
382.804 2304.257
383.071 2391.206
383.338 2281.582
383.604 2251.527
383.871 2365.757
384.137 2389.128
384.404 2280.640
384.670 2242.151
384.937 2354.661
385.203 2488.311
385.470 2424.532
385.736 2311.179
386.003 2386.682
386.269 2511.613
386.536 2577.113
386.802 2525.326
387.069 2526.109
387.336 2531.890
387.602 2438.813
387.869 2405.163
388.135 2576.654
388.402 2549.429
388.668 2417.632
388.935 2367.976
389.201 2467.461
389.468 2504.374
389.734 2433.142
390.001 2313.051
390.267 2379.674
390.534 2452.866
390.800 2392.914
391.067 2312.961
391.333 2421.149
391.600 2428.907
391.867 2241.235
392.133 2170.562
392.400 2208.601
392.666 2157.925
392.933 2020.390
393.199 2024.854
393.466 2186.460
393.732 2236.206
393.999 2181.523
394.265 2158.553
394.532 2304.867
394.798 2432.180
395.065 2294.634
395.331 2177.372
395.598 2284.966
395.864 2307.702
396.131 2220.722
396.398 2262.170
396.664 2365.330
396.931 2389.489
397.197 2311.361
397.464 2268.088
397.730 2308.672
397.997 2473.397
398.263 2405.406
398.530 2332.700
398.796 2462.421
399.063 2565.283
399.329 2568.573
399.596 2672.004
399.862 2680.720
400.129 2683.006
400.396 2646.290
400.662 2607.145
400.929 2741.713
401.195 2809.136
401.462 2633.273
401.728 2558.122
401.995 2687.971
402.261 2808.675
402.528 2881.378
402.794 2938.222
403.061 3039.779
403.327 3113.907
403.594 3140.748
403.860 3181.873
404.127 3337.140
404.393 3423.119
404.660 3309.383
404.931 3405.218
405.202 3757.337
405.473 3964.883
405.745 3996.857
406.016 4058.400
406.287 4190.800
406.558 4378.627
406.829 4376.738
407.100 4295.849
407.371 4357.529
407.642 4403.066
407.914 4358.601
408.185 4352.707
408.456 4521.239
408.727 4609.057
408.998 4524.159
409.269 4515.831
409.540 4609.502
409.811 4607.886
410.083 4524.269
410.354 4495.508
410.625 4545.031
410.896 4534.553
411.167 4477.789
411.438 4420.166
411.709 4475.970
411.981 4448.631
412.252 4199.147
412.523 3994.377
412.794 4103.605
413.065 4128.832
413.336 4005.773
413.607 3816.569
413.878 3744.650
414.150 3600.587
414.421 3383.523
414.692 3163.744
414.963 3174.535
415.234 3136.467
415.505 2986.399
415.776 2852.186
416.047 2885.687
416.319 2884.472
416.590 2692.828
416.861 2431.039
417.132 2356.393
417.403 2388.459
417.674 2317.953
417.945 2284.018
418.217 2360.224
418.488 2458.572
418.759 2408.204
419.030 2405.979
419.301 2505.323
419.572 2551.239
419.843 2501.438
420.114 2466.780
420.386 2509.835
420.657 2474.317
420.928 2309.369
421.199 2294.421
421.470 2470.043
421.741 2473.521
422.012 2396.570
422.283 2353.331
422.555 2479.092
422.826 2559.851
423.097 2384.467
423.368 2257.939
423.639 2366.838
423.910 2523.594
424.181 2514.777
424.453 2449.388
424.724 2579.997
424.995 2740.749
425.266 2689.071
425.537 2660.534
425.808 2616.140
426.079 2551.030
426.350 2482.919
426.622 2415.522
426.893 2441.409
427.164 2463.438
427.435 2284.467
427.706 2251.494
427.977 2368.091
428.248 2427.402
428.519 2305.855
428.791 2230.021
429.062 2315.472
429.333 2468.779
429.604 2422.085
429.875 2412.247
430.146 2451.409
430.417 2473.569
430.689 2338.443
430.960 2215.172
431.231 2292.901
431.502 2318.915
431.773 2187.071
432.044 2167.939
432.315 2294.665
432.586 2399.246
432.858 2361.969
433.129 2248.834
433.400 2245.841
433.671 2225.562
433.942 2106.710
434.213 1996.000
434.484 2028.432
434.755 2150.434
435.027 2152.150
435.298 2142.722
435.569 2346.293
435.840 2404.292
436.116 2374.719
436.391 2390.287
436.667 2434.140
436.942 2422.278
437.218 2374.701
437.493 2350.837
437.769 2507.973
438.045 2580.679
438.320 2525.812
438.596 2445.231
438.871 2489.648
439.147 2542.779
439.422 2400.623
439.698 2324.467
439.974 2396.738
440.249 2404.008
440.525 2315.706
440.800 2331.689
441.076 2438.243
441.351 2441.795
441.627 2361.490
441.903 2369.040
442.178 2424.162
442.454 2516.140
442.729 2443.831
443.005 2340.807
443.281 2449.353
443.556 2481.899
443.832 2389.872
444.107 2385.131
444.383 2430.388
444.658 2453.073
444.934 2459.901
445.210 2477.013
445.485 2566.695
445.761 2602.949
446.036 2467.630
446.312 2378.167
446.587 2425.847
446.863 2415.097
447.139 2265.489
447.414 2188.166
447.690 2255.556
447.965 2361.803
448.241 2302.478
448.516 2251.723
448.792 2293.967
449.068 2441.925
449.343 2440.882
449.619 2476.410
449.894 2642.794
450.170 2706.034
450.445 2647.131
450.721 2601.084
450.997 2620.751
451.272 2666.274
451.548 2490.081
451.823 2329.460
452.099 2424.838
452.375 2466.786
452.650 2490.877
452.926 2470.681
453.201 2487.912
453.477 2544.572
453.752 2471.374
454.028 2469.889
454.304 2674.689
454.579 2767.488
454.855 2706.144
455.130 2699.514
455.406 2800.882
455.681 2859.678
455.957 2701.046
456.233 2505.983
456.508 2510.349
456.784 2556.999
457.059 2488.935
457.335 2408.584
457.610 2458.518
457.886 2607.308
458.162 2589.527
458.437 2524.887
458.713 2665.532
458.988 2742.034
459.264 2696.535
459.539 2659.321
459.815 2657.678
460.091 2646.177
460.366 2576.818
460.642 2397.315
460.917 2398.669
461.193 2421.308
461.468 2308.375
461.744 2264.441
462.020 2368.078
462.295 2377.428
462.571 2342.635
462.846 2280.643
463.122 2333.897
463.397 2406.648
463.673 2293.898
463.949 2224.816
464.224 2356.965
464.500 2423.078
464.775 2355.502
465.051 2378.108
465.327 2482.931
465.602 2572.611
465.878 2637.892
466.153 2590.428
466.429 2687.429
466.704 2777.821
466.980 2694.344
467.256 2643.242
467.531 2783.662
467.807 2804.838
468.082 2654.489
468.358 2550.952
468.633 2649.696
468.909 2726.738
469.185 2671.651
469.460 2554.482
469.736 2563.666
470.011 2696.191
470.287 2663.609
470.562 2589.764
470.838 2704.079
471.114 2845.653
471.389 2837.278
471.665 2792.686
471.940 2865.119
472.216 2915.784
472.491 2865.676
472.767 2742.439
473.043 2713.817
473.318 2684.938
473.594 2546.254
473.869 2434.928
474.145 2468.107
474.421 2447.150
474.696 2351.233
474.972 2378.632
475.247 2502.495
475.523 2643.733
475.798 2605.163
476.074 2589.750
476.350 2748.027
476.625 2827.546
476.901 2654.302
477.176 2537.441
477.452 2565.597
477.727 2585.578
478.003 2449.047
478.279 2319.852
478.554 2367.141
478.830 2394.868
479.105 2344.849
479.381 2396.736
479.656 2561.915
479.932 2731.915
480.208 2714.315
480.483 2645.547
480.759 2764.407
481.034 2856.953
481.310 2701.318
481.585 2577.679
481.861 2531.018
482.137 2598.365
482.412 2610.038
482.688 2550.253
482.963 2689.643
483.239 2844.815
483.514 2827.017
483.790 2838.117
484.066 2895.816
484.341 2906.107
484.617 2819.873
484.892 2675.161
485.168 2659.113
485.443 2654.104
485.719 2543.118
485.995 2471.761
486.270 2548.938
486.546 2622.274
486.821 2616.080
487.097 2567.248
487.373 2559.520
487.648 2504.759
487.924 2349.429
488.199 2264.919
488.475 2270.495
488.750 2214.915
489.026 2112.227
489.302 2135.706
489.577 2370.875
489.853 2498.193
490.128 2399.996
490.404 2391.484
490.679 2499.374
490.955 2532.394
491.231 2459.488
491.506 2460.745
491.782 2630.858
492.057 2745.178
492.333 2650.883
492.608 2603.494
492.884 2712.769
493.160 2700.599
493.435 2477.572
493.711 2285.178
493.986 2336.622
494.262 2383.639
494.537 2236.144
494.813 2200.356
495.089 2345.298
495.364 2438.090
495.640 2394.116
495.915 2394.964
496.191 2518.703
496.467 2622.958
496.742 2550.187
497.018 2495.423
497.293 2598.436
497.569 2714.229
497.844 2698.927
498.120 2735.486
498.396 2890.598
498.671 2959.206
498.947 2947.254
499.222 2901.353
499.498 2916.587
499.773 2894.063
500.049 2763.599
500.325 2751.627
500.600 2857.975
500.876 2934.511
501.151 2880.994
501.427 2847.081
501.702 2889.541
501.978 3038.975
502.254 3009.145
502.529 2928.307
502.805 2967.575
503.080 3026.541
503.356 3029.190
503.631 3132.892
503.907 3197.351
504.183 3269.546
504.458 3227.406
504.734 3178.605
505.009 3291.505
505.285 3312.154
505.560 3132.543
505.836 2990.091
506.112 2919.284
506.387 2893.310
506.663 2811.897
506.938 2693.101
507.214 2851.701
507.490 2973.108
507.765 2867.158
508.041 2896.156
508.316 3041.048
508.592 3051.626
508.867 2914.499
509.143 2688.814
509.419 2636.008
509.694 2710.477
509.970 2533.842
510.245 2356.600
510.521 2358.281
510.796 2462.501
511.072 2409.566
511.348 2361.568
511.623 2414.150
511.899 2427.039
512.174 2367.160
512.450 2351.911
512.725 2529.726
513.001 2687.173
513.277 2601.646
513.552 2611.221
513.828 2734.427
514.103 2795.697
514.379 2853.754
514.654 2822.636
514.930 2858.573
515.206 2881.242
515.481 2799.551
515.757 2830.547
516.032 2938.870
516.308 2980.774
516.583 2852.183
516.859 2787.444
517.135 2940.997
517.410 2998.846
517.686 2855.651
517.961 2886.439
518.237 2947.495
518.513 2949.773
518.788 2870.238
519.064 2860.896
519.339 2984.023
519.615 3170.580
519.890 3140.014
520.166 3166.933
520.442 3316.638
520.717 3429.871
520.993 3352.976
521.268 3301.118
521.544 3378.759
521.819 3455.559
522.095 3430.564
522.371 3480.077
522.646 3607.715
522.922 3678.227
523.197 3621.705
523.473 3602.653
523.748 3647.024
524.024 3674.374
524.300 3615.154
524.575 3608.674
524.851 3879.841
525.126 4074.546
525.402 4012.368
525.677 3974.854
525.953 3997.505
526.229 3982.504
526.504 3949.910
526.780 3837.249
527.055 3846.120
527.331 3900.089
527.606 3857.211
527.882 3865.316
528.158 4015.619
528.433 4021.723
528.709 3938.215
528.984 3888.139
529.260 3960.534
529.535 4076.360
529.811 4029.252
530.087 3961.848
530.362 4063.449
530.638 4035.892
530.913 3982.440
531.189 3975.676
531.465 3996.237
531.740 4022.654
532.016 3871.122
532.291 3728.289
532.567 3802.033
532.842 3710.614
533.118 3416.011
533.394 3233.939
533.669 3240.965
533.945 3233.880
534.220 3141.292
534.496 3109.453
534.771 3270.507
535.047 3437.396
535.323 3426.113
535.598 3336.476
535.874 3391.927
536.149 3394.713
536.425 3240.584
536.700 3191.261
536.976 3315.403
537.252 3470.713
537.527 3642.869
537.803 3920.303
538.078 4352.822
538.354 4710.554
538.629 4910.565
538.905 5298.183
539.181 5829.174
539.456 6176.801
539.732 6407.741
540.007 6662.665
540.283 7077.861
540.558 7473.513
540.834 7556.436
541.110 7731.023
541.385 8040.242
541.661 8257.633
541.936 8380.081
542.212 8511.280
542.488 8647.245
542.763 8704.415
543.039 8511.933
543.314 8348.147
543.590 8331.046
543.865 8142.161
544.141 7861.906
544.417 7667.254
544.692 7595.670
544.968 7541.842
545.243 7443.756
545.519 7259.278
545.794 7188.225
546.070 7075.448
546.348 6934.410
546.627 6898.574
546.905 6941.873
547.183 6915.514
547.461 6886.739
547.740 6959.745
548.018 7101.146
548.296 7135.246
548.575 7094.032
548.853 7123.922
549.131 7239.051
549.409 7314.795
549.688 7399.155
549.966 7532.312
550.244 7777.487
550.523 7989.541
550.801 8047.508
551.079 8151.546
551.357 8314.509
551.636 8365.127
551.914 8309.268
552.192 8321.316
552.471 8469.951
552.749 8536.803
553.027 8493.464
553.306 8521.532
553.584 8612.852
553.862 8756.997
554.140 8779.591
554.419 8838.364
554.697 8974.728
554.975 9015.794
555.254 9028.776
555.532 9077.354
555.810 9146.319
556.088 9207.280
556.367 9012.554
556.645 8954.755
556.923 8998.145
557.202 8854.017
557.480 8578.008
557.758 8319.892
558.036 8091.057
558.315 7885.061
558.593 7486.782
558.871 7168.212
559.150 7023.837
559.428 6862.143
559.706 6533.675
559.984 6219.374
560.263 5997.699
560.541 5730.943
560.819 5297.189
561.098 4885.630
561.376 4687.026
561.654 4507.636
561.932 4214.336
562.211 3934.358
562.489 3801.697
562.767 3736.744
563.046 3557.330
563.324 3345.858
563.602 3268.921
563.880 3173.945
564.159 2986.770
564.437 2983.650
564.715 3032.277
564.994 2974.729
565.272 2807.078
565.550 2760.574
565.828 2840.947
566.107 2852.944
566.385 2647.197
566.663 2535.189
566.942 2653.024
567.220 2730.560
567.498 2606.156
567.776 2536.680
568.055 2634.127
568.333 2693.351
568.611 2606.745
568.890 2526.673
569.168 2559.015
569.446 2567.125
569.725 2490.755
570.003 2473.606
570.281 2594.326
570.559 2651.964
570.838 2594.528
571.116 2636.475
571.394 2743.051
571.673 2759.475
571.951 2630.846
572.229 2567.243
572.507 2657.590
572.786 2662.775
573.064 2502.481
573.342 2514.687
573.621 2665.531
573.899 2750.491
574.177 2635.524
574.455 2525.092
574.734 2713.916
575.012 2894.806
575.290 2775.200
575.569 2644.850
575.847 2726.860
576.125 2820.402
576.403 2879.284
576.682 2771.022
576.960 2713.077
577.243 2748.390
577.527 2779.027
577.810 2732.822
578.093 2745.288
578.377 2693.174
578.660 2628.862
578.944 2619.835
579.227 2687.210
579.510 2640.997
579.794 2540.990
580.077 2557.744
580.360 2693.445
580.644 2704.364
580.927 2632.520
581.210 2601.390
581.494 2672.318
581.777 2709.272
582.061 2629.924
582.344 2566.393
582.627 2604.448
582.911 2545.431
583.194 2470.398
583.477 2510.051
583.761 2579.095
584.044 2622.031
584.327 2544.962
584.611 2564.339
584.894 2733.313
585.178 2783.407
585.461 2636.299
585.744 2564.145
586.028 2612.112
586.311 2623.316
586.594 2504.587
586.878 2457.183
587.161 2536.196
587.444 2564.494
587.728 2503.807
588.011 2468.568
588.295 2535.866
588.578 2579.345
588.861 2458.356
589.145 2415.813
589.428 2616.578
589.711 2733.003
589.995 2631.258
590.278 2592.093
590.562 2707.185
590.845 2799.973
591.128 2712.460
591.412 2619.134
591.695 2668.547
591.978 2802.995
592.262 2742.383
592.545 2703.070
592.828 2804.150
593.112 2887.747
593.395 2768.172
593.679 2720.118
593.962 2712.037
594.245 2713.271
594.529 2641.606
594.812 2643.242
595.095 2681.755
595.379 2675.853
595.662 2543.242
595.945 2458.893
596.229 2630.755
596.512 2742.655
596.796 2636.348
597.079 2552.066
597.362 2701.597
597.646 2808.944
597.929 2804.384
598.212 2794.630
598.496 2769.213
598.779 2686.152
599.062 2589.725
599.346 2475.484
599.629 2523.831
599.913 2514.316
600.196 2299.075
600.479 2246.247
600.763 2378.312
601.046 2477.524
601.329 2467.098
601.613 2442.434
601.896 2572.840
602.179 2706.461
602.463 2694.880
602.746 2643.885
603.030 2678.386
603.313 2711.898
603.596 2634.225
603.880 2539.154
604.163 2600.792
604.446 2668.523
604.730 2721.967
605.013 2755.294
605.296 2819.851
605.580 2861.125
605.863 2873.914
606.147 2795.863
606.430 2844.654
606.713 2810.979
606.997 2669.647
607.280 2722.533
607.563 2858.753
607.847 2832.051
608.130 2819.734
608.414 2871.346
608.697 2961.820
608.980 3042.420
609.264 2882.347
609.547 2797.609
609.830 2955.696
610.114 2955.629
610.397 2723.130
610.680 2632.499
610.964 2628.456
611.247 2609.607
611.531 2585.205
611.814 2539.564
612.097 2581.693
612.381 2661.036
612.664 2577.483
612.947 2553.279
613.231 2647.456
613.514 2624.334
613.797 2492.439
614.081 2424.770
614.364 2426.524
614.648 2467.823
614.931 2405.498
615.214 2352.571
615.498 2401.769
615.781 2501.938
616.064 2547.731
616.348 2571.749
616.631 2659.524
616.914 2724.030
617.198 2691.212
617.481 2672.794
617.765 2702.127
618.048 2734.977
618.331 2691.519
618.615 2673.263
618.898 2761.461
619.181 2763.100
619.465 2650.357
619.748 2579.859
620.031 2672.574
620.315 2738.824
620.598 2657.188
620.882 2662.609
621.165 2820.829
621.448 2899.501
621.732 2816.940
622.015 2689.976
622.298 2689.748
622.582 2781.239
622.865 2719.942
623.148 2654.409
623.432 2743.494
623.715 2905.699
623.999 2920.030
624.282 2905.338
624.565 3066.956
624.849 3142.645
625.132 3094.237
625.415 3101.093
625.699 3090.673
625.982 3125.743
626.265 3081.367
626.549 2867.076
626.832 3681.117
627.116 4200.292
627.399 4074.713
627.682 4056.351
627.966 4123.356
628.249 4135.379
628.532 4090.187
628.816 3203.645
629.099 2727.675
629.383 2747.109
629.666 2710.936
629.949 2699.464
630.233 2780.157
630.516 2800.262
630.799 2689.640
631.083 2653.042
631.366 2779.244
631.649 2772.284
631.933 2678.360
632.216 2635.232
632.500 2729.759
632.783 2898.753
633.066 2973.286
633.350 3012.866
633.633 3054.951
633.916 3030.094
634.200 2948.851
634.483 2879.035
634.766 2852.109
635.050 2794.442
635.333 2747.838
635.617 2806.923
635.900 2923.385
636.183 3019.234
636.467 3006.647
636.750 3021.155
637.033 3139.697
637.317 3186.311
637.600 3131.939
637.883 3107.805
638.167 3201.485
638.450 3289.842
638.734 3273.121
639.017 3324.258
639.300 3394.040
639.584 3410.447
639.867 3399.945
640.150 3445.691
640.434 3586.502
640.717 3686.304
641.000 3645.090
641.284 3685.958
641.567 3884.709
641.851 4020.614
642.134 4025.395
642.417 4081.565
642.701 4204.141
642.984 4235.503
643.267 4167.168
643.551 4129.342
643.834 4271.132
644.117 4513.590
644.401 4603.338
644.684 4791.982
644.968 5193.031
645.251 5627.012
645.534 6016.198
645.818 6454.697
646.101 6916.910
646.384 7548.482
646.668 8163.720
646.951 8877.208
647.235 9733.652
647.518 10651.725
647.801 11547.665
648.085 12626.414
648.368 13853.180
648.651 15106.709
648.935 16333.779
649.218 17661.565
649.501 19158.933
649.785 20615.249
650.068 21939.066
650.352 23355.638
650.635 24988.311
650.918 26603.598
651.202 28060.858
651.485 29535.120
651.768 31161.383
652.052 32734.757
652.335 34200.665
652.618 35573.555
652.902 36878.324
653.185 38086.485
653.469 39078.342
653.752 39922.702
654.035 40799.823
654.319 41478.827
654.602 41936.951
654.885 42427.017
655.169 43015.036
655.452 43551.648
655.735 44017.316
656.019 44509.089
656.302 45029.573
656.586 45495.242
656.869 45842.237
657.152 46153.290
657.436 46582.857
657.719 46952.362
658.002 47287.364
658.286 47714.824
658.569 48240.584
658.852 48749.275
659.136 49300.759
659.419 49992.431
659.703 50744.332
659.986 51350.988
660.269 51941.492
660.553 52586.064
660.836 53314.432
661.119 53885.817
661.403 54175.733
661.686 54522.965
661.969 54956.748
662.253 55143.673
662.536 55224.463
662.820 55132.054
663.103 55003.484
663.386 54744.150
663.670 54257.292
663.953 53701.033
664.236 53219.473
664.520 52508.028
664.803 51682.321
665.086 50864.571
665.370 50027.238
665.653 49050.823
665.937 47873.012
666.220 46523.507
666.503 45212.686
666.787 43771.722
667.070 42224.593
667.353 40605.809
667.637 39066.994
667.920 37529.000
668.204 35928.661
668.487 34264.110
668.770 32682.493
669.054 30960.762
669.337 29176.043
669.620 27451.859
669.904 25721.499
670.187 23911.537
670.470 22161.395
670.754 20569.003
671.037 19140.152
671.321 17765.972
671.604 16428.327
671.887 15214.086
672.171 14258.762
672.454 13311.399
672.737 12349.898
673.021 11520.836
673.304 10867.536
673.587 10241.320
673.871 9612.029
674.154 9108.037
674.438 8730.686
674.721 8331.074
675.004 7806.483
675.288 7386.041
675.571 7134.423
675.854 6850.136
676.138 6457.574
676.421 6210.487
676.704 6171.095
676.988 6132.489
677.271 6003.660
677.555 5835.416
677.838 5817.772
678.121 5774.631
678.405 5668.053
678.688 5498.760
678.971 5471.768
679.255 5382.774
679.538 5096.287
679.821 4847.134
680.105 4787.430
680.388 4580.879
680.672 4224.269
680.955 3946.653
681.238 3848.833
681.522 3816.281
681.805 3614.554
682.088 3409.000
682.372 3336.108
682.655 3380.216
682.938 3325.857
683.222 3223.392
683.505 3188.220
683.789 3281.071
684.072 3184.688
684.355 3094.866
684.639 3124.598
684.922 3140.967
685.205 3118.539
685.489 3193.271
685.772 3237.061
686.056 3267.280
686.339 3317.332
686.622 3375.288
686.906 3459.600
687.189 3514.542
687.472 3366.785
687.756 3273.830
688.039 3365.188
688.322 3410.766
688.606 3300.513
688.889 3201.432
689.173 3279.512
689.456 3361.431
689.739 3367.023
690.023 3382.372
690.306 3412.924
690.589 3423.374
690.873 3379.662
691.156 3362.639
691.439 3460.019
691.723 3523.128
692.006 3535.321
692.290 3545.430
692.573 3562.392
692.856 3578.520
693.140 3420.629
693.423 3304.453
693.706 3293.918
693.990 3249.351
694.273 3160.014
694.556 3221.301
694.840 3315.962
695.123 3312.457
695.407 3205.814
695.690 3122.818
695.973 3080.031
696.257 3095.515
696.540 3053.706
696.830 3046.941
697.120 3340.694
697.410 3502.740
697.699 3477.444
697.989 3547.188
698.279 3735.168
698.569 3707.064
698.859 3557.992
699.149 3324.792
699.439 3404.205
699.729 3502.530
700.018 3356.533
700.308 3275.520
700.598 3364.899
700.888 3409.097
701.178 3406.865
701.468 3316.410
701.758 3387.175
702.048 3490.974
702.337 3282.873
702.627 3122.286
702.917 3155.204
703.207 3091.369
703.497 3002.773
703.787 2913.706
704.077 2883.776
704.366 2856.252
704.656 2812.144
704.946 2916.731
705.236 2939.362
705.526 2876.868
705.816 2766.522
706.106 2730.264
706.396 2806.107
706.685 2804.745
706.975 2555.480
707.265 2518.692
707.555 2578.869
707.845 2559.328
708.135 2588.370
708.425 2630.616
708.715 2702.409
709.004 2811.442
709.294 2775.285
709.584 2799.224
709.874 2925.992
710.164 2858.879
710.454 2765.420
710.744 2751.179
711.034 2788.388
711.323 2832.692
711.613 2731.353
711.903 2677.230
712.193 2723.361
712.483 2745.820
712.773 2674.707
713.063 2607.991
713.352 2671.219
713.642 2710.319
713.932 2602.615
714.222 2602.866
714.512 2677.220
714.802 2689.111
715.092 2636.207
715.382 2560.783
715.671 2589.842
715.961 2643.807
716.251 2502.244
716.541 2419.616
716.831 2530.322
717.121 2593.524
717.411 2541.131
717.701 2493.158
717.990 2630.404
718.280 2772.744
718.570 2758.980
718.860 2713.158
719.150 2789.668
719.440 2829.449
719.730 2798.279
720.019 2718.967
720.309 2745.792
720.599 2770.589
720.889 2651.569
721.179 2510.498
721.469 2501.413
721.759 2510.860
722.049 2419.575
722.338 2380.517
722.628 2404.130
722.918 2579.807
723.208 2712.323
723.498 2758.520
723.788 2880.786
724.078 2961.887
724.368 2886.809
724.657 2877.786
724.947 2834.953
725.237 2818.751
725.527 2758.916
725.817 2633.203
726.107 2602.937
726.397 2616.475
726.686 2556.779
726.976 2593.483
727.266 2574.354
727.556 2535.079
727.846 2475.423
728.136 2449.359
728.426 2513.890
728.716 2535.891
729.005 2358.809
729.295 2260.500
729.585 2437.807
729.875 2563.911
730.165 2529.978
730.455 2584.538
730.745 2646.192
731.035 2711.926
731.324 2775.252
731.614 2734.887
731.904 2788.802
732.194 2866.465
732.484 2719.929
732.774 2695.652
733.064 2848.933
733.354 2831.216
733.643 2672.156
733.933 2630.041
734.223 2661.491
734.513 2683.537
734.803 2585.212
735.093 2602.209
735.383 2683.536
735.672 2694.620
735.962 2560.821
736.252 2531.994
736.542 2691.187
736.832 2806.358
737.122 2552.387
737.412 2445.583
737.702 2545.438
737.991 2622.892
738.281 2578.380
738.571 2514.143
738.861 2517.251
739.151 2625.477
739.441 2629.118
739.731 2671.156
740.021 2718.576
740.310 2686.248
740.600 2578.405
740.890 2573.444
741.180 2600.625
741.470 2560.200
741.760 2424.482
742.050 2507.352
742.339 2593.278
742.629 2586.903
742.919 2513.901
743.209 2472.024
743.499 2540.485
743.789 2603.719
744.079 2407.513
744.369 2337.271
744.658 2427.288
744.948 2451.248
745.238 2359.769
745.528 2352.840
745.818 2443.562
746.108 2576.821
746.398 2561.372
746.688 2531.099
746.977 2586.253
747.267 2642.133
747.557 2529.087
747.847 2460.492
748.137 2443.186
748.427 2565.990
748.717 2561.876
749.006 2587.368
749.296 2722.649
749.586 2808.412
749.876 2758.198
750.166 2713.255
750.456 2719.755
750.746 2729.977
751.036 2569.642
751.325 2618.546
751.615 2796.226
751.905 2787.990
752.195 2729.620
752.485 2682.685
752.775 2718.391
753.065 2836.139
753.355 2715.082
753.644 2607.962
753.934 2678.026
754.224 2731.265
754.514 2632.399
754.804 2660.940
755.094 2749.601
755.384 2751.492
755.674 2666.315
755.963 2699.475
756.253 2814.920
756.543 2863.108
756.833 2691.620
757.123 2579.509
757.413 2626.335
757.703 2688.663
757.992 2592.536
758.282 2548.701
758.572 2597.905
758.862 2739.250
759.152 2748.076
759.442 2705.041
759.732 2706.223
760.022 2691.674
760.311 2556.924
760.601 2632.087
760.891 2706.487
761.181 2689.179
761.471 2630.321
761.761 2655.243
762.051 2750.863
762.341 2758.405
762.630 2623.855
762.920 2565.657
763.210 2628.591
763.500 2679.390
763.793 2600.563
764.086 2574.635
764.379 2730.774
764.671 2783.165
764.964 2648.576
765.257 2634.663
765.550 2694.691
765.843 2695.964
766.136 2606.061
766.429 2495.943
766.722 2502.236
767.014 2573.874
767.307 2482.349
767.600 2485.870
767.893 2608.833
768.186 2662.053
768.479 2648.163
768.772 2631.487
769.064 2672.047
769.357 2655.108
769.650 2507.275
769.943 2442.247
770.236 2548.878
770.529 2593.413
770.822 2481.850
771.115 2473.314
771.407 2652.873
771.700 2771.169
771.993 2739.983
772.286 2661.417
772.579 2728.077
772.872 2816.075
773.165 2675.625
773.457 2651.062
773.750 2689.864
774.043 2693.616
774.336 2653.406
774.629 2597.646
774.922 2630.417
775.215 2718.306
775.508 2537.908
775.800 2405.012
776.093 2461.869
776.386 2574.622
776.679 2605.781
776.972 2643.072
777.265 2749.990
777.558 2872.214
777.850 2882.536
778.143 2869.386
778.436 2836.532
778.729 2723.334
779.022 2559.003
779.315 2496.897
779.608 2533.890
779.900 2521.388
780.193 2367.319
780.486 2519.866
780.779 2736.643
781.072 2790.517
781.365 2735.459
781.658 2733.656
781.951 2841.470
782.243 2881.072
782.536 2635.825
782.829 2570.465
783.122 2706.191
783.415 2778.225
783.708 2746.937
784.001 2713.499
784.293 2813.895
784.586 2873.467
784.879 2738.097
785.172 2623.908
785.465 2652.908
785.758 2706.338
786.051 2626.350
786.344 2637.535
786.636 2679.112
786.929 2690.373
787.222 2687.717
787.515 2750.284
787.808 2840.637
788.101 2902.666
788.394 2813.444
788.686 2763.477
788.979 2831.079
789.272 2854.686
789.565 2676.066
789.858 2523.095
790.151 2555.760
790.444 2597.981
790.737 2542.832
791.029 2576.960
791.322 2656.504
791.615 2670.465
791.908 2589.153
792.201 2565.157
792.494 2652.561
792.787 2700.760
793.079 2571.217
793.372 2571.269
793.665 2734.774
793.958 2811.053
794.251 2716.964
794.544 2638.142
794.837 2660.561
795.130 2742.035
795.422 2632.809
795.715 2545.928
796.008 2659.292
796.301 2753.780
796.594 2669.091
796.887 2616.022
797.180 2685.337
797.472 2729.588
797.765 2602.716
798.058 2488.754
798.351 2583.900
798.644 2770.397
798.937 2844.660
799.230 2775.084
799.523 2807.900
799.815 2907.321
800.108 2831.604
800.401 2788.723
800.694 2773.892
800.987 2762.779
801.280 2733.697
801.573 2691.669
801.865 2777.268
802.158 2872.013
802.451 2796.573
802.744 2798.306
803.037 2845.012
803.330 2834.282
803.623 2773.359
803.915 2676.277
804.208 2707.422
804.501 2658.759
804.794 2542.091
805.087 2525.180
805.380 2615.994
805.673 2679.919
805.966 2621.408
806.258 2613.444
806.551 2712.384
806.844 2673.612
807.137 2512.881
807.430 2569.408
807.723 2665.992
808.016 2733.063
808.308 2653.698
808.601 2735.357
808.894 2874.703
809.187 2923.730
809.480 2833.205
809.773 2786.282
810.066 2767.074
810.359 2702.235
810.651 2470.839
810.944 2407.212
811.237 2512.594
811.530 2414.982
811.825 2339.408
812.119 2383.265
812.414 2501.032
812.709 2640.965
813.003 2571.526
813.298 2773.084
813.593 3039.035
813.887 3115.787
814.182 3065.551
814.476 3056.306
814.771 3081.259
815.066 3125.061
815.360 2855.111
815.655 2715.175
815.950 2708.619
816.244 2703.764
816.539 2710.833
816.834 2734.704
817.128 2843.638
817.423 2813.881
817.718 2705.579
818.012 2696.246
818.307 2804.190
818.602 2793.906
818.896 2732.055
819.191 2737.513
819.486 2898.361
819.780 2946.602
820.075 2885.629
820.369 2907.487
820.664 3017.417
820.959 2994.468
821.253 2866.693
821.548 2770.580
821.843 2841.639
822.137 2844.812
822.432 2687.009
822.727 2583.056
823.021 2683.667
823.316 2709.741
823.611 2634.699
823.905 2571.042
824.200 2646.586
824.495 2681.584
824.789 2630.190
825.084 2666.115
825.379 2783.998
825.673 2895.237
825.968 2923.262
826.262 2942.335
826.557 3042.264
826.852 3140.880
827.146 3013.737
827.441 2876.674
827.736 2875.519
828.030 2894.666
828.325 2786.654
828.620 2821.702
828.914 2847.270
829.209 2851.214
829.504 2823.350
829.798 2781.340
830.093 2785.283
830.388 2814.396
830.682 2646.756
830.977 2595.469
831.271 2701.876
831.566 2773.881
831.861 2737.045
832.155 2702.531
832.450 2733.269
832.745 2808.330
833.039 2691.123
833.334 2526.799
833.629 2544.634
833.923 2550.140
834.218 2464.413
834.513 2465.602
834.807 2466.241
835.102 2487.613
835.397 2423.296
835.691 2310.298
835.986 2306.507
836.281 2304.564
836.575 2223.847
836.870 2216.879
837.164 2275.511
837.459 2298.505
837.754 2274.206
838.048 2305.477
838.343 2407.170
838.638 2460.783
838.932 2438.498
839.227 2438.822
839.522 2496.174
839.816 2537.210
840.111 2489.986
840.406 2611.121
840.700 2830.214
840.995 2929.835
841.290 2930.406
841.584 2948.504
841.879 3002.467
842.174 3135.838
842.468 3054.239
842.763 2940.213
843.057 2934.995
843.352 2924.214
843.647 2883.711
843.941 2927.792
844.236 2890.750
844.531 2897.135
844.825 2870.404
845.120 2855.928
845.415 2894.213
845.709 3016.980
846.004 3034.028
846.299 3087.028
846.593 3105.349
846.888 3011.324
847.183 2951.167
847.477 2997.426
847.772 3031.744
848.066 2958.731
848.361 2813.588
848.656 2732.709
848.950 2918.062
849.245 3038.121
849.540 2954.214
849.834 2861.538
850.129 2906.848
850.424 2916.091
850.718 2872.519
851.013 2784.109
851.308 2804.915
851.602 2863.201
851.897 2804.994
852.192 2934.728
852.486 3140.203
852.781 3303.692
853.076 3274.603
853.370 3113.872
853.665 3119.475
853.959 3156.081
854.254 2897.026
854.549 2766.415
854.843 2743.502
855.138 2724.334
855.433 2809.043
855.727 2824.675
856.022 2873.976
856.317 3025.799
856.611 2963.967
856.906 2972.500
857.201 3077.880
857.495 2987.372
857.790 2862.065
858.085 2834.467
858.379 2830.893
858.674 2806.556
858.969 2607.680
859.263 2508.264
859.558 2658.331
859.852 2679.043
860.147 2601.714
860.442 2587.582
860.736 2685.447
861.031 2845.060
861.326 2819.807
861.620 2680.723
861.915 2796.083
862.210 2883.429
862.504 2789.837
862.799 2756.519
863.094 2743.068
863.388 2731.344
863.683 2648.322
863.978 2519.811
864.272 2528.022
864.567 2507.384
864.861 2381.124
865.156 2359.664
865.451 2411.875
865.745 2711.434
866.040 2886.715
866.335 2882.888
866.629 2983.280
866.924 3094.186
867.219 3049.935
867.513 3054.972
867.808 2967.592
868.103 2871.421
868.397 2786.756
868.692 2724.855
868.987 2722.212
869.281 2633.336
869.576 2466.600
869.871 2311.879
870.165 2246.937
870.460 2238.101
870.754 2210.342
871.049 2234.383
871.344 2386.075
871.638 2460.789
871.933 2488.714
872.228 2580.509
872.522 2661.826
872.817 2750.261
873.112 2661.572
873.406 2545.541
873.701 2573.792
873.996 2580.286
874.290 2486.723
874.585 2467.451
874.880 2439.852
875.174 2429.832
875.469 2422.617
875.764 2427.532
876.058 2483.353
876.353 2502.496
876.647 2471.832
876.942 2481.206
877.237 2606.586
877.531 2657.807
877.826 2600.759
878.121 2552.644
878.415 2577.950
878.710 2566.279
879.005 2418.547
879.299 2253.597
879.594 2266.563
879.889 2300.214
880.183 2203.523
880.478 2139.006
880.773 2187.611
881.067 2278.563
881.362 2277.473
881.656 2244.632
881.951 2299.386
882.246 2351.318
882.540 2280.686
882.835 2167.768
883.130 2195.788
883.424 2282.122
883.719 2251.402
884.014 2199.415
884.308 2253.265
884.603 2340.114
884.898 2335.650
885.192 2326.620
885.487 2357.531
885.782 2325.885
886.076 2259.144
886.371 2126.215
886.666 2108.847
886.960 2251.738
887.255 2263.647
887.549 2269.060
887.844 2346.063
888.139 2374.617
888.433 2409.836
888.728 2427.284
889.023 2390.205
889.317 2386.237
889.612 2350.660
889.907 2343.770
890.201 2410.398
890.496 2451.739
890.791 2399.770
891.085 2365.095
891.380 2338.050
891.675 2271.397
891.969 2192.951
892.264 2125.278
892.559 2170.153
892.853 2233.429
893.148 2156.707
893.442 2169.455
893.737 2283.903
894.032 2295.542
894.326 2254.139
894.621 2219.476
894.916 2218.163
895.210 2249.150
895.505 2203.498
895.800 2115.999
896.094 2185.882
896.389 2216.774
896.684 2159.009
896.978 2094.247
897.273 2121.933
897.568 2175.449
897.862 2165.162
898.157 2189.974
898.451 2318.072
898.746 2379.423
899.041 2382.995
899.335 2432.922
899.630 2497.370
899.925 2496.979
900.219 2426.585
900.514 2482.165
900.809 2521.933
901.103 2528.081
901.398 2545.799
901.693 2488.107
901.987 2553.103
902.282 2576.417
902.577 2398.895
902.871 2351.947
903.166 2433.046
903.461 2367.759
903.755 2277.928
904.050 2236.860
904.344 2235.825
904.639 2221.165
904.934 2176.638
905.228 2156.040
905.523 2183.280
905.818 2213.699
906.112 2236.047
906.407 2323.054
906.702 2427.243
906.996 2510.832
907.291 2463.814
907.586 2478.247
907.880 2607.007
908.175 2617.562
908.470 2500.469
908.764 2460.111
909.059 2467.340
909.354 2530.240
909.648 2552.552
909.943 2582.859
910.237 2617.759
910.532 2700.073
910.827 2657.564
911.121 2599.677
911.416 2618.982
911.711 2621.680
912.005 2568.366
912.300 2549.314
912.599 2518.810
912.898 2534.188
913.196 2468.966
913.495 2420.421
913.794 2499.175
914.093 2482.347
914.391 2480.340
914.690 2486.054
914.989 2544.797
915.288 2587.405
915.586 2497.167
915.885 2405.430
916.184 2417.210
916.483 2426.257
916.782 2420.010
917.080 2471.826
917.379 2653.724
917.678 2763.535
917.977 2732.906
918.275 2734.761
918.574 2727.685
918.873 2711.277
919.172 2653.750
919.471 2522.879
919.769 2554.843
920.068 2602.581
920.367 2488.738
920.666 2389.741
920.964 2436.959
921.263 2385.137
921.562 2304.045
921.861 2290.402
922.159 2375.345
922.458 2508.296
922.757 2617.022
923.056 2611.083
923.355 2678.146
923.653 2765.794
923.952 2716.177
924.251 2608.874
924.550 2623.832
924.848 2576.329
925.147 2484.157
925.446 2463.747
925.745 2495.172
926.043 2520.628
926.342 2495.743
926.641 2452.709
926.940 2472.596
927.239 2567.158
927.537 2574.706
927.836 2636.992
928.135 2768.398
928.434 2836.613
928.732 2765.064
929.031 2762.791
929.330 2834.640
929.629 2887.954
929.927 2772.094
930.226 2698.346
930.525 2753.641
930.824 2849.539
931.123 2873.244
931.421 2836.552
931.720 2861.670
932.019 2944.562
932.318 2859.966
932.616 2760.035
932.915 2798.860
933.214 2819.901
933.513 2823.568
933.812 2804.953
934.110 2954.532
934.409 3201.159
934.708 3285.299
935.007 3281.123
935.305 3315.216
935.604 3287.986
935.903 3240.448
936.202 3162.612
936.500 3140.436
936.799 3158.049
937.098 3142.550
937.397 3200.309
937.696 3310.539
937.994 3370.856
938.293 3334.726
938.592 3319.796
938.891 3396.917
939.189 3380.263
939.488 3411.751
939.787 3465.054
940.086 3543.902
940.384 3556.349
940.683 3657.309
940.982 3795.839
941.281 3947.567
941.580 3971.973
941.878 3918.676
942.177 3868.621
942.476 3951.454
942.775 3866.829
943.073 3707.061
943.372 3812.398
943.671 3901.307
943.970 3885.173
944.268 3863.878
944.567 3859.804
944.866 3890.114
945.165 3895.032
945.464 3743.606
945.762 3774.928
946.061 3905.956
946.360 3904.878
946.659 3764.759
946.957 3729.201
947.256 3743.551
947.555 3653.893
947.854 3412.564
948.153 3335.688
948.451 3426.408
948.750 3459.603
949.049 3363.444
949.348 3368.049
949.646 3505.939
949.945 3583.468
950.244 3474.719
950.543 3423.282
950.841 3561.000
951.140 3604.579
951.439 3550.774
951.738 3534.290
952.037 3543.560
952.335 3578.292
952.634 3431.211
952.933 3288.877
953.232 3319.887
953.530 3310.034
953.829 3184.291
954.128 3126.987
954.427 3225.421
954.725 3375.599
955.024 3292.213
955.323 3254.116
955.622 3289.429
955.921 3251.474
956.219 3180.613
956.518 3065.283
956.817 3036.260
957.116 3031.066
957.414 2840.632
957.713 2759.256
958.012 2819.891
958.311 2860.485
958.610 2798.692
958.908 2814.048
959.207 2979.507
959.506 3106.084
959.805 3055.756
960.103 3064.756
960.402 3142.330
960.701 3181.790
961.000 3056.654
961.298 2920.168
961.597 2979.585
961.896 3061.256
962.195 2927.893
962.494 2819.973
962.792 2819.534
963.091 2810.305
963.390 2801.141
963.689 2754.745
963.987 2744.266
964.286 2810.319
964.585 2860.261
964.884 3050.682
965.182 3242.754
965.481 3340.692
965.780 3330.203
966.080 3308.556
966.380 3416.476
966.680 3365.209
966.981 3128.873
967.281 2997.126
967.581 3004.363
967.881 2999.563
968.181 2902.305
968.481 2818.157
968.781 2843.623
969.082 2846.929
969.382 2858.321
969.682 2770.091
969.982 2810.914
970.282 2927.888
970.582 2884.342
970.882 2813.622
971.183 2864.861
971.483 2880.303
971.783 2848.007
972.083 2770.168
972.383 2749.101
972.683 2782.174
972.983 2805.895
973.284 2779.352
973.584 2819.392
973.884 2837.761
974.184 2781.560
974.484 2763.848
974.784 2815.139
975.084 2814.011
975.385 2733.543
975.685 2689.639
975.985 2712.173
976.285 2721.724
976.585 2638.071
976.885 2566.538
977.185 2625.462
977.486 2675.710
977.786 2545.850
978.086 2474.285
978.386 2580.540
978.686 2665.915
978.986 2587.279
979.286 2496.024
979.587 2487.691
979.887 2546.702
980.187 2535.874
980.487 2545.904
980.787 2583.934
981.087 2618.106
981.387 2565.136
981.688 2561.880
981.988 2577.910
982.288 2603.511
982.588 2464.683
982.888 2400.998
983.188 2530.742
983.488 2642.629
983.789 2676.944
984.089 2693.259
984.389 2754.717
984.689 2799.318
984.989 2723.633
985.289 2572.805
985.589 2528.406
985.890 2450.721
986.190 2361.893
986.490 2318.494
986.790 2389.094
987.090 2385.838
987.390 2431.152
987.690 2542.182
987.991 2633.353
988.291 2642.097
988.591 2633.840
988.891 2623.441
989.191 2714.755
989.491 2764.070
989.791 2648.527
990.092 2630.842
990.392 2768.728
990.692 2804.757
990.992 2687.357
991.292 2624.243
991.592 2592.700
991.892 2560.157
992.193 2478.329
992.493 2411.929
992.793 2419.815
993.093 2457.986
993.393 2437.586
993.693 2433.615
993.993 2528.643
994.294 2618.100
994.594 2588.986
994.894 2516.729
995.194 2550.043
995.494 2575.928
995.794 2538.814
996.094 2491.557
996.395 2486.442
996.695 2442.185
996.995 2389.499
997.295 2389.670
997.595 2451.126
997.895 2465.583
998.195 2435.326
998.496 2383.068
998.796 2448.953
999.096 2506.696
999.396 2518.295
999.696 2510.323
999.996 2526.637
1000.296 2542.808
1000.597 2674.407
1000.897 2697.864
1001.197 2684.891
1001.497 2666.491
1001.797 2612.661
1002.097 2678.546
1002.397 2719.003
1002.698 2563.316
1002.998 2474.344
1003.298 2523.086
1003.598 2555.257
1003.898 2547.713
1004.198 2439.740
1004.498 2418.482
1004.799 2518.367
1005.099 2544.680
1005.399 2465.994
1005.699 2430.878
1005.999 2540.477
1006.299 2564.076
1006.599 2528.961
1006.900 2537.417
1007.200 2576.301
1007.500 2610.900
1007.800 2608.356
1008.100 2557.812
1008.400 2617.125
1008.700 2706.866
1009.001 2702.893
1009.301 2813.778
1009.601 2978.662
1009.901 3043.975
1010.201 2987.431
1010.501 2930.315
1010.801 2853.913
1011.102 2756.083
1011.402 2583.110
1011.702 2442.280
1012.002 2415.450
1012.302 2431.763
1012.602 2371.218
1012.902 2431.245
1013.203 2460.843
1013.503 2478.727
1013.803 2450.611
1014.103 2417.210
1014.403 2501.379
1014.703 2663.692
1015.003 2581.290
1015.304 2547.888
1015.604 2581.057
1015.904 2670.798
1016.204 2662.825
1016.504 2585.852
1016.804 2484.878
1017.104 2498.905
1017.405 2527.646
1017.705 2572.101
1018.005 2552.841
1018.305 2537.439
1018.605 2604.609
1018.905 2716.064
1019.205 2815.661
1019.506 2846.974
1019.806 2735.857
1020.106 2687.740
1020.406 2734.338
1020.706 2696.079
1021.006 2607.534
1021.306 2547.417
1021.607 2527.443
1021.907 2551.755
1022.207 2491.638
1022.507 2441.807
1022.807 2479.262
1023.107 2476.859
1023.407 2406.171
1023.708 2385.626
1024.008 2407.938
1024.308 2470.963
1024.608 2576.561
1024.908 2601.873
1025.208 2612.898
1025.508 2653.781
1025.809 2632.950
1026.109 2628.262
1026.409 2693.859
1026.709 2627.742
1027.009 2520.625
1027.309 2544.079
1027.609 2619.819
1027.910 2790.845
1028.210 2910.156
1028.510 2977.610
1028.810 3188.779
1029.110 3281.662
1029.410 3220.116
1029.710 3126.284
1030.011 3047.881
1030.311 2975.050
1030.611 2826.932
1030.911 2667.815
1031.211 2700.412
1031.511 2712.580
1031.811 2684.463
1032.112 2671.916
1032.412 2746.370
1032.712 2747.967
1033.012 2635.707
1033.312 2614.875
1033.612 2659.186
1033.912 2708.497
1034.212 2654.093
1034.513 2554.404
1034.813 2612.144
1035.113 2651.883
1035.413 2503.337
1035.713 2486.219
1036.013 2582.673
1036.313 2602.412
1036.614 2616.437
1036.914 2647.748
1037.214 2786.344
1037.514 2853.369
1037.814 2774.680
1038.114 2682.848
1038.414 2672.016
1038.715 2633.469
1039.015 2521.351
1039.315 2354.519
1039.615 2347.258
1039.915 2361.997
1040.215 2305.736
1040.515 2264.046
1040.816 2276.785
1041.116 2285.810
1041.416 2331.263
1041.716 2443.145
1042.016 2599.741
1042.316 2665.909
1042.616 2661.647
1042.917 2752.101
1043.217 2827.268
1043.517 2720.721
1043.817 2526.317
1044.117 2416.342
1044.417 2518.223
1044.717 2586.248
1045.018 2480.272
1045.318 2447.296
1045.618 2569.178
1045.918 2663.202
1046.218 2618.655
1046.518 2527.965
1046.818 2565.132
1047.119 2587.014
1047.419 2553.466
1047.719 2561.919
1048.019 2621.086
1048.319 2608.539
1048.619 2545.135
1048.919 2507.873
1049.220 2485.183
1049.520 2514.350
1049.820 2471.802
1050.120 2454.541
1050.420 2601.565
1050.720 2651.160
1051.020 2579.613
1051.321 2590.065
1051.621 2570.518
1051.921 2543.256
1052.221 2530.709
1052.521 2474.590
1052.821 2568.613
1053.121 2636.923
1053.422 2801.090
1053.722 2979.113
1054.022 3056.566
1054.322 2982.304
1054.622 2921.756
1054.922 2903.637
1055.222 2966.375
1055.523 2819.827
1055.823 2624.422
1056.123 2522.589
1056.423 2556.184
1056.723 2623.350
1057.023 2529.945
1057.323 2461.112
1057.624 2499.564
1057.924 2555.159
1058.224 2556.468
1058.524 2624.063
1058.824 2671.800
1059.124 2695.538
1059.424 2686.847
1059.725 2673.299
1060.025 2720.894
1060.325 2752.632
1060.625 2691.655
1060.925 2614.535
1061.225 2655.559
1061.525 2650.010
1061.826 2587.462
1062.126 2543.628
1062.426 2648.366
1062.726 2681.817
1063.026 2700.412
1063.326 2656.721
1063.626 2665.458
1063.927 2761.053
1064.227 2767.933
1064.527 2675.670
1064.827 2667.122
1065.127 2636.716
1065.427 2657.311
1065.727 2683.191
1066.028 2653.071
1066.328 2616.094
1066.628 2577.117
1066.928 2559.997
1067.228 2564.591
1067.528 2517.328
1067.828 2469.065
1068.129 2431.517
1068.429 2468.540
1068.729 2546.420
1069.029 2577.157
1069.329 2624.608
1069.629 2682.488
1069.929 2678.225
1070.230 2656.962
1070.530 2604.127
1070.830 2616.293
1071.130 2605.030
1071.430 2503.481
1071.730 2532.360
1072.030 2665.383
1072.331 2703.405
1072.631 2674.571
1072.931 2649.165
1073.231 2701.330
1073.531 2771.067
1073.831 2645.375
1074.131 2471.969
1074.432 2415.134
1074.732 2405.442
1075.032 2307.465
1075.332 2192.201
1075.632 2224.652
1075.932 2263.960
1076.232 2250.839
1076.533 2332.290
1076.833 2445.170
1077.133 2471.049
1077.433 2394.071
1077.733 2308.379
1078.033 2402.258
1078.333 2512.138
1078.634 2448.731
1078.934 2450.182
1079.234 2537.347
1079.534 2604.226
1079.834 2599.534
1080.134 2543.842
1080.434 2531.721
1080.735 2573.886
1081.035 2518.479
1081.335 2507.215
1081.635 2601.523
1081.935 2668.116
1082.235 2650.710
1082.535 2679.160
1082.836 2725.753
1083.136 2746.347
1083.436 2688.797
1083.736 2633.247
1084.036 2588.269
1084.336 2608.577
1084.636 2588.455
1084.937 2580.620
1085.237 2605.499
1085.537 2739.092
1085.837 2785.542
1086.137 2828.278
1086.437 2883.300
1086.737 2867.321
1087.038 2753.772
1087.338 2675.936
1087.638 2627.958
1087.938 2581.122
1088.238 2561.715
1088.538 2515.451
1088.838 2636.329
1089.139 2792.779
1089.439 2805.515
1089.739 2733.822
1090.039 2733.129
1090.339 2657.151
1090.639 2584.029
1090.939 2440.051
1091.240 2389.786
1091.540 2469.236
1091.840 2484.829
1092.140 2537.279
1092.453 2635.014
1092.766 2650.464
1093.079 2596.343
1093.392 2539.364
1093.705 2508.528
1094.018 2563.978
1094.330 2478.856
1094.643 2546.163
1094.956 2648.612
1095.269 2721.062
1095.582 2688.083
1095.895 2677.676
1096.208 2692.125
1096.521 2829.003
1096.834 2757.167
1097.147 2667.903
1097.460 2725.066
1097.773 2812.373
1098.085 2759.251
1098.398 2705.415
1098.711 2668.722
1099.024 2672.743
1099.337 2688.621
1099.650 2598.213
1099.963 2566.948
1100.276 2612.826
1100.589 2563.132
1100.902 2499.153
1101.215 2508.745
1101.528 2583.623
1101.841 2589.501
1102.153 2561.236
1102.466 2624.400
1102.779 2732.563
1103.092 2752.155
1103.405 2773.890
1103.718 2741.625
1104.031 2734.789
1104.344 2702.524
1104.657 2664.116
1104.970 2657.850
1105.283 2700.871
1105.596 2691.463
1105.909 2680.341
1106.221 2734.647
1106.534 2786.381
1106.847 2714.402
1107.160 2614.422
1107.473 2592.729
1107.786 2526.177
1108.099 2438.484
1108.412 2455.218
1108.725 2491.096
1109.038 2490.402
1109.351 2468.136
1109.664 2417.728
1109.977 2443.320
1110.289 2454.054
1110.602 2353.646
1110.915 2376.809
1111.228 2480.258
1111.541 2574.421
1111.854 2551.584
1112.167 2496.318
1112.480 2543.767
1112.793 2587.644
1113.106 2450.950
1113.419 2379.256
1113.732 2351.990
1114.044 2383.010
1114.357 2402.745
1114.670 2427.193
1114.983 2461.213
1115.296 2543.948
1115.609 2540.682
1115.922 2546.845
1116.235 2580.150
1116.548 2595.456
1116.861 2511.619
1117.174 2460.782
1117.487 2489.087
1117.800 2519.250
1118.112 2542.698
1118.425 2596.432
1118.738 2697.595
1119.051 2750.615
1119.364 2794.920
1119.677 2861.654
1119.990 2920.674
1120.303 2901.551
1120.616 2828.856
1120.929 2818.019
1121.242 2898.324
1121.555 2853.630
1121.868 2723.792
1122.180 2665.241
1122.493 2681.546
1122.806 2709.137
1123.119 2609.871
1123.432 2529.033
1123.745 2660.053
1124.058 2770.072
1124.371 2761.235
1124.684 2686.683
1124.997 2618.845
1125.310 2632.007
1125.623 2609.455
1125.935 2543.903
1126.248 2559.066
1126.561 2597.371
1126.874 2614.104
1127.187 2693.981
1127.500 2790.286
1127.813 2882.448
1128.126 2859.468
1128.439 2735.773
1128.752 2674.078
1129.065 2678.383
1129.378 2625.973
1129.691 2564.707
1130.003 2571.440
1130.316 2589.317
1130.629 2561.479
1130.942 2590.069
1131.255 2692.803
1131.568 2677.822
1131.881 2560.555
1132.194 2516.717
1132.507 2503.165
1132.820 2529.470
1133.133 2572.489
1133.446 2593.079
1133.759 2656.813
1134.071 2844.975
1134.384 2852.422
1134.697 2819.155
1135.010 2874.746
1135.323 2874.050
1135.636 2752.355
1135.949 2689.517
1136.262 2607.393
1136.575 2573.840
1136.888 2587.859
1137.201 2621.450
1137.514 2619.040
1137.826 2740.059
1138.139 2848.078
1138.452 2931.382
1138.765 3017.115
1139.078 3116.991
1139.391 3079.296
1139.704 3099.600
1140.017 3085.904
1140.330 2997.780
1140.643 2886.228
1140.956 2867.961
1141.269 2876.979
1141.582 2866.998
1141.894 2835.016
1142.207 2777.178
1142.520 2805.911
1142.833 2820.501
1143.146 2754.091
1143.459 2629.824
1143.772 2609.985
1144.085 2531.432
1144.398 2500.879
1144.711 2530.469
1145.024 2557.345
1145.337 2626.935
1145.650 2610.525
1145.962 2635.115
1146.275 2765.990
1146.588 2782.723
1146.901 2722.884
1147.214 2754.331
1147.527 2711.778
1147.840 2685.653
1148.153 2680.386
1148.466 2637.119
1148.779 2708.566
1149.092 2728.584
1149.405 2679.031
1149.718 2657.906
1150.030 2740.781
1150.343 2729.657
1150.656 2640.104
1150.969 2568.408
1151.282 2554.711
1151.595 2507.301
1151.908 2548.891
1152.221 2587.052
1152.534 2749.355
1152.847 2955.802
1153.160 3037.535
1153.473 3116.124
1153.785 3219.142
1154.098 3190.017
1154.411 3106.178
1154.724 2984.053
1155.037 2837.500
1155.350 2732.232
1155.663 2627.393
1155.976 2553.554
1156.289 2535.000
1156.602 2569.590
1156.915 2517.465
1157.228 2554.768
1157.541 2688.215
1157.853 2708.519
1158.166 2669.108
1158.479 2679.411
1158.792 2705.001
1159.105 2726.590
1159.418 2706.179
1159.731 2617.054
1160.044 2637.215
1160.357 2756.947
1160.670 2848.536
1160.983 2836.697
1161.296 2818.143
1161.609 2726.446
1161.921 2641.321
1162.234 2635.196
1162.547 2640.642
1162.860 2531.660
1163.173 2447.249
1163.486 2517.409
1163.799 2680.570
1164.112 2736.730
1164.425 2663.891
1164.738 2549.623
1165.051 2664.640
1165.364 2805.515
1165.676 2775.247
1165.989 2772.550
1166.302 2884.282
1166.615 2963.585
1166.928 3003.031
1167.241 2945.763
1167.554 2911.637
1167.867 2889.797
1168.180 2753.672
1168.493 2689.404
1168.806 2754.135
1169.119 2780.438
1169.432 2678.170
1169.744 2649.473
1170.057 2701.633
1170.370 2777.079
1170.683 2675.096
1170.996 2581.685
1171.309 2611.274
1171.622 2676.291
1171.935 2639.166
1172.248 2584.183
1172.561 2546.914
1172.874 2593.074
1173.187 2613.092
1173.500 2728.966
1173.812 2802.554
1174.125 2776.000
1174.438 2873.017
1174.751 2973.749
1175.064 2979.909
1175.377 2929.783
1175.690 2711.657
1176.003 2605.389
1176.316 2636.691
1176.629 2487.994
1176.942 2347.725
1177.255 2392.171
1177.567 2499.045
1177.880 2598.633
1178.193 2673.936
1178.506 2741.810
1178.819 2822.256
1179.132 2833.987
1179.445 2738.575
1179.758 2699.449
1180.071 2708.323
1180.384 2707.912
1180.697 2702.357
1181.010 2728.517
1181.323 2767.534
1181.635 2755.979
1181.948 2731.139
1182.261 2798.156
1182.574 2928.030
1182.887 2935.189
1183.200 2866.349
1183.513 2867.080
1183.826 2968.811
1184.139 2950.399
1184.452 2801.416
1184.765 2649.004
1185.078 2679.021
1185.391 2658.180
1185.703 2625.911
1186.016 2713.928
1186.329 2795.230
1186.642 2893.961
1186.955 2851.549
1187.268 2777.423
1187.581 2849.011
1187.894 2903.170
1188.207 2763.187
1188.520 2696.346
1188.833 2646.220
1189.146 2638.093
1189.459 2574.538
1189.771 2515.983
1190.084 2530.714
1190.397 2582.016
1190.710 2557.319
1191.023 2540.621
1191.336 2599.780
1191.649 2625.653
1191.962 2596.956
1192.275 2529.543
1192.588 2504.417
1192.901 2545.005
1193.214 2494.307
1193.526 2486.466
1193.839 2564.054
1194.152 2562.784
1194.465 2479.943
1194.778 2471.817
1195.091 2522.405
1195.404 2472.135
1195.717 2304.437
1196.030 2262.882
1196.343 2350.898
1196.656 2489.914
1196.969 2583.645
1197.282 2670.232
1197.594 2831.391
1197.907 2927.122
1198.220 2846.281
1198.533 2859.011
1198.846 2873.027
1199.159 2754.901
1199.472 2578.060
1199.785 2541.504
1200.098 2607.663
1200.411 2638.108
1200.724 2492.552
1201.037 2478.711
1201.350 2551.870
1201.662 2360.315
1201.975 2281.323
1202.288 2190.131
1202.601 2178.339
