"Time (ps)"	"Channel 4 - Counts per bin"
0	2
10000000	0
20000000	2
30000000	2
40000000	3
50000000	2
60000000	3
70000000	4
80000000	3
90000000	3
100000000	3
110000000	4
120000000	4
130000000	4
140000000	2
150000000	2
160000000	4
170000000	0
180000000	3
190000000	2
200000000	3
210000000	0
220000000	2
230000000	3
240000000	1
250000000	2
260000000	3
270000000	4
280000000	5
290000000	2
300000000	1
310000000	4
320000000	3
330000000	3
340000000	1
350000000	1
360000000	2
370000000	5
380000000	5
390000000	3
400000000	0
410000000	1
420000000	3
430000000	2
440000000	1
450000000	2
460000000	2
470000000	2
480000000	2
490000000	1
500000000	0
510000000	2
520000000	5
530000000	2
540000000	4
550000000	3
560000000	4
570000000	3
580000000	3
590000000	0
600000000	3
610000000	2
620000000	2
630000000	0
640000000	0
650000000	1
660000000	2
670000000	0
680000000	2
690000000	0
700000000	1
710000000	1
720000000	0
730000000	2
740000000	1
750000000	1
760000000	0
770000000	0
780000000	0
790000000	0
800000000	0
810000000	0
820000000	0
830000000	0
840000000	0
850000000	2
860000000	0
870000000	0
880000000	0
890000000	0
900000000	0
910000000	0
920000000	0
930000000	0
940000000	0
950000000	2
960000000	0
970000000	0
980000000	0
990000000	0
1000000000	0
1010000000	0
1020000000	0
1030000000	0
1040000000	0
1050000000	0
1060000000	0
1070000000	0
1080000000	0
1090000000	0
1100000000	0
1110000000	0
1120000000	0
1130000000	0
1140000000	0
1150000000	0
1160000000	0
1170000000	0
1180000000	0
1190000000	0
1200000000	0
1210000000	0
1220000000	0
1230000000	0
1240000000	0
1250000000	0
1260000000	0
1270000000	0
1280000000	0
1290000000	0
1300000000	0
1310000000	0
1320000000	0
1330000000	0
1340000000	0
1350000000	1
1360000000	0
1370000000	0
1380000000	0
1390000000	1
1400000000	0
1410000000	0
1420000000	0
1430000000	0
1440000000	0
1450000000	0
1460000000	0
1470000000	0
1480000000	0
1490000000	0
1500000000	0
1510000000	0
1520000000	0
1530000000	0
1540000000	0
1550000000	0
1560000000	0
1570000000	0
1580000000	0
1590000000	1
1600000000	1
1610000000	1
1620000000	2
1630000000	1
1640000000	2
1650000000	3
1660000000	2
1670000000	1
1680000000	0
1690000000	2
1700000000	3
1710000000	2
1720000000	2
1730000000	2
1740000000	3
1750000000	3
1760000000	1
1770000000	2
1780000000	6
1790000000	1
1800000000	1
1810000000	2
1820000000	6
1830000000	2
1840000000	3
1850000000	0
1860000000	1
1870000000	3
1880000000	0
1890000000	3
1900000000	3
1910000000	1
1920000000	3
1930000000	3
1940000000	1
1950000000	1
1960000000	4
1970000000	1
1980000000	1
1990000000	4
2000000000	5
2010000000	5
2020000000	2
2030000000	3
2040000000	1
2050000000	3
2060000000	7
2070000000	5
2080000000	4
2090000000	1
2100000000	3
2110000000	0
2120000000	2
2130000000	3
2140000000	0
2150000000	3
2160000000	1
2170000000	4
2180000000	1
2190000000	1
2200000000	1
2210000000	6
2220000000	0
2230000000	3
2240000000	3
2250000000	3
2260000000	2
2270000000	6
2280000000	4
2290000000	1
2300000000	1
2310000000	5
2320000000	2
2330000000	4
2340000000	1
2350000000	0
2360000000	6
2370000000	5
2380000000	2
2390000000	3
2400000000	3
2410000000	2
2420000000	2
2430000000	1
2440000000	1
2450000000	3
2460000000	2
2470000000	0
2480000000	0
2490000000	1
2500000000	4
2510000000	2
2520000000	6
2530000000	2
2540000000	2
2550000000	0
2560000000	2
2570000000	4
2580000000	5
2590000000	2
2600000000	1
2610000000	3
2620000000	0
2630000000	0
2640000000	0
2650000000	2
2660000000	1
2670000000	0
2680000000	2
2690000000	0
2700000000	0
2710000000	1
2720000000	2
2730000000	3
2740000000	0
2750000000	1
2760000000	0
2770000000	1
2780000000	0
2790000000	2
2800000000	1
2810000000	0
2820000000	0
2830000000	1
2840000000	0
2850000000	0
2860000000	0
2870000000	0
2880000000	0
2890000000	0
2900000000	0
2910000000	0
2920000000	0
2930000000	0
2940000000	0
2950000000	0
2960000000	1
2970000000	0
2980000000	0
2990000000	0
3000000000	0
3010000000	0
3020000000	0
3030000000	0
3040000000	0
3050000000	0
3060000000	0
3070000000	0
3080000000	0
3090000000	0
3100000000	0
3110000000	0
3120000000	0
3130000000	0
3140000000	0
3150000000	0
3160000000	0
3170000000	0
3180000000	0
3190000000	0
3200000000	0
3210000000	0
3220000000	0
3230000000	0
3240000000	0
3250000000	0
3260000000	0
3270000000	0
3280000000	0
3290000000	0
3300000000	0
3310000000	0
3320000000	0
3330000000	0
3340000000	0
3350000000	0
3360000000	0
3370000000	0
3380000000	0
3390000000	0
3400000000	0
3410000000	0
3420000000	0
3430000000	0
3440000000	0
3450000000	0
3460000000	0
3470000000	0
3480000000	0
3490000000	0
3500000000	0
3510000000	0
3520000000	0
3530000000	0
3540000000	0
3550000000	0
3560000000	0
3570000000	0
3580000000	0
3590000000	0
3600000000	3
3610000000	0
3620000000	2
3630000000	1
3640000000	0
3650000000	2
3660000000	4
3670000000	1
3680000000	3
3690000000	1
3700000000	3
3710000000	3
3720000000	1
3730000000	1
3740000000	1
3750000000	2
3760000000	3
3770000000	3
3780000000	2
3790000000	2
3800000000	6
3810000000	0
3820000000	5
3830000000	3
3840000000	2
3850000000	4
3860000000	3
3870000000	2
3880000000	0
3890000000	5
3900000000	2
3910000000	2
3920000000	2
3930000000	5
3940000000	2
3950000000	0
3960000000	2
3970000000	2
3980000000	2
3990000000	2
4000000000	0
4010000000	2
4020000000	3
4030000000	4
4040000000	3
4050000000	2
4060000000	7
4070000000	2
4080000000	1
4090000000	2
4100000000	1
4110000000	4
4120000000	2
4130000000	1
4140000000	6
4150000000	3
4160000000	2
4170000000	4
4180000000	2
4190000000	4
4200000000	3
4210000000	3
4220000000	0
4230000000	2
4240000000	3
4250000000	3
4260000000	4
4270000000	3
4280000000	1
4290000000	2
4300000000	2
4310000000	3
4320000000	2
4330000000	5
4340000000	3
4350000000	1
4360000000	2
4370000000	1
4380000000	2
4390000000	1
4400000000	4
4410000000	4
4420000000	2
4430000000	4
4440000000	3
4450000000	1
4460000000	1
4470000000	6
4480000000	1
4490000000	5
4500000000	0
4510000000	5
4520000000	1
4530000000	5
4540000000	2
4550000000	0
4560000000	4
4570000000	1
4580000000	4
4590000000	1
4600000000	2
4610000000	3
4620000000	2
4630000000	2
4640000000	0
4650000000	0
4660000000	0
4670000000	1
4680000000	2
4690000000	0
4700000000	1
4710000000	0
4720000000	0
4730000000	1
4740000000	0
4750000000	0
4760000000	2
4770000000	1
4780000000	0
4790000000	0
4800000000	0
4810000000	0
4820000000	0
4830000000	0
4840000000	1
4850000000	0
4860000000	0
4870000000	0
4880000000	0
4890000000	0
4900000000	0
4910000000	0
4920000000	0
4930000000	0
4940000000	0
4950000000	0
4960000000	0
4970000000	0
4980000000	0
4990000000	0
5000000000	0
5010000000	0
5020000000	0
5030000000	0
5040000000	0
5050000000	0
5060000000	0
5070000000	0
5080000000	0
5090000000	0
5100000000	0
5110000000	0
5120000000	0
5130000000	0
5140000000	0
5150000000	0
5160000000	0
5170000000	0
5180000000	0
5190000000	0
5200000000	0
5210000000	0
5220000000	0
5230000000	0
5240000000	0
5250000000	1
5260000000	0
5270000000	0
5280000000	0
5290000000	0
5300000000	0
5310000000	0
5320000000	0
5330000000	0
5340000000	0
5350000000	0
5360000000	0
5370000000	0
5380000000	0
5390000000	0
5400000000	0
5410000000	0
5420000000	0
5430000000	0
5440000000	0
5450000000	0
5460000000	0
5470000000	0
5480000000	0
5490000000	0
5500000000	0
5510000000	0
5520000000	0
5530000000	0
5540000000	0
5550000000	0
5560000000	0
5570000000	0
5580000000	0
5590000000	1
5600000000	0
5610000000	4
5620000000	3
5630000000	2
5640000000	2
5650000000	3
5660000000	1
5670000000	1
5680000000	3
5690000000	7
5700000000	1
5710000000	2
5720000000	2
5730000000	0
5740000000	2
5750000000	6
5760000000	2
5770000000	3
5780000000	7
5790000000	2
5800000000	2
5810000000	3
5820000000	2
5830000000	4
5840000000	2
5850000000	4
5860000000	4
5870000000	5
5880000000	6
5890000000	3
5900000000	0
5910000000	6
5920000000	1
5930000000	0
5940000000	7
5950000000	2
5960000000	3
5970000000	0
5980000000	5
5990000000	6
6000000000	2
6010000000	7
6020000000	0
6030000000	2
6040000000	2
6050000000	4
6060000000	1
6070000000	2
6080000000	1
6090000000	3
6100000000	4
6110000000	1
6120000000	2
6130000000	2
6140000000	3
6150000000	4
6160000000	3
6170000000	3
6180000000	1
6190000000	2
6200000000	3
6210000000	2
6220000000	4
6230000000	0
6240000000	2
6250000000	8
6260000000	1
6270000000	3
6280000000	0
6290000000	0
6300000000	3
6310000000	1
6320000000	2
6330000000	4
6340000000	2
6350000000	9
6360000000	3
6370000000	2
6380000000	3
6390000000	4
6400000000	2
6410000000	2
6420000000	0
6430000000	3
6440000000	1
6450000000	8
6460000000	4
6470000000	2
6480000000	2
6490000000	2
6500000000	2
6510000000	3
6520000000	1
6530000000	4
6540000000	3
6550000000	1
6560000000	4
6570000000	0
6580000000	1
6590000000	2
6600000000	0
6610000000	0
6620000000	1
6630000000	0
6640000000	0
6650000000	1
6660000000	3
6670000000	1
6680000000	2
6690000000	1
6700000000	0
6710000000	1
6720000000	0
6730000000	0
6740000000	1
6750000000	0
6760000000	0
6770000000	0
6780000000	1
6790000000	1
6800000000	0
6810000000	0
6820000000	0
6830000000	0
6840000000	0
6850000000	0
6860000000	0
6870000000	0
6880000000	0
6890000000	1
6900000000	0
6910000000	0
6920000000	0
6930000000	1
6940000000	1
6950000000	0
6960000000	0
6970000000	0
6980000000	0
6990000000	0
7000000000	0
7010000000	0
7020000000	0
7030000000	0
7040000000	0
7050000000	0
7060000000	0
7070000000	0
7080000000	0
7090000000	0
7100000000	0
7110000000	0
7120000000	0
7130000000	0
7140000000	0
7150000000	1
7160000000	0
7170000000	0
7180000000	0
7190000000	0
7200000000	0
7210000000	0
7220000000	0
7230000000	0
7240000000	0
7250000000	0
7260000000	0
7270000000	0
7280000000	0
7290000000	0
7300000000	0
7310000000	0
7320000000	0
7330000000	0
7340000000	0
7350000000	0
7360000000	0
7370000000	0
7380000000	0
7390000000	0
7400000000	0
7410000000	0
7420000000	0
7430000000	0
7440000000	0
7450000000	0
7460000000	0
7470000000	0
7480000000	0
7490000000	0
7500000000	0
7510000000	0
7520000000	0
7530000000	0
7540000000	0
7550000000	0
7560000000	0
7570000000	0
7580000000	0
7590000000	1
7600000000	1
7610000000	1
7620000000	1
7630000000	3
7640000000	1
7650000000	4
7660000000	5
7670000000	0
7680000000	1
7690000000	0
7700000000	5
7710000000	4
7720000000	6
7730000000	3
7740000000	0
7750000000	4
7760000000	1
7770000000	3
7780000000	2
7790000000	5
7800000000	3
7810000000	4
7820000000	4
7830000000	1
7840000000	5
7850000000	4
7860000000	3
7870000000	2
7880000000	3
7890000000	2
7900000000	5
7910000000	1
7920000000	5
7930000000	1
7940000000	4
7950000000	2
7960000000	1
7970000000	1
7980000000	3
7990000000	3
8000000000	2
8010000000	3
8020000000	2
8030000000	4
8040000000	2
8050000000	3
8060000000	2
8070000000	5
8080000000	2
8090000000	6
8100000000	6
8110000000	2
8120000000	3
8130000000	5
8140000000	2
8150000000	4
8160000000	3
8170000000	5
8180000000	3
8190000000	0
8200000000	3
8210000000	3
8220000000	3
8230000000	1
8240000000	4
8250000000	2
8260000000	4
8270000000	4
8280000000	4
8290000000	2
8300000000	4
8310000000	1
8320000000	3
8330000000	1
8340000000	1
8350000000	4
8360000000	4
8370000000	2
8380000000	1
8390000000	2
8400000000	4
8410000000	2
8420000000	3
8430000000	1
8440000000	4
8450000000	4
8460000000	0
8470000000	3
8480000000	2
8490000000	3
8500000000	2
8510000000	5
8520000000	6
8530000000	3
8540000000	5
8550000000	1
8560000000	2
8570000000	3
8580000000	4
8590000000	5
8600000000	2
8610000000	2
8620000000	4
8630000000	2
8640000000	0
8650000000	0
8660000000	1
8670000000	0
8680000000	0
8690000000	2
8700000000	0
8710000000	0
8720000000	1
8730000000	0
8740000000	0
8750000000	0
8760000000	1
8770000000	0
8780000000	0
8790000000	0
8800000000	0
8810000000	0
8820000000	0
8830000000	0
8840000000	0
8850000000	0
8860000000	0
8870000000	1
8880000000	0
8890000000	0
8900000000	0
8910000000	0
8920000000	0
8930000000	0
8940000000	0
8950000000	0
8960000000	1
8970000000	0
8980000000	0
8990000000	0
9000000000	0
9010000000	0
9020000000	0
9030000000	0
9040000000	0
9050000000	0
9060000000	0
9070000000	0
9080000000	0
9090000000	0
9100000000	0
9110000000	0
9120000000	0
9130000000	0
9140000000	0
9150000000	0
9160000000	0
9170000000	0
9180000000	0
9190000000	0
9200000000	0
9210000000	0
9220000000	0
9230000000	0
9240000000	0
9250000000	0
9260000000	0
9270000000	0
9280000000	0
9290000000	0
9300000000	0
9310000000	0
9320000000	0
9330000000	0
9340000000	0
9350000000	0
9360000000	0
9370000000	0
9380000000	0
9390000000	0
9400000000	0
9410000000	0
9420000000	0
9430000000	0
9440000000	0
9450000000	0
9460000000	0
9470000000	0
9480000000	0
9490000000	0
9500000000	0
9510000000	0
9520000000	0
9530000000	0
9540000000	0
9550000000	0
9560000000	0
9570000000	0
9580000000	1
9590000000	1
9600000000	0
9610000000	3
9620000000	3
9630000000	2
9640000000	4
9650000000	1
9660000000	2
9670000000	2
9680000000	2
9690000000	2
9700000000	5
9710000000	1
9720000000	2
9730000000	5
9740000000	4
9750000000	1
9760000000	4
9770000000	2
9780000000	1
9790000000	2
9800000000	5
9810000000	2
9820000000	0
9830000000	1
9840000000	1
9850000000	2
9860000000	2
9870000000	1
9880000000	5
9890000000	3
9900000000	6
9910000000	3
9920000000	2
9930000000	0
9940000000	2
9950000000	6
9960000000	3
9970000000	5
9980000000	3
9990000000	0
