400.129 1052.298
400.396 1150.561
400.662 676.823
400.929 639.084
401.195 725.345
401.462 831.605
401.728 942.864
401.995 954.123
402.261 723.382
402.528 630.640
402.794 739.897
403.061 938.153
403.327 1134.409
403.594 918.665
403.860 668.920
404.127 620.174
404.393 930.428
404.660 999.681
404.931 938.933
405.202 888.185
405.473 678.437
405.745 876.688
406.016 1267.938
406.287 1016.188
406.558 849.437
406.829 977.686
407.100 815.934
407.371 1063.181
407.642 1214.428
407.914 991.674
408.185 778.920
408.456 710.166
408.727 916.410
408.998 981.654
409.269 1303.898
409.540 1307.141
409.811 807.384
410.083 812.626
410.354 800.867
410.625 649.108
410.896 883.349
411.167 1170.588
411.438 1229.828
411.709 915.067
411.981 1122.305
412.252 914.543
412.523 794.780
412.794 1098.016
413.065 1234.253
413.336 967.488
413.607 1201.723
413.878 1207.958
414.150 1057.192
414.421 903.425
414.692 780.658
414.963 757.891
415.234 1062.123
415.505 1087.354
415.776 1287.585
416.047 1199.816
416.319 1044.046
416.590 870.275
416.861 670.504
417.132 969.733
417.403 1062.961
417.674 1007.188
417.945 837.415
418.217 860.641
418.488 1025.867
418.759 866.093
419.030 848.318
419.301 925.542
419.572 1018.766
419.843 1047.990
420.114 909.212
420.386 893.435
420.657 1118.657
420.928 979.878
421.199 934.100
421.470 894.320
421.741 745.540
422.012 781.760
422.283 870.979
422.555 856.197
422.826 972.416
423.097 1111.633
423.368 1033.850
423.639 783.067
423.910 903.283
424.181 868.499
424.453 814.715
424.724 1217.929
424.995 1286.144
425.266 972.358
425.537 903.571
425.808 1138.784
426.079 1212.997
426.350 1067.209
426.622 992.420
426.893 1073.632
427.164 963.842
427.435 855.052
427.706 867.262
427.977 887.472
428.248 851.680
428.519 980.889
428.791 920.097
429.062 1027.304
429.333 804.512
429.604 744.718
429.875 1027.924
430.146 1149.130
430.417 1127.335
430.689 1081.540
430.960 881.745
431.231 882.949
431.502 1133.152
431.773 1168.355
432.044 1052.558
432.315 1259.760
432.586 1264.962
432.858 1330.164
433.129 998.365
433.400 1051.565
433.671 1157.765
433.942 1090.965
434.213 867.164
434.484 926.363
434.755 1044.561
435.027 880.759
435.298 1105.957
435.569 1253.154
435.840 1034.351
436.116 1086.547
436.391 1208.743
436.667 1153.939
436.942 1267.134
437.218 1336.328
437.493 1411.523
437.769 1475.716
438.045 1293.910
438.320 1271.103
438.596 1367.295
438.871 1222.488
439.147 1196.679
439.422 1116.871
439.698 1007.062
439.974 1092.252
440.249 1360.442
440.525 1399.632
440.800 1073.822
441.076 1241.011
441.351 1453.199
441.627 1561.387
441.903 1524.575
442.178 1189.763
442.454 1207.950
442.729 1651.136
443.005 1386.322
443.281 1539.508
443.556 1740.694
443.832 1591.879
444.107 1369.063
444.383 1355.248
444.658 1381.432
444.934 1286.615
445.210 1631.798
445.485 1731.981
445.761 1762.163
446.036 1676.345
446.312 1847.527
446.587 1823.708
446.863 1416.889
447.139 1588.070
447.414 1660.250
447.690 1658.429
447.965 1695.609
448.241 1625.788
448.516 1643.966
448.792 1687.145
449.068 1695.323
449.343 1778.500
449.619 1616.677
449.894 1659.854
450.170 1652.030
450.445 2020.206
450.721 2136.382
450.997 1641.557
451.272 1747.732
451.548 1661.907
451.823 1645.081
452.099 1801.255
452.375 1613.429
452.650 1631.602
452.926 1790.775
453.201 1852.947
453.477 2188.119
453.752 2046.291
454.028 1765.462
454.304 1833.633
454.579 1976.804
454.855 1928.974
455.130 1921.144
455.406 2077.314
455.681 2009.483
455.957 1846.652
456.233 1806.821
456.508 1793.989
456.784 1832.157
457.059 1814.325
457.335 2073.492
457.610 1917.659
457.886 1810.826
458.162 1713.992
458.437 1777.158
458.713 1939.323
458.988 1785.488
459.264 1855.653
459.539 1873.818
459.815 1733.982
460.091 1640.146
460.366 1586.310
460.642 1490.473
460.917 1497.636
461.193 1605.798
461.468 1548.960
461.744 1528.122
462.020 1489.284
462.295 1592.445
462.571 1532.606
462.846 1535.767
463.122 1672.927
463.397 1742.087
463.673 1562.684
463.949 1598.807
464.224 1556.009
464.500 1561.162
464.775 1440.882
465.051 1445.150
465.327 1516.681
465.602 1600.155
465.878 1613.898
466.153 1291.087
466.429 1542.283
466.704 1905.171
466.980 1735.137
467.256 1793.293
467.531 1774.222
467.807 1695.995
468.082 1696.150
468.358 1601.513
468.633 1552.275
468.909 1423.915
469.185 1393.340
469.460 1544.795
469.736 1623.040
470.011 1393.586
470.287 1409.440
470.562 1524.330
470.838 1297.969
471.114 1441.857
471.389 1458.171
471.665 1435.531
471.940 1496.852
472.216 1466.640
472.491 1274.762
472.767 1323.874
473.043 1548.163
473.318 1669.003
473.594 1431.693
473.869 1348.865
474.145 1251.355
474.421 1248.454
474.696 1288.278
474.972 1274.465
475.247 1353.386
475.523 1458.063
475.798 1474.989
476.074 1411.517
476.350 1423.886
476.625 1335.781
476.901 1371.607
477.176 1412.109
477.452 1222.620
477.727 1148.505
478.003 968.622
478.279 1367.142
478.554 1504.483
478.830 1411.551
479.105 1438.271
479.381 1364.949
479.656 1162.254
479.932 1231.129
480.208 1444.601
480.483 1468.561
480.759 1463.649
481.034 1277.464
481.310 1158.414
481.585 1282.228
481.861 1365.031
482.137 1217.775
482.412 1230.775
482.688 1310.772
482.963 1412.907
483.239 1465.738
483.514 1139.224
483.790 1294.084
484.066 1587.634
484.341 1331.696
484.617 1242.768
484.892 1489.188
485.168 1409.722
485.443 1191.757
485.719 1253.523
485.995 1385.099
486.270 1323.405
486.546 1190.357
486.821 1035.199
487.097 1027.366
487.373 1170.470
487.648 1455.700
487.924 1445.551
488.199 1127.956
488.475 799.011
488.750 858.359
489.026 1137.056
489.302 1002.741
489.577 1027.378
489.853 1148.930
490.128 1449.746
490.404 1304.621
490.679 1066.002
490.955 1329.995
491.231 1436.673
491.506 1387.326
491.782 1271.281
492.057 1143.942
492.333 1455.224
492.608 1370.224
492.884 1247.063
493.160 1021.163
493.435 1102.703
493.711 1245.967
493.986 1197.860
494.262 1180.533
494.537 1145.365
494.813 1292.836
495.089 1069.281
495.364 1122.451
495.640 1219.826
495.915 1217.004
496.191 1460.666
496.467 1379.471
496.742 1301.763
497.018 1402.187
497.293 1218.698
497.569 1380.106
497.844 1277.022
498.120 1396.948
498.396 1357.185
498.671 1242.470
498.947 1436.238
499.222 1363.236
499.498 1272.179
499.773 1357.874
500.049 1418.532
500.325 1297.316
500.600 1407.033
500.876 1311.468
501.151 1622.145
501.427 1624.901
501.702 1567.360
501.978 1518.237
502.254 1571.769
502.529 1321.819
502.805 1544.823
503.080 1726.946
503.356 1579.467
503.631 1511.487
503.907 1513.656
504.183 1418.636
504.458 1535.154
504.734 1554.957
505.009 1577.322
505.285 1436.327
505.560 1429.939
505.836 1486.162
506.112 1463.003
506.387 1340.653
506.663 1364.695
506.938 1364.814
507.214 1305.277
507.490 1440.441
507.765 1445.160
508.041 1532.059
508.316 1609.876
508.592 1387.215
508.867 1475.473
509.143 1685.163
509.419 1535.530
509.694 1314.913
509.970 1332.080
510.245 1276.476
510.521 1399.314
510.796 1302.127
511.072 1246.298
511.348 1349.610
511.623 1377.640
511.899 1353.764
512.174 1560.080
512.450 1557.653
512.725 1440.702
513.001 1205.491
513.277 1148.964
513.552 1498.584
513.828 1388.244
514.103 1348.563
514.379 1591.621
514.654 1383.874
514.930 1364.565
515.206 1875.603
515.481 1727.528
515.757 1375.575
516.032 1229.523
516.308 1459.652
516.583 1598.823
516.859 1459.498
517.135 1444.026
517.410 1467.565
517.686 1515.291
517.961 1389.061
518.237 1330.216
518.513 1161.241
518.788 1513.222
519.064 1551.911
519.339 1382.501
519.615 1170.847
519.890 1253.718
520.166 1318.125
520.442 1471.916
520.717 1498.006
520.993 1423.445
521.268 1195.037
521.544 1220.164
521.819 1167.970
522.095 1265.800
522.371 1434.391
522.646 1448.875
522.922 1636.286
523.197 1555.928
523.473 1690.425
523.748 1483.827
524.024 1239.909
524.300 1304.124
524.575 1324.321
524.851 1405.760
525.126 1440.845
525.402 1448.066
525.677 1588.835
525.953 1434.452
526.229 1363.806
526.504 1295.353
526.780 1535.132
527.055 1519.475
527.331 1516.702
527.606 1626.491
527.882 1562.832
528.158 1355.615
528.433 1592.480
528.709 1529.239
528.984 1595.555
529.260 1554.491
529.535 1678.936
529.811 1869.235
530.087 2641.939
530.362 3587.742
530.638 5466.003
530.913 9712.900
531.189 15388.396
531.465 19207.991
531.740 19729.061
532.016 18916.517
532.291 15559.747
532.567 12454.339
532.842 10742.226
533.118 9959.337
533.394 9686.578
533.669 8486.649
533.945 8224.099
534.220 8309.798
534.496 9119.348
534.771 9872.972
535.047 9942.212
535.323 9458.852
535.598 8602.890
535.874 8753.965
536.149 7172.197
536.425 4147.020
536.700 2379.014
536.976 1863.185
537.252 1840.575
537.527 1462.320
537.803 1450.627
538.078 1581.942
538.354 1602.685
538.629 1473.451
538.905 1495.199
539.181 1559.386
539.456 1473.682
539.732 1757.560
540.007 1867.230
540.283 1472.923
540.558 1290.911
540.834 1368.732
541.110 1299.883
541.385 1240.571
541.661 1369.377
541.936 1505.614
542.212 1358.036
542.488 1316.503
542.763 1466.249
543.039 1549.145
543.314 1540.309
543.590 1375.099
543.865 1363.274
544.141 1361.380
544.417 1522.346
544.692 1382.418
544.968 1569.202
545.243 1533.080
545.519 1291.331
545.794 1393.103
546.070 1652.638
546.348 1504.124
546.627 1168.724
546.905 1442.614
547.183 1499.422
547.461 1615.699
547.740 1783.614
548.018 1551.878
548.296 1341.887
548.575 1218.838
548.853 1108.699
549.131 1147.517
549.409 1279.404
549.688 1400.525
549.966 1401.605
550.244 1450.305
550.523 1357.776
550.801 1325.827
551.079 1460.113
551.357 1580.873
551.636 1474.655
551.914 1403.786
552.192 1260.875
552.471 1388.564
552.749 1489.363
553.027 1435.818
553.306 1472.840
553.584 1567.321
553.862 1502.999
554.140 1507.996
554.419 1487.000
554.697 1644.773
554.975 1692.173
555.254 1696.468
555.532 1308.177
555.810 1344.058
556.088 1695.955
556.367 1468.190
556.645 1213.927
556.923 1379.380
557.202 1398.531
557.480 1477.838
557.758 1277.651
558.036 1202.079
558.315 1265.662
558.593 1487.428
558.871 1486.542
559.150 1349.452
559.428 1313.481
559.706 1257.827
559.984 1362.872
560.263 1607.540
560.541 1606.451
560.819 1483.802
561.098 1569.490
561.376 1611.878
561.654 1381.189
561.932 1148.719
562.211 1422.288
562.489 1571.263
562.767 1482.503
563.046 1287.080
563.324 1197.632
563.602 1363.127
563.880 1279.364
564.159 1460.824
564.437 1635.916
564.715 1387.085
564.994 1167.393
565.272 1425.629
565.550 1307.370
565.828 1140.756
566.107 1338.206
566.385 1345.658
566.663 1224.482
566.942 1274.727
567.220 1333.402
567.498 1584.761
567.776 1408.877
568.055 1256.069
568.333 1425.377
568.611 1539.954
568.890 1416.716
569.168 1283.428
569.446 1418.078
569.725 1387.237
570.003 1057.845
570.281 1092.793
570.559 1360.761
570.838 1410.557
571.116 1505.024
571.394 1472.154
571.673 1484.327
571.951 1529.534
572.229 1471.357
572.507 1399.005
572.786 1386.823
573.064 1411.618
573.342 1433.115
573.621 1226.231
573.899 1265.330
574.177 1726.603
574.455 1670.692
574.734 1412.128
575.012 1523.749
575.290 1508.667
575.569 1579.829
575.847 1574.585
576.125 1527.555
576.403 1355.260
576.682 1506.126
576.960 1536.755
577.243 1612.089
577.527 1463.998
577.810 1193.137
578.093 1196.360
578.377 1260.064
578.660 1308.557
578.944 1343.216
579.227 1299.416
579.510 1415.743
579.794 1398.372
580.077 1312.819
580.360 1332.052
580.644 1306.637
580.927 1317.950
581.210 1389.594
581.494 1251.001
581.777 1399.084
582.061 1351.746
582.344 1206.607
582.627 1170.788
582.911 1257.601
583.194 1188.071
583.477 1427.665
583.761 1456.680
584.044 1523.619
584.327 1554.185
584.611 1470.342
584.894 1329.555
585.178 1247.709
585.461 1315.714
585.744 1476.625
586.028 1308.174
586.311 1293.246
586.594 1364.318
586.878 1356.390
587.161 1346.461
587.444 1363.533
587.728 1392.604
588.011 1478.676
588.295 1252.747
588.578 1328.490
588.861 1591.298
589.145 1394.960
589.428 1348.379
589.711 1176.101
589.995 1178.993
590.278 1527.715
590.562 1383.313
590.845 1294.089
591.128 1658.137
591.412 1562.398
591.695 1370.223
591.978 1517.627
592.262 1472.260
592.545 1210.171
592.828 1465.939
593.112 1349.891
593.395 1232.313
593.679 1136.533
593.962 1363.693
594.245 1372.355
594.529 1262.971
594.812 1107.708
595.095 990.471
595.379 1404.659
595.662 1462.783
595.945 1318.399
596.229 1181.246
596.512 1155.212
596.796 1263.461
597.079 1431.584
597.362 1607.889
597.646 1621.202
597.929 1425.423
598.212 1433.962
598.496 1391.539
598.779 1531.396
599.062 1644.000
599.346 1383.454
599.629 1249.019
599.913 1240.958
600.196 1354.324
600.479 1410.143
600.763 1441.154
601.046 1197.481
601.329 1315.851
601.613 1465.064
601.896 1304.854
602.179 1387.134
602.463 1350.853
602.746 1483.530
603.030 1582.809
603.313 1420.378
603.596 1191.787
603.880 1349.506
604.163 1375.060
604.446 1284.649
604.730 1111.353
605.013 1261.014
605.296 1376.906
605.580 1275.108
605.863 1394.662
606.147 1258.584
606.430 1185.190
606.713 1403.271
606.997 1316.560
607.280 1572.673
607.563 1378.998
607.847 1288.758
608.130 1409.856
608.414 1476.054
608.697 1343.044
608.980 1326.792
609.264 1503.645
609.547 1289.697
609.830 1246.664
610.114 1281.986
610.397 1311.430
610.680 1382.616
610.964 1361.859
611.247 1361.920
611.531 1202.376
611.814 1019.906
612.097 1047.445
612.381 1341.577
612.664 1576.517
612.947 1276.284
613.231 1133.067
613.514 1136.206
613.797 1298.349
614.081 1385.836
614.364 1290.612
614.648 1173.776
614.931 1083.463
615.214 1027.532
615.498 1070.883
615.781 1149.754
616.064 1121.270
616.348 1345.740
616.631 1373.727
616.914 1451.175
617.198 1281.236
617.481 1147.305
617.765 1186.958
618.048 1223.728
618.331 1202.070
618.615 1124.266
618.898 1373.337
619.181 1372.408
619.465 1254.142
619.748 1152.321
620.031 1065.403
620.315 1044.714
620.598 1149.976
620.882 1354.753
621.165 1524.150
621.448 1422.818
621.732 1388.472
622.015 1203.456
622.298 1166.034
622.582 1301.987
622.865 1250.400
623.148 1147.562
623.432 1288.056
623.715 1175.002
623.999 1547.528
624.282 1476.851
624.565 1506.038
624.849 1220.383
625.132 1040.442
625.415 1582.839
625.699 1710.630
625.982 1437.228
626.265 1231.902
626.549 1223.645
626.832 1486.329
627.116 1444.973
627.399 1128.870
627.682 1291.975
627.966 1214.195
628.249 1175.808
628.532 1130.463
628.816 1420.128
629.099 1208.341
629.383 1156.138
629.666 1166.872
629.949 1101.688
630.233 1123.411
630.516 1252.932
630.799 1291.063
631.083 1159.094
631.366 1060.411
631.649 973.955
631.933 926.043
632.216 1225.899
632.500 1296.594
632.783 1307.435
633.066 1243.909
633.350 1211.372
633.633 1275.893
633.916 1269.117
634.200 1123.621
634.483 1199.226
634.766 1273.207
635.050 1178.193
635.333 958.285
635.617 962.216
635.900 1161.392
636.183 1262.368
636.467 1132.682
636.750 1174.936
637.033 1207.064
637.317 1134.094
637.600 1092.666
637.883 1037.231
638.167 1050.380
638.450 1047.528
638.734 985.781
639.017 1062.610
639.300 1105.732
639.584 964.430
639.867 1263.826
640.150 1171.266
640.434 1178.800
640.717 1216.067
641.000 1175.930
641.284 1229.251
641.567 1037.747
641.851 1070.406
642.134 1323.160
642.417 1201.413
642.701 1281.164
642.984 1301.512
643.267 1247.819
643.551 1040.940
643.834 913.567
644.117 1021.376
644.401 953.029
644.684 1018.683
644.968 1267.593
645.251 1115.421
645.534 858.435
645.818 874.431
646.101 1020.841
646.384 1126.994
646.668 1143.005
646.951 957.138
647.235 943.989
647.518 856.631
647.801 1045.590
648.085 1164.844
648.368 1089.860
648.651 901.938
648.935 1026.096
649.218 1205.994
649.501 992.287
649.785 947.145
650.068 1143.320
650.352 1160.500
650.635 1109.661
650.918 987.769
651.202 1147.175
651.485 1286.015
651.768 1231.202
652.052 988.823
652.335 930.588
652.618 931.526
652.902 898.682
653.185 1209.112
653.469 957.072
653.752 798.235
654.035 980.221
654.319 1252.604
654.602 1245.827
654.885 1147.531
655.169 1167.806
655.452 1005.784
655.735 1050.323
656.019 1196.210
656.302 1010.971
656.586 997.084
656.869 1291.125
657.152 1215.605
657.436 1018.315
657.719 1178.342
658.002 1241.495
658.286 1197.344
658.569 885.937
658.852 862.683
659.136 1142.657
659.419 1103.113
659.703 972.198
659.986 1168.186
660.269 1232.667
660.553 943.862
660.836 1004.887
661.119 1264.083
661.403 1286.055
661.686 1153.564
661.969 1030.521
662.253 948.222
662.536 956.401
662.820 1168.505
663.103 1092.489
663.386 1106.736
663.670 1123.012
663.953 872.811
664.236 1007.482
664.520 934.582
664.803 939.696
665.086 1015.716
665.370 1155.597
665.653 1318.766
665.937 1230.902
666.220 1041.294
666.503 1071.768
666.787 1152.952
667.070 1081.156
667.353 1106.610
667.637 919.829
667.920 1136.915
668.204 990.890
668.487 915.657
668.770 1244.539
669.054 1004.261
669.337 903.395
669.620 971.740
669.904 1045.136
670.187 1176.727
670.470 1318.792
670.754 1183.124
671.037 907.472
671.321 848.370
671.604 1224.540
671.887 1221.746
672.171 1076.450
672.454 1159.240
672.737 1155.515
673.021 1009.055
673.304 1007.057
673.587 1257.617
673.871 1238.647
674.154 1207.403
674.438 1292.965
674.721 1248.819
675.004 1199.738
675.288 1113.365
675.571 1053.796
675.854 911.721
676.138 958.068
676.421 996.254
676.704 817.578
676.988 1003.571
677.271 1375.521
677.555 1321.147
677.838 1075.071
678.121 1099.833
678.405 1114.578
678.688 1289.572
678.971 947.895
679.255 1182.381
679.538 1375.373
679.821 1366.083
680.105 1141.171
680.388 982.338
680.672 1000.037
680.955 1059.334
681.238 1061.523
681.522 1015.766
681.805 1119.094
682.088 1247.140
682.372 1311.051
682.655 1095.346
682.938 1235.266
683.222 1200.864
683.505 1137.379
683.789 1331.781
684.072 1258.681
684.355 1227.141
684.639 1250.150
684.922 1094.663
685.205 1080.094
685.489 1319.179
685.772 1293.434
686.056 1241.484
686.339 1386.926
686.622 1128.334
686.906 982.241
687.189 1176.440
687.472 1567.925
687.756 1286.876
688.039 1018.953
688.322 896.867
688.606 1171.442
688.889 1195.494
689.173 1049.400
689.456 1232.116
689.739 1184.144
690.023 1143.328
690.306 1133.987
690.589 1053.683
690.873 1220.164
691.156 1241.019
691.439 1065.204
691.723 986.163
692.006 1110.150
692.290 1073.581
692.573 1156.622
692.856 1241.314
693.140 1196.797
693.423 1021.688
693.706 917.090
693.990 953.499
694.273 939.126
694.556 1341.708
694.840 1451.041
695.123 1250.204
695.407 1230.380
695.690 1002.347
695.973 1024.041
696.257 1074.522
696.540 1265.845
696.830 1021.009
697.120 1072.439
697.410 1164.808
697.699 1049.809
697.989 1368.447
698.279 1104.251
698.569 801.931
698.859 1037.628
699.149 1238.001
699.439 1062.110
699.729 910.046
