400.129 115.494
400.396 107.234
400.662 100.259
400.929 96.142
401.195 91.738
401.462 82.906
401.728 81.074
401.995 81.099
402.261 85.696
402.528 90.006
402.794 89.603
403.061 80.342
403.327 78.938
403.594 86.820
403.860 97.702
404.127 107.298
404.393 109.465
404.660 107.918
404.931 118.371
405.202 126.539
405.473 118.134
405.745 107.444
406.016 100.469
406.287 97.636
406.558 108.945
406.829 112.684
407.100 110.422
407.371 109.303
407.642 105.327
407.914 100.779
408.185 101.660
408.456 103.398
408.727 105.279
408.998 107.731
409.269 114.755
409.540 121.636
409.811 123.659
410.083 121.825
410.354 114.277
410.625 103.729
410.896 95.610
411.167 97.919
411.438 102.656
411.709 102.965
411.981 105.274
412.252 108.011
412.523 110.177
412.794 114.485
413.065 114.365
413.336 113.388
413.607 110.125
413.878 103.148
414.150 100.456
414.421 102.193
414.692 104.501
414.963 106.095
415.234 103.975
415.505 109.140
415.776 118.877
416.047 114.328
416.319 109.350
416.590 103.086
416.861 95.109
417.132 93.559
417.403 95.867
417.674 93.889
417.945 93.482
418.217 92.362
418.488 97.383
418.759 101.977
419.030 103.856
419.301 100.592
419.572 102.042
419.843 112.635
420.114 115.228
420.386 102.678
420.657 95.842
420.928 89.149
421.199 81.028
421.470 71.764
421.741 56.213
422.012 54.520
422.283 72.827
422.555 83.849
422.826 87.584
423.097 101.319
423.368 106.912
423.639 109.790
423.910 114.382
424.181 106.689
424.453 99.852
424.724 100.159
424.995 93.894
425.266 99.343
425.537 105.793
425.808 101.099
426.079 101.977
426.350 104.568
426.622 111.018
426.893 118.895
427.164 121.201
427.435 124.507
427.706 135.670
427.977 135.976
428.248 136.854
428.519 132.160
428.791 120.180
429.062 113.200
429.333 115.648
429.604 110.811
429.875 111.403
430.146 112.423
430.417 116.014
430.689 126.462
430.960 135.768
431.231 133.216
431.502 138.236
431.773 141.256
432.044 141.847
432.315 144.009
432.586 144.171
432.858 138.334
433.129 138.782
433.400 130.373
433.671 125.392
433.942 123.554
434.213 122.573
434.484 122.164
434.755 124.612
435.027 123.488
435.298 124.222
435.569 126.812
435.840 127.974
436.116 126.707
436.391 129.012
436.667 130.459
436.942 140.050
437.218 147.640
437.493 148.802
437.769 146.535
438.045 145.982
438.320 140.001
438.596 134.448
438.871 124.466
439.147 122.914
439.422 121.646
439.698 124.951
439.974 127.255
440.249 136.559
440.525 145.006
440.800 148.167
441.076 147.614
441.351 145.489
441.627 144.507
441.903 152.811
442.178 158.972
442.454 162.990
442.729 175.580
443.005 187.027
443.281 200.616
443.556 212.920
443.832 209.795
444.107 201.670
444.383 207.830
444.658 211.705
444.934 212.437
445.210 216.741
445.485 218.187
445.761 221.062
446.036 224.651
446.312 217.811
446.587 207.686
446.863 203.132
447.139 204.435
447.414 210.310
447.690 213.041
447.965 215.630
448.241 218.362
448.516 226.236
448.792 226.396
449.068 223.414
449.343 215.288
449.619 225.877
449.894 239.322
450.170 242.625
450.445 244.928
450.721 246.802
450.997 241.247
451.272 244.121
451.548 232.853
451.823 221.298
452.099 219.315
452.375 216.617
452.650 221.920
452.926 232.937
453.201 240.668
453.477 253.827
453.752 262.415
454.028 263.860
454.304 265.877
454.579 269.608
454.855 270.196
455.130 263.069
455.406 245.657
455.681 239.959
455.957 244.976
456.233 244.135
456.508 239.437
456.784 228.310
457.059 227.183
457.335 235.914
457.610 229.644
457.886 219.518
458.162 211.677
458.437 206.550
458.713 211.280
458.988 211.867
459.264 206.455
459.539 199.614
459.815 191.487
460.091 193.503
460.366 191.804
460.642 191.106
460.917 185.264
461.193 184.280
461.468 193.581
461.744 197.311
462.020 189.613
462.295 187.057
462.571 188.787
462.846 194.484
463.122 195.471
463.397 196.314
463.673 201.300
463.949 203.601
464.224 202.566
464.500 196.411
464.775 194.968
465.051 197.981
465.327 191.835
465.602 193.991
465.878 206.362
466.153 215.142
466.429 218.470
466.704 211.143
466.980 205.812
467.256 207.498
467.531 192.703
467.807 180.460
468.082 171.290
468.358 162.411
468.633 164.127
468.909 164.704
469.185 161.970
469.460 168.104
469.736 163.897
470.011 159.858
470.287 157.671
470.562 154.470
470.838 153.148
471.114 156.604
471.389 154.297
471.665 150.217
471.940 150.338
472.216 163.760
472.491 174.297
472.767 172.407
473.043 174.299
473.318 171.510
473.594 171.154
473.869 175.739
474.145 169.775
474.421 160.201
474.696 156.335
474.972 150.436
475.247 160.797
475.523 168.247
475.798 166.421
476.074 162.676
476.350 157.430
476.625 155.244
476.901 154.777
477.176 146.460
477.452 145.120
477.727 147.384
478.003 150.695
478.279 157.325
478.554 159.025
478.830 152.888
479.105 147.343
479.381 147.558
479.656 146.572
479.932 140.795
480.208 138.086
480.483 141.487
480.759 143.854
481.034 153.735
481.310 153.781
481.585 147.344
481.861 143.917
482.137 137.327
482.412 133.583
482.688 134.347
482.963 126.885
483.239 128.577
483.514 128.725
483.790 131.755
484.066 140.458
484.341 143.895
484.617 146.883
484.892 154.041
485.168 146.661
485.443 146.401
485.719 146.964
485.995 137.649
486.270 127.475
486.546 124.921
486.821 134.686
487.097 148.601
487.373 147.045
487.648 146.075
487.924 145.257
488.199 145.900
488.475 139.650
488.750 121.606
489.026 110.306
489.302 117.264
489.577 121.115
489.853 125.712
490.128 129.307
490.404 134.575
490.679 139.031
490.955 137.504
491.231 131.762
491.506 126.463
491.782 127.314
492.057 134.331
492.333 128.351
492.608 122.799
492.884 119.327
493.160 120.337
493.435 121.365
493.711 121.135
493.986 116.729
494.262 117.772
494.537 124.688
494.813 134.972
495.089 136.164
495.364 138.500
495.640 139.170
495.915 141.368
496.191 147.650
496.467 146.920
496.742 136.913
497.018 129.167
497.293 129.588
497.569 123.928
497.844 117.581
498.120 117.000
498.396 115.307
498.671 114.992
498.947 119.617
499.222 123.056
499.498 130.568
499.773 134.967
500.049 132.557
500.325 141.047
500.600 149.505
500.876 152.851
501.151 151.343
501.427 151.264
501.702 151.535
501.978 160.854
502.254 161.290
502.529 159.253
502.805 163.410
503.080 164.024
503.356 161.543
503.631 159.936
503.907 153.553
504.183 149.748
504.458 146.351
504.734 141.044
505.009 140.043
505.285 142.079
505.560 148.887
505.836 153.954
506.112 149.921
506.387 150.349
506.663 153.948
506.938 153.601
507.214 161.044
507.490 169.775
507.765 168.968
508.041 170.318
508.316 182.428
508.592 182.753
508.867 179.474
509.143 171.575
509.419 157.449
509.694 161.437
509.970 165.868
510.245 158.566
510.521 158.104
510.796 161.701
511.072 158.402
511.348 158.687
511.623 155.927
511.899 154.344
512.174 148.798
512.450 149.073
512.725 156.782
513.001 165.249
513.277 166.233
513.552 170.745
513.828 169.865
514.103 176.183
514.379 189.446
514.654 187.561
514.930 184.595
515.206 187.542
515.481 177.359
515.757 176.750
516.032 172.803
516.308 152.080
516.583 141.673
516.859 139.005
517.135 135.525
517.410 138.453
517.686 139.120
517.961 142.593
518.237 154.737
518.513 158.918
518.788 156.584
519.064 154.926
519.339 150.933
519.615 149.435
519.890 147.962
520.166 142.825
520.442 136.285
520.717 140.781
520.993 147.857
521.268 149.579
521.544 145.260
521.819 140.532
522.095 138.905
522.371 145.131
522.646 152.804
522.922 156.682
523.197 160.052
523.473 165.497
523.748 163.699
524.024 159.040
524.300 155.319
524.575 144.529
524.851 138.797
525.126 138.784
525.402 140.548
525.677 149.307
525.953 159.134
526.229 168.867
526.504 175.576
526.780 176.018
527.055 173.726
527.331 165.983
527.606 165.374
527.882 163.703
528.158 159.682
528.433 159.267
528.709 161.953
528.984 165.336
529.260 163.364
529.535 158.369
529.811 159.962
530.087 167.942
530.362 169.154
530.638 161.707
530.913 160.478
531.189 175.894
531.465 188.268
531.740 189.564
532.016 178.795
532.291 175.055
532.567 172.540
532.842 169.650
533.118 164.833
533.394 156.819
533.669 161.275
533.945 168.095
534.220 169.494
534.496 172.390
534.771 172.320
535.047 172.428
535.323 176.595
535.598 159.988
535.874 148.926
536.149 148.636
536.425 150.002
536.700 148.045
536.976 147.222
537.252 147.667
537.527 162.361
537.803 167.536
538.078 167.078
538.354 170.853
538.629 174.315
538.905 171.202
539.181 170.753
539.456 163.147
539.732 162.800
540.007 164.199
540.283 156.809
540.558 153.934
540.834 154.289
541.110 144.633
541.385 140.321
541.661 140.985
541.936 140.760
542.212 148.740
542.488 148.928
542.763 143.611
543.039 138.262
543.314 132.491
543.590 132.262
543.865 132.037
544.141 135.050
544.417 141.771
544.692 150.717
544.968 159.684
545.243 167.089
545.519 164.869
545.794 156.524
546.070 150.619
546.348 149.751
546.627 154.299
546.905 165.353
547.183 164.226
547.461 160.647
547.740 158.370
548.018 146.276
548.296 137.347
548.575 126.980
548.853 120.297
549.131 127.213
549.409 130.747
549.688 138.232
549.966 151.789
550.244 157.527
550.523 159.597
550.801 155.132
551.079 152.171
551.357 154.171
551.636 160.299
551.914 166.665
552.192 172.051
552.471 179.376
552.749 185.044
553.027 179.631
553.306 176.604
553.584 175.415
553.862 175.946
554.140 179.569
554.419 177.033
554.697 173.935
554.975 183.999
555.254 188.288
555.532 180.630
555.810 169.451
556.088 162.053
556.367 157.048
556.645 162.333
556.923 159.133
557.202 153.229
557.480 150.223
557.758 152.765
558.036 152.936
558.315 150.611
558.593 141.770
558.871 134.645
559.150 131.671
559.428 134.372
559.706 139.753
559.984 148.181
560.263 158.536
560.541 168.360
560.819 173.368
561.098 180.208
561.376 180.007
561.654 175.571
561.932 176.278
562.211 173.513
562.489 160.578
562.767 159.055
563.046 163.387
563.324 171.877
563.602 177.046
563.880 173.626
564.159 180.737
564.437 203.092
564.715 217.989
564.994 234.860
565.272 256.893
565.550 282.480
565.828 312.375
566.107 332.588
566.385 356.648
566.663 398.241
566.942 441.738
567.220 485.705
567.498 530.407
567.776 574.683
568.055 635.678
568.333 696.246
568.611 742.313
568.890 786.354
569.168 822.007
569.446 857.125
569.725 900.085
570.003 939.372
570.281 972.664
570.559 1008.190
570.838 1043.066
571.116 1083.642
571.394 1117.733
571.673 1132.056
571.951 1133.510
572.229 1136.225
572.507 1142.152
572.786 1136.159
573.064 1117.339
573.342 1103.401
573.621 1091.783
573.899 1071.877
574.177 1044.287
574.455 1003.706
574.734 960.656
575.012 919.631
575.290 866.137
575.569 814.393
575.847 775.737
576.125 743.857
576.403 706.651
576.682 658.533
576.960 608.302
577.243 562.452
577.527 514.476
577.810 462.310
578.093 404.030
578.377 357.028
578.660 323.319
578.944 292.699
579.227 265.225
579.510 243.036
579.794 224.541
580.077 209.883
580.360 192.014
580.644 176.968
580.927 167.821
581.210 166.396
581.494 166.539
581.777 164.658
582.061 162.893
582.344 162.988
582.627 171.303
582.911 177.641
583.194 183.687
583.477 185.318
583.761 183.376
584.044 180.579
584.327 177.468
584.611 169.511
584.894 167.831
585.178 158.044
585.461 149.508
585.744 146.395
586.028 148.853
586.311 158.450
586.594 165.905
586.878 167.651
587.161 173.515
587.444 175.950
587.728 179.648
588.011 180.344
588.295 173.351
588.578 170.811
588.861 167.104
589.145 166.084
589.428 169.493
589.711 166.095
589.995 158.538
590.278 162.208
590.562 161.428
590.845 155.562
591.128 144.707
591.412 136.151
591.695 133.961
591.978 142.077
592.262 137.358
592.545 134.208
592.828 134.309
593.112 139.122
593.395 147.871
593.679 147.985
593.962 137.949
594.245 129.244
594.529 132.147
594.812 142.062
595.095 145.412
595.379 137.262
595.662 135.482
595.945 138.132
596.229 146.850
596.512 145.230
596.796 142.988
597.079 145.161
597.362 153.142
597.646 162.151
597.929 166.033
598.212 174.159
598.496 175.792
598.779 172.347
599.062 168.591
599.346 167.535
599.629 166.880
599.913 170.361
600.196 165.479
600.479 167.102
600.763 167.751
601.046 161.533
601.329 154.448
601.613 149.776
601.896 146.899
602.179 146.882
602.463 140.505
602.746 137.106
603.030 137.065
603.313 138.156
603.596 134.606
603.880 128.249
604.163 125.925
604.446 129.812
604.730 134.961
605.013 145.025
605.296 144.873
605.580 147.118
605.863 151.301
606.147 145.871
606.430 145.715
606.713 144.022
606.997 143.558
607.280 152.519
607.563 159.356
607.847 159.222
608.130 166.924
608.414 171.596
608.697 171.483
608.980 164.543
609.264 154.895
609.547 151.847
609.830 156.466
610.114 154.535
610.397 147.538
610.680 146.884
610.964 150.712
611.247 155.661
611.531 152.047
611.814 149.043
612.097 148.930
612.381 148.115
612.664 141.826
612.947 134.837
613.231 129.253
613.514 126.208
613.797 116.833
614.081 108.721
614.364 103.975
614.648 106.945
614.931 108.106
615.214 107.584
615.498 113.667
615.781 123.985
616.064 131.469
616.348 137.993
616.631 143.381
616.914 147.505
617.198 154.754
617.481 153.273
617.765 151.795
618.048 158.095
618.331 160.140
618.615 155.147
618.898 151.682
619.181 149.215
619.465 144.911
619.748 142.735
620.031 139.330
620.315 144.303
620.598 151.212
620.882 157.291
621.165 152.431
621.448 152.247
621.732 151.086
622.015 142.958
622.298 127.406
622.582 124.723
622.865 121.866
623.148 130.893
623.432 141.192
623.715 148.244
623.999 150.948
624.282 158.270
624.565 160.876
624.849 158.597
625.132 147.229
625.415 135.718
625.699 132.075
625.982 143.122
626.265 143.890
626.549 136.296
626.832 142.188
627.116 149.357
627.399 152.164
627.682 148.328
627.966 136.950
628.249 132.207
628.532 132.492
628.816 126.143
629.099 125.197
629.383 123.718
629.666 124.183
629.949 126.481
630.233 125.246
630.516 126.233
630.799 124.927
631.083 112.689
631.366 111.007
631.649 113.473
631.933 114.488
632.216 123.509
632.500 124.013
632.783 125.004
633.066 132.954
633.350 137.235
633.633 133.753
633.916 134.365
634.200 130.832
634.483 127.294
634.766 125.524
635.050 128.948
635.333 132.088
635.617 134.699
635.900 131.334
636.183 126.699
636.467 129.223
636.750 132.289
637.033 131.970
637.317 131.793
637.600 133.484
637.883 137.763
638.167 140.860
638.450 141.586
638.734 139.766
639.017 143.839
639.300 142.047
639.584 135.216
639.867 130.772
640.150 131.810
640.434 132.315
640.717 127.375
641.000 115.464
641.284 113.732
641.567 114.390
641.851 120.159
642.134 127.907
642.417 129.285
642.701 133.046
642.984 136.577
643.267 137.802
643.551 136.779
643.834 127.993
644.117 116.055
644.401 113.149
644.684 114.524
644.968 116.151
645.251 115.003
645.534 115.571
645.818 116.812
646.101 116.683
646.384 112.155
646.668 106.821
646.951 100.548
647.235 93.577
647.518 94.939
647.801 97.510
648.085 99.576
648.368 104.044
648.651 110.949
648.935 115.682
649.218 124.229
649.501 126.335
649.785 126.044
650.068 124.375
650.352 125.322
650.635 124.791
650.918 129.289
651.202 119.830
651.485 114.998
651.768 114.948
652.052 117.650
652.335 123.666
652.618 121.625
652.902 118.542
653.185 129.551
653.469 133.977
653.752 137.040
654.035 136.711
654.319 126.289
654.602 122.253
654.885 123.599
655.169 126.166
655.452 123.031
655.735 113.527
656.019 115.507
656.302 122.941
656.586 125.930
656.869 118.219
657.152 111.013
657.436 114.996
657.719 117.664
658.002 109.107
658.286 102.574
658.569 103.167
658.852 108.780
659.136 106.855
659.419 103.797
659.703 104.284
659.986 107.518
660.269 108.554
660.553 108.025
660.836 110.969
661.119 116.526
661.403 119.999
661.686 125.520
661.969 133.464
662.253 139.957
662.536 140.334
662.820 136.659
663.103 130.200
663.386 135.211
663.670 135.007
663.953 132.528
664.236 123.957
664.520 125.393
664.803 132.329
665.086 135.404
665.370 127.030
665.653 121.985
665.937 123.025
666.220 130.779
666.503 125.318
666.787 113.175
667.070 111.586
667.353 111.349
667.637 103.700
667.920 96.373
668.204 84.346
668.487 81.910
668.770 84.297
669.054 87.419
669.337 91.678
669.620 108.764
669.904 114.045
670.187 121.683
670.470 127.981
670.754 132.406
671.037 131.919
671.321 129.374
671.604 126.071
671.887 126.155
672.171 127.676
672.454 127.173
672.737 125.488
673.021 120.587
673.304 120.498
673.587 118.561
673.871 115.836
674.154 113.105
674.438 112.405
674.721 111.574
675.004 111.592
675.288 111.374
675.571 105.859
675.854 101.375
676.138 96.858
676.421 100.611
676.704 107.028
676.988 113.881
677.271 112.741
677.555 110.868
677.838 114.447
678.121 115.399
678.405 111.328
678.688 110.064
678.971 109.093
679.255 109.032
679.538 112.191
679.821 113.895
680.105 119.122
680.388 119.913
680.672 113.573
680.955 111.739
681.238 109.561
681.522 113.058
681.805 114.180
682.088 113.958
682.372 118.631
682.655 127.662
682.938 132.329
683.222 134.168
683.505 130.018
683.789 126.145
684.072 120.483
684.355 114.522
684.639 110.626
684.922 103.913
685.205 104.830
685.489 111.143
685.772 113.682
686.056 119.651
686.339 126.217
686.622 129.651
686.906 132.305
687.189 127.056
687.472 117.770
687.756 120.011
688.039 114.796
688.322 101.529
688.606 97.954
688.889 107.222
689.173 115.408
689.456 121.804
689.739 122.214
690.023 127.532
690.306 134.651
690.589 130.287
690.873 118.612
691.156 115.173
691.439 109.179
691.723 103.336
692.006 101.787
692.290 103.511
692.573 99.893
692.856 92.728
693.140 87.150
693.423 88.404
693.706 93.185
693.990 94.486
694.273 94.590
694.556 104.292
694.840 110.573
695.123 114.816
695.407 113.011
695.690 109.283
695.973 108.593
696.257 112.041
696.540 116.781
696.830 126.544
697.120 138.606
697.410 143.835
697.699 140.557
697.989 140.363
698.279 140.124
698.569 134.602
698.859 126.320
699.149 118.781
699.439 120.134
699.729 121.388
