165.028 103.283
165.288 91.248
165.547 62.582
165.807 40.555
166.067 50.549
166.327 78.262
166.587 97.409
166.847 116.847
167.107 146.577
167.367 190.169
167.627 264.766
167.886 294.225
168.146 296.833
168.406 294.160
168.666 288.921
168.926 263.115
169.186 256.743
169.446 225.233
169.706 213.299
169.966 234.370
170.225 293.589
170.485 304.955
170.745 327.326
171.005 313.416
171.265 298.225
171.525 305.467
171.785 285.999
172.045 197.107
172.305 183.076
172.564 182.336
172.824 196.457
173.084 240.011
173.344 234.426
173.604 228.988
173.864 274.125
174.124 318.267
174.384 378.412
174.644 432.419
174.903 407.572
175.163 418.015
175.423 434.033
175.683 415.912
175.943 353.224
176.203 297.396
176.463 264.857
176.723 308.322
176.983 328.647
177.242 310.404
177.502 316.737
177.762 324.215
178.022 314.554
178.282 289.896
178.542 293.670
178.802 295.590
179.062 306.370
179.322 333.296
179.581 374.082
179.841 395.871
180.101 405.235
180.361 359.030
180.621 330.685
180.881 355.342
181.141 357.860
181.401 329.665
181.661 303.474
181.920 290.428
182.180 282.956
182.440 274.629
182.700 314.590
182.960 318.840
183.220 316.234
183.480 303.774
183.740 325.745
184.000 341.146
184.259 351.978
184.519 324.241
184.779 341.506
185.039 382.630
185.299 446.185
185.559 464.599
185.819 466.729
186.079 432.289
186.339 382.566
186.598 354.415
186.858 334.410
187.118 333.120
187.378 356.975
187.638 361.688
187.898 388.546
188.158 417.549
188.418 421.267
188.678 428.986
188.937 414.136
189.197 348.001
189.457 311.439
189.717 338.878
189.977 359.175
190.237 354.617
190.497 323.346
190.757 306.075
191.017 324.663
191.276 339.823
191.536 310.556
191.796 272.718
192.056 246.596
192.316 253.903
192.576 243.782
192.836 253.233
193.096 277.828
193.356 274.710
193.616 308.164
193.875 354.332
194.135 385.644
194.395 416.386
194.655 444.699
194.915 420.584
195.175 382.184
195.435 355.213
195.695 359.100
195.955 348.415
196.214 355.302
196.474 355.904
196.734 384.506
196.994 443.537
197.254 444.997
197.514 398.886
197.774 391.346
198.034 369.520
198.294 310.838
198.553 285.012
198.813 294.901
199.073 332.076
199.333 398.964
199.593 433.282
199.853 426.170
200.113 439.059
200.373 432.376
200.633 397.835
200.892 386.866
201.152 400.182
201.412 409.641
201.672 427.814
201.932 446.557
202.192 486.872
202.452 547.472
202.712 557.929
202.972 506.528
203.231 478.841
203.491 515.868
203.751 515.466
204.011 481.634
204.271 431.802
204.531 421.398
204.791 399.422
205.051 367.302
205.311 312.468
205.570 337.346
205.830 415.510
206.090 431.816
206.350 420.407
206.610 452.997
206.870 474.157
207.130 494.317
207.390 506.618
207.650 484.919
207.909 468.933
208.169 477.660
208.429 495.386
208.689 482.540
208.949 456.407
209.209 427.844
209.469 375.709
209.729 433.573
209.989 450.150
210.248 418.583
210.508 457.300
210.768 491.159
211.028 506.874
211.288 573.445
211.548 577.729
211.808 594.297
212.068 605.722
212.328 602.144
212.587 616.852
212.847 621.557
213.107 596.976
213.367 530.536
213.627 494.095
213.887 497.795
214.147 493.208
214.407 474.477
214.667 479.316
214.926 469.582
215.186 485.131
215.446 475.823
215.706 447.798
215.966 438.629
216.226 459.744
216.486 446.429
216.746 433.541
217.006 447.079
217.265 460.331
217.525 466.866
217.785 453.114
218.045 444.503
218.305 467.176
218.565 470.133
218.825 445.231
219.085 461.756
219.345 489.279
219.604 497.658
219.864 498.320
220.124 470.695
220.384 482.640
220.644 505.011
220.904 470.380
221.164 446.748
221.424 459.685
221.684 439.906
221.943 413.696
222.203 419.770
222.463 416.842
222.723 433.055
222.983 417.123
223.243 377.047
223.503 389.968
223.763 436.031
224.023 453.376
224.282 471.578
224.542 509.491
224.802 554.688
225.062 598.454
225.322 624.504
225.582 623.695
225.842 616.027
226.102 602.213
226.362 573.112
226.621 570.437
226.881 556.046
227.141 565.939
227.401 565.543
227.661 543.717
227.921 572.603
228.181 601.629
228.441 581.654
228.701 567.819
228.960 561.411
229.220 598.714
229.480 606.730
229.740 568.315
230.000 529.326
230.260 536.478
230.520 541.913
230.780 515.632
231.040 474.920
231.299 499.205
231.559 537.060
231.819 522.341
232.079 524.620
232.339 566.897
232.599 567.028
232.859 562.014
233.119 567.141
233.379 570.694
233.638 595.959
233.898 616.650
234.158 620.482
234.418 619.455
234.678 607.567
234.938 580.821
235.198 544.500
235.458 542.749
235.718 541.424
235.978 535.810
236.237 550.623
236.497 573.862
236.757 587.813
237.017 581.762
237.277 591.851
237.537 579.795
237.797 531.594
238.057 512.818
238.317 521.755
238.576 517.118
238.836 542.193
239.096 552.265
239.356 556.335
239.616 616.402
239.876 683.039
240.136 694.101
240.396 693.590
240.656 673.505
240.915 673.989
241.175 713.899
241.435 734.235
241.695 723.426
241.955 709.043
242.215 721.514
242.475 755.126
242.735 735.593
242.995 644.057
243.254 577.091
243.514 585.836
243.774 608.293
244.034 622.033
244.294 608.199
244.554 613.363
244.814 665.096
245.074 684.112
245.334 615.554
245.593 595.137
245.853 603.145
246.113 616.294
246.373 630.298
246.633 658.442
246.893 686.012
247.153 722.151
247.413 731.860
247.673 718.565
247.932 721.697
248.192 698.826
248.452 695.239
248.712 677.220
248.972 645.485
249.232 659.318
249.492 654.150
249.752 651.693
250.012 728.519
250.271 753.200
250.531 755.450
250.791 743.697
251.051 716.942
251.311 733.184
251.571 731.281
251.831 669.519
252.091 642.611
252.351 640.272
252.610 666.788
252.870 685.587
253.130 687.241
253.390 714.892
253.650 726.255
253.911 699.473
254.172 707.974
254.433 707.473
254.694 704.683
254.955 686.320
255.216 643.097
255.477 658.728
255.738 688.500
255.999 688.841
256.261 678.180
256.522 634.373
256.783 600.993
257.044 580.753
257.305 541.796
257.566 508.979
257.827 505.017
258.088 546.482
258.349 614.229
258.610 646.832
258.871 652.717
259.132 632.601
259.393 635.053
259.654 651.074
259.915 635.664
260.176 586.395
260.437 586.123
260.698 647.706
260.959 704.144
261.221 724.151
261.482 760.726
261.743 797.443
262.004 801.157
262.265 793.011
262.526 754.291
262.787 761.998
263.048 774.845
263.309 720.976
263.570 648.389
263.831 704.372
264.092 739.496
264.353 744.759
264.614 773.307
264.875 815.280
265.136 875.680
265.397 953.077
265.658 911.472
265.919 867.150
266.181 855.254
266.442 789.356
266.703 729.313
266.964 699.697
267.225 681.363
267.486 710.027
267.747 762.261
268.008 812.063
268.269 856.292
268.530 867.232
268.791 847.171
269.052 838.678
269.313 825.754
269.574 809.972
269.835 779.472
270.096 739.970
270.357 729.752
270.618 722.245
270.879 696.308
271.141 695.940
271.402 697.713
271.663 714.911
271.924 742.537
272.185 743.159
272.446 737.494
272.707 752.398
272.968 729.729
273.229 704.485
273.490 701.525
273.751 690.135
274.012 710.456
274.273 739.918
274.534 720.806
274.795 694.121
275.056 686.719
275.317 646.315
275.578 614.337
275.839 583.929
276.101 588.232
276.362 631.105
276.623 685.262
276.884 692.416
277.145 696.282
277.406 757.146
277.667 791.436
277.928 763.439
278.189 755.582
278.450 733.580
278.711 756.148
278.972 822.142
279.233 843.705
279.494 843.123
279.755 849.110
280.016 807.810
280.277 814.507
280.538 803.488
280.799 755.182
281.061 685.444
281.322 656.561
281.583 674.963
281.844 702.790
282.105 713.473
282.366 734.439
282.627 750.546
282.888 781.508
283.149 785.896
283.410 724.854
283.671 706.667
283.932 710.621
284.193 686.287
284.454 692.807
284.715 764.612
284.976 813.272
285.237 874.929
285.498 903.013
285.759 915.381
286.021 926.890
286.282 930.254
286.543 889.330
286.804 843.404
287.065 828.047
287.326 847.688
287.587 842.042
287.848 808.536
288.109 764.457
288.370 713.377
288.631 688.436
288.892 717.637
289.153 738.265
289.414 743.461
289.675 779.942
289.936 803.706
290.197 837.183
290.458 914.943
290.719 921.559
290.981 879.458
291.242 821.784
291.503 787.536
291.764 799.430
292.025 775.607
292.286 740.782
292.547 714.098
292.808 728.270
293.069 775.868
293.330 793.750
293.591 778.487
293.852 788.937
294.113 795.098
294.374 804.258
294.635 796.988
294.896 803.573
295.157 834.013
295.418 858.594
295.679 857.316
295.941 872.750
296.202 887.326
296.463 903.899
296.724 876.614
296.985 832.184
297.246 834.323
297.507 879.032
297.768 900.168
298.029 924.731
298.290 915.863
298.551 909.707
298.812 947.264
299.073 957.391
299.334 971.516
299.595 951.782
299.856 873.903
300.117 836.737
300.378 861.283
300.639 867.685
300.901 897.942
301.162 868.340
301.423 824.307
301.684 854.130
301.945 863.523
302.206 866.628
302.467 876.303
302.728 857.834
302.989 862.219
303.250 903.746
303.511 916.271
303.772 936.223
304.033 941.888
304.294 934.693
304.555 896.069
304.816 856.585
305.077 839.672
305.338 834.756
305.599 834.125
305.861 836.349
306.122 796.571
306.383 828.934
306.644 860.296
306.905 855.513
307.166 837.015
307.427 843.657
307.688 845.155
307.949 871.651
308.210 824.717
308.471 796.067
308.732 765.130
308.993 776.191
309.254 775.965
309.515 729.594
309.776 709.079
310.037 755.419
310.298 779.187
310.559 792.809
310.821 772.145
311.082 740.050
311.343 740.525
311.604 746.284
311.865 717.613
312.126 697.227
312.387 718.838
312.648 751.591
312.909 775.628
313.170 816.235
313.434 818.554
313.698 814.444
313.963 826.760
314.227 821.646
314.491 768.531
314.755 772.986
315.019 769.867
315.284 803.176
315.548 836.483
315.812 845.217
316.076 876.807
316.340 943.396
316.604 981.839
316.869 1020.425
317.133 1008.723
317.397 980.448
317.661 962.029
317.925 925.465
318.190 929.185
318.454 928.762
318.718 952.051
318.982 959.910
319.246 978.482
319.511 996.338
319.775 1025.906
320.039 1014.902
320.303 980.897
320.567 924.890
320.832 916.167
321.096 895.872
321.360 871.289
321.624 825.990
321.888 766.405
322.153 755.389
322.417 749.229
322.681 732.354
322.945 729.334
323.209 733.312
323.473 790.290
323.738 864.123
324.002 875.526
324.266 858.499
324.530 843.756
324.794 847.869
325.059 851.267
325.323 865.948
325.587 856.772
325.851 867.593
326.115 900.271
326.380 929.947
326.644 953.622
326.908 969.581
327.172 920.254
327.436 912.782
327.701 877.594
327.965 845.833
328.229 856.643
328.493 834.880
328.757 814.830
329.022 819.064
329.286 812.011
329.550 826.243
329.814 844.616
330.078 846.987
330.342 882.786
330.607 916.870
330.871 922.952
331.135 929.033
331.399 967.112
331.663 991.190
331.928 995.982
332.192 962.914
332.456 946.703
332.720 944.062
332.984 905.848
333.249 846.776
333.513 821.559
333.777 816.627
334.041 806.122
334.305 802.902
334.570 830.966
334.834 885.744
335.098 924.948
335.362 928.580
335.626 906.068
335.891 875.697
336.155 862.897
336.419 831.524
336.683 778.864
336.947 760.631
337.211 755.111
337.476 755.305
337.740 812.354
338.004 827.974
338.268 852.735
338.532 909.495
338.797 948.826
339.061 959.155
339.325 962.340
339.589 968.667
339.853 987.564
340.118 956.459
340.382 929.354
340.646 897.533
340.910 895.282
341.174 905.316
341.439 893.206
341.703 847.667
341.967 864.126
342.231 871.012
342.495 908.469
342.759 919.496
343.024 873.236
343.288 855.975
343.552 889.427
343.816 854.021
344.080 790.328
344.345 747.348
344.609 750.796
344.873 763.242
345.137 790.116
345.401 810.418
345.666 827.004
345.930 870.446
346.194 859.315
346.458 855.755
346.722 938.765
346.987 926.632
347.251 880.211
347.515 890.646
347.779 880.081
348.043 862.800
348.308 830.803
348.572 743.663
348.836 716.665
349.100 725.951
349.364 731.093
349.628 752.520
349.893 799.374
350.157 806.799
350.421 797.080
350.685 813.074
350.949 819.067
351.214 822.916
351.478 824.621
351.742 790.325
352.006 778.028
352.270 824.445
352.535 814.860
352.799 781.703
353.063 766.545
353.327 768.100
353.591 813.511
353.856 877.778
354.120 899.187
354.384 916.738
354.648 927.574
354.912 975.695
355.177 1014.386
355.441 1006.504
355.705 973.336
355.969 956.881
356.233 963.568
356.497 989.254
356.762 952.367
357.026 918.194
357.290 913.734
357.554 903.844
357.818 892.811
358.083 900.348
358.347 906.885
358.611 887.420
358.875 891.954
359.139 930.059
359.404 966.877
359.668 970.551
359.932 969.510
360.196 990.897
360.460 1062.997
360.725 1085.953
360.989 1067.908
361.253 1067.148
361.517 1108.530
361.781 1132.197
362.046 1103.291
362.310 1053.670
362.574 1039.334
362.838 1004.712
363.102 972.659
363.366 968.749
363.631 967.409
363.895 998.926
364.159 1027.584
364.423 1046.813
364.687 1075.470
364.952 1063.983
365.216 1022.638
365.480 990.006
365.747 980.945
366.013 951.740
366.280 924.962
366.546 931.470
366.813 956.262
367.079 982.339
367.346 1013.273
367.612 998.634
367.879 995.423
368.145 1001.639
368.412 972.141
368.678 967.927
368.945 949.855
369.211 927.497
369.478 924.138
369.744 915.920
370.011 910.131
370.278 911.912
370.544 890.549
370.811 892.329
371.077 894.393
371.344 902.742
371.610 930.233
371.877 960.438
372.143 1007.499
372.410 1047.416
372.676 1042.618
372.943 1024.962
373.209 1032.306
373.476 1043.505
373.742 1027.704
374.009 977.473
374.276 911.242
374.542 867.296
374.809 842.205
375.075 801.686
375.342 805.451
375.608 797.216
375.875 808.265
376.141 847.314
376.408 893.790
376.674 1002.266
376.941 1073.455
377.207 1031.501
377.474 1035.260
377.740 1069.732
378.007 1074.204
378.273 1062.818
378.540 983.288
378.807 930.472
379.073 928.797
379.340 910.551
379.606 891.161
379.873 899.199
380.139 904.664
380.406 896.129
380.672 867.593
380.939 846.056
381.205 850.947
381.472 849.695
381.738 857.013
382.005 897.045
382.271 922.218
382.538 966.963
382.804 1022.849
383.071 1044.307
383.338 1040.049
383.604 1034.362
383.871 1024.388
384.137 1011.128
384.404 1012.011
384.670 1000.606
384.937 996.487
385.203 997.081
385.470 990.818
385.736 960.982
386.003 957.288
386.269 957.308
386.536 993.185
386.802 1012.775
387.069 977.650
387.336 938.095
387.602 908.255
387.869 910.842
388.135 919.571
388.402 910.728
388.668 896.599
388.935 949.326
389.201 1007.910
389.468 1041.778
389.734 1060.218
390.001 1048.799
390.267 1040.952
390.534 1039.532
390.800 1012.968
391.067 996.119
391.333 1007.268
391.600 978.417
391.867 931.851
392.133 920.427
392.400 933.717
392.666 926.577
392.933 914.580
393.199 922.582
393.466 945.012
393.732 968.727
393.999 957.299
394.265 900.584
394.532 899.297
394.798 917.009
395.065 912.864
395.331 927.432
395.598 959.285
395.864 966.709
396.131 993.704
396.398 1025.555
396.664 1014.120
396.931 1015.970
397.197 1005.962
397.464 990.954
397.730 975.659
397.997 993.792
398.263 991.068
398.530 981.200
398.796 999.474
399.063 1010.748
399.329 1033.449
399.596 1072.864
399.862 1022.850
400.129 978.550
400.396 971.392
400.662 928.804
400.929 916.074
401.195 896.485
401.462 835.896
401.728 828.449
401.995 825.144
402.261 842.553
402.528 889.676
402.794 886.513
403.061 860.348
403.327 846.612
403.594 879.732
403.860 921.281
404.127 932.686
404.393 897.661
404.660 859.065
404.931 885.754
405.202 990.442
405.473 1012.129
405.745 986.245
406.016 993.646
406.287 988.332
406.558 1051.303
406.829 1088.987
407.100 1036.100
407.371 989.784
407.642 956.324
407.914 936.292
408.185 946.117
408.456 975.512
408.727 996.479
408.998 971.587
409.269 985.124
409.540 1009.660
409.811 969.339
410.083 957.445
410.354 936.408
410.625 919.228
410.896 934.618
411.167 990.723
411.438 1025.683
411.709 1062.358
411.981 1099.032
412.252 1105.991
412.523 1066.807
412.794 1103.765
413.065 1098.437
413.336 1100.680
413.607 1092.065
413.878 1038.735
414.150 965.691
414.421 969.788
414.692 954.171
414.963 971.982
415.234 1001.650
415.505 1046.174
415.776 1072.126
416.047 1069.078
416.319 1063.315
416.590 1061.123
416.861 1017.073
417.132 961.451
417.403 924.543
417.674 942.920
417.945 971.011
418.217 948.816
418.488 925.620
418.759 935.424
419.030 978.084
419.301 989.601
419.572 961.832
419.843 995.062
420.114 1015.006
420.386 1010.378
420.657 974.321
420.928 907.692
421.199 885.206
421.470 880.576
421.741 843.802
422.012 851.743
422.283 892.969
422.555 935.622
422.826 946.704
423.097 960.643
423.368 963.581
423.639 950.376
423.910 976.455
424.181 992.392
424.453 977.328
424.724 997.835
424.995 1030.342
425.266 1070.705
425.537 1101.354
425.808 1073.287
426.079 1042.078
426.350 1035.868
426.622 1029.657
426.893 995.732
427.164 964.806
427.435 938.165
427.706 935.096
427.977 905.026
428.248 903.812
428.519 890.313
428.791 871.241
429.062 887.598
429.333 937.097
429.604 948.310
429.875 974.665
430.146 959.163
430.417 965.660
430.689 1008.014
430.960 1017.225
431.231 996.864
431.502 1014.359
431.773 1021.426
432.044 1072.634
432.315 1087.128
432.586 1067.336
432.858 1052.830
433.129 1042.037
433.400 977.100
433.671 924.878
433.942 884.798
434.213 859.432
434.484 863.494
434.755 872.555
435.027 871.759
435.298 904.534
435.569 951.309
435.840 949.797
436.116 984.714
436.391 1024.058
436.667 1054.117
436.942 1104.604
437.218 1124.376
437.493 1117.861
437.769 1136.347
438.045 1125.832
438.320 1091.602
438.596 1042.229
438.871 972.713
439.147 936.053
439.422 935.679
439.698 943.304
439.974 919.072
440.249 903.697
440.525 935.178
440.800 1014.373
441.076 1068.853
441.351 1037.762
441.627 1002.242
441.903 1080.435
442.178 1099.200
442.454 1087.392
442.729 1076.442
443.005 1054.776
443.281 1064.396
443.556 1072.873
443.832 1023.207
444.107 995.683
444.383 998.873
444.658 990.776
444.934 1019.108
445.210 1059.011
445.485 1102.485
445.761 1132.244
446.036 1129.861
446.312 1112.619
446.587 1095.091
446.863 1076.421
447.139 1071.321
447.414 1035.364
447.690 1012.549
447.965 1037.305
448.241 1033.347
448.516 1021.959
448.792 983.286
449.068 950.183
449.343 931.938
449.619 950.406
449.894 992.016
450.170 973.912
450.445 961.522
450.721 957.989
450.997 946.884
451.272 957.207
451.548 901.816
451.823 826.995
452.099 838.317
452.375 846.353
452.650 913.246
452.926 957.138
453.201 945.316
453.477 980.207
453.752 1038.956
454.028 1058.704
454.304 1066.594
454.579 1063.056
454.855 1065.517
455.130 1081.978
455.406 1071.438
455.681 1043.327
455.957 1037.787
456.233 1024.389
456.508 1018.991
456.784 1016.450
457.059 1016.908
457.335 1006.366
457.610 1003.253
457.886 1017.281
458.162 1036.738
458.437 1021.909
458.713 1030.223
458.988 1036.107
459.264 1039.277
459.539 1033.875
459.815 997.901
460.091 970.785
460.366 949.810
460.642 914.693
460.917 904.146
461.193 897.028
461.468 893.766
461.744 894.505
462.020 911.814
462.295 937.266
462.571 972.860
462.846 981.312
463.122 1007.474
463.397 1028.209
463.673 1052.943
463.949 1039.678
464.224 1011.853
464.500 984.734
464.775 997.443
465.051 1014.589
465.327 987.946
465.602 998.240
465.878 1070.284
466.153 1115.863
466.429 1170.021
466.704 1206.971
466.980 1223.222
467.256 1273.097
467.531 1276.142
467.807 1243.383
468.082 1202.970
468.358 1142.367
468.633 1121.936
468.909 1130.044
469.185 1105.296
469.460 1095.904
469.736 1101.786
470.011 1098.051
470.287 1108.839
470.562 1090.788
470.838 1056.312
471.114 1082.063
471.389 1102.067
471.665 1067.362
471.940 1071.846
472.216 1090.842
472.491 1126.540
472.767 1134.294
473.043 1117.143
473.318 1093.743
473.594 1092.436
473.869 1094.337
474.145 1066.352
474.421 1023.350
474.696 1035.177
474.972 1060.397
475.247 1079.320
475.523 1103.183
475.798 1120.962
476.074 1158.970
476.350 1187.632
476.625 1155.492
476.901 1111.977
477.176 1043.995
477.452 1035.249
477.727 1051.744
478.003 1047.764
478.279 1046.945
478.554 1067.534
478.830 1072.928
479.105 1123.443
479.381 1143.499
479.656 1140.139
479.932 1152.694
480.208 1138.974
480.483 1127.074
480.759 1152.015
481.034 1172.878
481.310 1146.106
481.585 1117.915
481.861 1091.683
482.137 1100.443
482.412 1126.309
482.688 1084.816
482.963 1056.759
483.239 1106.242
483.514 1125.305
483.790 1116.244
484.066 1125.414
484.341 1121.072
484.617 1136.856
484.892 1149.085
485.168 1125.180
485.443 1123.594
485.719 1120.314
485.995 1073.610
486.270 1029.536
486.546 1027.176
486.821 1047.330
487.097 1049.726
487.373 1009.106
487.648 935.848
487.924 886.360
488.199 891.363
488.475 881.860
488.750 835.942
489.026 792.293
489.302 834.876
489.577 922.799
489.853 957.297
490.128 981.776
490.404 1034.202
490.679 1084.549
490.955 1095.175
491.231 1055.725
491.506 1064.524
491.782 1095.827
492.057 1089.401
492.333 1020.794
492.608 964.969
492.884 975.044
493.160 971.522
493.435 929.682
493.711 907.694
493.986 909.104
494.262 917.945
494.537 916.909
494.813 904.288
495.089 919.519
495.364 962.743
495.640 996.710
495.915 1001.231
496.191 1050.882
496.467 1077.974
496.742 1099.825
497.018 1098.939
497.293 1085.637
497.569 1082.627
497.844 1065.684
498.120 1060.006
498.396 1062.718
498.671 1041.372
498.947 1057.400
499.222 1062.310
499.498 1049.407
499.773 1073.213
500.049 1061.345
500.325 1092.053
500.600 1139.922
500.876 1169.029
501.151 1181.206
501.427 1215.011
501.702 1198.723
501.978 1226.232
502.254 1252.613
502.529 1232.499
502.805 1205.849
503.080 1194.756
503.356 1160.792
503.631 1173.946
503.907 1155.004
504.183 1119.356
504.458 1109.436
504.734 1116.365
505.009 1112.874
505.285 1123.699
505.560 1098.374
505.836 1065.420
506.112 1025.676
506.387 1001.228
506.663 989.353
506.938 985.540
507.214 1002.492
507.490 1050.647
507.765 1065.940
508.041 1093.282
508.316 1150.456
508.592 1160.579
508.867 1145.592
509.143 1115.876
509.419 1067.926
509.694 1085.196
509.970 1071.646
510.245 1010.251
510.521 971.187
510.796 969.480
511.072 964.350
511.348 999.157
511.623 1019.837
511.899 1028.866
512.174 1020.875
512.450 1012.356
512.725 1050.359
513.001 1073.625
513.277 1055.102
513.552 1057.675
513.828 1053.764
514.103 1075.956
514.379 1170.666
514.654 1191.590
514.930 1178.011
515.206 1156.411
515.481 1122.795
515.757 1143.609
516.032 1158.317
516.308 1108.665
516.583 1080.082
516.859 1103.347
517.135 1126.465
517.410 1116.974
517.686 1058.921
517.961 1066.660
518.237 1080.961
518.513 1057.741
518.788 1003.199
519.064 971.558
519.339 964.396
519.615 1017.061
519.890 1017.606
520.166 998.935
520.442 978.827
520.717 985.475
520.993 973.457
521.268 969.629
521.544 966.086
521.819 958.703
522.095 980.081
522.371 1025.845
522.646 1093.328
522.922 1149.891
523.197 1160.153
523.473 1136.297
523.748 1104.243
524.024 1069.728
524.300 1039.598
524.575 1001.561
524.851 1007.816
525.126 1016.800
525.402 1017.590
525.677 1020.153
525.953 1042.928
526.229 1065.720
526.504 1082.637
526.780 1094.670
527.055 1120.613
527.331 1116.466
527.606 1147.789
527.882 1137.694
528.158 1133.189
528.433 1115.282
528.709 1091.207
528.984 1043.807
529.260 1015.133
529.535 978.834
529.811 975.532
530.087 980.525
530.362 998.030
530.638 984.553
530.913 1005.122
531.189 1068.598
531.465 1104.137
531.740 1119.802
532.016 1129.964
532.291 1131.710
532.567 1183.416
532.842 1199.522
533.118 1159.200
533.394 1152.732
533.669 1179.938
533.945 1178.401
534.220 1178.798
534.496 1150.193
534.771 1166.378
535.047 1222.785
535.323 1241.791
535.598 1197.134
535.874 1160.440
536.149 1134.622
536.425 1132.881
536.700 1085.234
536.976 1025.242
537.252 1002.622
537.527 1024.247
537.803 1041.028
538.078 1044.225
538.354 1032.603
538.629 1054.210
538.905 1130.376
539.181 1189.874
539.456 1163.999
539.732 1139.018
540.007 1135.747
540.283 1116.654
540.558 1088.502
540.834 1027.529
541.110 975.506
541.385 970.231
541.661 983.428
541.936 1000.092
542.212 1029.652
542.488 1062.733
542.763 1062.539
543.039 1050.748
543.314 1058.074
543.590 1079.300
543.865 1060.137
544.141 1067.773
544.417 1078.973
544.692 1070.130
544.968 1068.666
545.243 1095.604
545.519 1100.282
545.794 1086.601
546.070 1074.814
546.348 1073.746
546.627 1133.281
546.905 1196.076
547.183 1186.938
547.461 1167.551
547.740 1167.517
548.018 1112.672
548.296 1062.686
548.575 998.104
548.853 943.710
549.131 932.561
549.409 942.995
549.688 958.406
549.966 987.320
550.244 1018.172
550.523 1059.429
550.801 1064.138
551.079 1055.424
551.357 1022.889
551.636 1024.669
551.914 1060.125
552.192 1067.497
552.471 1065.751
552.749 1092.455
553.027 1114.424
553.306 1162.019
553.584 1181.957
553.862 1194.056
554.140 1229.850
554.419 1255.913
554.697 1205.911
554.975 1188.127
555.254 1214.949
555.532 1207.115
555.810 1158.294
556.088 1120.017
556.367 1087.188
556.645 1127.544
556.923 1119.274
557.202 1041.689
557.480 1022.328
557.758 1059.244
558.036 1066.468
558.315 1050.720
558.593 1022.351
558.871 1024.786
559.150 1060.277
559.428 1116.310
559.706 1138.920
559.984 1153.368
560.263 1198.501
560.541 1242.114
560.819 1256.201
561.098 1239.471
561.376 1222.203
561.654 1232.892
561.932 1248.068
562.211 1225.600
562.489 1208.316
562.767 1253.532
563.046 1313.125
563.324 1378.158
563.602 1450.305
563.880 1520.580
564.159 1617.019
564.437 1765.578
564.715 1894.566
564.994 2052.311
565.272 2238.846
565.550 2449.282
565.828 2712.044
566.107 3045.436
566.385 3417.994
566.663 3905.984
566.942 4407.712
567.220 4902.846
567.498 5449.135
567.776 6071.656
568.055 6703.242
568.333 7299.610
568.611 7896.200
568.890 8560.054
569.168 9184.470
569.446 9776.754
569.725 10387.926
570.003 10985.844
570.281 11592.669
570.559 12140.195
570.838 12629.622
571.116 13125.703
571.394 13567.043
571.673 13891.501
571.951 14149.487
572.229 14336.296
572.507 14449.569
572.786 14464.908
573.064 14433.981
573.342 14438.494
573.621 14400.230
573.899 14307.426
574.177 14208.110
574.455 14100.908
574.734 14037.393
575.012 13967.592
575.290 13825.440
575.569 13632.214
575.847 13482.508
576.125 13322.311
576.403 13126.096
576.682 12850.695
576.960 12507.692
577.243 12134.918
577.527 11796.021
577.810 11413.609
578.093 10969.207
578.377 10500.759
578.660 10066.446
578.944 9609.382
579.227 9103.223
579.510 8560.260
579.794 7961.396
580.077 7349.709
580.360 6727.883
580.644 6051.933
580.927 5425.429
581.210 4809.219
581.494 4212.214
581.777 3670.783
582.061 3188.326
582.344 2766.839
582.627 2448.707
582.911 2178.730
583.194 1999.174
583.477 1861.273
583.761 1751.524
584.044 1664.686
584.327 1580.251
584.611 1498.953
584.894 1445.614
585.178 1366.054
585.461 1307.790
585.744 1284.931
586.028 1246.204
586.311 1218.742
586.594 1218.709
586.878 1195.548
587.161 1201.908
587.444 1176.124
587.728 1149.610
588.011 1187.342
588.295 1205.416
588.578 1190.367
588.861 1160.868
589.145 1120.373
589.428 1153.263
589.711 1153.210
589.995 1099.336
590.278 1132.148
590.562 1159.390
590.845 1172.594
591.128 1212.732
591.412 1212.661
591.695 1188.328
591.978 1206.362
592.262 1148.264
592.545 1090.318
592.828 1065.172
593.112 1053.358
593.395 1031.950
593.679 1042.555
593.962 1011.876
594.245 984.084
594.529 1018.952
594.812 1070.314
595.095 1061.228
595.379 1036.868
595.662 1031.407
595.945 1053.456
596.229 1106.983
596.512 1118.436
596.796 1122.701
597.079 1127.367
597.362 1159.223
597.646 1186.682
597.929 1223.798
598.212 1259.044
598.496 1238.275
598.779 1192.573
599.062 1175.105
599.346 1166.934
599.629 1167.467
599.913 1144.780
600.196 1071.280
600.479 1063.287
600.763 1100.029
601.046 1108.938
601.329 1115.690
601.613 1103.779
601.896 1111.911
602.179 1174.296
602.463 1206.024
602.746 1169.436
603.030 1170.726
603.313 1165.703
603.596 1149.079
603.880 1094.898
604.163 1047.519
604.446 1030.998
604.730 1040.306
605.013 1053.370
605.296 1041.664
605.580 1041.729
605.863 1092.276
606.147 1100.319
606.430 1139.921
606.713 1168.076
606.997 1147.560
607.280 1167.633
607.563 1213.130
607.847 1203.549
608.130 1203.893
608.414 1179.850
608.697 1155.601
608.980 1155.958
609.264 1151.825
609.547 1121.148
609.830 1120.373
610.114 1123.249
610.397 1108.887
610.680 1106.586
610.964 1059.978
611.247 1008.636
611.531 1022.577
611.814 1066.718
612.097 1070.019
612.381 1039.684
612.664 1034.562
612.947 1096.612
613.231 1144.360
613.514 1128.054
613.797 1070.222
614.081 1037.184
614.364 1014.787
614.648 1000.383
614.931 965.619
615.214 926.490
615.498 941.335
615.781 956.614
616.064 997.282
616.348 1048.208
616.631 1062.602
616.914 1074.896
617.198 1112.977
617.481 1094.213
617.765 1064.975
618.048 1062.878
618.331 1064.134
618.615 1076.920
618.898 1077.264
619.181 1045.131
619.465 1021.712
619.748 1030.385
620.031 1030.704
620.315 1057.601
620.598 1082.727
620.882 1114.062
621.165 1127.844
621.448 1141.899
621.732 1165.201
622.015 1165.261
622.298 1119.047
622.582 1112.093
622.865 1085.603
623.148 1144.270
623.432 1199.095
623.715 1223.059
623.999 1213.370
624.282 1205.115
624.565 1240.113
624.849 1314.310
625.132 1292.960
625.415 1260.737
625.699 1227.945
625.982 1261.972
626.265 1315.126
626.549 1247.791
626.832 1339.937
627.116 1410.558
627.399 1402.044
627.682 1383.795
627.966 1382.371
628.249 1361.569
628.532 1380.643
628.816 1222.459
629.099 1106.648
629.383 1097.070
629.666 1126.767
629.949 1110.495
630.233 1090.808
630.516 1065.511
630.799 1029.046
631.083 1003.205
631.366 1021.089
631.649 1025.276
631.933 1021.583
632.216 1029.382
632.500 1060.739
632.783 1112.034
633.066 1168.745
633.350 1161.632
633.633 1139.708
633.916 1139.603
634.200 1131.625
634.483 1079.367
634.766 1037.859
635.050 1030.000
635.333 1049.500
635.617 1052.276
635.900 1040.010
636.183 1057.775
636.467 1101.135
636.750 1123.614
637.033 1113.730
637.317 1082.833
637.600 1068.602
637.883 1046.744
638.167 1027.207
638.450 1013.404
638.734 992.299
639.017 1023.601
639.300 1039.690
639.584 1059.122
639.867 1079.081
640.150 1074.715
640.434 1097.191
640.717 1109.003
641.000 1071.104
641.284 1090.800
641.567 1095.108
641.851 1122.834
642.134 1165.075
642.417 1169.053
642.701 1169.639
642.984 1145.720
643.267 1104.740
643.551 1064.684
643.834 1020.493
644.117 1005.863
644.401 981.579
644.684 958.580
644.968 961.690
645.251 970.311
645.534 1004.262
645.818 1027.511
646.101 981.284
646.384 952.879
646.668 942.952
646.951 963.235
647.235 979.248
647.518 972.196
647.801 932.790
648.085 941.806
648.368 981.629
648.651 1003.669
648.935 984.211
649.218 977.749
649.501 990.245
649.785 1018.536
650.068 1020.442
650.352 1024.005
650.635 1073.087
650.918 1119.514
651.202 1095.051
651.485 1055.627
651.768 1035.692
652.052 1025.790
652.335 1025.972
652.618 977.428
652.902 932.308
653.185 939.082
653.469 988.526
653.752 1023.337
654.035 1051.879
654.319 1054.471
654.602 1065.856
654.885 1089.635
655.169 1112.666
655.452 1082.136
655.735 1062.299
656.019 1091.494
656.302 1095.007
656.586 1084.177
656.869 1101.691
657.152 1126.726
657.436 1168.041
657.719 1156.998
658.002 1104.920
658.286 1098.647
658.569 1120.358
658.852 1090.584
659.136 1057.107
659.419 1036.667
659.703 1034.226
659.986 1035.408
660.269 1039.980
660.553 1052.725
660.836 1078.046
661.119 1067.944
661.403 1031.534
661.686 1029.116
661.969 1064.681
662.253 1059.320
662.536 1054.343
662.820 1059.267
663.103 1049.052
663.386 1071.730
663.670 1076.595
663.953 1042.025
664.236 1029.890
664.520 1024.708
664.803 1033.131
665.086 1085.607
665.370 1105.368
665.653 1132.213
665.937 1160.942
666.220 1168.279
666.503 1176.650
666.787 1138.625
667.070 1114.912
667.353 1084.524
667.637 1056.582
667.920 1068.355
668.204 1056.504
668.487 1023.277
668.770 1025.471
669.054 1004.501
669.337 1024.638
669.620 1075.242
669.904 1066.903
670.187 1054.838
670.470 1046.403
670.754 1056.222
671.037 1067.662
671.321 1059.589
671.604 1039.564
671.887 1037.810
672.171 1055.705
672.454 1074.579
672.737 1091.953
673.021 1115.415
673.304 1146.289
673.587 1163.332
673.871 1177.105
674.154 1201.576
674.438 1227.052
674.721 1222.165
675.004 1177.373
675.288 1123.532
675.571 1074.498
675.854 1016.441
676.138 994.476
676.421 1027.099
676.704 1053.217
676.988 1074.782
677.271 1097.674
677.555 1121.794
677.838 1188.050
678.121 1170.519
678.405 1132.576
678.688 1141.945
678.971 1189.887
679.255 1209.558
679.538 1196.742
679.821 1154.652
680.105 1178.297
680.388 1164.435
680.672 1110.834
680.955 1064.105
681.238 1073.317
681.522 1107.331
681.805 1111.266
682.088 1139.866
682.372 1179.451
682.655 1198.151
682.938 1229.716
683.222 1229.282
683.505 1220.567
683.789 1247.008
684.072 1209.923
684.355 1173.733
684.639 1211.340
684.922 1220.940
685.205 1229.542
685.489 1264.460
685.772 1257.498
686.056 1260.974
686.339 1289.203
686.622 1311.766
686.906 1299.490
687.189 1253.214
687.472 1167.985
687.756 1171.013
688.039 1189.251
688.322 1167.077
688.606 1124.624
688.889 1124.859
689.173 1162.147
689.456 1213.461
689.739 1197.076
690.023 1200.743
690.306 1217.090
690.589 1194.280
690.873 1147.079
691.156 1116.282
691.439 1096.343
691.723 1120.677
692.006 1128.575
692.290 1130.557
692.573 1138.227
692.856 1139.340
693.140 1123.981
693.423 1114.240
693.706 1133.220
693.990 1156.667
694.273 1156.456
694.556 1172.802
694.840 1188.041
695.123 1214.183
695.407 1238.362
695.690 1229.120
695.973 1186.770
696.257 1169.312
696.540 1152.594
696.830 1152.749
697.120 1195.871
697.410 1196.558
697.699 1138.739
697.989 1133.296
698.279 1148.735
698.569 1133.064
698.859 1111.050
699.149 1045.836
699.439 1050.110
699.729 1052.684
700.018 1008.449
700.308 998.254
700.598 1001.889
700.888 992.618
701.178 1000.799
701.468 967.403
701.758 1002.560
702.048 1049.640
702.337 1027.923
702.627 1023.879
702.917 1032.142
703.207 1032.748
703.497 1061.379
703.787 1020.709
704.077 982.996
704.366 959.342
704.656 963.631
704.946 1025.505
705.236 1011.988
705.526 987.950
705.816 1011.111
706.106 1014.677
706.396 1017.449
706.685 1036.459
706.975 1013.091
707.265 1025.087
707.555 1012.721
707.845 996.757
708.135 1051.354
708.425 1102.413
708.715 1098.886
709.004 1109.090
709.294 1133.355
709.584 1156.827
709.874 1165.622
710.164 1147.125
710.454 1151.964
710.744 1143.239
711.034 1154.555
711.323 1186.404
711.613 1191.737
711.903 1203.426
712.193 1184.289
712.483 1156.170
712.773 1152.756
713.063 1145.051
713.352 1132.705
713.642 1144.820
713.932 1144.105
714.222 1176.356
714.512 1175.887
714.802 1160.201
715.092 1131.274
715.382 1071.653
715.671 1049.137
715.961 1064.871
716.251 1018.787
716.541 1033.789
716.831 1082.805
717.121 1087.428
717.411 1098.368
717.701 1093.054
717.990 1063.291
718.280 1073.465
718.570 1044.268
718.860 988.277
719.150 1030.395
719.440 1071.500
719.730 1086.272
720.019 1094.508
720.309 1114.365
720.599 1139.277
720.889 1154.199
721.179 1123.821
721.469 1078.665
721.759 1063.819
722.049 1074.158
722.338 1091.869
722.628 1067.934
722.918 1072.933
723.208 1090.529
723.498 1134.190
723.788 1152.251
724.078 1150.993
724.368 1133.797
724.657 1177.382
724.947 1185.562
725.237 1143.391
725.527 1099.320
725.817 1060.596
726.107 1043.409
726.397 1048.180
726.686 1018.859
726.976 1039.703
727.266 1074.831
727.556 1090.770
727.846 1101.836
728.136 1131.216
728.426 1125.485
728.716 1100.447
729.005 1047.086
729.295 1018.682
729.585 1033.273
729.875 1071.428
730.165 1062.780
730.455 1086.096
730.745 1124.411
731.035 1135.923
731.324 1144.580
731.614 1138.844
731.904 1128.231
732.194 1124.830
732.484 1066.499
732.774 1042.525
733.064 1056.331
733.354 1038.173
733.643 1050.772
733.933 1073.990
734.223 1070.031
734.513 1093.161
734.803 1112.863
735.093 1136.698
735.383 1129.186
735.672 1090.327
735.962 1045.322
736.252 1007.603
736.542 1001.782
736.832 1014.657
737.122 1001.751
737.412 1024.486
737.702 1049.331
737.991 1070.851
738.281 1114.796
738.571 1155.429
738.861 1133.609
739.151 1128.375
739.441 1143.523
739.731 1166.056
740.021 1137.393
740.310 1122.393
740.600 1101.297
740.890 1137.465
741.180 1191.118
741.470 1195.334
741.760 1160.117
742.050 1208.144
742.339 1190.395
742.629 1154.578
742.919 1107.501
743.209 1049.041
743.499 1044.270
743.789 1047.565
744.079 968.709
744.369 983.425
744.658 1014.435
744.948 1051.169
745.238 1058.451
745.528 1057.460
745.818 1070.273
746.108 1152.175
746.398 1169.233
746.688 1190.331
746.977 1204.064
747.267 1205.855
747.557 1187.321
747.847 1154.257
748.137 1075.049
748.427 1053.934
748.717 1030.692
749.006 1027.405
749.296 1023.331
749.586 1020.674
749.876 1056.464
750.166 1094.157
750.456 1132.677
750.746 1138.188
751.036 1111.666
751.325 1120.903
751.615 1132.667
751.905 1125.472
752.195 1123.923
752.485 1136.931
752.775 1164.744
753.065 1168.308
753.355 1161.537
753.644 1197.927
753.934 1184.090
754.224 1166.346
754.514 1108.873
754.804 1073.608
755.094 1085.942
755.384 1085.849
755.674 1059.032
755.963 1097.400
756.253 1156.217
756.543 1183.366
756.833 1176.817
757.123 1148.059
757.413 1156.840
757.703 1142.138
757.992 1093.068
758.282 1066.431
758.572 1059.130
758.862 1082.422
759.152 1123.659
759.442 1121.014
759.732 1100.363
760.022 1130.709
760.311 1149.118
760.601 1153.626
760.891 1111.707
761.181 1059.897
761.471 1072.863
761.761 1134.317
762.051 1132.210
762.341 1114.326
762.630 1121.854
762.920 1145.767
763.210 1179.462
763.500 1155.780
763.793 1133.913
764.086 1123.722
764.379 1134.223
764.671 1137.158
764.964 1107.390
765.257 1093.624
765.550 1089.073
765.843 1065.254
766.136 1055.656
766.429 998.450
766.722 948.535
767.014 956.774
767.307 919.219
767.600 911.761
767.893 942.041
768.186 974.903
768.479 1027.876
768.772 1067.340
769.064 1126.366
769.357 1164.832
769.650 1145.565
769.943 1113.770
770.236 1112.504
770.529 1139.814
770.822 1156.870
771.115 1160.942
771.407 1187.095
771.700 1244.729
771.993 1254.696
772.286 1223.620
772.579 1205.029
772.872 1196.410
773.165 1138.005
773.457 1107.341
773.750 1095.850
774.043 1103.104
774.336 1109.476
774.629 1088.907
774.922 1062.710
775.215 1092.244
775.508 1101.142
775.800 1080.859
776.093 1078.252
776.386 1137.112
776.679 1199.080
776.972 1228.976
777.265 1240.301
777.558 1250.391
777.850 1265.911
778.143 1268.627
778.436 1207.796
778.729 1130.084
779.022 1105.275
779.315 1081.184
779.608 1063.512
779.900 1046.873
780.193 1011.476
780.486 1021.815
780.779 1045.808
781.072 1037.803
781.365 1046.246
781.658 1073.813
781.951 1093.929
782.243 1130.509
782.536 1148.019
782.829 1171.677
783.122 1210.685
783.415 1231.366
783.708 1236.612
784.001 1266.647
784.293 1274.468
784.586 1246.409
784.879 1221.064
785.172 1213.044
785.465 1220.810
785.758 1250.109
786.051 1213.044
786.344 1187.918
786.636 1191.233
786.929 1194.652
787.222 1177.621
787.515 1176.175
787.808 1175.342
788.101 1205.636
788.394 1231.752
788.686 1254.858
788.979 1241.612
789.272 1227.226
789.565 1178.017
789.858 1110.690
790.151 1057.724
790.444 1047.168
790.737 1032.069
791.029 1054.933
791.322 1081.770
791.615 1097.329
791.908 1116.115
792.201 1176.963
792.494 1188.329
792.787 1211.288
793.079 1206.709
793.372 1211.843
793.665 1252.979
793.958 1290.348
794.251 1259.753
794.544 1254.544
794.837 1240.329
795.130 1244.938
795.422 1248.212
795.715 1212.667
796.008 1183.606
796.301 1191.324
796.594 1162.011
796.887 1118.739
797.180 1095.098
797.472 1063.392
797.765 1039.936
798.058 996.982
798.351 966.240
798.644 1038.906
798.937 1110.005
799.230 1103.908
799.523 1089.407
799.815 1112.953
800.108 1127.507
800.401 1152.379
800.694 1133.427
800.987 1134.554
801.280 1164.230
801.573 1186.481
801.865 1173.106
802.158 1183.402
802.451 1166.874
802.744 1156.439
803.037 1139.020
803.330 1111.242
803.623 1116.718
803.915 1142.641
804.208 1146.983
804.501 1119.420
804.794 1066.093
805.087 1052.495
805.380 1067.828
805.673 1085.672
805.966 1089.663
806.258 1112.901
806.551 1127.527
806.844 1139.570
807.137 1161.748
807.430 1210.543
807.723 1198.664
808.016 1159.812
808.308 1126.259
808.601 1155.747
808.894 1175.588
809.187 1162.766
809.480 1154.078
809.773 1187.487
810.066 1176.272
810.359 1146.476
810.651 1137.652
810.944 1116.430
811.237 1070.274
811.530 990.399
811.825 948.484
812.119 981.848
812.414 1016.065
812.709 1023.989
813.003 1037.173
813.298 1139.987
813.593 1230.054
813.887 1264.204
814.182 1272.604
814.476 1267.326
814.771 1236.079
815.066 1237.480
815.360 1174.844
815.655 1162.018
815.950 1151.585
816.244 1160.292
816.539 1200.825
816.834 1299.576
817.128 1329.027
817.423 1274.485
817.718 1225.144
818.012 1224.079
818.307 1204.975
818.602 1164.895
818.896 1109.998
819.191 1146.565
819.486 1247.949
819.780 1270.011
820.075 1282.861
820.369 1319.583
820.664 1338.907
820.959 1337.937
821.253 1302.019
821.548 1272.058
821.843 1282.971
822.137 1258.159
822.432 1247.578
822.727 1276.017
823.021 1260.422
823.316 1209.586
823.611 1188.433
823.905 1194.418
824.200 1214.493
824.495 1188.998
824.789 1149.824
825.084 1174.848
825.379 1218.116
825.673 1235.598
825.968 1235.418
826.262 1231.638
826.557 1241.143
826.852 1273.258
827.146 1256.946
827.441 1198.361
827.736 1190.612
828.030 1209.049
828.325 1190.689
828.620 1233.435
828.914 1249.177
829.209 1240.571
829.504 1273.305
829.798 1235.007
830.093 1201.407
830.388 1226.051
830.682 1172.392
830.977 1123.072
831.271 1107.692
831.566 1128.332
831.861 1190.561
832.155 1192.227
832.450 1157.701
832.745 1164.121
833.039 1155.992
833.334 1156.003
833.629 1127.798
833.923 1065.948
834.218 1015.653
834.513 1004.440
834.807 977.499
835.102 964.125
835.397 942.930
835.691 925.393
835.986 932.558
836.281 956.382
836.575 948.500
836.870 960.558
837.164 973.463
837.459 976.424
837.754 1002.763
838.048 1025.719
838.343 1035.180
838.638 1059.231
838.932 1060.934
839.227 1060.826
839.522 1075.678
839.816 1093.502
840.111 1136.044
840.406 1214.718
840.700 1251.879
840.995 1300.281
841.290 1328.459
841.584 1341.999
841.879 1309.960
842.174 1270.910
842.468 1208.713
842.763 1177.405
843.057 1141.865
843.352 1139.660
843.647 1163.283
843.941 1204.617
844.236 1240.562
844.531 1273.334
844.825 1286.311
845.120 1320.912
845.415 1308.572
845.709 1315.491
846.004 1316.358
846.299 1276.493
846.593 1231.931
846.888 1227.891
847.183 1203.796
847.477 1204.568
847.772 1182.533
848.066 1167.209
848.361 1196.159
848.656 1203.719
848.950 1240.153
849.245 1287.487
849.540 1308.678
849.834 1318.285
850.129 1347.028
850.424 1327.709
850.718 1345.191
851.013 1341.233
851.308 1352.666
851.602 1366.339
851.897 1349.872
852.192 1351.512
852.486 1383.793
852.781 1413.272
853.076 1416.902
853.370 1360.599
853.665 1388.290
853.959 1421.551
854.254 1388.451
854.549 1376.018
854.843 1383.844
855.138 1357.887
855.433 1365.144
855.727 1324.487
856.022 1287.968
856.317 1303.914
856.611 1321.367
856.906 1316.314
857.201 1328.533
857.495 1320.416
857.790 1281.129
858.085 1261.141
858.379 1234.092
858.674 1177.521
858.969 1114.062
859.263 1094.694
859.558 1123.248
859.852 1123.976
860.147 1161.586
860.442 1215.937
860.736 1240.064
861.031 1295.766
861.326 1327.496
861.620 1290.624
861.915 1328.013
862.210 1339.786
862.504 1290.184
862.799 1270.204
863.094 1217.887
863.388 1170.431
863.683 1165.759
863.978 1143.192
864.272 1111.597
864.567 1082.607
864.861 1092.181
865.156 1128.837
865.451 1160.043
865.745 1192.149
866.040 1190.892
866.335 1189.021
866.629 1251.731
866.924 1259.130
867.219 1228.913
867.513 1209.651
867.808 1196.454
868.103 1187.531
868.397 1173.381
868.692 1162.574
868.987 1187.090
869.281 1180.719
869.576 1142.195
869.871 1109.500
870.165 1088.671
870.460 1097.471
870.754 1085.065
871.049 1037.732
871.344 1049.430
871.638 1084.147
871.933 1116.635
872.228 1222.208
872.522 1257.648
872.817 1274.637
873.112 1296.376
873.406 1285.022
873.701 1276.879
873.996 1274.896
874.290 1201.428
874.585 1170.385
874.880 1153.255
875.174 1129.960
875.469 1102.005
875.764 1067.021
876.058 1024.423
876.353 1017.391
876.647 1025.024
876.942 1028.935
877.237 1045.941
877.531 1073.816
877.826 1103.491
878.121 1155.445
878.415 1164.953
878.710 1143.185
879.005 1078.595
879.299 1025.073
879.594 1018.519
879.889 1014.016
880.183 968.252
880.478 961.592
880.773 963.752
881.067 1003.957
881.362 1024.595
881.656 1025.738
881.951 1023.592
882.246 1023.208
882.540 996.414
882.835 975.531
883.130 981.965
883.424 997.173
883.719 981.935
884.014 976.361
884.308 995.474
884.603 1010.861
884.898 1019.922
885.192 1034.544
885.487 1046.757
885.782 1024.351
886.076 1012.247
886.371 969.887
886.666 942.275
886.960 977.491
887.255 986.560
887.549 990.973
887.844 1019.853
888.139 1037.518
888.433 1074.868
888.728 1084.449
889.023 1051.110
889.317 1023.942
889.612 1013.954
889.907 1031.027
890.201 1031.158
890.496 1010.686
890.791 1022.221
891.085 1048.630
891.380 1025.196
891.675 998.971
891.969 1006.289
892.264 998.236
892.559 996.501
892.853 1016.173
893.148 994.496
893.442 982.681
893.737 984.848
894.032 937.479
894.326 926.556
894.621 948.889
894.916 928.365
895.210 899.499
895.505 910.691
895.800 911.819
896.094 929.590
896.389 923.105
896.684 910.501
896.978 924.917
897.273 952.158
897.568 983.866
897.862 1012.060
898.157 1063.925
898.451 1110.591
898.746 1110.867
899.041 1108.754
899.335 1131.029
899.630 1150.991
899.925 1120.865
900.219 1031.932
900.514 1020.465
900.809 1014.003
901.103 993.582
901.398 996.865
901.693 950.945
901.987 932.863
902.282 978.298
902.577 982.076
902.871 998.673
903.166 1015.018
903.461 970.436
903.755 958.487
904.050 972.021
904.344 963.170
904.639 928.431
904.934 906.925
905.228 924.863
905.523 962.133
905.818 971.793
906.112 992.235
906.407 1006.298
906.702 1011.273
906.996 1046.896
907.291 1043.233
907.586 1044.894
907.880 1087.417
908.175 1116.884
908.470 1128.788
908.764 1138.342
909.059 1112.540
909.354 1117.914
909.648 1133.494
909.943 1148.067
910.237 1156.205
910.532 1165.404
910.827 1181.935
911.121 1199.977
911.416 1195.461
911.711 1200.770
912.005 1169.623
912.300 1143.750
912.599 1149.572
912.898 1182.382
913.196 1181.492
913.495 1177.698
913.794 1175.605
914.093 1174.023
914.391 1196.525
914.690 1186.231
914.989 1127.994
915.288 1081.691
915.586 1040.845
915.885 1020.966
916.184 1030.868
916.483 1002.339
916.782 981.937
917.080 1028.949
917.379 1101.434
917.678 1153.364
917.977 1170.334
918.275 1177.157
918.574 1172.393
918.873 1166.293
919.172 1130.366
919.471 1080.716
919.769 1045.818
920.068 1032.742
920.367 995.557
920.666 970.027
920.964 995.412
921.263 999.269
921.562 1012.787
921.861 1030.507
922.159 1019.481
922.458 1034.762
922.757 1082.214
923.056 1082.410
923.355 1068.808
923.653 1088.088
923.952 1112.702
924.251 1112.233
924.550 1100.586
924.848 1091.372
925.147 1084.540
925.446 1103.212
925.745 1070.920
926.043 1051.987
926.342 1065.589
926.641 1107.092
926.940 1111.655
927.239 1119.890
927.537 1156.168
927.836 1193.396
928.135 1209.987
928.434 1229.267
928.732 1212.028
929.031 1210.993
929.330 1200.520
929.629 1173.299
929.927 1184.742
930.226 1175.182
930.525 1184.718
930.824 1192.534
931.123 1209.137
931.421 1241.432
931.720 1260.116
932.019 1237.569
932.318 1242.339
932.616 1225.418
932.915 1228.273
933.214 1231.100
933.513 1250.844
933.812 1252.472
934.110 1319.239
934.409 1366.682
934.708 1363.870
935.007 1395.787
935.305 1425.980
935.604 1457.859
935.903 1534.479
936.202 1551.791
936.500 1559.211
936.799 1589.022
937.098 1565.313
937.397 1553.523
937.696 1500.147
937.994 1445.850
938.293 1412.694
938.592 1417.246
938.891 1490.696
939.189 1526.677
939.488 1543.172
939.787 1569.088
940.086 1553.233
940.384 1549.518
940.683 1613.971
940.982 1633.736
941.281 1646.642
941.580 1677.805
941.878 1708.221
942.177 1714.621
942.476 1681.131
942.775 1615.830
943.073 1582.096
943.372 1586.288
943.671 1538.541
943.970 1514.402
944.268 1545.840
944.567 1570.530
944.866 1516.381
945.165 1498.367
945.464 1527.424
945.762 1590.496
946.061 1629.478
946.360 1635.252
946.659 1649.595
946.957 1700.588
947.256 1672.951
947.555 1608.561
947.854 1553.518
948.153 1499.778
948.451 1527.660
948.750 1532.758
949.049 1514.951
949.348 1557.873
949.646 1592.372
949.945 1588.977
950.244 1589.523
950.543 1503.812
950.841 1455.000
951.140 1440.548
951.439 1426.709
951.738 1436.740
952.037 1435.004
952.335 1425.987
952.634 1388.822
952.933 1426.612
953.232 1480.293
953.530 1455.099
953.829 1444.712
954.128 1465.648
954.427 1506.349
954.725 1551.462
955.024 1488.560
955.323 1426.862
955.622 1392.943
955.921 1354.872
956.219 1311.487
956.518 1256.531
956.817 1237.425
957.116 1228.102
957.414 1185.681
957.713 1199.315
958.012 1202.644
958.311 1210.728
958.610 1226.044
958.908 1264.484
959.207 1336.631
959.506 1386.281
959.805 1352.848
960.103 1307.441
960.402 1263.269
960.701 1251.098
961.000 1227.646
961.298 1195.560
961.597 1199.292
961.896 1209.272
962.195 1209.859
962.494 1214.021
962.792 1190.910
963.091 1195.568
963.390 1219.385
963.689 1226.747
963.987 1229.109
964.286 1227.182
964.585 1311.180
964.884 1422.309
965.182 1473.352
965.481 1475.889
965.780 1460.175
966.080 1465.638
966.380 1496.610
966.680 1429.429
966.981 1342.898
967.281 1311.707
967.581 1285.826
967.881 1271.393
968.181 1248.174
968.481 1237.546
968.781 1266.800
969.082 1283.075
969.382 1280.385
969.682 1254.124
969.982 1221.693
970.282 1244.992
970.582 1248.681
970.882 1229.951
971.183 1215.438
971.483 1211.946
971.783 1247.260
972.083 1300.224
972.383 1285.411
972.683 1263.946
972.983 1243.480
973.284 1229.675
973.584 1233.746
973.884 1200.687
974.184 1145.279
974.484 1124.049
974.784 1150.258
975.084 1161.917
975.385 1158.083
975.685 1142.226
975.985 1158.048
976.285 1179.406
976.585 1205.309
976.885 1208.833
977.185 1239.966
977.486 1273.888
977.786 1255.055
978.086 1232.937
978.386 1230.961
978.686 1232.025
978.986 1193.839
979.286 1137.181
979.587 1069.947
979.887 1060.908
980.187 1058.065
980.487 1093.365
980.787 1089.950
981.087 1073.821
981.387 1064.264
981.688 1082.135
981.988 1089.721
982.288 1099.449
982.588 1083.749
982.888 1101.334
983.188 1156.348
983.488 1193.648
983.789 1195.805
984.089 1171.961
984.389 1164.690
984.689 1177.561
984.989 1163.146
985.289 1112.589
985.589 1086.888
985.890 1102.188
986.190 1120.630
986.490 1146.073
986.790 1138.801
987.090 1111.815
987.390 1122.400
987.690 1124.985
987.991 1080.285
988.291 1048.013
988.591 1044.455
988.891 1027.612
989.191 1052.197
989.491 1090.639
989.791 1116.224
990.092 1163.238
990.392 1181.823
990.692 1183.408
990.992 1183.707
991.292 1195.007
991.592 1195.735
991.892 1179.177
992.193 1155.048
992.493 1165.776
992.793 1161.218
993.093 1168.660
993.393 1174.959
993.693 1159.830
993.993 1160.986
994.294 1172.714
994.594 1157.442
994.894 1132.741
995.194 1102.326
995.494 1077.625
995.794 1090.924
996.094 1068.795
996.395 1030.094
996.695 1025.107
996.995 1010.549
997.295 989.706
997.595 963.862
997.895 910.018
998.195 952.603
998.496 996.616
998.796 1036.915
999.096 1087.928
999.396 1158.799
999.696 1212.812
999.996 1241.968
1000.296 1218.124
1000.597 1252.566
1000.897 1230.865
1001.197 1178.021
1001.497 1143.463
1001.797 1117.048
1002.097 1143.204
1002.397 1159.646
1002.698 1101.944
1002.998 1085.958
1003.298 1137.542
1003.598 1177.984
1003.898 1183.854
1004.198 1175.439
1004.498 1191.166
1004.799 1240.751
1005.099 1284.906
1005.399 1257.777
1005.699 1261.790
1005.999 1294.660
1006.299 1279.101
1006.599 1266.829
1006.900 1254.413
1007.200 1225.140
1007.500 1215.011
1007.800 1159.452
1008.100 1099.608
1008.400 1082.907
1008.700 1098.634
1009.001 1127.790
1009.301 1157.088
1009.601 1185.672
1009.901 1235.400
1010.201 1250.127
1010.501 1273.997
1010.801 1231.438
1011.102 1157.451
1011.402 1152.892
1011.702 1156.191
1012.002 1120.918
1012.302 1137.074
1012.602 1149.515
1012.902 1183.242
1013.203 1187.826
1013.503 1179.839
1013.803 1157.137
1014.103 1127.293
1014.403 1145.020
1014.703 1170.033
1015.003 1131.902
1015.304 1127.915
1015.604 1115.213
1015.904 1113.798
1016.204 1115.667
1016.504 1069.251
1016.804 1005.835
1017.104 1005.991
1017.405 1031.432
1017.705 1036.016
1018.005 1019.743
1018.305 1007.470
1018.605 1057.482
1018.905 1123.066
1019.205 1159.507
1019.506 1186.520
1019.806 1194.961
1020.106 1248.402
1020.406 1345.700
1020.706 1335.713
1021.006 1327.582
1021.306 1327.452
1021.607 1287.178
1021.907 1273.905
1022.207 1249.917
1022.507 1186.216
1022.807 1162.799
1023.107 1105.097
1023.407 1073.396
1023.708 1081.265
1024.008 1062.134
1024.308 1059.004
1024.608 1109.445
1024.908 1142.600
1025.208 1150.041
1025.508 1174.910
1025.809 1196.494
1026.109 1230.221
1026.409 1258.947
1026.709 1200.959
1027.009 1149.686
1027.309 1174.841
1027.609 1194.710
1027.910 1247.580
1028.210 1291.020
1028.510 1286.175
1028.810 1341.330
1029.110 1397.771
1029.410 1425.069
1029.710 1397.367
1030.011 1334.665
1030.311 1294.105
1030.611 1269.117
1030.911 1270.415
1031.211 1278.284
1031.511 1256.582
1031.811 1231.594
1032.112 1217.749
1032.412 1251.047
1032.712 1285.344
1033.012 1240.785
1033.312 1187.083
1033.612 1160.666
1033.912 1154.964
1034.212 1165.833
1034.513 1103.416
1034.813 1067.143
1035.113 1079.583
1035.413 1087.309
1035.713 1115.893
1036.013 1147.619
1036.313 1116.631
1036.614 1143.357
1036.914 1149.511
1037.214 1135.809
1037.514 1130.249
1037.814 1123.118
1038.114 1098.273
1038.414 1088.713
1038.715 1080.868
1039.015 1072.880
1039.315 1053.606
1039.615 1046.475
1039.915 1048.487
1040.215 1073.213
1040.515 1102.082
1040.816 1074.379
1041.116 1055.962
1041.416 1093.402
1041.716 1112.271
1042.016 1083.569
1042.316 1064.152
1042.616 1067.163
1042.917 1107.318
1043.217 1136.187
1043.517 1120.627
1043.817 1109.496
1044.117 1115.650
1044.417 1150.662
1044.717 1181.245
1045.018 1166.685
1045.318 1138.982
1045.618 1121.851
1045.918 1127.005
1046.218 1114.731
1046.518 1126.600
1046.818 1126.754
1047.119 1125.051
1047.419 1156.920
1047.719 1166.217
1048.019 1166.657
1048.319 1175.097
1048.619 1149.966
1048.919 1134.977
1049.220 1121.417
1049.520 1141.286
1049.820 1155.012
1050.120 1158.737
1050.420 1183.892
1050.720 1202.760
1051.020 1190.343
1051.321 1180.497
1051.621 1119.366
1051.921 1077.948
1052.221 1080.531
1052.521 1089.828
1052.821 1095.125
1053.121 1100.994
1053.422 1155.291
1053.722 1190.730
1054.022 1201.456
1054.322 1197.039
1054.622 1182.336
1054.922 1159.918
1055.222 1179.358
1055.523 1154.084
1055.823 1164.952
1056.123 1186.535
1056.423 1146.403
1056.723 1130.843
1057.023 1141.283
1057.323 1138.151
1057.624 1127.591
1057.924 1124.602
1058.224 1133.470
1058.524 1157.767
1058.824 1176.635
1059.124 1155.932
1059.424 1132.229
1059.725 1130.240
1060.025 1116.537
1060.325 1102.548
1060.625 1141.273
1060.925 1134.284
1061.225 1133.295
1061.525 1145.020
1061.826 1183.031
1062.126 1210.614
1062.426 1286.339
1062.726 1311.350
1063.026 1325.504
1063.326 1343.658
1063.626 1330.526
1063.927 1323.537
1064.227 1301.119
1064.527 1189.702
1064.827 1113.998
1065.127 1117.152
1065.427 1122.163
1065.727 1109.888
1066.028 1071.042
1066.328 1064.481
1066.628 1095.921
1066.928 1109.646
1067.228 1059.657
1067.528 1043.810
1067.828 1094.393
1068.129 1114.689
1068.429 1096.271
1068.729 1105.568
1069.029 1141.436
1069.329 1213.732
1069.629 1233.743
1069.929 1201.754
1070.230 1227.193
1070.530 1259.061
1070.830 1274.500
1071.130 1274.940
1071.430 1222.379
1071.730 1194.818
1072.030 1203.543
1072.331 1190.697
1072.631 1185.707
1072.931 1159.289
1073.231 1152.729
1073.531 1207.454
1073.831 1217.036
1074.131 1174.332
1074.432 1130.628
1074.732 1123.353
1075.032 1120.935
1075.332 1078.660
1075.632 1006.814
1075.932 987.967
1076.232 1008.406
1076.533 1022.131
1076.833 1005.570
1077.133 1022.724
1077.433 1054.306
1077.733 1082.887
1078.033 1104.327
1078.333 1101.766
1078.634 1132.776
1078.934 1192.358
1079.234 1207.511
1079.534 1216.808
1079.834 1225.532
1080.134 1219.686
1080.434 1202.839
1080.735 1162.992
1081.035 1118.288
1081.335 1094.584
1081.635 1067.595
1081.935 1051.462
1082.235 1040.330
1082.535 1100.912
1082.836 1159.208
1083.136 1158.932
1083.436 1147.657
1083.736 1141.525
1084.036 1160.821
1084.336 1198.402
1084.636 1177.984
1084.937 1159.137
1085.237 1172.005
1085.537 1221.444
1085.837 1247.025
1086.137 1232.321
1086.437 1236.474
1086.737 1265.913
1087.038 1233.638
1087.338 1179.076
1087.638 1136.658
1087.938 1148.525
1088.238 1180.964
1088.538 1130.403
1088.838 1108.413
1089.139 1146.566
1089.439 1216.005
1089.739 1219.301
1090.039 1206.311
1090.339 1154.035
1090.639 1160.046
1090.939 1134.341
1091.240 1132.780
1091.540 1132.362
1091.840 1128.372
1092.140 1100.525
1092.453 1109.106
1092.766 1101.688
1093.079 1104.984
1093.392 1122.994
1093.705 1120.004
1094.018 1165.157
1094.330 1190.452
1094.643 1217.319
1094.956 1232.901
1095.269 1225.768
1095.582 1183.492
1095.895 1174.931
1096.208 1155.655
1096.521 1172.237
1096.834 1191.247
1097.147 1197.542
1097.460 1192.838
1097.773 1183.562
1098.085 1141.143
1098.398 1132.011
1098.711 1140.735
1099.024 1132.602
1099.337 1120.183
1099.650 1117.336
1099.963 1140.631
1100.276 1189.356
1100.589 1206.223
1100.902 1178.804
1101.215 1165.242
1101.528 1203.824
1101.841 1209.548
1102.153 1181.986
1102.466 1170.853
1102.779 1142.149
1103.092 1135.444
1103.405 1146.597
1103.718 1115.749
1104.031 1175.759
1104.344 1201.483
1104.657 1179.922
1104.970 1178.788
1105.283 1199.084
1105.596 1200.236
1105.909 1184.818
1106.221 1108.685
1106.534 1074.123
1106.847 1081.704
1107.160 1061.856
1107.473 1029.295
1107.786 1010.733
1108.099 1001.028
1108.412 1038.324
1108.725 1073.619
1109.038 1067.772
1109.351 1087.495
1109.664 1094.934
1109.977 1083.800
1110.289 1098.381
1110.602 1075.677
1110.915 1043.972
1111.228 1016.125
1111.541 988.277
1111.854 974.144
1112.167 970.868
1112.480 994.591
1112.793 1021.172
1113.106 1021.182
1113.419 1061.763
1113.732 1101.630
1114.044 1101.068
1114.357 1092.649
1114.670 1088.944
1114.983 1096.525
1115.296 1135.963
1115.609 1141.258
1115.922 1123.839
1116.235 1125.705
1116.548 1139.715
1116.861 1170.581
1117.174 1152.305
1117.487 1126.600
1117.800 1104.181
1118.112 1098.048
1118.425 1112.486
1118.738 1129.209
1119.051 1089.504
1119.364 1100.228
1119.677 1145.666
1119.990 1170.247
1120.303 1203.971
1120.616 1226.694
1120.929 1233.703
1121.242 1235.284
1121.555 1177.865
1121.868 1110.017
1122.180 1112.169
1122.493 1109.893
1122.806 1094.759
1123.119 1055.197
1123.432 1031.064
1123.745 1094.359
1124.058 1135.368
1124.371 1124.520
1124.684 1086.244
1124.997 1046.396
1125.310 1051.262
1125.623 1080.843
1125.935 1075.995
1126.248 1100.433
1126.561 1133.013
1126.874 1173.451
1127.187 1225.746
1127.500 1257.898
1127.813 1297.764
1128.126 1279.488
1128.439 1183.211
1128.752 1132.649
1129.065 1120.372
1129.378 1098.953
1129.691 1063.819
1130.003 1017.257
1130.316 1020.552
1130.629 1050.704
1130.942 1057.570
1131.255 1070.436
1131.568 1078.588
1131.881 1086.740
1132.194 1101.463
1132.507 1085.329
1132.820 1144.624
1133.133 1275.348
1133.446 1307.785
1133.759 1349.366
1134.071 1401.089
1134.384 1391.526
1134.697 1396.107
1135.010 1347.544
1135.323 1210.982
1135.636 1150.991
1135.949 1097.286
1136.262 1046.580
1136.575 1035.018
1136.888 1066.455
1137.201 1087.036
1137.514 1109.902
1137.826 1174.768
1138.139 1240.348
1138.452 1293.500
1138.765 1319.509
1139.078 1328.232
1139.391 1331.384
1139.704 1322.393
1140.017 1251.830
1140.330 1193.125
1140.643 1155.419
1140.956 1117.857
1141.269 1126.580
1141.582 1141.732
1141.894 1184.598
1142.207 1209.035
1142.520 1188.901
1142.833 1169.910
1143.146 1202.347
1143.459 1164.642
1143.772 1133.651
1144.085 1075.088
1144.398 1068.240
1144.711 1102.391
1145.024 1102.400
1145.337 1090.694
1145.650 1072.132
1145.962 1100.569
1146.275 1135.006
1146.588 1116.587
1146.901 1111.310
1147.214 1122.175
1147.527 1124.898
1147.840 1145.621
1148.153 1150.773
1148.466 1130.067
1148.779 1157.505
1149.092 1184.085
1149.405 1191.236
1149.718 1167.388
1150.030 1153.254
1150.343 1161.405
1150.656 1188.128
1150.969 1171.422
1151.282 1087.431
1151.595 1050.154
1151.908 1105.448
1152.221 1137.743
1152.534 1128.608
1152.847 1132.188
1153.160 1152.197
1153.473 1239.634
1153.785 1283.785
1154.098 1274.651
1154.411 1270.803
1154.724 1269.240
1155.037 1235.105
1155.350 1224.400
1155.663 1171.980
1155.976 1113.702
1156.289 1038.997
1156.602 1013.005
1156.915 988.585
1157.228 1011.165
1157.541 1045.602
1157.853 1071.468
1158.166 1127.190
1158.479 1180.770
1158.792 1196.779
1159.105 1205.501
1159.418 1242.796
1159.731 1242.233
1160.044 1206.384
1160.357 1192.250
1160.670 1217.258
1160.983 1217.123
1161.296 1205.418
1161.609 1120.140
1161.921 1048.292
1162.234 1039.443
1162.547 1044.451
1162.860 1024.031
1163.173 1021.611
1163.486 1030.619
1163.799 1058.342
1164.112 1069.207
1164.425 1086.073
1164.738 1079.224
1165.051 1077.661
1165.364 1076.098
1165.676 1098.535
1165.989 1122.543
1166.302 1179.694
1166.615 1218.845
1166.928 1240.996
1167.241 1237.719
1167.554 1215.584
1167.867 1185.450
1168.180 1163.029
1168.493 1153.609
1168.806 1150.617
1169.119 1131.768
1169.432 1148.634
1169.744 1202.928
1170.057 1210.365
1170.370 1212.944
1170.683 1175.524
1170.996 1151.246
1171.309 1196.397
1171.622 1197.263
1171.935 1177.985
1172.248 1205.422
1172.561 1235.430
1172.874 1276.295
1173.187 1299.018
1173.500 1261.026
1173.812 1214.605
1174.125 1193.471
1174.438 1188.622
1174.751 1165.773
1175.064 1121.495
1175.377 1096.932
1175.690 1090.797
1176.003 1103.662
1176.316 1099.385
1176.629 1052.393
1176.942 1031.258
1177.255 1055.552
1177.567 1060.131
1177.880 1081.711
1178.193 1116.576
1178.506 1107.584
1178.819 1158.878
1179.132 1203.314
1179.445 1187.608
1179.758 1193.187
1180.071 1185.053
1180.384 1199.203
1180.697 1269.640
1181.010 1283.934
1181.323 1256.370
1181.635 1246.378
1181.948 1242.815
1182.261 1269.394
1182.574 1261.259
1182.887 1222.267
1183.200 1191.990
1183.513 1201.140
1183.826 1206.148
1184.139 1182.156
1184.452 1123.736
1184.765 1068.172
1185.078 1020.037
1185.391 974.759
1185.703 955.196
1186.016 989.632
1186.329 1009.640
1186.642 1036.648
1186.955 1061.227
1187.268 1113.235
1187.581 1146.100
1187.894 1150.394
1188.207 1092.687
1188.520 1053.552
1188.833 1029.846
1189.146 1041.425
1189.459 1016.004
1189.771 1023.584
1190.084 1045.163
1190.397 1091.028
1190.710 1132.893
1191.023 1151.043
1191.336 1118.765
1191.649 1142.059
1191.962 1179.638
1192.275 1166.360
1192.588 1162.511
1192.901 1184.090
1193.214 1165.241
1193.526 1192.677
1193.839 1181.970
1194.152 1135.121
1194.465 1123.557
1194.778 1120.565
1195.091 1130.287
1195.404 1145.866
1195.717 1108.874
1196.030 1103.167
1196.343 1112.461
1196.656 1134.040
1196.969 1171.762
1197.282 1173.769
1197.594 1177.491
1197.907 1197.928
1198.220 1186.650
1198.533 1166.943
1198.846 1174.665
1199.159 1119.958
1199.472 1098.109
1199.785 1100.259
1200.098 1100.410
1200.411 1095.132
1200.724 1078.996
1201.037 1054.861
1201.350 1073.869
1201.662 969.162
1201.975 934.951
1202.288 905.855
1202.601 892.209
