400.129 949.361
400.396 939.770
400.662 900.749
400.929 887.870
401.195 867.276
401.462 810.397
401.728 802.230
401.995 804.349
402.261 824.468
402.528 866.871
402.794 877.560
403.061 855.248
403.327 837.792
403.594 866.765
403.860 903.451
404.127 911.423
404.393 877.251
404.660 838.649
404.931 863.762
405.202 957.017
405.473 974.985
405.745 953.382
406.016 962.492
406.287 954.887
406.558 1006.282
406.829 1043.391
407.100 996.784
407.371 954.463
407.642 925.427
407.914 907.676
408.185 920.496
408.456 946.173
408.727 964.563
408.998 941.810
409.269 950.914
409.540 967.731
409.811 930.690
410.083 919.364
410.354 902.608
410.625 889.851
410.896 901.523
411.167 947.337
411.438 973.008
411.709 985.106
411.981 1010.347
412.252 1023.159
412.523 990.399
412.794 1034.066
413.065 1049.591
413.336 1065.829
413.607 1077.638
413.878 1031.018
414.150 961.684
414.421 957.920
414.692 937.870
414.963 940.105
415.234 960.625
415.505 1000.716
415.776 1024.807
416.047 1011.468
416.319 1005.272
416.590 1000.647
416.861 958.164
417.132 898.967
417.403 854.769
417.674 872.999
417.945 909.657
418.217 887.886
418.488 868.257
418.759 883.342
419.030 922.998
419.301 939.082
419.572 911.880
419.843 940.106
420.114 971.903
420.386 977.413
420.657 953.495
420.928 902.719
421.199 879.228
421.470 869.451
421.741 832.102
422.012 838.753
422.283 877.117
422.555 907.481
422.826 915.987
423.097 938.779
423.368 951.284
423.639 940.218
423.910 957.008
424.181 969.083
424.453 950.444
424.724 955.661
424.995 978.163
425.266 1023.380
425.537 1065.024
425.808 1036.239
426.079 1000.740
426.350 992.097
426.622 999.740
426.893 973.096
427.164 927.881
427.435 891.093
427.706 890.020
427.977 868.231
428.248 879.014
428.519 867.082
428.791 848.864
429.062 875.502
429.333 925.283
429.604 944.635
429.875 962.843
430.146 931.194
430.417 928.402
430.689 968.609
430.960 977.244
431.231 951.165
431.502 965.799
431.773 987.290
432.044 1053.924
432.315 1078.414
432.586 1063.046
432.858 1056.250
433.129 1064.168
433.400 1002.513
433.671 952.716
433.942 912.203
434.213 873.262
434.484 871.320
434.755 868.521
435.027 846.864
435.298 863.635
435.569 901.406
435.840 911.319
436.116 970.374
436.391 1004.287
436.667 1027.484
436.942 1084.110
437.218 1113.450
437.493 1110.361
437.769 1125.271
438.045 1109.038
438.320 1078.662
438.596 1029.142
438.871 955.479
439.147 919.530
439.422 915.009
439.698 902.774
439.974 860.110
440.249 843.730
440.525 879.922
440.800 949.685
441.076 990.733
441.351 959.638
441.627 928.114
441.903 1002.161
442.178 1013.779
442.454 1005.683
442.729 1011.300
443.005 1012.060
443.281 1021.962
443.556 1027.864
443.832 983.908
444.107 960.666
444.383 969.424
444.658 957.324
444.934 964.510
445.210 1002.409
445.485 1064.023
445.761 1108.921
446.036 1115.391
446.312 1080.432
446.587 1047.758
446.863 1028.941
447.139 1012.552
447.414 961.591
447.690 931.916
447.965 951.525
448.241 960.849
448.516 964.173
448.792 929.210
449.068 909.961
449.343 900.427
449.619 925.463
449.894 965.927
450.170 938.249
450.445 929.712
450.721 933.033
450.997 920.210
451.272 931.816
451.548 879.278
451.823 812.597
452.099 840.916
452.375 842.234
452.650 894.552
452.926 936.155
453.201 927.329
453.477 948.503
453.752 992.820
454.028 999.422
454.304 1011.738
454.579 1018.053
454.855 1021.368
455.130 1033.683
455.406 1023.569
455.681 1008.026
455.957 1012.482
456.233 1002.224
456.508 999.966
456.784 1000.136
457.059 1000.019
457.335 997.188
457.610 991.929
457.886 1008.526
458.162 1021.265
458.437 1006.861
458.713 1016.886
458.988 1020.196
459.264 1018.505
459.539 1000.957
459.815 947.552
460.091 925.289
460.366 903.597
460.642 854.048
460.917 839.499
461.193 840.520
461.468 859.827
461.744 886.991
462.020 903.440
462.295 929.174
462.571 973.623
462.846 976.942
463.122 983.690
463.397 979.724
463.673 983.321
463.949 973.482
464.224 946.374
464.500 916.545
464.775 939.958
465.051 968.946
465.327 955.434
465.602 971.434
465.878 1043.476
466.153 1084.761
466.429 1136.622
466.704 1168.698
466.980 1181.926
467.256 1229.920
467.531 1231.240
467.807 1192.161
468.082 1150.139
468.358 1087.041
468.633 1062.974
468.909 1065.573
469.185 1028.276
469.460 1010.520
469.736 1017.954
470.011 1020.226
470.287 1047.687
470.562 1032.184
470.838 1000.539
471.114 1038.629
471.389 1059.706
471.665 1015.850
471.940 1022.200
472.216 1042.370
472.491 1085.273
472.767 1097.180
473.043 1075.780
473.318 1058.129
473.594 1071.000
473.869 1065.048
474.145 1025.590
474.421 981.264
474.696 995.403
474.972 1029.918
475.247 1050.287
475.523 1063.090
475.798 1076.625
476.074 1115.643
476.350 1143.869
476.625 1115.509
476.901 1076.644
477.176 1017.380
477.452 1016.786
477.727 1039.705
478.003 1033.408
478.279 1035.643
478.554 1057.389
478.830 1051.904
479.105 1086.627
479.381 1106.839
479.656 1114.633
479.932 1131.853
480.208 1109.475
480.483 1090.354
480.759 1115.337
481.034 1137.553
481.310 1104.323
481.585 1076.681
481.861 1050.178
482.137 1069.747
482.412 1111.121
482.688 1084.127
482.963 1068.866
483.239 1111.862
483.514 1111.778
483.790 1103.162
484.066 1100.376
484.341 1074.647
484.617 1073.472
484.892 1075.177
485.168 1061.446
485.443 1066.326
485.719 1059.532
485.995 1011.333
486.270 969.045
486.546 976.199
486.821 1009.509
487.097 1016.875
487.373 979.127
487.648 917.555
487.924 881.335
488.199 896.210
488.475 877.173
488.750 814.147
489.026 769.521
489.302 818.691
489.577 896.945
489.853 922.912
490.128 944.458
490.404 997.338
490.679 1042.675
490.955 1045.323
491.231 1003.353
491.506 1018.719
491.782 1056.449
492.057 1044.007
492.333 981.259
492.608 935.902
492.884 944.984
493.160 947.056
493.435 902.978
493.711 873.703
493.986 872.559
494.262 873.105
494.537 881.034
494.813 872.598
495.089 872.685
495.364 918.580
495.640 957.712
495.915 966.406
496.191 1016.842
496.467 1029.557
496.742 1045.294
497.018 1053.942
497.293 1036.413
497.569 1021.759
497.844 1000.494
498.120 998.579
498.396 1018.244
498.671 1004.622
498.947 1019.933
499.222 1031.526
499.498 1029.226
499.773 1050.802
500.049 1033.439
500.325 1054.157
500.600 1095.520
500.876 1117.862
501.151 1119.026
501.427 1148.620
501.702 1141.441
501.978 1169.734
502.254 1193.781
502.529 1186.290
502.805 1160.174
503.080 1150.774
503.356 1136.576
503.631 1161.262
503.907 1150.792
504.183 1119.740
504.458 1108.809
504.734 1119.771
505.009 1113.965
505.285 1105.701
505.560 1070.976
505.836 1038.019
506.112 1000.873
506.387 979.168
506.663 968.303
506.938 972.868
507.214 992.291
507.490 1033.534
507.765 1053.730
508.041 1089.696
508.316 1152.740
508.592 1167.612
508.867 1141.863
509.143 1100.998
509.419 1044.976
509.694 1044.519
509.970 1008.076
510.245 921.940
510.521 888.553
510.796 900.427
511.072 915.461
511.348 960.200
511.623 984.408
511.899 1008.277
512.174 1014.855
512.450 996.379
512.725 1024.737
513.001 1036.134
513.277 1017.815
513.552 1019.898
513.828 1007.829
514.103 1032.983
514.379 1137.663
514.654 1155.533
514.930 1143.265
515.206 1122.277
515.481 1097.996
515.757 1121.666
516.032 1124.956
516.308 1056.185
516.583 1025.592
516.859 1047.378
517.135 1073.044
517.410 1059.006
517.686 998.363
517.961 1005.756
518.237 1022.083
518.513 999.884
518.788 953.115
519.064 933.633
519.339 939.326
519.615 991.760
519.890 995.241
520.166 985.944
520.442 970.405
520.717 974.439
520.993 949.630
521.268 926.452
521.544 921.294
521.819 912.569
522.095 922.314
522.371 961.801
522.646 1013.440
522.922 1067.698
523.197 1084.700
523.473 1066.602
523.748 1040.989
524.024 1017.009
524.300 1011.754
524.575 986.838
524.851 995.005
525.126 1011.644
525.402 1014.484
525.677 1012.261
525.953 1030.937
526.229 1033.919
526.504 1043.725
526.780 1052.740
527.055 1075.811
527.331 1077.131
527.606 1115.423
527.882 1098.452
528.158 1091.599
528.433 1084.893
528.709 1068.475
528.984 1019.687
529.260 986.629
529.535 951.702
529.811 965.002
530.087 987.313
530.362 1010.464
530.638 998.634
530.913 1006.336
531.189 1051.432
531.465 1081.445
531.740 1092.710
532.016 1093.504
532.291 1089.449
532.567 1132.695
532.842 1156.044
533.118 1135.758
533.394 1121.619
533.669 1130.601
533.945 1120.153
534.220 1123.046
534.496 1104.716
534.771 1128.952
535.047 1181.595
535.323 1209.755
535.598 1178.846
535.874 1145.192
536.149 1111.114
536.425 1100.689
536.700 1047.691
536.976 987.400
537.252 972.766
537.527 996.335
537.803 1012.096
538.078 1025.808
538.354 1021.478
538.629 1038.122
538.905 1100.309
539.181 1139.799
539.456 1112.217
539.732 1091.304
540.007 1067.276
540.283 1048.608
540.558 1034.123
540.834 986.252
541.110 940.821
541.385 931.710
541.661 943.479
541.936 965.912
542.212 990.086
542.488 1021.892
542.763 1023.529
543.039 1012.854
543.314 1021.864
543.590 1043.790
543.865 1033.823
544.141 1038.899
544.417 1042.145
544.692 1028.335
544.968 1026.152
545.243 1059.330
545.519 1063.574
545.794 1037.817
546.070 1022.035
546.348 1012.462
546.627 1064.618
546.905 1124.866
547.183 1109.621
547.461 1085.274
547.740 1088.515
548.018 1041.634
548.296 997.038
548.575 936.720
548.853 887.012
549.131 874.172
549.409 887.164
549.688 905.712
549.966 932.086
550.244 971.036
550.523 1020.093
550.801 1026.377
551.079 1018.834
551.357 981.121
551.636 988.291
551.914 1019.408
552.192 1013.718
552.471 998.220
552.749 1012.723
553.027 1031.068
553.306 1082.354
553.584 1096.156
553.862 1109.990
554.140 1150.911
554.419 1184.050
554.697 1133.462
554.975 1104.457
555.254 1118.686
555.532 1113.685
555.810 1070.475
556.088 1040.044
556.367 1000.326
556.645 1050.490
556.923 1066.314
557.202 1010.698
557.480 987.638
557.758 1012.947
558.036 1014.792
558.315 1012.386
558.593 992.194
558.871 978.192
559.150 995.058
559.428 1045.617
559.706 1056.481
559.984 1059.684
560.263 1094.939
560.541 1123.300
560.819 1133.880
561.098 1107.298
561.376 1080.207
561.654 1083.534
561.932 1082.881
562.211 1032.429
562.489 981.582
562.767 991.408
563.046 1018.446
563.324 1027.566
563.602 1049.370
563.880 1057.813
564.159 1064.352
564.437 1113.513
564.715 1127.547
564.994 1142.570
565.272 1175.641
565.550 1181.854
565.828 1201.675
566.107 1270.634
566.385 1332.221
566.663 1449.534
566.942 1546.888
567.220 1594.503
567.498 1669.360
567.776 1782.998
568.055 1870.776
568.333 1909.911
568.611 1931.918
568.890 1993.256
569.168 2037.288
569.446 2047.658
569.725 2073.475
570.003 2117.823
570.281 2213.373
570.559 2273.443
570.838 2328.083
571.116 2409.296
571.394 2482.876
571.673 2522.975
571.951 2545.242
572.229 2530.568
572.507 2518.786
572.786 2465.826
573.064 2421.141
573.342 2435.311
573.621 2423.130
573.899 2371.899
574.177 2319.620
574.455 2270.697
574.734 2254.671
575.012 2224.118
575.290 2128.725
575.569 2015.450
575.847 1954.374
576.125 1896.162
576.403 1840.364
576.682 1759.154
576.960 1642.152
577.243 1533.419
577.527 1468.270
577.810 1398.262
578.093 1318.742
578.377 1224.108
578.660 1180.456
578.944 1172.105
579.227 1146.536
579.510 1126.034
579.794 1101.577
580.077 1070.830
580.360 1065.692
580.644 1031.205
580.927 1021.967
581.210 1030.576
581.494 1020.010
581.777 999.030
582.061 997.371
582.344 976.080
582.627 990.263
582.911 986.672
583.194 1006.865
583.477 1038.474
583.761 1059.212
584.044 1071.254
584.327 1082.444
584.611 1069.541
584.894 1080.614
585.178 1055.458
585.461 1026.560
585.744 1035.068
586.028 1036.143
586.311 1036.640
586.594 1044.139
586.878 1039.233
587.161 1063.163
587.444 1053.664
587.728 1047.728
588.011 1086.329
588.295 1094.258
588.578 1088.616
588.861 1058.688
589.145 1018.772
589.428 1065.092
589.711 1071.315
589.995 1028.858
590.278 1070.695
590.562 1100.421
590.845 1121.627
591.128 1170.756
591.412 1159.980
591.695 1129.669
591.978 1154.119
592.262 1105.861
592.545 1063.457
592.828 1033.054
593.112 1011.993
593.395 1000.443
593.679 1006.087
593.962 950.537
594.245 912.943
594.529 939.733
594.812 992.957
595.095 977.802
595.379 936.442
595.662 922.556
595.945 951.885
596.229 1012.408
596.512 1046.805
596.796 1064.102
597.079 1071.094
597.362 1117.284
597.646 1160.595
597.929 1202.837
598.212 1234.999
598.496 1202.063
598.779 1144.789
599.062 1134.695
599.346 1122.740
599.629 1118.089
599.913 1092.461
600.196 1024.335
600.479 1007.623
600.763 1036.372
601.046 1040.940
601.329 1044.490
601.613 1031.055
601.896 1045.392
602.179 1109.604
602.463 1147.105
602.746 1118.672
603.030 1128.958
603.313 1134.182
603.596 1121.230
603.880 1071.259
604.163 1026.545
604.446 1007.229
604.730 1015.846
605.013 1023.595
605.296 995.798
605.580 991.665
605.863 1033.964
606.147 1044.245
606.430 1079.238
606.713 1103.624
606.997 1087.730
607.280 1113.259
607.563 1163.099
607.847 1160.926
608.130 1151.055
608.414 1131.753
608.697 1118.267
608.980 1127.571
609.264 1129.173
609.547 1107.722
609.830 1103.731
610.114 1113.881
610.397 1103.580
610.680 1099.457
610.964 1055.103
611.247 1015.522
611.531 1027.361
611.814 1065.880
612.097 1056.703
612.381 1023.141
612.664 1007.492
612.947 1051.025
613.231 1094.987
613.514 1081.345
613.797 1018.871
614.081 986.661
614.364 964.258
614.648 956.444
614.931 935.438
615.214 898.138
615.498 901.033
615.781 927.668
616.064 983.074
616.348 1025.400
616.631 1029.791
616.914 1031.665
617.198 1063.829
617.481 1045.880
617.765 1010.560
618.048 1005.650
618.331 1022.817
618.615 1049.816
618.898 1050.703
619.181 1014.458
619.465 997.087
619.748 1017.343
620.031 1017.518
620.315 1040.880
620.598 1056.774
620.882 1087.215
621.165 1110.910
621.448 1127.363
621.732 1139.271
622.015 1129.481
622.298 1077.554
622.582 1069.388
622.865 1046.713
623.148 1092.504
623.432 1140.004
623.715 1170.792
623.999 1163.042
624.282 1144.502
624.565 1173.662
624.849 1247.685
625.132 1240.687
625.415 1209.413
625.699 1162.469
625.982 1195.164
626.265 1267.042
626.549 1218.431
626.832 1317.060
627.116 1382.061
627.399 1379.189
627.682 1382.989
627.966 1394.096
628.249 1358.820
628.532 1363.717
628.816 1193.664
629.099 1082.707
629.383 1072.724
629.666 1096.538
629.949 1081.213
630.233 1072.853
630.516 1053.802
630.799 1029.413
631.083 1000.858
631.366 1009.167
631.649 1001.118
631.933 984.036
632.216 983.966
632.500 1011.425
632.783 1051.369
633.066 1104.496
633.350 1100.737
633.633 1093.386
633.916 1096.435
634.200 1093.101
634.483 1050.640
634.766 1010.219
635.050 997.392
635.333 1013.083
635.617 1006.922
635.900 994.192
636.183 996.770
636.467 1019.968
636.750 1036.079
637.033 1021.440
637.317 998.821
637.600 985.724
637.883 959.903
638.167 952.818
638.450 959.172
638.734 955.102
639.017 991.129
639.300 1008.163
639.584 1026.931
639.867 1052.383
640.150 1050.967
640.434 1064.363
640.717 1061.474
641.000 1033.593
641.284 1054.357
641.567 1062.276
641.851 1089.194
642.134 1120.619
642.417 1121.235
642.701 1122.077
642.984 1087.454
643.267 1037.242
643.551 997.176
643.834 955.651
644.117 948.193
644.401 937.018
644.684 918.151
644.968 915.355
645.251 925.822
645.534 955.474
645.818 971.338
646.101 925.244
646.384 890.664
646.668 889.315
646.951 921.922
647.235 940.349
647.518 940.405
647.801 903.539
648.085 920.200
648.368 969.966
648.651 985.277
648.935 964.065
649.218 962.151
649.501 972.893
649.785 1008.157
650.068 1008.710
650.352 1000.380
650.635 1055.119
650.918 1101.100
651.202 1072.252
651.485 1029.121
651.768 1010.264
652.052 996.913
652.335 1000.292
652.618 953.270
652.902 910.556
653.185 919.006
653.469 968.485
653.752 1004.408
654.035 1035.369
654.319 1040.116
654.602 1047.601
654.885 1067.807
655.169 1082.802
655.452 1048.021
655.735 1015.812
656.019 1038.807
656.302 1043.569
656.586 1038.440
656.869 1059.443
657.152 1087.841
657.436 1117.463
657.719 1097.694
658.002 1035.804
658.286 1016.902
658.569 1028.498
658.852 1002.039
659.136 976.767
659.419 980.153
659.703 998.556
659.986 1017.247
660.269 1031.532
660.553 1048.911
660.836 1065.223
661.119 1053.518
661.403 1014.346
661.686 1014.831
661.969 1034.895
662.253 1017.225
662.536 1007.618
662.820 1012.275
663.103 996.147
663.386 1014.772
663.670 1009.494
663.953 985.216
664.236 975.426
664.520 969.237
664.803 986.351
665.086 1040.982
665.370 1059.578
665.653 1084.387
665.937 1105.430
666.220 1112.420
666.503 1121.202
666.787 1078.831
667.070 1057.726
667.353 1025.139
667.637 997.461
667.920 1017.468
668.204 1017.517
668.487 983.830
668.770 981.054
669.054 953.663
669.337 969.560
669.620 1018.680
669.904 1009.163
670.187 997.673
670.470 992.724
670.754 1014.931
671.037 1042.838
671.321 1052.553
671.604 1047.261
671.887 1056.602
672.171 1074.784
672.454 1095.398
672.737 1119.239
673.021 1135.969
673.304 1152.046
673.587 1165.883
673.871 1161.462
674.154 1169.909
674.438 1189.206
674.721 1169.490
675.004 1129.257
675.288 1087.307
675.571 1041.818
675.854 997.560
676.138 989.989
676.421 1017.263
676.704 1037.600
676.988 1051.053
677.271 1068.342
677.555 1080.942
677.838 1138.176
678.121 1117.814
678.405 1094.336
678.688 1112.859
678.971 1160.045
679.255 1174.212
679.538 1165.084
679.821 1120.728
680.105 1139.459
680.388 1116.531
680.672 1055.947
680.955 1023.043
681.238 1044.132
681.522 1083.349
681.805 1094.989
682.088 1122.799
682.372 1161.611
682.655 1183.849
682.938 1198.563
683.222 1188.287
683.505 1182.407
683.789 1212.873
684.072 1189.507
684.355 1160.027
684.639 1195.401
684.922 1206.642
685.205 1211.800
685.489 1235.970
685.772 1216.629
686.056 1202.210
686.339 1230.886
686.622 1259.264
686.906 1247.298
687.189 1203.279
687.472 1123.130
687.756 1131.674
688.039 1153.789
688.322 1122.966
688.606 1075.292
688.889 1075.221
689.173 1110.281
689.456 1161.297
689.739 1141.354
690.023 1148.624
690.306 1166.935
690.589 1137.753
690.873 1091.018
691.156 1074.516
691.439 1057.399
691.723 1084.137
692.006 1095.029
692.290 1101.486
692.573 1109.961
692.856 1113.468
693.140 1090.245
693.423 1070.601
693.706 1088.744
693.990 1107.768
694.273 1101.371
694.556 1116.279
694.840 1124.773
695.123 1129.717
695.407 1139.942
695.690 1138.810
695.973 1098.573
696.257 1088.067
696.540 1089.605
696.830 1100.498
697.120 1152.260
697.410 1168.565
697.699 1111.479
697.989 1106.497
698.279 1122.245
698.569 1101.441
698.859 1076.947
699.149 1019.669
699.439 1026.454
699.729 1027.278
