165.028 134.355
165.288 117.572
165.547 86.075
165.807 59.741
166.067 58.596
166.327 86.028
166.587 103.180
166.847 111.051
167.107 137.928
167.367 178.381
167.627 256.697
167.886 296.733
168.146 309.917
168.406 315.106
168.666 306.014
168.926 271.641
169.186 272.702
169.446 246.340
169.706 226.268
169.966 239.344
170.225 289.568
170.485 299.224
170.745 324.600
171.005 306.695
171.265 281.509
171.525 289.184
171.785 264.149
172.045 160.119
172.305 150.237
172.564 151.787
172.824 157.198
173.084 192.471
173.344 191.177
173.604 186.030
173.864 243.887
174.124 303.176
174.384 368.898
174.644 423.481
174.903 402.783
175.163 405.231
175.423 416.254
175.683 394.709
175.943 313.597
176.203 253.631
176.463 226.098
176.723 278.282
176.983 307.756
177.242 284.518
177.502 281.999
177.762 297.196
178.022 284.683
178.282 247.745
178.542 238.667
178.802 224.878
179.062 241.521
179.322 280.309
179.581 326.100
179.841 369.323
180.101 408.407
180.361 375.778
180.621 350.010
180.881 376.244
181.141 391.338
181.401 360.864
181.661 325.821
181.920 295.780
182.180 275.885
182.440 268.135
182.700 311.673
182.960 292.499
183.220 278.042
183.480 260.302
183.740 289.707
184.000 312.828
184.259 333.094
184.519 310.791
184.779 331.776
185.039 376.191
185.299 434.180
185.559 434.171
185.819 432.163
186.079 395.872
186.339 339.297
186.598 319.866
186.858 309.866
187.118 313.439
187.378 345.443
187.638 347.447
187.898 363.597
188.158 398.033
188.418 407.757
188.678 410.625
188.937 395.637
189.197 338.651
189.457 316.809
189.717 358.111
189.977 373.414
190.237 363.861
190.497 332.452
190.757 313.045
191.017 319.638
191.276 330.090
191.536 300.114
191.796 268.853
192.056 245.022
192.316 264.192
192.576 267.505
192.836 285.391
193.096 313.135
193.356 303.593
193.616 337.338
193.875 384.799
194.135 399.259
194.395 409.149
194.655 430.039
194.915 398.645
195.175 358.107
195.435 329.142
195.695 327.606
195.955 328.641
196.214 360.534
196.474 372.142
196.734 401.750
196.994 466.072
197.254 467.537
197.514 429.575
197.774 416.326
198.034 382.792
198.294 320.115
198.553 296.152
198.813 306.190
199.073 338.227
199.333 408.550
199.593 460.159
199.853 457.054
200.113 474.376
200.373 477.985
200.633 448.021
200.892 441.629
201.152 451.951
201.412 448.987
201.672 454.165
201.932 458.201
202.192 479.950
202.452 528.270
202.712 540.018
202.972 489.337
203.231 457.656
203.491 504.403
203.751 517.863
204.011 500.180
204.271 457.497
204.531 448.241
204.791 422.557
205.051 388.300
205.311 327.613
205.570 347.355
205.830 420.382
206.090 436.122
206.350 418.289
206.610 443.028
206.870 464.051
207.130 488.359
207.390 499.381
207.650 474.116
207.909 452.849
208.169 456.439
208.429 469.171
208.689 454.902
208.949 419.346
209.209 382.789
209.469 327.945
209.729 403.815
209.989 438.112
210.248 416.407
210.508 453.273
210.768 495.995
211.028 522.001
211.288 586.863
211.548 578.439
211.808 588.727
212.068 596.871
212.328 596.728
212.587 612.726
212.847 624.152
213.107 608.005
213.367 550.428
213.627 516.992
213.887 523.555
214.147 520.545
214.407 508.676
214.667 510.663
214.926 493.792
215.186 506.776
215.446 498.901
215.706 483.882
215.966 482.004
216.226 493.982
216.486 466.101
216.746 451.503
217.006 462.048
217.265 476.304
217.525 474.702
217.785 456.384
218.045 452.350
218.305 491.886
218.565 502.277
218.825 473.952
219.085 480.625
219.345 505.297
219.604 508.538
219.864 486.920
220.124 443.872
220.384 455.107
220.644 478.198
220.904 446.144
221.164 421.374
221.424 435.888
221.684 437.828
221.943 428.481
222.203 432.275
222.463 426.924
222.723 444.428
222.983 438.073
223.243 404.001
223.503 410.500
223.763 451.281
224.023 476.061
224.282 505.553
224.542 541.329
224.802 572.245
225.062 610.303
225.322 636.501
225.582 617.411
225.842 599.891
226.102 580.511
226.362 547.130
226.621 541.174
226.881 520.074
227.141 540.257
227.401 573.153
227.661 565.903
227.921 599.366
228.181 634.826
228.441 619.427
228.701 608.026
228.960 593.622
229.220 615.360
229.480 612.523
229.740 569.685
230.000 528.130
230.260 530.572
230.520 542.584
230.780 514.593
231.040 470.172
231.299 500.034
231.559 533.894
231.819 518.895
232.079 527.607
232.339 566.746
232.599 562.453
232.859 561.588
233.119 561.862
233.379 569.706
233.638 594.547
233.898 611.243
234.158 606.366
234.418 599.343
234.678 581.175
234.938 555.290
235.198 522.975
235.458 521.943
235.718 524.337
235.978 528.300
236.237 552.260
236.497 584.933
236.757 602.603
237.017 589.128
237.277 597.222
237.537 579.885
237.797 527.831
238.057 516.489
238.317 526.288
238.576 519.941
238.836 548.878
239.096 561.669
239.356 570.887
239.616 628.530
239.876 686.457
240.136 698.524
240.396 691.304
240.656 665.509
240.915 672.283
241.175 707.769
241.435 730.967
241.695 712.734
241.955 674.499
242.215 689.118
242.475 725.449
242.735 699.206
242.995 618.389
243.254 556.998
243.514 578.605
243.774 615.352
244.034 622.097
244.294 612.554
244.554 620.008
244.814 669.602
245.074 690.337
245.334 621.212
245.593 608.228
245.853 623.813
246.113 632.538
246.373 641.689
246.633 658.266
246.893 675.698
247.153 711.841
247.413 713.268
247.673 706.264
247.932 720.543
248.192 698.676
248.452 685.950
248.712 657.508
248.972 612.491
249.232 614.758
249.492 596.165
249.752 577.569
250.012 650.686
250.271 694.371
250.531 712.911
250.791 705.162
251.051 693.412
251.311 718.944
251.571 718.617
251.831 654.144
252.091 622.384
252.351 622.763
252.610 669.998
252.870 693.658
253.130 693.745
253.390 728.400
253.650 752.768
253.911 732.847
254.172 740.924
254.433 731.283
254.694 730.784
254.955 718.567
255.216 666.777
255.477 673.841
255.738 702.046
255.999 701.248
256.261 678.734
256.522 617.360
256.783 569.983
257.044 545.462
257.305 514.080
257.566 481.696
257.827 467.882
258.088 512.779
258.349 586.387
258.610 624.994
258.871 632.026
259.132 597.913
259.393 595.227
259.654 615.681
259.915 593.275
260.176 545.010
260.437 559.170
260.698 628.186
260.959 695.342
261.221 724.638
261.482 765.647
261.743 816.795
262.004 816.370
262.265 768.800
262.526 722.370
262.787 737.509
263.048 749.789
263.309 696.923
263.570 612.769
263.831 661.327
264.092 714.026
264.353 721.151
264.614 741.559
264.875 781.250
265.136 835.797
265.397 920.055
265.658 887.453
265.919 856.135
266.181 855.672
266.442 786.492
266.703 724.739
266.964 700.268
267.225 684.367
267.486 721.749
267.747 773.415
268.008 804.793
268.269 841.453
268.530 844.969
268.791 820.911
269.052 818.994
269.313 811.931
269.574 785.295
269.835 764.656
270.096 747.158
270.357 754.943
270.618 752.583
270.879 713.792
271.141 693.428
271.402 691.632
271.663 696.692
271.924 712.178
272.185 703.233
272.446 688.285
272.707 700.621
272.968 683.098
273.229 668.430
273.490 693.045
273.751 691.515
274.012 705.125
274.273 739.734
274.534 733.768
274.795 721.372
275.056 720.117
275.317 672.002
275.578 640.885
275.839 623.194
276.101 628.644
276.362 664.806
276.623 701.108
276.884 698.266
277.145 700.278
277.406 752.717
277.667 775.439
277.928 750.160
278.189 731.878
278.450 705.165
278.711 733.593
278.972 788.447
279.233 798.157
279.494 793.864
279.755 797.569
280.016 778.272
280.277 802.972
280.538 786.671
280.799 746.224
281.061 684.776
281.322 646.754
281.583 650.730
281.844 669.846
282.105 677.103
282.366 695.787
282.627 705.754
282.888 733.291
283.149 754.683
283.410 717.929
283.671 704.174
283.932 701.416
284.193 679.943
284.454 697.324
284.715 767.417
284.976 812.080
285.237 867.027
285.498 892.685
285.759 909.342
286.021 916.711
286.282 904.078
286.543 859.300
286.804 804.948
287.065 782.595
287.326 800.668
287.587 809.310
287.848 784.522
288.109 742.446
288.370 699.082
288.631 686.574
288.892 713.063
289.153 732.408
289.414 725.036
289.675 756.663
289.936 792.430
290.197 835.052
290.458 907.387
290.719 918.006
290.981 869.479
291.242 813.808
291.503 779.421
291.764 787.603
292.025 763.069
292.286 730.247
292.547 703.137
292.808 724.455
293.069 766.484
293.330 781.083
293.591 755.109
293.852 757.419
294.113 766.440
294.374 786.032
294.635 790.907
294.896 809.638
295.157 846.509
295.418 880.807
295.679 889.104
295.941 908.255
296.202 918.262
296.463 921.695
296.724 894.556
296.985 858.271
297.246 862.842
297.507 901.411
297.768 921.549
298.029 952.543
298.290 945.678
298.551 936.097
298.812 966.371
299.073 974.786
299.334 986.342
299.595 976.325
299.856 891.592
300.117 852.714
300.378 872.406
300.639 886.525
300.901 916.927
301.162 885.185
301.423 823.012
301.684 850.838
301.945 857.519
302.206 853.770
302.467 841.305
302.728 824.552
302.989 829.512
303.250 868.898
303.511 885.855
303.772 908.952
304.033 918.905
304.294 919.999
304.555 883.234
304.816 855.467
305.077 851.842
305.338 851.500
305.599 850.729
305.861 846.669
306.122 806.609
306.383 837.260
306.644 857.767
306.905 846.416
307.166 822.348
307.427 824.565
307.688 833.208
307.949 856.564
308.210 809.347
308.471 777.271
308.732 742.193
308.993 750.257
309.254 757.319
309.515 718.950
309.776 706.295
310.037 752.352
310.298 780.121
310.559 800.318
310.821 774.513
311.082 723.135
311.343 714.041
311.604 725.374
311.865 697.277
312.126 682.607
312.387 708.364
312.648 743.833
312.909 775.730
313.170 822.339
313.434 825.804
313.698 817.838
313.963 826.586
314.227 821.331
314.491 768.504
314.755 767.390
315.019 765.559
315.284 794.585
315.548 831.180
315.812 846.059
316.076 874.080
316.340 933.528
316.604 970.974
316.869 997.419
317.133 988.290
317.397 965.303
317.661 943.172
317.925 908.325
318.190 914.334
318.454 920.483
318.718 946.060
318.982 951.922
319.246 966.924
319.511 978.925
319.775 993.639
320.039 979.209
320.303 944.777
320.567 882.629
320.832 858.480
321.096 830.473
321.360 811.178
321.624 776.024
321.888 732.584
322.153 727.285
322.417 741.270
322.681 741.825
322.945 747.379
323.209 753.645
323.473 820.910
323.738 894.603
324.002 903.436
324.266 876.126
324.530 858.099
324.794 873.072
325.059 885.471
325.323 892.441
325.587 877.838
325.851 893.233
326.115 937.627
326.380 970.306
326.644 977.554
326.908 979.087
327.172 924.332
327.436 910.434
327.701 865.677
327.965 818.061
328.229 828.016
328.493 796.969
328.757 767.492
329.022 776.014
329.286 786.535
329.550 814.911
329.814 839.858
330.078 834.946
330.342 879.175
330.607 928.261
330.871 932.916
331.135 911.285
331.399 927.223
331.663 939.875
331.928 949.525
332.192 925.746
332.456 903.251
332.720 901.040
332.984 887.828
333.249 838.615
333.513 804.400
333.777 788.327
334.041 771.825
334.305 778.463
334.570 810.244
334.834 845.309
335.098 879.658
335.362 895.720
335.626 875.639
335.891 837.413
336.155 817.900
336.419 783.386
336.683 744.014
336.947 743.783
337.211 751.837
337.476 758.889
337.740 820.655
338.004 822.705
338.268 833.182
338.532 890.230
338.797 931.848
339.061 943.464
339.325 957.223
339.589 971.694
339.853 1010.164
340.118 992.348
340.382 959.244
340.646 916.568
340.910 897.319
341.174 880.641
341.439 854.532
341.703 807.137
341.967 830.312
342.231 845.201
342.495 893.802
342.759 911.831
343.024 877.287
343.288 863.599
343.552 884.767
343.816 843.506
344.080 783.100
344.345 726.979
344.609 732.143
344.873 748.877
345.137 782.610
345.401 818.056
345.666 844.929
345.930 883.802
346.194 877.816
346.458 866.543
346.722 956.412
346.987 953.423
347.251 909.718
347.515 904.155
347.779 877.877
348.043 849.598
348.308 798.175
348.572 686.893
348.836 651.468
349.100 643.756
349.364 644.471
349.628 685.757
349.893 745.613
350.157 777.182
350.421 783.464
350.685 791.460
350.949 796.312
351.214 799.591
351.478 792.298
351.742 757.004
352.006 754.708
352.270 809.555
352.535 813.829
352.799 790.959
353.063 787.088
353.327 782.931
353.591 820.344
353.856 878.756
354.120 905.595
354.384 916.719
354.648 928.271
354.912 977.107
355.177 1032.514
355.441 1040.491
355.705 1009.753
355.969 987.014
356.233 991.559
356.497 999.818
356.762 955.505
357.026 911.333
357.290 902.875
357.554 892.558
357.818 878.955
358.083 886.351
358.347 900.317
358.611 875.568
358.875 872.818
359.139 896.925
359.404 932.458
359.668 936.277
359.932 939.952
360.196 959.483
360.460 1034.870
360.725 1067.399
360.989 1055.213
361.253 1046.883
361.517 1082.124
361.781 1103.078
362.046 1084.316
362.310 1047.411
362.574 1038.220
362.838 1016.598
363.102 991.119
363.366 989.067
363.631 981.586
363.895 997.104
364.159 1016.621
364.423 1041.852
364.687 1073.510
364.952 1060.024
365.216 1016.823
365.480 976.050
365.747 971.704
366.013 938.644
366.280 894.582
366.546 890.091
366.813 919.313
367.079 943.535
367.346 991.755
367.612 983.547
367.879 977.480
368.145 995.412
368.412 971.915
368.678 967.131
368.945 961.632
369.211 934.846
369.478 933.489
369.744 940.130
370.011 924.342
370.278 913.696
370.544 888.049
370.811 888.401
371.077 897.181
371.344 912.817
371.610 951.024
371.877 997.801
372.143 1052.435
372.410 1085.068
372.676 1069.843
372.943 1038.903
373.209 1038.104
373.476 1023.448
373.742 980.648
374.009 925.276
374.276 868.903
374.542 832.815
374.809 816.441
375.075 772.208
375.342 789.546
375.608 799.741
375.875 823.934
376.141 872.270
376.408 918.605
376.674 1023.511
376.941 1108.415
377.207 1068.462
377.474 1068.080
377.740 1087.268
378.007 1078.598
378.273 1055.927
378.540 972.827
378.807 911.155
379.073 914.911
379.340 905.237
379.606 896.277
379.873 910.459
380.139 922.354
380.406 917.534
380.672 882.428
380.939 839.464
381.205 828.928
381.472 820.105
381.738 827.710
382.005 869.457
382.271 894.632
382.538 947.664
382.804 1008.695
383.071 1037.439
383.338 1036.754
383.604 1020.354
383.871 999.810
384.137 980.837
384.404 973.292
384.670 963.031
384.937 959.628
385.203 956.509
385.470 952.389
385.736 931.840
386.003 941.005
386.269 956.455
386.536 1002.475
386.802 1020.781
387.069 980.943
387.336 950.961
387.602 925.407
387.869 916.424
388.135 905.012
388.402 875.741
388.668 857.899
388.935 915.913
389.201 962.355
389.468 981.225
389.734 1000.380
390.001 999.391
390.267 1005.830
390.534 999.411
390.800 959.849
391.067 938.001
391.333 956.866
391.600 930.730
391.867 882.165
392.133 875.599
392.400 897.890
392.666 904.323
392.933 900.041
393.199 918.902
393.466 958.047
393.732 988.477
393.999 983.479
394.265 931.051
394.532 929.193
394.798 948.478
395.065 928.905
395.331 916.046
395.598 943.043
395.864 940.754
396.131 964.607
396.398 1001.459
396.664 987.454
396.931 997.591
397.197 1004.156
397.464 989.006
397.730 972.283
397.997 987.275
398.263 983.123
398.530 978.827
398.796 987.674
399.063 984.663
399.329 1008.080
399.596 1047.924
399.862 995.626
400.129 945.041
400.396 936.169
400.662 904.583
400.929 897.139
401.195 875.980
401.462 805.821
401.728 791.518
401.995 793.785
402.261 820.338
402.528 864.891
402.794 863.157
403.061 826.565
403.327 814.544
403.594 853.808
403.860 892.929
404.127 895.478
404.393 859.597
404.660 830.288
404.931 870.835
405.202 980.381
405.473 1002.355
405.745 971.472
406.016 982.445
406.287 973.703
406.558 1020.533
406.829 1057.075
407.100 1002.332
407.371 958.159
407.642 937.558
407.914 920.098
408.185 937.352
408.456 975.320
408.727 993.859
408.998 971.969
409.269 988.650
409.540 1009.472
409.811 975.580
410.083 972.259
410.354 958.938
410.625 951.758
410.896 965.578
411.167 1010.541
411.438 1030.217
411.709 1047.749
411.981 1078.282
412.252 1074.670
412.523 1025.487
412.794 1070.303
413.065 1081.833
413.336 1102.934
413.607 1105.177
413.878 1050.277
414.150 987.948
414.421 995.475
414.692 973.716
414.963 976.242
415.234 989.625
415.505 1029.864
415.776 1055.960
416.047 1043.056
416.319 1037.437
416.590 1037.960
416.861 1003.768
417.132 955.433
417.403 917.954
417.674 933.618
417.945 966.424
418.217 939.658
418.488 906.749
418.759 901.411
419.030 932.929
419.301 943.018
419.572 921.393
419.843 961.624
420.114 989.998
420.386 1001.799
420.657 979.314
420.928 919.686
421.199 904.915
421.470 894.286
421.741 842.514
422.012 844.026
422.283 881.682
422.555 919.765
422.826 937.419
423.097 949.216
423.368 957.155
423.639 953.807
423.910 977.602
424.181 986.254
424.453 969.191
424.724 986.556
424.995 1016.778
425.266 1056.571
425.537 1097.791
425.808 1066.726
426.079 1026.374
426.350 1020.594
426.622 1014.813
426.893 982.031
427.164 944.820
427.435 903.752
427.706 908.540
427.977 897.757
428.248 908.973
428.519 894.760
428.791 875.547
429.062 887.047
429.333 937.690
429.604 953.046
429.875 970.974
430.146 935.044
430.417 934.970
430.689 977.754
430.960 992.822
431.231 973.748
431.502 981.387
431.773 983.597
432.044 1038.235
432.315 1051.016
432.586 1026.653
432.858 1014.433
433.129 1008.069
433.400 953.134
433.671 918.055
433.942 899.119
434.213 886.325
434.484 891.102
434.755 899.450
435.027 900.512
435.298 924.002
435.569 955.492
435.840 948.981
436.116 994.469
436.391 1030.529
436.667 1053.731
436.942 1087.790
437.218 1111.563
437.493 1112.907
437.769 1133.536
438.045 1118.450
438.320 1096.507
438.596 1047.706
438.871 980.191
439.147 944.389
439.422 943.730
439.698 941.927
439.974 906.553
440.249 890.893
440.525 925.089
440.800 1000.856
441.076 1054.480
441.351 1030.390
441.627 989.013
441.903 1055.350
442.178 1051.544
442.454 1035.309
442.729 1031.359
443.005 1015.123
443.281 1021.315
443.556 1042.650
443.832 1009.270
444.107 999.032
444.383 1016.365
444.658 1016.413
444.934 1041.031
445.210 1074.649
445.485 1106.838
445.761 1134.455
446.036 1130.215
446.312 1090.117
446.587 1058.162
446.863 1035.635
447.139 1024.250
447.414 986.579
447.690 960.908
447.965 985.665
448.241 991.707
448.516 993.463
448.792 947.362
449.068 922.260
449.343 911.729
449.619 941.627
449.894 985.952
450.170 963.563
450.445 945.317
450.721 951.070
450.997 942.394
451.272 962.290
451.548 895.899
451.823 818.222
452.099 843.687
452.375 850.724
452.650 914.475
452.926 947.082
453.201 920.975
453.477 950.581
453.752 1002.902
454.028 1014.793
454.304 1025.113
454.579 1015.147
454.855 1024.751
455.130 1052.213
455.406 1056.674
455.681 1040.278
455.957 1030.453
456.233 1010.770
456.508 1012.372
456.784 1008.403
457.059 1007.434
457.335 994.892
457.610 982.494
457.886 999.095
458.162 1014.409
458.437 994.724
458.713 1002.324
458.988 1009.352
459.264 1017.951
459.539 1009.549
459.815 972.862
460.091 954.032
460.366 941.772
460.642 898.798
460.917 868.252
461.193 844.706
461.468 850.588
461.744 871.756
462.020 890.494
462.295 914.661
462.571 959.828
462.846 981.567
463.122 1003.742
463.397 1019.481
463.673 1030.501
463.949 1017.523
464.224 988.274
464.500 964.725
464.775 975.298
465.051 997.296
465.327 973.510
465.602 982.093
465.878 1060.558
466.153 1107.705
466.429 1156.723
466.704 1199.240
466.980 1231.360
467.256 1293.825
467.531 1302.445
467.807 1265.263
468.082 1225.852
468.358 1168.393
468.633 1140.357
468.909 1130.816
469.185 1087.421
469.460 1064.396
469.736 1062.643
470.011 1060.641
470.287 1077.636
470.562 1060.574
470.838 1027.363
471.114 1057.992
471.389 1079.240
471.665 1041.598
471.940 1046.528
472.216 1069.898
472.491 1110.359
472.767 1129.545
473.043 1128.511
473.318 1115.970
473.594 1125.081
473.869 1124.956
474.145 1083.196
474.421 1034.370
474.696 1037.769
474.972 1050.929
475.247 1063.164
475.523 1079.607
475.798 1088.359
476.074 1132.335
476.350 1168.568
476.625 1144.717
476.901 1099.601
477.176 1034.532
477.452 1032.482
477.727 1054.084
478.003 1037.020
478.279 1024.013
478.554 1051.400
478.830 1060.128
479.105 1107.752
479.381 1126.080
479.656 1133.571
479.932 1157.022
480.208 1156.341
480.483 1137.760
480.759 1155.772
481.034 1172.912
481.310 1140.978
481.585 1118.355
481.861 1096.420
482.137 1104.731
482.412 1132.855
482.688 1100.978
482.963 1092.698
483.239 1148.815
483.514 1139.545
483.790 1124.752
484.066 1128.075
484.341 1116.014
484.617 1128.771
484.892 1120.623
485.168 1098.857
485.443 1121.588
485.719 1120.292
485.995 1071.066
486.270 1028.554
486.546 1026.739
486.821 1054.709
487.097 1051.906
487.373 995.630
487.648 926.573
487.924 886.662
488.199 889.842
488.475 871.913
488.750 811.992
489.026 762.906
489.302 822.718
489.577 913.416
489.853 951.123
490.128 986.222
490.404 1041.182
490.679 1103.160
490.955 1123.442
491.231 1072.240
491.506 1079.921
491.782 1104.935
492.057 1082.722
492.333 1015.372
492.608 961.642
492.884 969.476
493.160 966.234
493.435 921.047
493.711 889.116
493.986 888.123
494.262 888.118
494.537 889.747
494.813 881.331
495.089 894.595
495.364 932.632
495.640 968.806
495.915 972.728
496.191 1019.930
496.467 1035.326
496.742 1055.915
497.018 1064.342
497.293 1056.833
497.569 1053.630
497.844 1043.278
498.120 1051.285
498.396 1075.371
498.671 1056.585
498.947 1063.264
499.222 1064.645
499.498 1061.535
499.773 1084.034
500.049 1065.165
500.325 1077.350
500.600 1112.191
500.876 1146.008
501.151 1160.921
501.427 1192.877
501.702 1186.910
501.978 1222.151
502.254 1246.913
502.529 1242.892
502.805 1226.641
503.080 1212.828
503.356 1179.880
503.631 1200.588
503.907 1180.497
504.183 1150.601
504.458 1143.302
504.734 1142.588
505.009 1135.917
505.285 1137.198
505.560 1089.318
505.836 1050.875
506.112 1014.021
506.387 983.065
506.663 971.474
506.938 971.704
507.214 990.267
507.490 1040.468
507.765 1055.351
508.041 1084.418
508.316 1148.761
508.592 1167.762
508.867 1148.178
509.143 1118.359
509.419 1076.472
509.694 1098.923
509.970 1080.082
510.245 1002.222
510.521 957.208
510.796 963.495
511.072 962.683
511.348 994.946
511.623 1019.881
511.899 1037.581
512.174 1034.322
512.450 1010.897
512.725 1030.080
513.001 1052.518
513.277 1038.106
513.552 1032.908
513.828 1014.755
514.103 1044.129
514.379 1155.305
514.654 1188.520
514.930 1178.460
515.206 1142.180
515.481 1098.278
515.757 1120.009
516.032 1120.908
516.308 1057.135
516.583 1033.423
516.859 1061.960
517.135 1110.720
517.410 1117.677
517.686 1059.411
517.961 1067.352
518.237 1092.175
518.513 1073.766
518.788 1015.737
519.064 972.299
519.339 963.333
519.615 1026.360
519.890 1035.336
520.166 1011.975
520.442 981.523
520.717 983.077
520.993 967.219
521.268 954.066
521.544 946.682
521.819 938.480
522.095 957.253
522.371 1010.552
522.646 1086.938
522.922 1139.825
523.197 1150.661
523.473 1129.133
523.748 1095.852
524.024 1067.490
524.300 1040.628
524.575 993.158
524.851 1005.702
525.126 1028.762
525.402 1032.557
525.677 1029.516
525.953 1049.145
526.229 1065.110
526.504 1082.027
526.780 1095.702
527.055 1116.730
527.331 1114.642
527.606 1140.457
527.882 1107.610
528.158 1093.789
528.433 1079.025
528.709 1058.244
528.984 1018.807
529.260 998.272
529.535 981.738
529.811 1002.712
530.087 1029.574
530.362 1051.491
530.638 1027.827
530.913 1030.090
531.189 1067.520
531.465 1093.410
531.740 1103.005
532.016 1094.273
532.291 1085.510
532.567 1137.038
532.842 1158.639
533.118 1123.386
533.394 1103.973
533.669 1119.757
533.945 1122.930
534.220 1133.743
534.496 1112.073
534.771 1135.216
535.047 1200.244
535.323 1230.061
535.598 1191.903
535.874 1152.136
536.149 1117.795
536.425 1113.671
536.700 1062.536
536.976 1004.938
537.252 992.397
537.527 1026.345
537.803 1050.281
538.078 1064.287
538.354 1052.795
538.629 1069.328
538.905 1139.166
539.181 1195.438
539.456 1171.419
539.732 1145.888
540.007 1120.748
540.283 1103.060
540.558 1087.475
540.834 1027.767
541.110 966.687
541.385 949.396
541.661 955.389
541.936 983.490
542.212 1012.057
542.488 1046.711
542.763 1052.046
543.039 1046.481
543.314 1056.349
543.590 1079.981
543.865 1065.208
544.141 1074.828
544.417 1076.106
544.692 1070.385
544.968 1080.421
545.243 1114.315
545.519 1118.281
545.794 1093.239
546.070 1065.248
546.348 1051.415
546.627 1097.330
546.905 1151.888
547.183 1146.443
547.461 1128.195
547.740 1133.846
548.018 1105.988
548.296 1072.033
548.575 1010.859
548.853 955.189
549.131 933.396
549.409 940.855
549.688 953.870
549.966 975.114
550.244 1013.730
550.523 1064.323
550.801 1071.854
551.079 1070.486
551.357 1044.312
551.636 1059.238
551.914 1089.471
552.192 1085.968
552.471 1083.483
552.749 1104.696
553.027 1124.403
553.306 1171.286
553.584 1183.765
553.862 1198.815
554.140 1236.992
554.419 1246.824
554.697 1188.888
554.975 1153.253
555.254 1164.754
555.532 1167.921
555.810 1126.320
556.088 1092.067
556.367 1065.548
556.645 1117.477
556.923 1140.616
557.202 1087.884
557.480 1058.238
557.758 1079.902
558.036 1077.974
558.315 1071.637
558.593 1052.363
558.871 1038.314
559.150 1057.340
559.428 1109.934
559.706 1123.924
559.984 1145.684
560.263 1187.909
560.541 1225.576
560.819 1249.010
561.098 1240.956
561.376 1237.567
561.654 1263.931
561.932 1268.537
562.211 1238.932
562.489 1211.221
562.767 1242.432
563.046 1292.690
563.324 1328.788
563.602 1394.497
563.880 1463.813
564.159 1559.160
564.437 1711.010
564.715 1837.955
564.994 1985.143
565.272 2191.010
565.550 2402.807
565.828 2668.722
566.107 2993.875
566.385 3339.671
566.663 3791.649
566.942 4274.115
567.220 4714.715
567.498 5223.775
567.776 5807.741
568.055 6382.996
568.333 6960.193
568.611 7545.667
568.890 8178.571
569.168 8817.767
569.446 9401.377
569.725 9985.578
570.003 10615.101
570.281 11258.143
570.559 11811.600
570.838 12300.494
571.116 12748.252
571.394 13140.158
571.673 13466.078
571.951 13709.978
572.229 13850.544
572.507 13930.472
572.786 13935.387
573.064 13930.370
573.342 13967.776
573.621 13937.905
573.899 13838.080
574.177 13740.434
574.455 13661.851
574.734 13613.785
575.012 13558.896
575.290 13430.573
575.569 13246.732
575.847 13090.690
576.125 12927.283
576.403 12747.537
576.682 12483.937
576.960 12157.494
577.243 11815.732
577.527 11492.483
577.810 11130.776
578.093 10703.700
578.377 10221.735
578.660 9799.727
578.944 9358.461
579.227 8850.774
579.510 8328.362
579.794 7791.974
580.077 7211.414
580.360 6626.450
580.644 5983.893
580.927 5363.029
581.210 4774.587
581.494 4193.460
581.777 3631.444
582.061 3163.764
582.344 2748.779
582.627 2439.621
582.911 2175.746
583.194 1984.079
583.477 1846.894
583.761 1737.137
584.044 1637.461
584.327 1559.298
584.611 1479.432
584.894 1443.929
585.178 1370.495
585.461 1300.519
585.744 1270.084
586.028 1244.777
586.311 1232.742
586.594 1219.430
586.878 1186.855
587.161 1207.929
587.444 1192.003
587.728 1176.489
588.011 1210.080
588.295 1212.011
588.578 1203.819
588.861 1172.750
589.145 1130.529
589.428 1175.266
589.711 1181.641
589.995 1130.479
590.278 1168.713
590.562 1193.105
590.845 1205.735
591.128 1231.034
591.412 1210.984
591.695 1182.645
591.978 1205.525
592.262 1150.984
592.545 1104.437
592.828 1087.250
593.112 1083.556
593.395 1075.970
593.679 1084.155
593.962 1038.965
594.245 1003.341
594.529 1025.408
594.812 1062.122
595.095 1040.400
595.379 1002.277
595.662 987.483
595.945 1011.112
596.229 1064.502
596.512 1081.485
596.796 1091.422
597.079 1097.254
597.362 1128.861
597.646 1160.434
597.929 1194.330
598.212 1233.387
598.496 1220.230
598.779 1163.676
599.062 1148.912
599.346 1154.138
599.629 1157.505
599.913 1135.682
600.196 1058.939
600.479 1046.422
600.763 1091.198
601.046 1099.134
601.329 1100.820
601.613 1093.265
601.896 1111.386
602.179 1170.123
602.463 1189.082
602.746 1145.346
603.030 1145.673
603.313 1145.693
603.596 1138.859
603.880 1088.592
604.163 1047.519
604.446 1034.093
604.730 1048.315
605.013 1061.246
605.296 1030.926
605.580 1016.580
605.863 1059.853
606.147 1060.064
606.430 1095.197
606.713 1127.830
606.997 1119.337
607.280 1153.262
607.563 1202.536
607.847 1198.407
608.130 1214.283
608.414 1204.926
608.697 1179.839
608.980 1171.251
609.264 1153.966
609.547 1126.648
609.830 1125.594
610.114 1117.836
610.397 1088.068
610.680 1079.318
610.964 1043.498
611.247 1013.720
611.531 1029.346
611.814 1065.505
612.097 1056.470
612.381 1033.274
612.664 1022.953
612.947 1067.048
613.231 1105.824
613.514 1089.950
613.797 1033.097
614.081 1009.308
614.364 993.082
614.648 989.343
614.931 965.524
615.214 923.020
615.498 928.035
615.781 956.815
616.064 1008.583
616.348 1046.147
616.631 1055.754
616.914 1067.203
617.198 1102.451
617.481 1085.651
617.765 1044.302
618.048 1035.883
618.331 1058.988
618.615 1084.328
618.898 1081.843
619.181 1046.862
619.465 1029.240
619.748 1052.077
620.031 1060.062
620.315 1085.606
620.598 1108.069
620.882 1144.783
621.165 1176.286
621.448 1179.398
621.732 1179.532
622.015 1162.519
622.298 1106.222
622.582 1091.148
622.865 1066.383
623.148 1117.951
623.432 1178.464
623.715 1222.172
623.999 1221.910
624.282 1204.867
624.565 1227.310
624.849 1288.272
625.132 1267.072
625.415 1231.662
625.699 1182.599
625.982 1214.322
626.265 1277.559
626.549 1223.467
626.832 1327.576
627.116 1391.721
627.399 1379.636
627.682 1375.354
627.966 1379.526
628.249 1341.682
628.532 1349.773
628.816 1174.875
629.099 1062.253
629.383 1053.764
629.666 1063.129
629.949 1046.514
630.233 1044.409
630.516 1027.784
630.799 1005.179
631.083 985.950
631.366 999.781
631.649 1005.051
631.933 995.596
632.216 995.618
632.500 1020.586
632.783 1076.997
633.066 1134.726
633.350 1133.143
633.633 1132.095
633.916 1129.835
634.200 1126.317
634.483 1088.375
634.766 1031.469
635.050 1008.637
635.333 1022.532
635.617 1016.159
635.900 1007.713
636.183 1016.871
636.467 1043.134
636.750 1066.132
637.033 1051.240
637.317 1022.446
637.600 1005.552
637.883 977.676
638.167 970.121
638.450 978.859
638.734 967.158
639.017 1008.003
639.300 1034.674
639.584 1054.377
639.867 1073.681
640.150 1063.704
640.434 1066.006
640.717 1072.071
641.000 1045.653
641.284 1064.147
641.567 1066.723
641.851 1102.060
642.134 1142.031
642.417 1149.999
642.701 1156.197
642.984 1125.341
643.267 1083.559
643.551 1041.881
643.834 994.211
644.117 991.758
644.401 979.386
644.684 949.148
644.968 942.877
645.251 951.631
645.534 992.008
645.818 1008.813
646.101 950.782
646.384 918.760
646.668 919.961
646.951 957.277
647.235 974.229
647.518 965.834
647.801 928.434
648.085 943.486
648.368 990.708
648.651 1008.716
648.935 979.990
649.218 976.497
649.501 997.213
649.785 1040.046
650.068 1042.089
650.352 1032.291
650.635 1077.291
650.918 1120.983
651.202 1093.291
651.485 1043.432
651.768 1008.561
652.052 1004.009
652.335 1013.041
652.618 970.473
652.902 936.328
653.185 937.980
653.469 980.953
653.752 1026.487
654.035 1055.558
654.319 1065.372
654.602 1084.217
654.885 1104.737
655.169 1141.830
655.452 1122.142
655.735 1095.396
656.019 1120.011
656.302 1115.857
656.586 1097.296
656.869 1109.258
657.152 1124.374
657.436 1164.681
657.719 1159.224
658.002 1098.628
658.286 1087.022
658.569 1100.178
658.852 1063.854
659.136 1031.099
659.419 1017.048
659.703 1008.660
659.986 1011.709
660.269 1020.343
660.553 1042.955
660.836 1072.472
661.119 1057.575
661.403 1021.594
661.686 1027.162
661.969 1066.939
662.253 1046.218
662.536 1034.715
662.820 1037.627
663.103 1019.627
663.386 1030.852
663.670 1031.797
663.953 991.728
664.236 986.562
664.520 989.058
664.803 1009.934
665.086 1062.387
665.370 1075.622
665.653 1094.644
665.937 1127.423
666.220 1130.376
666.503 1127.285
666.787 1077.820
667.070 1068.886
667.353 1052.558
667.637 1031.423
667.920 1042.314
668.204 1040.914
668.487 1014.358
668.770 1014.484
669.054 981.594
669.337 995.765
669.620 1048.116
669.904 1041.957
670.187 1025.506
670.470 1021.882
670.754 1069.509
671.037 1114.824
671.321 1111.852
671.604 1084.672
671.887 1080.426
672.171 1100.502
672.454 1121.736
672.737 1121.779
673.021 1121.704
673.304 1140.702
673.587 1158.593
673.871 1173.089
674.154 1201.960
674.438 1220.097
674.721 1208.481
675.004 1170.605
675.288 1130.859
675.571 1093.154
675.854 1034.492
676.138 1004.865
676.421 1036.593
676.704 1053.575
676.988 1066.013
677.271 1089.502
677.555 1102.106
677.838 1164.066
678.121 1147.243
678.405 1110.620
678.688 1118.645
678.971 1172.214
679.255 1184.785
679.538 1167.353
679.821 1125.677
680.105 1146.488
680.388 1134.702
680.672 1080.497
680.955 1026.044
681.238 1035.692
681.522 1086.497
681.805 1097.858
682.088 1124.036
682.372 1142.894
682.655 1161.864
682.938 1192.676
683.222 1188.950
683.505 1181.136
683.789 1208.174
684.072 1186.151
684.355 1177.697
684.639 1226.344
684.922 1241.617
685.205 1253.500
685.489 1277.227
685.772 1257.441
686.056 1242.873
686.339 1253.656
686.622 1262.202
686.906 1248.284
687.189 1217.820
687.472 1153.774
687.756 1171.416
688.039 1205.312
688.322 1186.270
688.606 1149.931
688.889 1143.157
689.173 1151.234
689.456 1177.654
689.739 1155.014
690.023 1159.717
690.306 1179.505
690.589 1146.147
690.873 1106.550
691.156 1106.574
691.439 1103.439
691.723 1124.224
692.006 1132.555
692.290 1148.172
692.573 1167.443
692.856 1178.176
693.140 1162.268
693.423 1144.205
693.706 1164.999
693.990 1184.304
694.273 1172.846
694.556 1181.676
694.840 1184.495
695.123 1183.200
695.407 1188.839
695.690 1173.441
695.973 1122.436
696.257 1104.397
696.540 1097.110
696.830 1098.593
697.120 1158.191
697.410 1170.964
697.699 1111.290
697.989 1109.244
698.279 1131.266
698.569 1116.319
698.859 1088.189
699.149 1011.883
699.439 1020.996
699.729 1030.047
700.018 981.944
700.308 969.975
700.598 972.584
700.888 972.916
701.178 990.269
701.468 963.955
701.758 1007.112
702.048 1059.886
702.337 1030.378
702.627 1025.178
702.917 1027.247
703.207 1015.058
703.497 1033.891
703.787 995.937
704.077 956.693
704.366 935.505
704.656 950.490
704.946 1023.226
705.236 1023.629
705.526 1012.565
705.816 1040.939
706.106 1055.470
706.396 1060.102
706.685 1066.010
706.975 1030.983
707.265 1035.036
707.555 1003.820
707.845 968.886
708.135 1021.200
708.425 1075.791
708.715 1085.244
709.004 1114.632
709.294 1151.321
709.584 1190.745
709.874 1213.804
710.164 1186.003
710.454 1169.178
710.744 1139.061
711.034 1129.684
711.323 1147.185
711.613 1145.040
711.903 1157.837
712.193 1149.948
712.483 1141.789
712.773 1144.876
713.063 1138.891
713.352 1126.062
713.642 1130.680
713.932 1123.105
714.222 1148.793
714.512 1151.348
714.802 1137.652
715.092 1107.403
715.382 1047.454
715.671 1016.225
715.961 1020.982
716.251 971.221
716.541 974.285
716.831 1026.742
717.121 1045.348
717.411 1070.959
717.701 1078.055
717.990 1054.522
718.280 1067.310
718.570 1048.494
718.860 995.640
719.150 1030.510
719.440 1064.930
719.730 1081.749
720.019 1093.247
720.309 1117.336
720.599 1146.638
720.889 1163.081
721.179 1123.532
721.469 1065.773
721.759 1049.130
722.049 1063.024
722.338 1074.698
722.628 1045.021
722.918 1050.453
723.208 1078.742
723.498 1124.258
723.788 1143.269
724.078 1146.698
724.368 1143.687
724.657 1192.931
724.947 1201.535
725.237 1164.350
725.527 1139.175
725.817 1104.860
726.107 1078.293
726.397 1071.892
726.686 1030.979
726.976 1042.581
727.266 1066.657
727.556 1064.754
727.846 1071.116
728.136 1097.719
728.426 1086.309
728.716 1068.327
729.005 1014.824
729.295 976.849
729.585 992.263
729.875 1026.527
730.165 1023.275
730.455 1066.573
730.745 1116.678
731.035 1135.677
731.324 1161.524
731.614 1165.072
731.904 1152.638
732.194 1139.228
732.484 1064.221
732.774 1020.805
733.064 1025.017
733.354 996.429
733.643 1001.370
733.933 1043.655
734.223 1057.223
734.513 1083.127
734.803 1109.381
735.093 1139.765
735.383 1132.793
735.672 1095.856
735.962 1042.075
736.252 1000.603
736.542 989.035
736.832 996.589
737.122 976.677
737.412 1003.030
737.702 1026.877
737.991 1034.482
738.281 1063.953
738.571 1104.425
738.861 1087.513
739.151 1082.960
739.441 1104.442
739.731 1137.660
740.021 1118.696
740.310 1108.455
740.600 1086.484
740.890 1117.720
741.180 1171.081
741.470 1169.516
741.760 1138.405
742.050 1206.908
742.339 1204.821
742.629 1181.282
742.919 1141.689
743.209 1084.203
743.499 1071.378
743.789 1070.442
744.079 978.308
744.369 982.005
744.658 1012.174
744.948 1054.867
745.238 1065.117
745.528 1066.499
745.818 1075.348
746.108 1160.241
746.398 1179.847
746.688 1185.334
746.977 1179.489
747.267 1179.997
747.557 1165.997
747.847 1132.933
748.137 1043.931
748.427 1024.523
748.717 1016.904
749.006 1024.980
749.296 1024.745
749.586 1029.348
749.876 1068.274
750.166 1114.941
750.456 1151.610
750.746 1153.995
751.036 1116.202
751.325 1120.444
751.615 1124.365
751.905 1104.880
752.195 1098.631
752.485 1122.792
752.775 1146.887
753.065 1149.827
753.355 1153.361
753.644 1204.369
753.934 1192.806
754.224 1162.168
754.514 1092.968
754.804 1067.440
755.094 1098.268
755.384 1102.198
755.674 1073.221
755.963 1120.189
756.253 1190.325
756.543 1215.750
756.833 1197.153
757.123 1153.766
757.413 1138.881
757.703 1114.435
757.992 1078.573
758.282 1068.305
758.572 1060.433
758.862 1084.298
759.152 1126.685
759.442 1131.487
759.732 1103.218
760.022 1107.853
760.311 1108.459
760.601 1130.207
760.891 1109.426
761.181 1072.997
761.471 1093.581
761.761 1168.118
762.051 1169.885
762.341 1144.364
762.630 1142.842
762.920 1148.772
763.210 1156.716
763.500 1124.555
763.793 1097.940
764.086 1095.229
764.379 1110.205
764.671 1117.320
764.964 1096.911
765.257 1096.522
765.550 1103.335
765.843 1081.674
766.136 1064.890
766.429 1002.932
766.722 946.246
767.014 944.693
767.307 911.458
767.600 902.560
767.893 933.707
768.186 976.060
768.479 1040.398
768.772 1076.409
769.064 1135.294
769.357 1174.333
769.650 1156.507
769.943 1119.671
770.236 1114.230
770.529 1136.497
770.822 1152.255
771.115 1149.681
771.407 1171.370
771.700 1221.660
771.993 1223.706
772.286 1193.783
772.579 1175.195
772.872 1169.891
773.165 1123.749
773.457 1094.526
773.750 1084.619
774.043 1102.099
774.336 1109.191
774.629 1092.223
774.922 1061.567
775.215 1092.391
775.508 1106.753
775.800 1080.429
776.093 1072.499
776.386 1134.810
776.679 1202.958
776.972 1245.636
777.265 1252.645
777.558 1259.286
777.850 1278.841
778.143 1290.468
778.436 1223.025
778.729 1125.349
779.022 1076.420
779.315 1055.056
779.608 1040.250
779.900 1021.898
780.193 982.338
780.486 994.689
780.779 1033.469
781.072 1039.678
781.365 1038.809
781.658 1059.206
781.951 1083.907
782.243 1112.884
782.536 1131.684
782.829 1161.502
783.122 1205.670
783.415 1234.798
783.708 1243.915
784.001 1260.924
784.293 1271.485
784.586 1241.708
784.879 1207.338
785.172 1195.162
785.465 1207.495
785.758 1245.230
786.051 1228.770
786.344 1218.680
786.636 1217.705
786.929 1205.288
787.222 1183.119
787.515 1176.956
787.808 1172.251
788.101 1202.824
788.394 1220.623
788.686 1239.183
788.979 1247.340
789.272 1241.088
789.565 1180.035
789.858 1089.141
790.151 1017.626
790.444 1000.795
790.737 994.252
791.029 1003.990
791.322 1020.416
791.615 1041.836
791.908 1069.516
792.201 1137.639
792.494 1147.449
792.787 1162.289
793.079 1163.995
793.372 1177.967
793.665 1223.235
793.958 1275.122
794.251 1250.794
794.544 1254.267
794.837 1252.443
795.130 1258.761
795.422 1250.081
795.715 1203.723
796.008 1168.680
796.301 1172.695
796.594 1137.827
796.887 1091.850
797.180 1079.593
797.472 1063.545
797.765 1036.802
798.058 982.595
798.351 955.554
798.644 1036.196
798.937 1109.859
799.230 1094.942
799.523 1082.578
799.815 1121.079
800.108 1148.452
800.401 1163.200
800.694 1131.841
800.987 1124.126
801.280 1148.956
801.573 1165.512
801.865 1154.133
802.158 1156.731
802.451 1147.767
802.744 1150.171
803.037 1139.887
803.330 1121.810
803.623 1129.293
803.915 1144.499
804.208 1153.542
804.501 1127.698
804.794 1070.669
805.087 1066.655
805.380 1081.578
805.673 1096.708
805.966 1105.121
806.258 1128.205
806.551 1130.930
806.844 1128.348
807.137 1134.781
807.430 1175.552
807.723 1160.231
808.016 1126.833
808.308 1105.072
808.601 1147.762
808.894 1174.051
809.187 1155.039
809.480 1132.826
809.773 1151.231
810.066 1125.043
810.359 1078.255
810.651 1057.909
810.944 1045.312
811.237 1012.385
811.530 942.281
811.825 917.087
812.119 958.639
812.414 986.919
812.709 991.770
813.003 995.126
813.298 1090.706
813.593 1189.005
813.887 1239.830
814.182 1257.070
814.476 1257.240
814.771 1229.297
815.066 1221.795
815.360 1153.766
815.655 1136.872
815.950 1116.311
816.244 1120.219
816.539 1171.068
816.834 1281.893
817.128 1322.636
817.423 1273.287
817.718 1218.523
818.012 1208.846
818.307 1193.259
818.602 1156.292
818.896 1097.746
819.191 1131.331
819.486 1240.347
819.780 1266.033
820.075 1267.326
820.369 1295.483
820.664 1310.991
820.959 1306.167
821.253 1276.277
821.548 1239.785
821.843 1253.503
822.137 1241.994
822.432 1243.005
822.727 1263.683
823.021 1245.352
823.316 1195.239
823.611 1177.950
823.905 1186.490
824.200 1209.868
824.495 1180.205
824.789 1149.126
825.084 1181.050
825.379 1226.428
825.673 1244.514
825.968 1242.829
826.262 1238.612
826.557 1252.972
826.852 1274.937
827.146 1255.439
827.441 1197.765
827.736 1191.837
828.030 1205.719
828.325 1185.842
828.620 1222.983
828.914 1235.728
829.209 1220.793
829.504 1247.027
829.798 1199.970
830.093 1173.627
830.388 1203.370
830.682 1139.093
830.977 1092.460
831.271 1091.485
831.566 1114.299
831.861 1177.720
832.155 1168.741
832.450 1118.731
832.745 1133.856
833.039 1129.610
833.334 1103.596
833.629 1064.759
833.923 1015.913
834.218 978.346
834.513 973.964
834.807 941.868
835.102 926.376
835.397 919.416
835.691 916.580
835.986 915.921
836.281 937.439
836.575 938.519
836.870 960.945
837.164 980.167
837.459 991.803
837.754 1018.006
838.048 1041.943
838.343 1052.138
838.638 1075.568
838.932 1082.027
839.227 1080.052
839.522 1081.768
839.816 1101.353
840.111 1144.201
840.406 1216.435
840.700 1248.065
840.995 1283.086
841.290 1315.033
841.584 1346.942
841.879 1307.972
842.174 1251.877
842.468 1183.191
842.763 1148.512
843.057 1119.379
843.352 1119.246
843.647 1137.118
843.941 1185.309
844.236 1224.414
844.531 1271.329
844.825 1307.563
845.120 1342.858
845.415 1310.858
845.709 1306.315
846.004 1306.460
846.299 1283.154
846.593 1239.352
846.888 1217.987
847.183 1197.514
847.477 1219.433
847.772 1208.136
848.066 1182.723
848.361 1192.929
848.656 1183.404
848.950 1216.749
849.245 1253.817
849.540 1275.704
849.834 1282.365
850.129 1321.899
850.424 1318.274
850.718 1355.234
851.013 1361.793
851.308 1378.634
851.602 1390.330
851.897 1374.197
852.192 1369.936
852.486 1399.110
852.781 1422.188
853.076 1428.676
853.370 1371.388
853.665 1402.799
853.959 1433.791
854.254 1393.597
854.549 1383.132
854.843 1389.000
855.138 1344.999
855.433 1341.289
855.727 1289.610
856.022 1254.909
856.317 1277.216
856.611 1284.131
856.906 1275.730
857.201 1303.142
857.495 1309.316
857.790 1278.326
858.085 1268.181
858.379 1253.974
858.674 1212.050
858.969 1138.762
859.263 1097.471
859.558 1121.913
859.852 1113.528
860.147 1136.705
860.442 1177.875
860.736 1186.521
861.031 1251.573
861.326 1294.602
861.620 1253.154
861.915 1297.794
862.210 1316.082
862.504 1268.693
862.799 1269.065
863.094 1227.983
863.388 1184.004
863.683 1180.185
863.978 1146.648
864.272 1103.136
864.567 1070.915
864.861 1065.347
865.156 1085.928
865.451 1104.574
865.745 1136.471
866.040 1147.541
866.335 1160.805
866.629 1229.594
866.924 1247.291
867.219 1222.160
867.513 1215.360
867.808 1204.700
868.103 1196.430
868.397 1182.508
868.692 1165.100
868.987 1182.125
869.281 1184.220
869.576 1139.255
869.871 1102.757
870.165 1073.910
870.460 1076.718
870.754 1067.641
871.049 1024.875
871.344 1027.236
871.638 1055.411
871.933 1094.141
872.228 1199.897
872.522 1233.842
872.817 1257.410
873.112 1288.880
873.406 1290.505
873.701 1281.515
873.996 1261.376
874.290 1183.246
874.585 1154.036
874.880 1122.107
875.174 1087.692
875.469 1054.554
875.764 1031.905
876.058 1020.479
876.353 1026.377
876.647 1029.812
876.942 1044.886
877.237 1058.508
877.531 1082.961
877.826 1110.188
878.121 1144.250
878.415 1145.196
878.710 1135.344
879.005 1074.238
879.299 1020.638
879.594 1007.274
879.889 1003.993
880.183 963.485
880.478 947.165
880.773 936.534
881.067 962.659
881.362 970.700
881.656 972.609
881.951 974.538
882.246 981.488
882.540 973.472
882.835 965.225
883.130 986.009
883.424 1017.062
883.719 1010.610
884.014 995.665
884.308 1004.064
884.603 1021.178
884.898 1023.470
885.192 1025.188
885.487 1035.236
885.782 1016.132
886.076 1006.776
886.371 968.532
886.666 938.157
886.960 979.640
887.255 998.081
887.549 1007.607
887.844 1025.902
888.139 1046.637
888.433 1089.164
888.728 1087.694
889.023 1045.205
889.317 1013.102
889.612 994.261
889.907 1008.962
890.201 1002.409
890.496 975.729
890.791 991.572
891.085 1020.765
891.380 1002.258
891.675 984.870
891.969 1001.651
892.264 999.272
892.559 995.397
892.853 1011.670
893.148 984.585
893.442 966.225
893.737 961.468
894.032 904.271
894.326 891.965
894.621 912.653
894.916 891.104
895.210 869.035
895.505 883.874
895.800 881.833
896.094 897.202
896.389 886.541
896.684 879.490
896.978 899.843
897.273 924.431
897.568 964.478
897.862 994.300
898.157 1043.472
898.451 1100.503
898.746 1099.520
899.041 1090.827
899.335 1120.816
899.630 1138.513
899.925 1115.214
900.219 1039.316
900.514 1028.748
900.809 1019.364
901.103 1001.319
901.398 992.416
901.693 942.694
901.987 924.740
902.282 966.352
902.577 969.264
902.871 998.238
903.166 1025.183
903.461 988.621
903.755 970.908
904.050 979.828
904.344 966.066
904.639 921.191
904.934 886.643
905.228 902.682
905.523 938.667
905.818 953.190
906.112 972.443
906.407 993.818
906.702 1014.165
906.996 1060.666
907.291 1045.481
907.586 1050.256
907.880 1097.187
908.175 1136.758
908.470 1149.568
908.764 1154.241
909.059 1118.700
909.354 1127.293
909.648 1152.846
909.943 1175.310
910.237 1181.385
910.532 1191.501
910.827 1208.716
911.121 1232.798
911.416 1232.991
911.711 1229.298
912.005 1188.082
912.300 1158.660
912.599 1162.236
912.898 1183.020
913.196 1165.987
913.495 1159.273
913.794 1161.208
914.093 1168.443
914.391 1190.540
914.690 1177.831
914.989 1132.517
915.288 1094.404
915.586 1047.641
915.885 1019.494
916.184 1027.450
916.483 1010.746
916.782 995.695
917.080 1031.287
917.379 1107.258
917.678 1166.954
917.977 1180.254
918.275 1172.500
918.574 1148.553
918.873 1143.694
919.172 1113.305
919.471 1056.547
919.769 1012.447
920.068 996.158
920.367 960.959
920.666 943.431
920.964 968.716
921.263 973.823
921.562 992.095
921.861 1020.949
922.159 1019.989
922.458 1034.219
922.757 1082.780
923.056 1082.031
923.355 1065.356
923.653 1085.446
923.952 1107.400
924.251 1093.942
924.550 1086.053
924.848 1077.555
925.147 1070.032
925.446 1093.103
925.745 1065.789
926.043 1052.569
926.342 1087.139
926.641 1134.242
926.940 1132.029
927.239 1135.209
927.537 1176.324
927.836 1213.770
928.135 1229.721
928.434 1244.957
928.732 1220.594
929.031 1212.838
929.330 1204.201
929.629 1162.006
929.927 1159.082
930.226 1146.317
930.525 1153.000
930.824 1176.269
931.123 1209.017
931.421 1239.723
931.720 1253.289
932.019 1237.624
932.318 1233.583
932.616 1207.616
932.915 1194.650
933.214 1201.591
933.513 1227.042
933.812 1239.281
934.110 1325.111
934.409 1399.584
934.708 1406.870
935.007 1442.067
935.305 1456.563
935.604 1469.217
935.903 1542.906
936.202 1542.909
936.500 1520.424
936.799 1532.388
937.098 1517.968
937.397 1521.908
937.696 1486.749
937.994 1428.406
938.293 1396.421
938.592 1418.620
938.891 1503.511
939.189 1525.026
939.488 1532.787
939.787 1553.534
940.086 1541.120
940.384 1541.828
940.683 1588.476
940.982 1587.973
941.281 1596.297
941.580 1615.778
941.878 1643.502
942.177 1650.960
942.476 1615.697
942.775 1563.941
943.073 1557.042
943.372 1580.570
943.671 1551.983
943.970 1527.228
944.268 1558.066
944.567 1592.758
944.866 1538.586
945.165 1507.711
945.464 1523.862
945.762 1572.679
946.061 1603.493
946.360 1606.156
946.659 1600.732
946.957 1661.147
947.256 1644.372
947.555 1580.683
947.854 1532.421
948.153 1506.563
948.451 1550.782
948.750 1560.259
949.049 1524.950
949.348 1560.822
949.646 1590.838
949.945 1590.332
950.244 1570.934
950.543 1472.688
950.841 1434.457
951.140 1429.335
951.439 1392.642
951.738 1383.693
952.037 1369.267
952.335 1369.484
952.634 1345.486
952.933 1385.878
953.232 1434.958
953.530 1440.055
953.829 1461.381
954.128 1495.192
954.427 1535.663
954.725 1588.050
955.024 1530.307
955.323 1479.333
955.622 1446.316
955.921 1396.522
956.219 1363.707
956.518 1323.881
956.817 1294.688
957.116 1267.520
957.414 1207.467
957.713 1208.544
958.012 1209.081
958.311 1209.068
958.610 1210.495
958.908 1247.120
959.207 1309.790
959.506 1366.614
959.805 1345.356
960.103 1313.993
960.402 1275.309
960.701 1258.295
961.000 1221.853
961.298 1193.375
961.597 1191.437
961.896 1201.319
962.195 1192.830
962.494 1187.225
962.792 1157.462
963.091 1159.543
963.390 1186.183
963.689 1207.331
963.987 1214.135
964.286 1216.920
964.585 1293.074
964.884 1409.425
965.182 1476.732
965.481 1488.854
965.780 1462.779
966.080 1468.579
966.380 1505.027
966.680 1436.539
966.981 1348.667
967.281 1303.422
967.581 1277.045
967.881 1261.877
968.181 1217.441
968.481 1190.614
968.781 1210.523
969.082 1224.318
969.382 1239.055
969.682 1217.613
969.982 1198.996
970.282 1241.713
970.582 1246.974
970.882 1229.867
971.183 1220.487
971.483 1207.521
971.783 1228.643
972.083 1274.247
972.383 1257.256
972.683 1249.329
972.983 1262.056
973.284 1260.170
973.584 1262.335
973.884 1234.882
974.184 1177.836
974.484 1158.304
974.784 1178.202
975.084 1171.323
975.385 1162.616
975.685 1149.417
975.985 1156.546
976.285 1176.301
976.585 1195.654
976.885 1189.754
977.185 1218.168
977.486 1247.722
977.786 1219.944
978.086 1197.540
978.386 1191.431
978.686 1186.785
978.986 1158.047
979.286 1098.143
979.587 1022.481
979.887 1021.821
980.187 1028.978
980.487 1068.421
980.787 1072.435
981.087 1059.164
981.387 1062.892
981.688 1100.192
981.988 1114.206
982.288 1131.220
982.588 1115.948
982.888 1125.677
983.188 1168.548
983.488 1193.276
983.789 1182.290
984.089 1155.304
984.389 1141.175
984.689 1146.761
984.989 1139.203
985.289 1100.360
985.589 1078.088
985.890 1092.531
986.190 1112.545
986.490 1141.702
986.790 1140.430
987.090 1111.158
987.390 1118.172
987.690 1121.900
987.991 1081.057
988.291 1041.356
988.591 1028.656
988.891 1010.241
989.191 1032.683
989.491 1072.269
989.791 1097.425
990.092 1141.439
990.392 1164.881
990.692 1171.038
990.992 1169.052
991.292 1188.065
991.592 1185.222
991.892 1165.807
992.193 1146.535
992.493 1150.834
992.793 1139.419
993.093 1154.433
993.393 1161.446
993.693 1154.460
993.993 1157.045
994.294 1162.630
994.594 1157.358
994.894 1139.514
995.194 1102.099
995.494 1068.541
995.794 1069.555
996.094 1039.140
996.395 1000.296
996.695 988.595
996.995 968.894
997.295 942.194
997.595 911.064
997.895 870.506
998.195 934.091
998.496 980.819
998.796 1013.404
999.096 1060.703
999.396 1143.573
999.696 1213.586
999.996 1247.171
1000.296 1215.470
1000.597 1251.484
1000.897 1245.497
1001.197 1206.939
1001.497 1167.095
1001.797 1139.394
1002.097 1161.264
1002.397 1171.849
1002.698 1109.719
1002.998 1091.732
1003.298 1128.460
1003.598 1158.616
1003.898 1161.343
1004.198 1153.071
1004.498 1174.227
1004.799 1227.097
1005.099 1265.967
1005.399 1241.552
1005.699 1253.565
1005.999 1285.864
1006.299 1267.305
1006.599 1245.747
1006.900 1223.331
1007.200 1194.059
1007.500 1191.643
1007.800 1143.513
1008.100 1084.384
1008.400 1074.539
1008.700 1106.267
1009.001 1145.422
1009.301 1181.150
1009.601 1217.306
1009.901 1270.176
1010.201 1279.760
1010.501 1285.630
1010.801 1228.071
1011.102 1152.656
1011.402 1135.097
1011.702 1116.396
1012.002 1070.123
1012.302 1081.421
1012.602 1084.720
1012.902 1114.733
1013.203 1123.603
1013.503 1116.330
1013.803 1096.771
1014.103 1077.927
1014.403 1107.368
1014.703 1152.809
1015.003 1125.822
1015.304 1120.263
1015.604 1105.419
1015.904 1116.003
1016.204 1125.730
1016.504 1083.028
1016.804 1020.041
1017.104 1013.197
1017.405 1030.638
1017.705 1046.508
1018.005 1024.234
1018.305 1002.676
1018.605 1050.402
1018.905 1109.558
1019.205 1160.570
1019.506 1195.440
1019.806 1198.881
1020.106 1246.037
1020.406 1328.192
1020.706 1296.919
1021.006 1289.788
1021.306 1287.515
1021.607 1245.528
1021.907 1231.397
1022.207 1212.838
1022.507 1149.994
1022.807 1131.863
1023.107 1074.590
1023.407 1036.888
1023.708 1033.329
1024.008 1001.627
1024.308 1008.497
1024.608 1077.509
1024.908 1126.236
1025.208 1148.962
1025.508 1179.689
1025.809 1213.415
1026.109 1259.713
1026.409 1282.011
1026.709 1219.167
1027.009 1167.322
1027.309 1188.334
1027.609 1216.489
1027.910 1283.216
1028.210 1329.799
1028.510 1321.383
1028.810 1371.395
1029.110 1420.407
1029.410 1440.419
1029.710 1402.289
1030.011 1330.444
1030.311 1298.884
1030.611 1284.182
1030.911 1289.194
1031.211 1296.064
1031.511 1265.219
1031.811 1231.374
1032.112 1221.243
1032.412 1249.112
1032.712 1272.267
1033.012 1235.136
1033.312 1192.148
1033.612 1170.446
1033.912 1172.601
1034.212 1185.613
1034.513 1123.053
1034.813 1092.637
1035.113 1098.649
1035.413 1093.089
1035.713 1131.816
1036.013 1173.256
1036.313 1140.411
1036.614 1165.851
1036.914 1174.578
1037.214 1168.875
1037.514 1173.458
1037.814 1153.470
1038.114 1118.339
1038.414 1101.923
1038.715 1087.506
1039.015 1070.946
1039.315 1035.101
1039.615 1026.398
1039.915 1029.267
1040.215 1048.279
1040.515 1071.291
1040.816 1046.874
1041.116 1025.029
1041.416 1066.898
1041.716 1088.338
1042.016 1063.778
1042.316 1043.790
1042.616 1051.659
1042.917 1102.385
1043.217 1149.539
1043.517 1129.551
1043.817 1106.134
1044.117 1114.003
1044.417 1161.872
1044.717 1187.741
1045.018 1156.466
1045.318 1112.478
1045.618 1104.061
1045.918 1114.930
1046.218 1100.941
1046.518 1103.096
1046.818 1104.965
1047.119 1107.976
1047.419 1152.273
1047.719 1173.999
1048.019 1191.868
1048.319 1206.736
1048.619 1186.462
1048.919 1172.474
1049.220 1155.057
1049.520 1163.782
1049.820 1167.937
1050.120 1162.377
1050.420 1188.388
1050.720 1206.685
1051.020 1194.697
1051.321 1194.422
1051.621 1139.434
1051.921 1091.302
1052.221 1088.314
1052.521 1096.897
1052.821 1111.051
1053.121 1117.062
1053.422 1173.073
1053.722 1218.799
1054.022 1241.668
1054.322 1234.393
1054.622 1201.976
1054.922 1157.701
1055.222 1175.998
1055.523 1149.010
1055.823 1153.164
1056.123 1158.318
1056.423 1121.472
1056.723 1121.769
1057.023 1140.494
1057.323 1138.934
1057.624 1123.374
1057.924 1115.957
1058.224 1123.682
1058.524 1153.265
1058.824 1179.562
1059.124 1160.287
1059.424 1137.584
1059.725 1134.881
1060.025 1112.606
1060.325 1094.903
1060.625 1121.771
1060.925 1095.354
1061.225 1098.508
1061.525 1118.947
1061.826 1153.673
1062.126 1180.541
1062.426 1256.266
1062.726 1277.706
1063.026 1301.431
1063.326 1305.156
1063.626 1275.596
1063.927 1277.750
1064.227 1268.475
1064.527 1164.200
1064.827 1102.925
1065.127 1099.794
1065.427 1108.805
1065.727 1098.387
1066.028 1058.541
1066.328 1043.694
1066.628 1072.562
1066.928 1080.716
1067.228 1030.156
1067.528 1018.595
1067.828 1071.320
1068.129 1083.474
1068.429 1062.628
1068.729 1085.353
1069.029 1133.078
1069.329 1218.089
1069.629 1244.528
1069.929 1210.825
1070.230 1229.407
1070.530 1262.989
1070.830 1263.286
1071.130 1248.439
1071.430 1181.593
1071.730 1144.318
1072.030 1158.329
1072.331 1154.339
1072.631 1153.350
1072.931 1134.646
1073.231 1123.657
1073.531 1176.668
1073.831 1182.107
1074.131 1137.261
1074.432 1096.557
1074.732 1078.425
1075.032 1065.150
1075.332 1026.732
1075.632 974.171
1075.932 974.324
1076.232 991.049
1076.533 998.774
1076.833 998.071
1077.133 1030.795
1077.433 1063.092
1077.733 1078.388
1078.033 1089.827
1078.333 1089.552
1078.634 1127.848
1078.934 1182.002
1079.234 1185.012
1079.534 1189.308
1079.834 1193.747
1080.134 1185.044
1080.434 1165.340
1080.735 1126.350
1081.035 1097.218
1081.335 1087.514
1081.635 1075.667
1081.935 1077.963
1082.235 1076.545
1082.535 1138.841
1082.836 1182.566
1083.136 1167.005
1083.436 1148.587
1083.736 1145.740
1084.036 1163.751
1084.336 1195.332
1084.636 1179.628
1084.937 1171.924
1085.237 1183.078
1085.537 1219.659
1085.837 1223.813
1086.137 1196.823
1086.437 1199.833
1086.737 1224.843
1087.038 1186.711
1087.338 1130.578
1087.638 1109.017
1087.938 1133.885
1088.238 1162.895
1088.538 1105.476
1088.838 1080.487
1089.139 1126.354
1089.439 1203.936
1089.739 1206.374
1090.039 1195.813
1090.339 1155.252
1090.639 1176.405
1090.939 1163.844
1091.240 1172.425
1091.540 1177.293
1091.840 1169.874
1092.140 1135.599
1092.453 1143.466
1092.766 1131.905
1093.079 1127.915
1093.392 1135.925
1093.705 1123.792
1094.018 1168.516
1094.330 1202.526
1094.643 1220.965
1094.956 1222.689
1095.269 1208.128
1095.582 1164.138
1095.895 1158.720
1096.208 1133.158
1096.521 1145.454
1096.834 1164.464
1097.147 1162.902
1097.460 1165.198
1097.773 1160.922
1098.085 1117.218
1098.398 1109.228
1098.711 1120.381
1099.024 1114.534
1099.337 1119.829
1099.650 1124.696
1099.963 1142.135
1100.276 1187.573
1100.589 1206.869
1100.902 1166.879
1101.215 1157.603
1101.528 1200.899
1101.841 1194.337
1102.153 1165.490
1102.466 1163.928
1102.779 1137.795
1103.092 1124.662
1103.405 1117.386
1103.718 1078.825
1104.031 1143.406
1104.344 1174.130
1104.657 1155.854
1104.970 1160.721
1105.283 1197.159
1105.596 1205.312
1105.909 1194.322
1106.221 1116.903
1106.534 1071.770
1106.847 1069.922
1107.160 1039.218
1107.473 1002.799
1107.786 989.095
1108.099 980.247
1108.412 1025.542
1108.725 1071.552
1109.038 1052.990
1109.351 1068.572
1109.664 1075.438
1109.977 1064.019
1110.289 1076.315
1110.602 1045.896
1110.915 1009.048
1111.228 987.915
1111.541 966.353
1111.854 956.649
1112.167 944.658
1112.480 958.382
1112.793 977.249
1113.106 976.687
1113.419 1027.554
1113.732 1066.992
1114.044 1070.287
1114.357 1074.725
1114.670 1079.735
1114.983 1076.601
1115.296 1106.611
1115.609 1109.620
1115.922 1105.344
1116.235 1119.497
1116.548 1142.363
1116.861 1172.373
1117.174 1171.239
1117.487 1157.677
1117.800 1138.972
1118.112 1138.411
1118.425 1134.991
1118.738 1130.715
1119.051 1090.439
1119.364 1104.877
1119.677 1151.458
1119.990 1171.181
1120.303 1190.191
1120.616 1210.772
1120.929 1223.352
1121.242 1224.219
1121.555 1168.942
1121.868 1096.952
1122.180 1091.818
1122.493 1089.542
1122.806 1084.123
1123.119 1061.132
1123.432 1039.856
1123.745 1103.579
1124.058 1156.160
1124.371 1153.598
1124.684 1107.750
1124.997 1050.188
1125.310 1040.626
1125.623 1080.778
1125.935 1075.358
1126.248 1089.796
1126.561 1116.377
1126.874 1162.958
1127.187 1225.967
1127.500 1257.262
1127.813 1287.700
1128.126 1268.566
1128.439 1177.004
1128.752 1130.727
1129.065 1113.736
1129.378 1095.174
1129.691 1062.326
1130.003 1014.192
1130.316 1009.487
1130.629 1042.353
1130.942 1059.363
1131.255 1078.515
1131.568 1087.952
1131.881 1091.819
1132.194 1104.113
1132.507 1092.265
1132.820 1143.417
1133.133 1255.855
1133.446 1278.721
1133.759 1308.302
1134.071 1369.025
1134.384 1367.891
1134.697 1374.329
1135.010 1322.909
1135.323 1188.490
1135.636 1130.499
1135.949 1080.079
1136.262 1022.088
1136.575 999.240
1136.888 1024.963
1137.201 1042.544
1137.514 1059.838
1137.826 1133.419
1138.139 1201.713
1138.452 1249.151
1138.765 1279.446
1139.078 1286.312
1139.391 1289.606
1139.704 1288.758
1140.017 1227.481
1140.330 1182.776
1140.643 1165.213
1140.956 1136.365
1141.269 1160.231
1141.582 1180.097
1141.894 1211.963
1142.207 1211.972
1142.520 1171.124
1142.833 1144.561
1143.146 1181.142
1143.459 1146.007
1143.772 1123.873
1144.085 1078.168
1144.398 1085.748
1144.711 1138.186
1145.024 1139.623
1145.337 1109.632
1145.650 1075.783
1145.962 1105.649
1146.275 1150.230
1146.588 1133.238
1146.901 1111.533
1147.214 1111.113
1147.527 1109.550
1147.840 1128.702
1148.153 1133.711
1148.466 1108.719
1148.779 1134.728
1149.092 1166.022
1149.405 1180.317
1149.718 1153.897
1150.030 1136.763
1150.343 1134.200
1150.656 1144.923
1150.969 1119.075
1151.282 1036.369
1151.595 991.806
1151.908 1054.529
1152.221 1090.109
1152.534 1083.975
1152.847 1098.841
1153.160 1125.564
1153.473 1212.858
1153.785 1267.724
1154.098 1271.875
1154.411 1274.598
1154.724 1275.892
1155.037 1246.187
1155.350 1243.624
1155.663 1198.489
1155.976 1139.069
1156.289 1063.507
1156.602 1038.229
1156.915 1017.809
1157.228 1037.532
1157.541 1051.683
1157.853 1060.549
1158.166 1110.558
1158.479 1164.138
1158.792 1169.575
1159.105 1168.440
1159.418 1195.020
1159.731 1189.600
1160.044 1161.894
1160.357 1157.617
1160.670 1180.197
1160.983 1190.920
1161.296 1178.357
1161.609 1093.936
1161.921 1045.231
1162.234 1047.382
1162.547 1043.390
1162.860 1008.113
1163.173 996.407
1163.486 1006.416
1163.799 1033.567
1164.112 1040.147
1164.425 1057.012
1164.738 1045.592
1165.051 1052.743
1165.364 1064.466
1165.676 1098.760
1165.989 1135.054
1166.302 1192.491
1166.615 1233.785
1166.928 1276.364
1167.241 1276.801
1167.554 1237.381
1167.867 1193.104
1168.180 1170.683
1168.493 1155.120
1168.806 1136.129
1169.119 1104.851
1169.432 1110.145
1169.744 1166.582
1170.057 1187.590
1170.370 1197.027
1170.683 1164.321
1170.996 1137.615
1171.309 1180.337
1171.622 1198.203
1171.935 1190.782
1172.248 1200.791
1172.561 1215.942
1172.874 1254.521
1173.187 1285.244
1173.500 1259.538
1173.812 1207.974
1174.125 1170.983
1174.438 1167.562
1174.751 1140.427
1175.064 1083.578
1175.377 1051.872
1175.690 1042.452
1176.003 1059.460
1176.316 1061.468
1176.629 1011.476
1176.942 996.199
1177.255 1040.492
1177.567 1050.929
1177.880 1060.509
1178.193 1101.088
1178.506 1113.668
1178.819 1178.247
1179.132 1223.255
1179.445 1186.692
1179.758 1179.986
1180.071 1181.136
1180.384 1198.859
1180.697 1260.295
1181.010 1261.589
1181.323 1235.169
1181.635 1231.605
1181.948 1245.185
1182.261 1275.764
1182.574 1253.772
1182.887 1210.780
1183.200 1198.931
1183.513 1206.653
1183.826 1215.375
1184.139 1184.383
1184.452 1127.820
1184.765 1086.399
1185.078 1043.550
1185.391 989.986
1185.703 984.137
1186.016 1043.574
1186.329 1073.296
1186.642 1082.447
1186.955 1088.883
1187.268 1142.320
1187.581 1188.185
1187.894 1190.193
1188.207 1124.486
1188.520 1070.065
1188.833 1043.502
1189.146 1063.224
1189.459 1035.803
1189.771 1031.240
1190.084 1048.676
1190.397 1090.970
1190.710 1143.692
1191.023 1175.414
1191.336 1137.565
1191.649 1148.144
1191.962 1181.866
1192.275 1153.445
1192.588 1131.453
1192.901 1154.461
1193.214 1138.326
1193.526 1177.191
1193.839 1184.056
1194.152 1149.635
1194.465 1146.214
1194.778 1153.507
1195.091 1157.801
1195.404 1162.523
1195.717 1112.959
1196.030 1105.967
1196.343 1110.117
1196.656 1132.839
1196.969 1172.847
1197.282 1181.855
1197.594 1177.148
1197.907 1189.870
1198.220 1171.592
1198.533 1162.028
1198.846 1166.750
1199.159 1096.044
1199.472 1068.766
1199.785 1090.773
1200.098 1106.495
1200.411 1093.360
1200.724 1061.368
1201.037 1045.947
1201.350 1066.240
1201.662 951.105
1201.975 907.061
1202.288 866.798
1202.601 854.902
