165.028 13.305
165.288 17.011
165.547 10.483
165.807 7.107
166.067 11.976
166.327 9.987
166.587 7.855
166.847 13.724
167.107 9.592
167.367 17.318
167.627 13.186
167.886 2.341
168.146 -3.362
168.406 2.221
168.666 3.947
168.926 6.530
169.186 4.542
169.446 5.696
169.706 6.280
169.966 -3.566
170.225 -27.268
170.485 -40.685
170.745 -47.244
171.005 -54.946
171.265 -53.934
171.525 -46.350
171.785 -32.481
172.045 -22.469
172.305 -19.314
172.564 -23.016
172.824 -19.575
173.084 -18.134
173.344 -20.121
173.604 -20.252
173.864 -15.953
174.124 -13.512
174.384 -15.357
174.644 -13.916
174.903 -4.760
175.163 8.824
175.423 12.551
175.683 10.850
175.943 18.005
176.203 34.447
176.463 49.174
176.723 49.187
176.983 33.914
177.242 27.070
177.502 34.226
177.762 35.382
178.022 33.538
178.282 26.551
178.542 17.135
178.802 14.006
179.062 18.448
179.322 18.318
179.581 15.617
179.841 18.630
180.101 14.501
180.361 22.228
180.621 31.956
180.881 23.827
181.141 22.126
181.401 25.282
181.661 13.581
181.920 10.023
182.180 9.037
182.440 -0.092
182.700 0.778
182.960 -1.208
183.220 -6.623
183.480 -4.752
183.740 -11.453
184.000 -12.582
184.259 -4.711
184.519 -10.697
184.779 -20.398
185.039 -25.670
185.299 -38.941
185.559 -48.070
185.819 -59.771
186.079 -57.900
186.339 -42.029
186.598 -34.444
186.858 -22.001
187.118 -18.559
187.378 -11.116
187.638 4.041
187.898 9.483
188.158 7.640
188.418 5.369
188.678 2.240
188.937 27.968
189.197 52.554
189.457 45.568
189.717 41.439
189.977 53.167
190.237 58.181
190.497 55.195
190.757 47.638
191.017 36.367
191.276 40.524
191.536 39.681
191.796 20.123
192.056 -13.291
192.316 -23.705
192.576 -29.406
192.836 -36.534
193.096 -36.663
193.356 -36.791
193.616 -42.206
193.875 -30.049
194.135 -31.177
194.395 -32.877
194.655 -24.006
194.915 -21.992
195.175 -23.549
195.435 -14.249
195.695 5.194
195.955 18.780
196.214 23.937
196.474 14.665
196.734 8.108
196.994 16.694
197.254 26.565
197.514 29.437
197.774 27.308
198.034 30.751
198.294 30.908
198.553 17.780
198.813 6.222
199.073 6.951
199.333 -3.178
199.593 -9.020
199.853 -12.149
200.113 -7.135
200.373 2.880
200.633 16.894
200.892 20.765
201.152 26.065
201.412 27.651
201.672 27.094
201.932 26.679
202.192 28.551
202.452 -0.149
202.712 -23.706
202.972 -25.121
203.231 -14.964
203.491 -12.521
203.751 -10.506
204.011 -3.921
204.271 13.093
204.531 16.393
204.791 14.265
205.051 3.993
205.311 -3.135
205.570 -6.836
205.830 -8.393
206.090 -3.093
206.350 8.778
206.610 17.793
206.870 23.092
207.130 23.107
207.390 23.692
207.650 25.135
207.909 20.149
208.169 17.592
208.429 13.463
208.689 21.191
208.949 31.205
209.209 38.076
209.469 48.376
209.729 54.533
209.989 51.119
210.248 51.275
210.508 40.718
210.768 27.018
211.028 26.317
211.288 34.331
211.548 35.488
211.808 39.074
212.068 46.088
212.328 44.387
212.587 45.115
212.847 40.844
213.107 17.286
213.367 20.300
213.627 16.742
213.887 9.328
214.147 15.913
214.407 15.641
214.667 9.655
214.926 10.383
215.186 1.968
215.446 0.696
215.706 0.853
215.966 2.152
216.226 9.023
216.486 17.322
216.746 19.050
217.006 8.778
217.265 11.935
217.525 18.806
217.785 20.105
218.045 21.690
218.305 22.846
218.565 22.574
218.825 33.445
219.085 33.458
219.345 23.615
219.604 14.057
219.864 2.642
220.124 -0.916
220.384 -0.760
220.644 -7.604
220.904 -5.019
221.164 5.709
221.424 23.865
221.684 38.164
221.943 31.892
222.203 30.191
222.463 33.775
222.723 27.074
222.983 18.516
223.243 15.244
223.503 13.400
223.763 28.413
224.023 36.998
224.282 32.582
224.542 40.024
224.802 35.608
225.062 7.336
225.322 -4.508
225.582 -10.638
225.842 0.661
226.102 16.531
226.362 17.544
226.621 23.842
226.881 44.998
227.141 54.154
227.401 51.167
227.661 34.037
227.921 26.478
228.181 27.634
228.441 31.504
228.701 40.517
228.960 39.672
229.220 34.257
229.480 38.841
229.740 26.996
230.000 14.009
230.260 7.307
230.520 -7.966
230.780 -7.239
231.040 -2.083
231.299 1.358
231.559 17.370
231.819 34.383
232.079 41.967
232.339 44.837
232.599 42.278
232.859 47.719
233.119 49.874
233.379 43.886
233.638 22.470
233.898 5.911
234.158 -4.362
234.418 -6.064
234.678 -12.052
234.938 -22.468
235.198 -23.599
235.458 -12.301
235.718 0.140
235.978 20.723
236.237 37.164
236.497 38.748
236.757 34.474
237.017 31.772
237.277 30.927
237.537 42.367
237.797 44.236
238.057 34.391
238.317 39.832
238.576 48.129
238.836 45.570
239.096 52.868
239.356 52.451
239.616 39.034
239.876 22.617
240.136 13.058
240.396 8.355
240.656 15.510
240.915 5.093
241.175 -17.038
241.435 -28.312
241.695 -22.729
241.955 -31.860
242.215 -39.992
242.475 -40.980
242.735 -31.397
242.995 -27.386
243.254 -21.517
243.514 -16.363
243.774 -5.208
244.034 -11.911
244.294 -18.328
244.554 -18.888
244.814 -5.734
245.074 7.277
245.334 14.860
245.593 17.871
245.853 29.454
246.113 29.751
246.373 21.762
246.633 10.202
246.893 2.499
247.153 -6.776
247.413 -9.336
247.673 4.675
247.932 21.686
248.192 34.269
248.452 34.423
248.712 29.291
248.972 28.730
249.232 28.313
249.492 17.609
249.752 13.620
250.012 -3.940
250.271 -15.930
250.531 -18.490
250.791 -19.765
251.051 -18.897
251.311 -23.886
251.571 -30.733
251.831 -26.293
252.091 -9.426
252.351 1.585
252.610 -1.690
252.870 -5.679
253.130 0.188
253.390 10.485
253.650 21.781
253.911 24.934
254.172 16.945
254.433 16.384
254.694 16.823
254.955 12.976
255.216 4.415
255.477 -2.718
255.738 -13.564
255.999 -5.268
256.261 7.599
256.522 6.181
256.783 -2.809
257.044 -10.941
257.305 5.640
257.566 19.936
257.827 16.089
258.088 7.813
258.349 21.252
258.610 39.834
258.871 50.558
259.132 34.140
259.393 22.721
259.654 33.731
259.915 48.027
260.176 45.322
260.437 36.046
260.698 21.771
260.959 22.781
261.221 19.648
261.482 12.086
261.743 21.524
262.004 27.534
262.265 33.544
262.526 46.982
262.787 51.420
263.048 57.859
263.309 53.440
263.570 38.021
263.831 2.459
264.092 -24.103
264.353 -30.807
264.614 -24.941
264.875 -8.646
265.136 2.935
265.397 4.516
265.658 33.240
265.919 60.249
266.181 60.259
266.442 55.125
266.703 49.420
266.964 39.716
267.225 37.296
267.486 40.448
267.747 40.886
268.008 53.753
268.269 43.190
268.530 27.914
268.791 23.352
269.052 9.932
269.313 -4.773
269.574 -10.478
269.835 -16.326
270.096 -11.317
270.357 -20.451
270.618 -9.299
270.879 1.710
271.141 3.005
271.402 3.014
271.663 -4.120
271.924 -1.968
272.185 17.040
272.446 5.621
272.707 -1.656
272.968 3.210
273.229 8.361
273.490 4.942
273.751 -2.621
274.012 -8.041
274.273 6.111
274.534 25.548
274.795 34.271
275.056 36.708
275.317 48.003
275.578 55.583
275.839 57.448
276.101 47.885
276.362 29.037
276.623 12.045
276.884 0.768
277.145 2.777
277.406 -2.929
277.667 -2.778
277.928 -0.484
278.189 13.382
278.450 27.390
278.711 27.970
278.972 12.692
279.233 7.415
279.494 -0.291
279.755 -10.140
280.016 -18.274
280.277 -18.266
280.538 -9.972
280.799 6.036
281.061 12.187
281.322 15.052
281.583 26.489
281.844 21.211
282.105 13.076
282.366 5.942
282.627 -1.479
282.888 2.243
283.149 1.680
283.410 -1.169
283.671 10.839
283.932 16.275
284.193 12.569
284.454 24.434
284.715 27.442
284.976 21.164
285.237 19.315
285.498 20.751
285.759 17.902
286.021 22.909
286.282 13.346
286.543 1.211
286.804 10.218
287.065 17.512
287.326 3.377
287.587 4.384
287.848 15.106
288.109 10.542
288.370 13.550
288.631 22.558
288.892 17.279
289.153 24.573
289.414 29.294
289.675 20.730
289.936 30.452
290.197 35.317
290.458 21.039
290.719 18.617
290.981 15.196
291.242 -2.082
291.503 -9.932
291.764 -26.782
292.025 -26.774
292.286 -15.481
292.547 -12.331
292.808 -13.895
293.069 6.826
293.330 24.262
293.591 31.555
293.852 28.134
294.113 18.998
294.374 14.434
294.635 22.869
294.896 15.734
295.157 9.884
295.418 19.176
295.679 19.469
295.941 20.333
296.202 26.626
296.463 25.633
296.724 23.783
296.985 21.790
297.246 10.940
297.507 10.232
297.768 23.811
298.029 26.818
298.290 13.396
298.551 6.260
298.812 0.267
299.073 6.274
299.334 8.138
299.595 -5.713
299.856 -10.706
300.117 2.444
300.378 14.736
300.639 27.171
300.901 27.749
301.162 28.470
301.423 26.334
301.684 26.627
301.945 25.633
302.206 14.497
302.467 -1.639
302.728 -7.633
302.989 -0.912
303.250 16.095
303.511 25.387
303.772 26.108
304.033 33.257
304.294 37.835
304.555 23.270
304.816 8.134
305.077 -6.003
305.338 -26.853
305.599 -31.418
305.861 -38.983
306.122 -37.834
306.383 -13.256
306.644 3.036
306.905 12.328
307.166 24.048
307.427 26.340
307.688 43.346
307.949 52.067
308.210 50.073
308.471 38.079
308.732 21.086
308.993 11.235
309.254 16.098
309.515 19.390
309.776 15.539
310.037 55.402
310.298 88.694
310.559 101.272
310.821 121.849
311.082 120.427
311.343 104.290
311.604 102.724
311.865 66.873
312.126 45.879
312.387 54.457
312.648 43.605
312.909 40.754
313.170 53.617
313.434 69.909
313.698 56.058
313.963 32.206
314.227 16.070
314.491 14.933
314.755 20.081
315.019 14.516
315.284 2.807
315.548 22.242
315.812 43.819
316.076 47.825
316.340 58.259
316.604 59.265
316.869 53.127
317.133 57.133
317.397 50.425
317.661 50.287
317.925 46.864
318.190 25.442
318.454 20.447
318.718 17.024
318.982 10.030
319.246 4.178
319.511 -3.816
319.775 4.047
320.039 11.481
320.303 17.201
320.567 32.778
320.832 33.926
321.096 41.217
321.360 58.365
321.624 65.371
321.888 85.233
322.153 85.382
322.417 78.959
322.681 73.535
322.945 58.969
323.209 37.975
323.473 24.837
323.738 4.700
324.002 -2.581
324.266 -2.147
324.530 -0.284
324.794 7.578
325.059 19.441
325.323 23.160
325.587 34.737
325.851 41.314
326.115 29.747
326.380 29.181
326.644 28.329
326.908 19.334
327.172 16.625
327.436 18.773
327.701 21.921
327.965 40.355
328.229 38.932
328.493 26.080
328.757 36.799
329.022 45.804
329.286 40.381
329.550 34.243
329.814 36.105
330.078 52.396
330.342 73.115
330.607 66.977
330.871 68.554
331.135 74.559
331.399 69.421
331.663 58.854
331.928 55.288
332.192 52.150
332.456 62.012
332.720 57.731
332.984 53.593
333.249 63.169
333.513 62.031
333.777 58.465
334.041 47.898
334.305 32.760
334.570 26.479
334.834 10.627
335.098 -3.940
335.362 -3.649
335.626 -5.501
335.891 -1.068
336.155 8.794
336.419 22.227
336.683 31.518
336.947 35.808
337.211 38.527
337.476 41.389
337.740 39.108
338.004 30.541
338.268 28.260
338.532 37.979
338.797 48.841
339.061 37.274
339.325 8.136
339.589 -0.431
339.853 0.573
340.118 -17.708
340.382 -34.275
340.646 -43.699
340.910 -26.123
341.174 -1.975
341.439 0.886
341.703 8.319
341.967 15.752
342.231 25.328
342.495 22.190
342.759 6.194
343.024 0.627
343.288 17.060
343.552 23.636
343.816 22.212
344.080 17.788
344.345 30.792
344.609 42.940
344.873 44.230
345.137 21.663
345.401 12.810
345.666 11.243
345.930 16.961
346.194 23.251
346.458 21.113
346.722 27.117
346.987 38.979
347.251 29.268
347.515 37.416
347.779 36.277
348.043 14.996
348.308 -2.715
348.572 -8.710
348.836 -4.992
349.100 6.298
349.364 9.731
349.628 12.878
349.893 33.596
350.157 54.743
350.421 57.319
350.685 61.609
350.949 62.613
351.214 56.331
351.478 39.050
351.742 21.625
352.006 22.201
352.270 27.348
352.535 20.637
352.799 11.784
353.063 7.931
353.327 16.221
353.591 14.225
353.856 -1.771
354.120 -0.481
354.384 5.666
354.648 1.670
354.912 1.531
355.177 8.249
355.441 8.967
355.705 20.828
355.969 16.546
356.233 3.979
356.497 6.269
356.762 4.273
357.026 -0.009
357.290 13.709
357.554 25.998
357.818 37.145
358.083 48.578
358.347 48.439
358.611 53.585
358.875 50.875
359.139 37.022
359.404 29.740
359.668 22.458
359.932 28.890
360.196 41.322
360.460 39.898
360.725 45.330
360.989 59.477
361.253 58.766
361.517 43.627
361.781 28.488
362.046 25.492
362.310 22.067
362.574 8.928
362.838 -18.069
363.102 -36.351
363.366 -23.347
363.631 -15.772
363.895 -6.626
364.159 10.807
364.423 30.239
364.687 61.385
364.952 70.103
365.216 55.535
365.480 47.253
365.747 29.257
366.013 26.118
366.280 31.836
366.546 4.696
366.813 3.700
367.079 20.989
367.346 31.707
367.612 26.425
367.879 24.428
368.145 20.860
368.412 39.292
368.678 35.867
368.945 15.299
369.211 0.303
369.478 16.021
369.744 10.167
370.011 10.456
370.278 14.174
370.544 28.034
370.811 50.181
371.077 66.184
371.344 72.045
371.610 74.905
371.877 73.337
372.143 64.912
372.410 48.487
372.676 40.776
372.943 49.208
373.209 48.926
373.476 51.215
373.742 46.504
374.009 38.507
374.276 25.082
374.542 26.799
374.809 15.517
375.075 10.235
375.342 8.238
375.608 -0.045
375.875 -0.041
376.141 25.533
376.408 29.394
376.674 10.683
376.941 -8.600
377.207 -16.454
377.474 -0.736
377.740 16.553
378.007 16.699
378.273 8.274
378.540 25.420
378.807 45.280
379.073 48.569
379.340 40.143
379.606 43.004
379.873 52.150
380.139 62.582
380.406 67.299
380.672 68.159
380.939 77.877
381.205 85.166
381.472 77.169
381.738 74.457
382.005 79.746
382.271 77.035
382.538 72.181
382.804 63.613
383.071 59.330
383.338 65.905
383.604 55.479
383.871 39.339
384.137 40.771
384.404 48.631
384.670 51.777
384.937 48.923
385.203 35.926
385.470 28.500
385.736 19.932
386.003 10.649
386.269 -8.491
386.536 -21.059
386.802 -25.199
387.069 -13.910
387.336 2.807
387.602 7.810
387.869 11.099
388.135 28.101
388.402 50.819
388.668 64.822
388.935 66.396
389.201 51.256
389.468 53.545
389.734 54.976
390.001 64.408
390.267 68.982
390.534 63.842
390.800 49.988
391.067 59.848
391.333 71.851
391.600 77.282
391.867 67.856
392.133 58.859
392.400 64.290
392.666 80.722
392.933 92.153
393.199 104.442
393.466 104.445
393.732 97.590
393.999 98.165
394.265 96.310
394.532 83.170
394.798 65.030
395.065 58.890
395.331 58.178
395.598 64.038
395.864 55.470
396.131 43.044
396.398 46.332
396.664 50.192
396.931 38.052
397.197 43.198
397.464 53.057
397.730 66.203
397.997 87.634
398.263 109.351
398.530 130.782
398.796 160.357
399.063 182.074
399.329 190.791
399.596 214.222
399.862 245.224
400.129 273.084
400.396 293.373
400.662 300.661
400.929 311.235
401.195 336.809
401.462 350.812
401.728 357.957
401.995 354.674
402.261 369.820
402.528 395.394
402.794 419.253
403.061 438.542
403.327 454.973
403.594 471.118
403.860 498.121
404.127 519.838
404.393 524.126
404.660 530.700
404.931 553.274
405.202 577.562
405.473 594.565
405.745 599.996
406.016 609.141
406.287 635.001
406.558 640.718
406.829 626.006
407.100 619.151
407.371 609.296
407.642 607.299
407.914 602.587
408.185 591.304
408.456 594.164
408.727 599.023
408.998 591.168
409.269 592.885
409.540 584.745
409.811 575.747
410.083 566.893
410.354 549.466
410.625 532.040
410.896 521.043
411.167 501.331
411.438 482.619
411.709 458.621
411.981 434.909
412.252 415.626
412.523 394.343
412.794 377.917
413.065 361.062
413.336 358.350
413.607 354.209
413.878 336.783
414.150 325.214
414.421 321.931
414.692 300.933
414.963 268.793
415.234 246.938
415.505 222.797
415.776 200.943
416.047 178.802
416.319 154.376
416.590 144.807
416.861 150.523
417.132 136.383
417.403 130.242
417.674 131.102
417.945 130.104
418.217 128.678
418.488 122.251
418.759 114.396
419.030 122.113
419.301 116.544
419.572 114.546
419.843 103.263
420.114 98.693
420.386 88.410
420.657 81.841
420.928 66.557
421.199 60.274
421.470 52.847
421.741 57.278
422.012 55.566
422.283 52.711
422.555 43.999
422.826 40.001
423.097 40.575
423.368 28.291
423.639 11.722
423.910 0.581
424.181 6.584
424.453 21.586
424.724 12.588
424.995 -3.124
425.266 -5.122
425.537 2.594
425.808 14.882
426.079 18.170
426.350 14.744
426.622 25.174
426.893 36.034
427.164 54.607
427.435 69.609
427.706 65.754
427.977 62.328
428.248 62.044
428.519 70.189
428.791 79.048
429.062 81.622
429.333 82.767
429.604 85.769
429.875 91.914
430.146 94.630
430.417 88.490
430.689 90.920
430.960 93.922
431.231 90.639
431.502 91.498
431.773 83.214
432.044 75.788
432.315 79.790
432.586 70.935
432.858 65.937
433.129 77.510
433.400 81.369
433.671 92.800
433.942 99.516
434.213 100.804
434.484 102.520
434.755 106.808
435.027 94.238
435.298 82.526
435.569 82.242
435.840 90.816
436.116 83.532
436.391 87.391
436.667 91.107
436.942 97.966
437.218 92.111
437.493 76.113
437.769 56.830
438.045 57.831
438.320 57.262
438.596 44.264
438.871 45.123
439.147 63.982
439.422 84.984
439.698 99.843
439.974 109.702
440.249 121.847
440.525 138.706
440.800 133.422
441.076 131.995
441.351 129.997
441.627 126.571
441.903 125.287
442.178 126.574
442.454 114.434
442.729 111.150
443.005 106.009
443.281 98.868
443.556 104.727
443.832 111.157
444.107 106.159
444.383 110.161
444.658 116.448
444.934 121.022
445.210 121.738
445.485 119.311
445.761 112.456
446.036 109.458
446.312 109.602
446.587 109.890
446.863 122.463
447.139 139.322
447.414 146.181
447.690 144.183
447.965 135.042
448.241 141.044
448.516 152.903
448.792 153.619
449.068 151.478
449.343 165.622
449.619 180.624
449.894 212.912
450.170 222.199
450.445 227.915
450.721 235.488
450.997 247.490
451.272 248.492
451.548 248.208
451.823 251.210
452.099 263.926
452.375 264.642
452.650 258.358
452.926 251.074
453.201 247.504
453.477 244.220
453.752 237.222
454.028 227.652
454.304 213.940
454.579 205.656
454.855 199.943
455.130 196.659
455.406 205.661
455.681 201.234
455.957 197.378
456.233 218.666
456.508 230.096
456.784 226.383
457.059 216.957
457.335 198.958
457.610 191.103
457.886 194.390
458.162 190.249
458.437 190.394
458.713 197.110
458.988 186.254
459.264 173.827
459.539 156.829
459.815 145.688
460.091 140.832
460.366 138.119
460.642 128.550
460.917 135.551
461.193 148.696
461.468 154.555
461.744 145.413
462.020 126.272
462.295 116.274
462.571 112.133
462.846 109.404
463.122 105.677
463.397 97.389
463.673 92.669
463.949 87.527
464.224 64.677
464.500 54.672
464.775 58.792
465.051 54.227
465.327 56.648
465.602 69.922
465.878 80.884
466.153 97.596
466.429 102.318
466.704 93.799
466.980 100.272
467.256 118.764
467.531 117.235
467.807 120.941
468.082 136.348
468.358 151.193
468.633 162.031
468.909 154.059
469.185 144.977
469.460 150.538
469.736 150.922
470.011 122.820
470.287 108.956
470.562 107.316
470.838 117.029
471.114 121.592
471.389 110.178
471.665 100.603
471.940 115.681
472.216 109.502
472.491 105.240
472.767 95.316
473.043 81.615
473.318 78.633
473.594 75.786
473.869 64.213
474.145 72.676
474.421 66.208
474.696 70.445
474.972 70.460
475.247 74.691
475.523 74.268
475.798 71.658
476.074 73.277
476.350 92.034
476.625 101.179
476.901 108.433
477.176 103.178
477.452 96.044
477.727 104.457
478.003 103.118
478.279 86.064
478.554 67.744
478.830 61.763
479.105 64.775
479.381 66.785
479.656 64.131
479.932 59.421
480.208 61.240
480.483 74.504
480.759 73.882
481.034 72.668
481.310 83.142
481.585 84.826
481.861 82.749
482.137 86.095
482.412 69.647
482.688 61.446
482.963 53.499
483.239 35.958
483.514 26.184
483.790 36.101
484.066 32.984
484.341 33.127
484.617 32.711
484.892 33.970
485.168 39.648
485.443 40.922
485.719 21.706
485.995 17.529
486.270 25.426
486.546 43.613
486.821 46.521
487.097 46.904
487.373 58.820
487.648 69.356
487.924 60.310
488.199 53.815
488.475 51.070
488.750 60.986
489.026 69.223
489.302 57.012
489.577 42.161
489.853 45.935
490.128 58.778
490.404 54.675
490.679 50.728
490.955 47.091
491.231 54.639
491.506 61.770
491.782 66.104
492.057 68.076
492.333 67.808
492.608 57.892
492.884 64.065
493.160 69.252
493.435 87.043
493.711 89.302
493.986 79.818
494.262 77.893
494.537 88.005
494.813 85.792
495.089 83.870
495.364 75.650
495.640 69.934
495.915 72.496
496.191 66.753
496.467 51.028
496.742 45.745
497.018 48.105
497.293 48.596
497.569 48.916
497.844 43.317
498.120 42.621
498.396 53.401
498.671 59.003
498.947 60.782
499.222 66.987
499.498 74.720
499.773 97.891
500.049 127.503
500.325 144.922
500.600 145.334
500.876 127.408
501.151 125.829
501.427 133.717
501.702 129.139
501.978 130.765
502.254 141.556
502.529 163.108
502.805 207.112
503.080 238.459
503.356 256.062
503.631 266.466
503.907 279.454
504.183 290.545
504.458 308.874
504.734 318.162
505.009 319.320
505.285 320.189
505.560 314.985
505.836 302.708
506.112 303.865
506.387 278.822
506.663 252.653
506.938 245.300
507.214 252.245
507.490 258.505
507.765 255.927
508.041 229.811
508.316 228.201
508.592 231.089
508.867 224.681
509.143 211.364
509.419 198.796
509.694 189.868
509.970 181.287
510.245 183.122
510.521 189.449
510.796 167.308
511.072 147.842
511.348 147.957
511.623 142.117
511.899 144.001
512.174 127.913
512.450 108.296
512.725 117.219
513.001 120.353
513.277 105.125
513.552 90.240
513.828 82.659
514.103 83.386
514.379 85.918
514.654 66.564
514.930 49.940
515.206 64.435
515.481 82.005
515.757 79.141
516.032 79.437
516.308 78.745
516.583 98.300
516.859 113.016
517.135 98.021
517.410 90.552
517.686 100.740
517.961 103.132
518.237 106.848
518.513 118.869
518.788 128.008
519.064 142.706
519.339 161.624
519.615 167.719
519.890 180.977
520.166 183.966
520.442 171.325
520.717 178.957
520.993 200.973
521.268 211.690
521.544 215.578
521.819 225.874
522.095 248.865
522.371 259.711
522.646 259.667
522.922 252.260
523.197 250.641
523.473 270.004
523.748 273.756
524.024 260.862
524.300 262.714
524.575 273.925
524.851 276.933
525.126 273.619
525.402 264.836
525.677 257.318
525.953 264.115
526.229 260.048
526.504 246.241
526.780 233.416
527.055 238.783
527.331 236.118
527.606 241.982
527.882 247.622
528.158 266.217
528.433 286.000
528.709 289.505
528.984 277.999
529.260 279.264
529.535 269.381
529.811 251.229
530.087 227.079
530.362 210.032
530.638 206.173
530.913 202.619
531.189 203.758
531.465 208.444
531.740 203.512
532.016 202.523
532.291 202.540
532.567 203.240
532.842 196.193
533.118 185.706
533.394 185.646
533.669 189.932
533.945 189.651
534.220 176.179
534.496 176.330
534.771 187.397
535.047 197.265
535.323 197.028
535.598 215.893
535.874 231.920
536.149 246.296
536.425 262.265
536.700 274.120
536.976 284.858
537.252 315.557
537.527 325.477
537.803 339.629
538.078 367.318
538.354 391.052
538.629 426.299
538.905 462.491
539.181 486.591
539.456 524.419
539.732 561.666
540.007 589.096
540.283 629.667
540.558 659.535
540.834 680.291
541.110 695.805
541.385 703.022
541.661 712.160
541.936 734.846
542.212 746.679
542.488 741.082
542.763 723.658
543.039 712.239
543.314 712.724
543.590 708.100
543.865 696.687
544.141 680.633
544.417 673.451
544.692 689.199
544.968 693.129
545.243 674.628
545.519 662.309
545.794 654.456
546.070 645.704
546.348 644.477
546.627 632.987
546.905 617.426
547.183 621.687
547.461 636.561
547.740 651.793
548.018 657.425
548.296 674.166
548.575 696.611
548.853 729.692
549.131 770.336
549.409 804.396
549.688 819.477
549.966 841.532
550.244 863.707
550.523 887.960
550.801 925.047
551.079 960.076
551.357 989.447
551.636 1033.391
551.914 1080.932
552.192 1116.842
552.471 1149.184
552.749 1173.009
553.027 1190.051
553.306 1206.540
553.584 1227.212
553.862 1238.957
554.140 1254.885
554.419 1274.979
554.697 1269.578
554.975 1274.342
555.254 1289.619
555.532 1282.273
555.810 1282.438
556.088 1279.559
556.367 1264.850
556.645 1252.472
556.923 1232.553
557.202 1196.473
557.480 1171.787
557.758 1134.130
558.036 1088.171
558.315 1035.122
558.593 983.451
558.871 936.299
559.150 896.796
559.428 851.844
559.706 803.311
559.984 761.786
560.263 724.801
560.541 696.499
560.819 655.412
561.098 610.801
561.376 572.644
561.654 542.274
561.932 505.722
562.211 474.627
562.489 452.675
562.767 428.724
563.046 396.983
563.324 361.956
563.602 331.017
563.880 309.904
564.159 288.878
564.437 260.362
564.715 240.675
564.994 236.152
565.272 233.242
565.550 236.736
565.828 229.333
566.107 223.053
566.385 221.984
566.663 209.031
566.942 182.316
567.220 170.736
567.498 151.816
567.776 144.081
568.055 140.305
568.333 135.756
568.611 137.924
568.890 138.247
569.168 132.968
569.446 130.720
569.725 124.722
570.003 124.002
570.281 122.712
570.559 122.639
570.838 136.396
571.116 146.045
571.394 163.164
571.673 169.345
571.951 158.474
572.229 143.424
572.507 127.397
572.786 125.863
573.064 116.791
573.342 88.660
573.621 79.985
573.899 80.610
574.177 92.251
574.455 102.782
574.734 92.106
575.012 87.159
575.290 92.086
575.569 88.638
575.847 81.673
576.125 64.637
576.403 55.018
576.682 60.001
576.960 47.662
577.243 46.862
577.527 58.490
577.810 69.806
578.093 83.507
578.377 84.257
578.660 66.516
578.944 80.260
579.227 84.832
579.510 65.355
579.794 51.533
580.077 49.784
580.360 62.312
580.644 82.796
580.927 77.576
581.210 73.656
581.494 85.340
581.777 93.468
582.061 84.966
582.344 70.078
582.627 67.266
582.911 75.845
583.194 85.130
583.477 95.574
583.761 104.158
584.044 114.446
584.327 143.709
584.611 151.290
584.894 142.316
585.178 133.496
585.461 125.234
585.744 122.253
586.028 112.127
586.311 88.449
586.594 70.045
586.878 72.624
587.161 80.196
587.444 76.483
587.728 73.899
588.011 86.595
588.295 99.739
588.578 105.036
588.861 105.894
589.145 93.033
589.428 97.733
589.711 90.032
589.995 74.620
590.278 66.874
590.562 75.396
590.845 77.384
591.128 85.365
591.412 72.521
591.695 79.057
591.978 80.908
592.262 63.088
592.545 46.263
592.828 43.521
593.112 48.905
593.395 59.129
593.679 62.090
593.962 64.059
594.245 67.331
594.529 78.246
594.812 82.486
595.095 72.363
595.379 71.616
595.662 69.845
595.945 69.399
596.229 84.525
596.512 84.203
596.796 84.132
597.079 103.039
597.362 99.744
597.646 95.483
597.929 108.573
598.212 108.664
598.496 107.921
598.779 103.793
599.062 90.602
599.346 100.005
599.629 113.047
599.913 117.371
600.196 118.569
600.479 129.079
600.763 134.246
601.046 125.513
601.329 112.127
601.613 96.227
601.896 79.457
602.179 65.547
602.463 48.798
602.746 59.983
603.030 87.843
603.313 86.013
603.596 100.967
603.880 119.275
604.163 138.688
604.446 142.035
604.730 120.855
605.013 107.113
605.296 132.715
605.580 140.132
605.863 138.570
606.147 131.877
606.430 136.062
606.713 148.638
606.997 152.513
607.280 154.752
607.563 153.048
607.847 156.263
608.130 174.033
608.414 174.481
608.697 166.804
608.980 174.403
609.264 171.186
609.547 167.015
609.830 149.124
610.114 129.831
610.397 138.655
610.680 150.032
610.964 142.660
611.247 147.062
611.531 145.544
611.814 152.722
612.097 162.692
612.381 180.099
612.664 187.278
612.947 184.354
613.231 182.702
613.514 197.760
613.797 203.951
614.081 204.398
614.364 185.493
614.648 169.509
614.931 171.376
615.214 160.610
615.498 141.278
615.781 141.205
616.064 142.523
616.348 142.164
616.631 145.850
616.914 157.867
617.198 169.491
617.481 176.311
617.765 181.461
618.048 189.051
618.331 198.148
618.615 209.802
618.898 199.869
619.181 177.615
619.465 168.648
619.748 168.334
620.031 151.910
620.315 141.724
620.598 146.694
620.882 147.118
621.165 155.125
621.448 168.033
621.732 171.905
622.015 170.875
622.298 161.841
622.582 139.767
622.865 126.040
623.148 131.910
623.432 131.819
623.715 123.162
623.999 130.327
624.282 145.980
624.565 164.925
624.849 184.179
625.132 171.202
625.415 149.875
625.699 143.763
625.982 146.172
626.265 143.340
626.549 135.177
626.832 139.180
627.116 152.396
627.399 172.054
627.682 177.140
627.966 171.506
628.249 177.901
628.532 189.000
628.816 188.415
629.099 199.828
629.383 199.235
629.666 201.057
629.949 198.783
630.233 183.797
630.516 170.730
630.799 164.659
631.083 173.874
631.366 190.269
631.649 200.429
631.933 212.697
632.216 239.704
632.500 254.796
632.783 269.829
633.066 269.300
633.350 264.197
633.633 266.796
633.916 275.019
634.200 274.569
634.483 280.831
634.766 277.717
635.050 269.245
635.333 265.923
635.617 276.650
635.900 284.520
636.183 283.049
636.467 287.017
636.750 300.045
637.033 315.009
637.317 333.222
637.600 336.527
637.883 347.943
638.167 363.961
638.450 372.577
638.734 371.401
639.017 379.099
639.300 385.503
639.584 394.811
639.867 393.900
640.150 396.733
640.434 416.125
640.717 448.065
641.000 466.632
641.284 482.268
641.567 505.177
641.851 534.899
642.134 578.824
642.417 618.556
642.701 649.398
642.984 700.695
643.267 767.244
643.551 824.111
643.834 892.826
644.117 950.989
644.401 1016.064
644.684 1096.952
644.968 1170.511
645.251 1256.889
645.534 1357.218
645.818 1441.483
646.101 1531.088
646.384 1620.978
646.668 1709.555
646.951 1801.770
647.235 1880.912
647.518 1968.007
647.801 2079.807
648.085 2195.124
648.368 2309.162
648.651 2430.872
648.935 2561.368
649.218 2703.916
649.501 2847.102
649.785 2975.486
650.068 3122.508
650.352 3280.735
650.635 3433.449
650.918 3570.965
651.202 3711.168
651.485 3847.406
651.768 3983.079
652.052 4080.129
652.335 4176.002
652.618 4270.500
652.902 4358.960
653.185 4408.649
653.469 4428.332
653.752 4456.367
654.035 4501.437
654.319 4517.151
654.602 4527.166
654.885 4546.861
655.169 4583.644
655.452 4627.252
655.735 4640.607
656.019 4633.879
656.302 4617.600
656.586 4559.633
656.869 4481.357
657.152 4393.139
657.436 4293.184
657.719 4180.099
658.002 4070.100
658.286 3982.333
658.569 3920.586
658.852 3874.212
659.136 3837.032
659.419 3817.400
659.703 3825.014
659.986 3846.546
660.269 3866.848
660.553 3903.273
660.836 3940.568
661.119 3974.676
661.403 4008.090
661.686 4038.723
661.969 4074.678
662.253 4107.719
662.536 4123.484
662.820 4125.481
663.103 4122.094
663.386 4114.242
663.670 4111.602
663.953 4090.880
664.236 4073.325
664.520 4065.486
664.803 4091.816
665.086 4135.300
665.370 4196.447
665.653 4251.513
665.937 4317.585
666.220 4372.368
666.503 4444.713
666.787 4484.887
667.070 4532.554
667.353 4577.806
667.637 4612.590
667.920 4650.117
668.204 4693.751
668.487 4704.503
668.770 4732.721
669.054 4714.071
669.337 4667.698
669.620 4648.467
669.904 4600.436
670.187 4509.741
670.470 4406.337
670.754 4256.799
671.037 4101.490
671.321 3954.071
671.604 3768.725
671.887 3579.859
672.171 3399.994
672.454 3217.361
672.737 3066.851
673.021 2930.080
673.304 2771.127
673.587 2617.303
673.871 2471.257
674.154 2323.498
674.438 2186.868
674.721 2041.798
675.004 1890.191
675.288 1759.001
675.571 1645.738
675.854 1534.959
676.138 1449.236
676.421 1373.514
676.704 1296.183
676.988 1221.557
677.271 1152.309
677.555 1076.914
677.838 1002.024
678.121 929.593
678.405 863.764
678.688 804.974
678.971 756.786
679.255 727.044
679.538 687.820
679.821 643.432
680.105 605.191
680.388 569.248
680.672 527.277
680.955 491.975
681.238 442.434
681.522 400.479
681.805 367.799
682.088 330.353
682.372 275.545
682.655 244.488
682.938 235.190
683.222 229.226
683.505 225.840
683.789 213.165
684.072 199.745
684.355 207.500
684.639 200.466
684.922 185.539
685.205 168.550
685.489 142.779
685.772 148.297
686.056 159.034
686.339 171.561
686.622 183.938
686.906 177.775
687.189 177.721
687.472 187.387
687.756 195.887
688.039 205.282
688.322 192.011
688.606 191.415
688.889 207.243
689.173 206.024
689.456 210.470
689.739 202.214
690.023 187.235
690.306 193.858
690.589 203.876
690.873 204.357
691.156 218.915
691.439 217.940
691.723 209.996
692.006 203.837
692.290 193.211
692.573 171.416
692.856 153.648
693.140 135.780
693.423 136.947
693.706 156.884
693.990 178.864
694.273 190.765
694.556 200.441
694.840 204.591
695.123 208.205
695.407 204.443
695.690 189.334
695.973 185.433
696.257 186.751
696.540 188.812
696.830 192.234
697.120 177.294
697.410 176.759
697.699 186.178
697.989 173.195
698.279 156.825
698.569 137.706
698.859 132.177
699.149 145.837
699.439 137.688
699.729 122.668
700.018 122.937
700.308 119.790
700.598 126.673
700.888 124.064
701.178 108.667
701.468 108.259
701.758 113.416
702.048 109.521
702.337 110.583
702.627 110.303
702.917 114.606
703.207 121.613
703.497 120.651
703.787 116.646
704.077 112.923
704.366 113.111
704.656 116.114
704.946 103.124
705.236 112.098
705.526 120.244
705.816 121.761
706.106 131.600
706.396 132.210
706.685 131.687
706.975 136.009
707.265 117.597
707.555 113.474
707.845 112.829
708.135 95.917
708.425 96.867
708.715 92.790
709.004 85.395
709.294 94.239
709.584 78.712
709.874 53.571
710.164 37.217
710.454 31.679
710.744 35.868
711.034 53.547
711.323 54.205
711.613 56.022
711.903 73.041
712.193 100.990
712.483 105.567
712.773 104.038
713.063 90.608
713.352 75.430
713.642 81.922
713.932 79.126
714.222 76.411
714.512 70.445
714.802 61.121
715.092 48.185
715.382 41.847
715.671 35.551
715.961 50.732
716.251 57.833
716.541 64.185
716.831 58.781
717.121 56.197
717.411 62.522
717.701 65.358
717.990 38.322
718.280 26.231
718.570 35.735
718.860 52.785
719.150 72.564
719.440 90.711
719.730 94.259
720.019 107.784
720.309 113.135
720.599 110.623
720.889 104.674
721.179 99.269
721.469 93.315
721.759 93.512
722.049 85.042
722.338 77.012
722.628 62.530
722.918 54.611
723.208 57.124
723.498 55.546
723.788 53.650
724.078 65.644
724.368 59.192
724.657 63.214
724.947 73.834
725.237 55.104
725.527 51.269
725.817 69.263
726.107 75.245
726.397 90.583
726.686 102.346
726.976 95.635
727.266 107.517
727.556 101.995
727.846 83.497
728.136 82.152
728.426 84.537
728.716 72.000
729.005 69.934
729.295 68.842
729.585 69.952
729.875 66.501
730.165 55.164
730.455 45.232
730.745 46.758
731.035 46.920
731.324 47.068
731.614 46.105
731.904 42.223
732.194 23.755
732.484 18.613
732.774 25.634
733.064 20.089
733.354 12.445
733.643 14.538
733.933 21.927
734.223 44.473
734.513 43.092
734.803 22.602
735.093 17.441
735.383 15.477
735.672 17.737
735.962 22.527
736.252 20.341
736.542 24.692
736.832 22.014
737.122 25.092
737.412 40.654
737.702 43.059
737.991 36.937
738.281 35.145
738.571 30.248
738.861 39.649
739.151 46.971
739.441 40.240
739.731 24.207
740.021 15.347
740.310 15.651
740.600 28.914
740.890 37.250
741.180 50.240
741.470 68.763
741.760 89.662
742.050 101.382
742.339 102.519
742.629 86.017
742.919 74.172
743.209 62.495
743.499 44.550
743.789 35.233
744.079 43.305
744.369 49.419
744.658 86.370
744.948 102.385
745.238 103.821
745.528 104.123
745.818 106.685
746.108 92.978
746.398 85.772
746.688 60.175
746.977 48.848
747.267 40.351
747.557 32.827
747.847 29.007
748.137 33.564
748.427 36.575
748.717 27.772
749.006 16.115
749.296 16.402
749.586 29.500
749.876 33.784
750.166 33.097
750.456 21.855
750.746 21.003
751.036 32.401
751.325 23.982
751.615 52.156
751.905 77.490
752.195 78.229
752.485 82.232
752.775 79.229
753.065 75.955
753.355 86.684
753.644 50.263
753.934 25.827
754.224 33.869
754.514 43.190
754.804 58.086
755.094 64.820
755.384 57.653
755.674 58.511
755.963 48.335
756.253 29.132
756.543 18.677
756.833 6.067
757.123 -0.234
757.413 5.791
757.703 -4.541
757.992 -5.833
758.282 3.785
758.572 15.544
758.862 23.872
759.152 18.560
759.442 10.519
759.732 19.997
760.022 36.091
760.311 31.497
760.601 5.369
760.891 -4.830
761.181 -5.843
761.471 -1.963
761.761 2.787
762.051 0.211
762.341 4.539
762.630 20.496
762.920 25.676
763.210 29.848
763.500 36.747
763.793 34.441
764.086 31.556
764.379 35.855
764.671 45.363
764.964 63.223
765.257 86.697
765.550 92.039
765.843 98.805
766.136 98.805
766.429 93.062
766.722 81.252
767.014 55.763
767.307 35.026
767.600 25.666
767.893 22.365
768.186 27.421
768.479 34.902
768.772 31.880
769.064 32.892
769.357 39.364
769.650 34.756
769.943 36.196
770.236 22.948
770.529 -6.866
770.822 -12.778
771.115 -8.605
771.407 -26.461
771.700 -31.789
771.993 -34.813
772.286 -25.884
772.579 -1.961
772.872 12.743
773.165 23.122
773.457 32.493
773.750 46.174
774.043 44.451
774.336 41.864
774.629 40.851
774.922 34.362
775.215 29.161
775.508 34.477
775.800 21.236
776.093 20.076
776.386 28.984
776.679 24.667
776.972 26.246
777.265 30.255
777.558 21.489
777.850 23.513
778.143 22.215
778.436 13.571
778.729 19.887
779.022 15.580
779.315 5.817
779.608 18.732
779.900 27.770
780.193 21.179
780.486 47.102
780.779 55.557
781.072 63.161
781.365 63.449
781.658 54.700
781.951 54.417
782.243 71.333
782.536 54.425
782.829 32.486
783.122 19.585
783.415 12.564
783.708 7.838
784.001 9.263
784.293 3.792
784.586 -12.828
784.879 2.351
785.172 14.955
785.465 19.977
785.758 22.269
786.051 19.261
786.344 9.531
786.636 10.677
786.929 4.512
787.222 -6.493
787.515 -9.345
787.808 -22.044
788.101 -31.331
788.394 -24.327
788.686 -21.474
788.979 -25.041
789.272 -9.200
789.565 11.922
789.858 38.623
790.151 50.471
790.444 47.758
790.737 51.174
791.029 42.897
791.322 34.903
791.615 34.871
791.908 28.844
792.201 27.700
792.494 44.772
792.787 57.449
793.079 79.542
793.372 92.501
793.665 85.371
793.958 81.960
794.251 83.669
794.544 65.599
794.837 57.481
795.130 53.218
795.422 40.682
795.715 30.437
796.008 40.964
796.301 40.964
796.594 44.382
796.887 38.116
797.180 35.678
797.472 36.536
797.765 44.226
798.058 33.843
798.351 38.106
798.644 36.825
798.937 25.431
799.230 20.880
799.523 29.854
799.815 35.848
800.108 47.528
800.401 48.270
800.694 53.556
800.987 75.663
801.280 82.937
801.573 71.544
801.865 61.279
802.158 38.055
802.451 16.648
802.744 11.222
803.037 -0.911
803.330 -9.892
803.623 -13.892
803.915 -15.172
804.208 -8.331
804.501 9.815
804.794 13.541
805.087 17.839
805.380 18.128
805.673 17.116
805.966 15.971
806.258 22.283
806.551 26.743
806.844 19.448
807.137 13.158
807.430 14.600
807.723 17.612
808.016 9.132
808.308 0.080
808.601 -21.311
808.894 -24.614
809.187 -20.732
809.480 -22.168
809.773 -18.136
810.066 -1.736
810.359 9.212
810.651 31.814
810.944 37.420
811.237 31.668
811.530 26.481
811.825 6.715
812.119 -9.448
812.414 -18.822
812.709 -34.403
813.003 -22.688
813.298 -4.873
813.593 14.827
813.887 34.902
814.182 40.092
814.476 45.161
814.771 51.686
815.066 46.520
815.360 42.356
815.655 35.139
815.950 31.076
816.244 33.253
816.539 35.883
816.834 39.411
817.128 35.079
817.423 25.947
817.718 28.040
818.012 29.356
818.307 30.229
818.602 21.898
818.896 23.863
819.191 30.076
819.486 28.630
819.780 20.901
820.075 14.104
820.369 7.145
820.664 13.196
820.959 17.722
821.253 19.278
821.548 30.899
821.843 41.794
822.137 61.129
822.432 67.936
822.727 67.519
823.021 61.816
823.316 54.139
823.611 41.652
823.905 32.769
824.200 30.034
824.495 43.443
824.789 44.069
825.084 32.345
825.379 38.875
825.673 43.437
825.968 31.487
826.262 17.462
826.557 15.410
826.852 29.380
827.146 39.991
827.441 30.155
827.736 23.932
828.030 27.416
828.325 31.964
828.620 9.392
828.914 -16.211
829.209 -24.250
829.504 -25.006
829.798 -28.623
830.093 -17.460
830.388 -4.263
830.682 17.264
830.977 28.114
831.271 40.015
831.566 47.568
831.861 54.886
832.155 59.261
832.450 62.243
832.745 62.540
833.039 72.705
833.334 66.897
833.629 62.946
833.923 55.867
834.218 44.684
834.513 35.770
834.807 29.397
835.102 25.821
835.397 30.736
835.691 38.354
835.986 44.436
836.281 49.314
836.575 49.226
836.870 53.245
837.164 55.167
837.459 58.945
837.754 56.173
838.048 55.628
838.343 62.170
838.638 48.700
838.932 33.079
839.227 23.750
839.522 27.246
839.816 34.822
840.111 39.648
840.406 20.369
840.700 31.022
840.995 55.200
841.290 57.342
841.584 51.617
841.879 45.790
842.174 42.286
842.468 58.392
842.763 66.558
843.057 60.336
843.352 61.271
843.647 53.185
843.941 47.655
844.236 46.663
844.531 50.935
844.825 45.251
845.120 32.734
845.415 30.650
845.709 32.667
846.004 30.540
846.299 31.073
846.593 23.968
846.888 23.849
847.183 23.963
847.477 21.089
847.772 20.370
848.066 27.424
848.361 36.122
848.656 39.475
848.950 33.655
849.245 41.663
849.540 48.222
849.834 47.109
850.129 40.429
850.424 28.987
850.718 17.374
851.013 15.904
851.308 15.419
851.602 22.441
851.897 28.484
852.192 42.386
852.486 51.867
852.781 53.510
853.076 74.054
853.370 90.633
853.665 76.727
853.959 66.585
854.254 56.539
854.549 48.519
854.843 55.151
855.138 39.119
855.433 14.710
855.727 22.921
856.022 34.796
856.317 37.769
856.611 40.632
856.906 49.656
857.201 54.516
857.495 59.948
857.790 63.167
858.085 61.606
858.379 61.315
858.674 52.287
858.969 29.275
859.263 23.328
859.558 38.740
859.852 50.054
860.147 50.476
860.442 52.171
860.736 74.004
861.031 89.543
861.326 92.833
861.620 82.211
861.915 65.899
862.210 67.064
862.504 77.302
862.799 74.897
863.094 76.402
863.388 72.657
863.683 66.657
863.978 64.907
864.272 50.086
864.567 26.335
864.861 16.533
865.156 13.239
865.451 3.897
865.745 -2.457
866.040 -0.930
866.335 8.349
866.629 4.170
866.924 -3.180
867.219 -16.168
867.513 -23.874
867.808 -16.431
868.103 -17.243
868.397 -24.668
868.692 -14.513
868.987 -4.029
869.281 5.770
869.576 18.224
869.871 16.759
870.165 23.905
870.460 38.500
870.754 33.942
871.049 34.243
871.344 44.052
871.638 51.225
871.933 56.375
872.228 50.061
872.522 42.208
872.817 41.249
873.112 34.897
873.406 27.386
873.701 22.601
873.996 15.339
874.290 18.727
874.585 23.234
874.880 26.707
875.174 28.482
875.469 18.956
875.764 9.337
876.058 -0.389
876.353 -14.975
876.647 -23.544
876.942 -21.378
877.237 -16.674
877.531 -10.521
877.826 9.350
878.121 27.872
878.415 41.554
878.710 46.513
879.005 53.316
879.299 62.054
879.594 80.071
879.889 78.444
880.183 67.680
880.478 47.773
880.773 44.244
881.067 42.640
881.362 22.194
881.656 -3.901
881.951 -18.892
882.246 -13.867
882.540 6.985
882.835 9.043
883.130 0.578
883.424 8.824
883.719 18.260
884.014 30.499
884.308 37.559
884.603 27.757
884.898 22.288
885.192 24.087
885.487 15.172
885.782 10.395
886.076 5.326
886.371 -0.641
886.666 2.942
886.960 12.525
887.255 20.022
887.549 39.379
887.844 50.054
888.139 60.693
888.433 61.927
888.728 60.003
889.023 69.402
889.317 66.682
889.612 46.126
889.907 32.324
890.201 18.502
890.496 19.490
890.791 19.867
891.085 4.944
891.380 8.313
891.675 16.265
891.969 21.565
892.264 29.382
892.559 27.359
892.853 24.333
893.148 22.815
893.442 21.053
893.737 16.142
894.032 20.677
894.326 22.302
894.621 28.117
894.916 36.702
895.210 39.983
895.505 42.015
895.800 53.492
896.094 42.149
896.389 37.505
896.684 39.903
896.978 43.440
897.273 46.985
897.568 41.829
897.862 38.052
898.157 42.079
898.451 34.114
898.746 24.531
899.041 24.929
899.335 17.352
899.630 22.182
899.925 27.294
900.219 32.870
900.514 43.389
900.809 45.562
901.103 44.357
901.398 42.071
901.693 30.909
901.987 34.238
902.282 34.762
902.577 36.326
902.871 36.470
903.166 24.489
903.461 31.658
903.755 32.804
904.050 17.771
904.344 13.176
904.639 10.032
904.934 5.179
905.228 9.027
905.523 7.769
905.818 3.634
906.112 -2.955
906.407 -11.909
906.702 -13.828
906.996 -8.641
907.291 -5.640
907.586 0.756
907.880 11.506
908.175 22.110
908.470 30.398
908.764 25.463
909.059 12.313
909.354 5.545
909.648 1.968
909.943 -5.175
910.237 -3.582
910.532 -8.714
910.827 -18.708
911.121 -13.119
911.416 -13.006
911.711 -15.054
912.005 -20.875
912.300 -21.755
912.599 -10.155
912.898 6.039
913.196 8.935
913.495 9.050
913.794 10.692
914.093 29.839
914.391 35.589
914.690 26.814
914.989 21.894
915.288 34.896
915.586 53.105
915.885 57.184
916.184 50.017
916.483 57.098
916.782 65.548
917.080 71.345
917.379 59.429
917.678 42.264
917.977 42.106
918.275 41.359
918.574 33.773
918.873 35.595
919.172 46.835
919.471 61.751
919.769 66.679
920.068 61.456
920.367 62.203
920.666 47.720
920.964 37.032
921.263 27.444
921.562 16.857
921.861 19.130
922.159 21.866
922.458 22.797
922.757 20.753
923.056 16.752
923.355 14.176
923.653 12.436
923.952 9.993
924.251 7.142
924.550 -6.806
924.848 -3.373
925.147 16.013
925.446 10.648
925.745 -3.864
926.043 -10.398
926.342 -7.443
926.641 12.477
926.940 30.760
927.239 34.295
927.537 51.401
927.836 71.155
928.135 75.924
928.434 58.943
928.732 34.934
929.031 6.193
929.330 -16.870
929.629 -27.947
929.927 -35.492
930.226 -41.575
930.525 -28.139
930.824 -13.222
931.123 -1.848
931.421 7.190
931.720 5.491
932.019 6.776
932.318 17.163
932.616 19.224
932.915 24.058
933.214 37.339
933.513 46.285
933.812 38.551
934.110 27.697
934.409 24.942
934.708 5.973
935.007 -4.870
935.305 -1.791
935.604 -2.442
935.903 11.234
936.202 38.183
936.500 57.822
936.799 71.197
937.098 74.062
937.397 73.361
937.696 72.294
937.994 75.563
938.293 66.877
938.592 40.734
938.891 39.270
939.189 54.122
939.488 58.053
939.787 51.412
940.086 42.116
940.384 28.928
940.683 35.909
940.982 22.928
941.281 13.057
941.580 0.474
941.878 -4.498
942.177 -8.801
942.476 -3.234
942.775 0.218
943.073 18.621
943.372 16.589
943.671 34.566
943.970 57.964
944.268 67.984
944.567 80.902
944.866 77.716
945.165 84.049
945.464 94.684
945.762 60.893
946.061 20.068
946.360 20.042
946.659 5.008
946.957 15.991
947.256 22.289
947.555 21.886
947.854 43.084
948.153 65.853
948.451 61.246
948.750 65.507
949.049 36.063
949.348 17.436
949.646 3.304
949.945 -11.134
950.244 -15.735
950.543 -13.452
950.841 -9.003
951.140 12.356
951.439 7.599
951.738 10.387
952.037 27.239
952.335 29.908
952.634 20.283
952.933 17.963
953.232 13.938
953.530 16.275
953.829 10.915
954.128 8.355
954.427 12.549
954.725 23.264
955.024 30.423
955.323 27.895
955.622 20.510
955.921 23.007
956.219 25.064
956.518 23.427
956.817 17.321
957.116 1.504
957.414 -0.182
957.713 14.384
958.012 10.948
958.311 -3.475
958.610 2.327
958.908 22.746
959.207 46.147
959.506 57.824
959.805 56.264
960.103 55.728
960.402 50.695
960.701 31.987
961.000 -4.591
961.298 -36.307
961.597 -50.303
961.896 -49.737
962.195 -30.425
962.494 -16.919
962.792 -7.917
963.091 8.626
963.390 13.492
963.689 9.350
963.987 10.703
964.286 7.463
964.585 6.898
964.884 4.934
965.182 -1.382
965.481 2.362
965.780 15.935
966.080 13.277
966.380 0.504
966.680 -1.816
966.981 9.025
967.281 10.132
967.581 12.727
967.881 10.255
968.181 12.348
968.481 21.264
968.781 23.941
969.082 18.436
969.382 35.654
969.682 41.086
969.982 51.657
970.282 49.985
970.582 31.213
970.882 26.408
971.183 35.024
971.483 34.516
971.783 37.898
972.083 26.941
972.383 35.005
972.683 60.952
972.983 80.394
973.284 90.221
973.584 101.615
973.884 117.137
974.184 129.676
974.484 124.320
974.784 92.734
975.084 36.415
975.385 -31.880
975.685 -100.026
975.985 -155.449
976.285 -180.378
976.585 -186.341
976.885 -158.877
977.185 -117.814
977.486 -65.864
977.786 -18.846
978.086 25.031
978.386 58.740
978.686 75.899
978.986 71.886
979.286 63.993
979.587 63.245
979.887 65.070
980.187 56.641
980.487 58.641
980.787 77.213
981.087 97.356
981.387 124.356
981.688 138.499
981.988 153.213
982.288 158.214
982.588 134.357
982.888 101.928
983.188 76.357
983.488 52.357
983.789 39.214
984.089 33.929
984.389 39.500
984.689 40.072
984.989 28.786
985.289 26.786
985.589 38.215
985.890 45.072
986.190 38.072
986.490 36.644
986.790 50.073
987.090 59.787
987.390 52.216
987.690 38.502
987.991 34.645
988.291 36.502
988.591 33.645
988.891 24.074
989.191 37.931
989.491 37.360
989.791 38.645
990.092 24.931
990.392 14.931
990.692 11.360
990.992 8.646
991.292 -0.925
991.592 17.646
991.892 27.646
992.193 39.647
992.493 42.504
992.793 38.075
993.093 47.647
993.393 57.076
993.693 50.361
993.993 47.647
994.294 40.790
994.594 38.362
994.894 42.648
995.194 37.219
995.494 36.648
995.794 37.791
996.094 29.934
996.395 24.648
996.695 21.791
996.995 22.934
997.295 20.792
997.595 13.077
997.895 10.363
998.195 19.363
998.496 39.078
998.796 55.221
999.096 53.792
999.396 46.650
999.696 48.078
999.996 52.793
1000.296 58.793
1000.597 55.793
1000.897 48.507
1001.197 42.222
1001.497 58.079
1001.797 52.222
1002.097 42.222
1002.397 36.794
1002.698 33.937
1002.998 30.080
1003.298 22.651
1003.598 -3.491
1003.898 3.366
1004.198 13.937
1004.498 4.938
1004.799 8.223
1005.099 7.366
1005.399 13.367
1005.699 17.510
1005.999 0.938
1006.299 -4.776
1006.599 4.081
1006.900 -7.061
1007.200 -8.204
1007.500 -3.633
1007.800 3.510
1008.100 21.796
1008.400 28.511
1008.700 18.654
1009.001 17.082
1009.301 13.225
1009.601 10.225
1009.901 8.797
1010.201 -1.917
1010.501 -8.346
1010.801 5.226
1011.102 13.369
1011.402 18.512
1011.702 13.084
1012.002 15.084
1012.302 23.655
1012.602 26.227
1012.902 1.941
1013.203 -11.916
1013.503 0.513
1013.803 9.656
1014.103 0.799
1014.403 -3.058
1014.703 9.513
1015.003 28.656
1015.304 38.371
1015.604 29.085
1015.904 40.942
1016.204 60.514
1016.504 64.228
1016.804 52.086
1017.104 44.086
1017.405 60.514
1017.705 59.515
1018.005 40.229
1018.305 38.086
1018.605 40.372
1018.905 44.658
1019.205 58.229
1019.506 50.230
1019.806 53.230
1020.106 55.658
1020.406 48.516
1020.706 34.801
1021.006 38.230
1021.306 43.802
1021.607 42.945
1021.907 39.516
1022.207 42.945
1022.507 48.374
1022.807 48.517
1023.107 37.517
1023.407 20.374
1023.708 2.660
1024.008 1.660
1024.308 1.660
1024.608 -6.768
1024.908 -5.054
1025.208 -8.054
1025.508 -2.482
1025.809 5.946
1026.109 2.089
1026.409 0.090
1026.709 15.090
1027.009 23.804
1027.309 33.804
1027.609 38.376
1027.910 35.804
1028.210 35.947
1028.510 36.662
1028.810 21.519
1029.110 18.662
1029.410 17.948
1029.710 11.377
1030.011 18.805
1030.311 28.805
1030.611 41.805
1030.911 49.663
1031.211 45.234
1031.511 44.377
1031.811 57.663
1032.112 54.949
1032.412 43.520
1032.712 24.378
1033.012 23.949
1033.312 32.235
1033.612 35.521
1033.912 27.235
1034.212 36.664
1034.513 53.521
1034.813 67.236
1035.113 61.807
1035.413 59.236
1035.713 56.236
1036.013 51.093
1036.313 41.093
1036.614 29.094
1036.914 17.236
1037.214 17.237
1037.514 22.237
1037.814 19.237
1038.114 13.666
1038.414 20.951
1038.715 24.523
1039.015 36.666
1039.315 38.666
1039.615 25.523
1039.915 16.095
1040.215 17.381
1040.515 13.095
1040.816 2.667
1041.116 -3.333
1041.416 6.381
1041.716 4.381
1042.016 20.667
1042.316 44.239
1042.616 49.096
1042.917 53.096
1043.217 46.525
1043.517 34.953
1043.817 42.096
1044.117 36.954
1044.417 25.525
1044.717 31.954
1045.018 39.954
1045.318 36.668
1045.618 30.811
1045.918 29.240
1046.218 37.954
1046.518 33.812
1046.818 30.240
1047.119 30.669
1047.419 44.240
1047.719 55.098
1048.019 55.526
1048.319 50.384
1048.619 50.670
1048.919 28.670
1049.220 26.527
1049.520 34.813
1049.820 40.670
1050.120 39.956
1050.420 21.099
1050.720 8.956
1051.020 25.528
1051.321 13.099
1051.621 0.385
1051.921 2.814
1052.221 11.814
1052.521 29.528
1052.821 43.957
1053.121 41.243
1053.422 59.386
1053.722 54.814
1054.022 32.100
1054.322 27.814
1054.622 35.815
1054.922 33.815
1055.222 35.101
1055.523 37.815
1055.823 49.815
1056.123 67.101
1056.423 63.244
1056.723 44.815
1057.023 41.673
1057.323 53.101
1057.624 40.244
1057.924 22.959
1058.224 15.673
1058.524 13.102
1058.824 26.245
1059.124 36.245
1059.424 18.816
1059.725 8.674
1060.025 13.531
1060.325 22.102
1060.625 24.960
1060.925 12.388
1061.225 -4.612
1061.525 -3.326
1061.826 12.674
1062.126 20.532
1062.426 11.532
1062.726 5.532
1063.026 13.103
1063.326 31.675
1063.626 50.246
1063.927 52.961
1064.227 53.532
1064.527 51.961
1064.827 50.818
1065.127 35.961
1065.427 26.676
1065.727 14.533
1066.028 9.819
1066.328 4.533
1066.628 14.676
1066.928 31.248
1067.228 45.533
1067.528 38.962
1067.828 31.534
1068.129 38.819
1068.429 41.534
1068.729 32.248
1069.029 18.391
1069.329 17.391
1069.629 27.820
1069.929 45.820
1070.230 54.963
1070.530 61.106
1070.830 67.678
1071.130 70.535
1071.430 69.821
1071.730 68.678
1072.030 54.535
1072.331 40.821
1072.631 37.964
1072.931 37.678
1073.231 37.821
1073.531 32.393
1073.831 33.964
1074.131 42.964
1074.432 41.393
1074.732 42.107
1075.032 44.536
1075.332 56.965
1075.632 80.108
1075.932 86.536
1076.232 81.679
1076.533 81.822
1076.833 73.822
1077.133 74.680
1077.433 75.680
1077.733 47.680
1078.033 22.537
1078.333 29.109
1078.634 30.966
1078.934 32.823
1079.234 28.966
1079.534 25.681
1079.834 46.252
1080.134 62.681
1080.434 45.109
1080.735 36.538
1081.035 43.395
1081.335 42.253
1081.635 34.110
1081.935 20.967
1082.235 18.681
1082.535 26.682
1082.836 30.253
1083.136 22.967
1083.436 18.968
1083.736 18.396
1084.036 20.396
1084.336 15.825
1084.636 -1.318
1084.937 -6.032
1085.237 4.682
1085.537 11.397
1085.837 21.826
1086.137 25.397
1086.437 29.540
1086.737 52.969
1087.038 59.826
1087.338 55.397
1087.638 55.255
1087.938 53.541
1088.238 41.541
1088.538 43.255
1088.838 37.541
1089.139 48.684
1089.439 48.827
1089.739 37.827
1090.039 29.113
1090.339 35.398
1090.639 29.256
1090.939 30.256
1091.240 17.542
1091.540 9.827
1091.840 16.399
1092.140 22.256
1092.453 32.399
1092.766 44.114
1093.079 38.828
1093.392 37.971
1093.705 48.114
1094.018 41.114
1094.330 28.114
1094.643 13.257
1094.956 4.400
1095.269 8.971
1095.582 8.686
1095.895 4.972
1096.208 14.543
1096.521 20.115
1096.834 29.258
1097.147 29.972
1097.460 21.544
1097.773 13.687
1098.085 4.687
1098.398 -6.028
1098.711 0.258
1099.024 2.687
1099.337 -9.884
1099.650 -10.313
1099.963 -1.170
1100.276 -2.456
1100.589 -0.313
1100.902 -9.455
1101.215 -15.312
1101.528 1.259
1101.841 16.116
1102.153 18.402
1102.466 29.831
1102.779 34.117
1103.092 29.402
1103.405 28.260
1103.718 21.403
1104.031 7.117
1104.344 2.689
1104.657 -2.883
1104.970 -10.740
1105.283 -3.740
1105.596 2.832
1105.909 7.689
1106.221 4.546
1106.534 -6.311
1106.847 -8.311
1107.160 1.547
1107.473 -1.739
1107.786 -7.453
1108.099 -10.882
1108.412 -19.310
1108.725 -10.882
1109.038 -3.310
1109.351 0.119
1109.664 -2.738
1109.977 -4.881
1110.289 2.547
1110.602 22.119
1110.915 30.405
1111.228 37.262
1111.541 43.119
1111.854 58.548
1112.167 70.977
1112.480 73.977
1112.793 69.548
1113.106 57.405
1113.419 46.548
1113.732 46.120
1114.044 43.834
1114.357 37.834
1114.670 28.549
1114.983 31.263
1115.296 49.549
1115.609 62.263
1115.922 55.978
1116.235 48.835
1116.548 51.121
1116.861 50.549
1117.174 45.264
1117.487 32.407
1117.800 14.264
1118.112 18.264
1118.425 22.836
1118.738 8.979
1119.051 9.122
1119.364 22.264
1119.677 29.407
1119.990 33.836
1120.303 34.265
1120.616 40.693
1120.929 43.551
1121.242 39.551
1121.555 26.551
1121.868 25.408
1122.180 29.408
1122.493 23.265
1122.806 3.694
1123.119 -4.020
1123.432 -7.449
1123.745 -13.734
1124.058 -31.877
1124.371 -37.306
1124.684 -30.877
1124.997 -15.734
1125.310 -2.162
1125.623 1.552
1125.935 3.552
1126.248 11.409
1126.561 20.409
1126.874 10.124
1127.187 -1.019
1127.500 -3.590
1127.813 -5.305
1128.126 -0.162
1128.439 9.124
1128.752 5.839
1129.065 16.982
1129.378 31.839
1129.691 24.553
1130.003 32.125
1130.316 34.839
1130.629 33.268
1130.942 31.696
1131.255 29.125
1131.568 24.125
1131.881 41.554
1132.194 38.982
1132.507 36.268
1132.820 27.697
1133.133 22.411
1133.446 23.840
1133.759 25.840
1134.071 20.840
1134.384 27.269
1134.697 31.697
1135.010 31.698
1135.323 30.840
1135.636 19.412
1135.949 15.555
1136.262 16.698
1136.575 16.984
1136.888 23.698
1137.201 36.270
1137.514 32.555
1137.826 35.127
1138.139 30.841
1138.452 21.698
1138.765 12.556
1139.078 6.270
1139.391 -3.016
1139.704 -3.873
1140.017 -3.301
1140.330 4.270
1140.643 14.413
1140.956 18.985
1141.269 11.699
1141.582 15.699
1141.894 27.699
1142.207 31.985
1142.520 28.557
1142.833 18.700
1143.146 23.700
1143.459 38.700
1143.772 41.129
1144.085 37.557
1144.398 46.414
1144.711 48.557
1145.024 60.272
1145.337 61.129
1145.650 60.415
1145.962 61.701
1146.275 68.129
1146.588 63.701
1146.901 53.987
1147.214 35.844
1147.527 18.415
1147.840 3.558
1148.153 0.130
1148.466 4.701
1148.779 1.416
1149.092 16.273
1149.405 26.987
1149.718 24.273
1150.030 21.845
1150.343 12.559
1150.656 -4.870
1150.969 -5.298
1151.282 -4.012
1151.595 -1.441
1151.908 15.274
1152.221 22.417
1152.534 32.417
1152.847 43.702
1153.160 48.560
1153.473 42.703
1153.785 43.846
1154.098 32.560
1154.411 29.846
1154.724 29.560
1155.037 23.132
1155.350 11.989
1155.663 3.560
1155.976 -1.297
1156.289 2.989
1156.602 -0.154
1156.915 2.704
1157.228 7.846
1157.541 0.132
1157.853 -4.725
1158.166 -2.582
1158.479 3.704
1158.792 4.990
1159.105 -3.010
1159.418 -2.867
1159.731 3.704
1160.044 15.133
1160.357 14.133
1160.670 8.419
1160.983 17.562
1161.296 21.562
1161.609 7.990
1161.921 5.276
1162.234 5.705
1162.547 11.134
1162.860 17.277
1163.173 21.562
1163.486 22.420
1163.799 35.134
1164.112 46.420
1164.425 52.277
1164.738 55.563
1165.051 37.706
1165.364 27.991
1165.676 27.134
1165.989 21.706
1166.302 16.420
1166.615 6.135
1166.928 -8.580
1167.241 4.563
1167.554 8.421
1167.867 -5.008
1168.180 -18.722
1168.493 -18.722
1168.806 -11.151
1169.119 12.564
1169.432 22.850
1169.744 25.135
1170.057 46.421
1170.370 60.993
1170.683 62.564
1170.996 58.564
1171.309 39.279
1171.622 18.279
1171.935 9.707
1172.248 -6.150
1172.561 -10.721
1172.874 -5.292
1173.187 -4.007
1173.500 4.279
1173.812 25.851
1174.125 40.422
1174.438 54.851
1174.751 58.280
1175.064 57.994
1175.377 57.137
1175.690 54.851
1176.003 46.280
1176.316 36.851
1176.629 37.994
1176.942 44.280
1177.255 28.709
1177.567 27.423
1177.880 23.423
1178.193 16.280
1178.506 13.423
1178.819 10.709
1179.132 8.709
1179.445 16.281
1179.758 20.852
1180.071 18.281
1180.384 11.710
1180.697 17.424
1181.010 19.281
1181.323 23.567
1181.635 35.424
1181.948 36.139
1182.261 27.996
1182.574 28.424
1182.887 23.567
1183.200 22.996
1183.513 24.425
1183.826 10.568
1184.139 4.282
1184.452 11.711
1184.765 8.568
1185.078 8.139
1185.391 -1.575
1185.703 -12.718
1186.016 -30.289
1186.329 -38.003
1186.642 -31.717
1186.955 -22.289
1187.268 -19.289
1187.581 -17.289
1187.894 -15.431
1188.207 2.283
1188.520 16.283
1188.833 29.997
1189.146 35.569
1189.459 43.998
1189.771 52.140
1190.084 56.141
1190.397 71.998
1190.710 67.998
1191.023 51.712
1191.336 59.569
1191.649 53.141
1191.962 46.427
1192.275 37.427
1192.588 18.998
1192.901 2.570
1193.214 -4.859
1193.526 -12.144
1193.839 -13.144
1194.152 -19.144
1194.465 -4.287
1194.778 16.427
1195.091 38.570
1195.404 48.428
1195.717 52.428
1196.030 50.571
1196.343 53.428
1196.656 39.999
1196.969 16.285
1197.282 0.142
1197.594 -9.429
1197.907 -21.715
1198.220 -25.715
1198.533 -22.857
1198.846 -21.857
1199.159 -9.714
1199.472 -2.143
1199.785 -2.429
1200.098 -1.714
1200.411 -0.143
1200.724 3.429
1201.037 7.286
1201.350 2.429
1201.662 -0.571
1201.975 5.524
1202.288 10.658
1202.601 13.358
