165.028 -6.449
165.288 1.141
165.547 3.198
165.807 6.378
166.067 16.215
166.327 18.195
166.587 15.461
166.847 22.297
167.107 27.134
167.367 26.114
167.627 12.807
167.886 -8.642
168.146 -9.377
168.406 -1.255
168.666 -0.133
168.926 -3.011
169.186 4.825
169.446 18.661
169.706 28.354
169.966 17.475
170.225 -0.403
170.485 -3.425
170.745 -6.447
171.005 -4.468
171.265 -7.062
171.525 0.488
171.785 11.323
172.045 16.873
172.305 11.850
172.564 2.685
172.824 -2.480
173.084 -3.931
173.344 -11.382
173.604 -13.690
173.864 -7.284
174.124 -10.021
174.384 -9.900
174.644 -9.066
174.903 8.340
175.163 23.888
175.423 34.008
175.683 34.128
175.943 45.105
176.203 58.653
176.463 65.201
176.723 48.464
176.983 26.155
177.242 10.988
177.502 18.394
177.762 18.370
178.022 12.918
178.282 11.894
178.542 24.442
178.802 29.275
179.062 23.823
179.322 18.799
179.581 13.489
179.841 12.037
180.101 -3.273
180.361 -13.154
180.621 -1.750
180.881 7.226
181.141 11.488
181.401 13.178
181.661 2.868
181.920 8.701
182.180 5.105
182.440 -6.348
182.700 -0.801
182.960 -4.254
183.220 -4.136
183.480 8.125
183.740 5.386
184.000 5.076
184.259 15.337
184.519 11.169
184.779 8.716
185.039 10.405
185.299 -1.620
185.559 -11.645
185.819 -19.527
186.079 -19.123
186.339 -10.148
186.598 -8.316
186.858 -4.341
187.118 -2.652
187.378 -6.534
187.638 -6.131
187.898 -9.870
188.158 -11.181
188.418 -20.063
188.678 -23.660
188.937 -4.257
189.197 23.432
189.457 39.264
189.717 42.667
189.977 45.213
190.237 62.331
190.497 68.448
190.757 65.566
191.017 60.397
191.276 58.086
191.536 52.061
191.796 46.749
192.056 19.581
192.316 -1.587
192.576 -10.470
192.836 -25.496
193.096 -23.235
193.356 -11.404
193.616 -14.001
193.875 -10.455
194.135 -20.338
194.395 -28.792
194.655 -12.675
194.915 -15.986
195.175 -22.012
195.435 -21.609
195.695 -6.635
195.955 24.768
196.214 27.885
196.474 11.574
196.734 2.834
196.994 0.951
197.254 4.640
197.514 4.328
197.774 -3.412
198.034 1.991
198.294 13.108
198.553 17.225
198.813 3.485
199.073 -8.540
199.333 -9.280
199.593 -7.306
199.853 -10.903
200.113 -17.786
200.373 -22.097
200.633 -0.123
200.892 6.423
201.152 -1.317
201.412 -12.915
201.672 -14.512
201.932 -15.394
202.192 -23.134
202.452 -57.017
202.712 -71.186
202.972 -57.783
203.231 -35.380
203.491 -14.977
203.751 -12.431
204.011 2.543
204.271 22.660
204.531 27.635
204.791 12.038
205.051 -6.131
205.311 -18.442
205.570 -24.896
205.830 -24.493
206.090 -21.518
206.350 -19.115
206.610 -12.427
206.870 -10.595
207.130 -14.335
207.390 4.069
207.650 5.900
207.909 5.018
208.169 17.135
208.429 32.967
208.689 35.942
208.949 26.916
209.209 12.605
209.469 18.580
209.729 34.840
209.989 36.244
210.248 25.647
210.508 22.907
210.768 23.025
211.028 31.429
211.288 33.975
211.548 18.664
211.808 13.067
212.068 18.328
212.328 18.446
212.587 24.992
212.847 20.967
213.107 3.228
213.367 8.917
213.627 13.892
213.887 -3.847
214.147 -14.443
214.407 -26.039
214.667 -36.779
214.926 -36.803
215.186 -38.114
215.446 -38.567
215.706 -30.020
215.966 -21.474
216.226 -4.784
216.486 3.191
216.746 2.881
217.006 -6.572
217.265 -17.168
217.525 -18.621
217.785 -22.074
218.045 -22.385
218.305 -9.838
218.565 -6.862
218.825 0.685
219.085 15.089
219.345 17.922
219.604 25.755
219.864 28.445
220.124 20.849
220.384 25.682
220.644 29.801
220.904 19.920
221.164 25.039
221.424 27.157
221.684 30.133
221.943 23.538
222.203 21.371
222.463 13.919
222.723 17.609
222.983 20.299
223.243 29.847
223.503 31.109
223.763 35.942
224.023 30.204
224.282 19.752
224.542 7.443
224.802 -10.009
225.062 -23.890
225.322 -27.199
225.582 -17.366
225.842 -0.389
226.102 16.445
226.362 30.850
226.621 39.969
226.881 40.803
227.141 41.780
227.401 37.328
227.661 38.591
227.921 31.568
228.181 25.116
228.441 26.521
228.701 31.355
228.960 10.332
229.220 -19.691
229.480 -40.713
229.740 -47.451
230.000 -52.616
230.260 -44.211
230.520 -44.948
230.780 -30.399
231.040 -1.707
231.299 13.127
231.559 24.962
231.819 32.653
232.079 28.345
232.339 22.608
232.599 23.443
232.859 19.278
233.119 9.827
233.379 3.233
233.638 -2.646
233.898 -12.668
234.158 -10.833
234.418 -10.570
234.678 -4.592
234.938 7.529
235.198 9.507
235.458 9.913
235.718 15.606
235.978 22.584
236.237 39.848
236.497 35.683
236.757 27.804
237.017 32.211
237.277 41.046
237.537 53.167
237.797 56.717
238.057 47.410
238.317 56.817
238.576 56.510
238.836 43.631
239.096 34.753
239.356 22.303
239.616 8.567
239.876 0.974
240.136 0.667
240.396 5.646
240.656 14.339
240.915 15.890
241.175 8.297
241.435 0.419
241.695 -6.459
241.955 -25.623
242.215 -36.929
242.475 -33.379
242.735 -23.542
242.995 -9.706
243.254 12.416
243.514 24.395
243.774 28.660
244.034 28.497
244.294 25.191
244.554 24.313
244.814 27.721
245.074 22.701
245.334 18.538
245.593 14.660
245.853 13.640
246.113 8.620
246.373 -0.829
246.633 -8.278
246.893 -2.012
247.153 -0.461
247.413 13.233
247.673 37.499
247.932 48.765
248.192 59.174
248.452 53.868
248.712 34.563
248.972 26.971
249.232 11.237
249.492 -3.068
249.752 3.484
250.012 -14.679
250.271 -20.984
250.531 -20.289
250.791 -15.166
251.051 -5.185
251.311 -9.347
251.571 -24.652
251.831 -23.243
252.091 -19.405
252.351 -10.996
252.610 -11.444
252.870 -7.891
253.130 -0.767
253.390 13.214
253.650 26.909
253.911 32.604
254.172 24.157
254.433 15.566
254.694 9.833
254.955 0.100
255.216 -10.918
255.477 -22.080
255.738 -34.670
255.999 -31.546
256.261 -30.993
256.522 -52.726
256.783 -59.173
257.044 -56.620
257.305 -44.352
257.566 -24.656
257.827 -26.389
258.088 -34.836
258.349 -14.282
258.610 -7.015
258.871 -4.319
259.132 -6.051
259.393 -13.069
259.654 -7.230
259.915 16.181
260.176 21.734
260.437 11.145
260.698 -2.444
260.959 -10.891
261.221 -18.337
261.482 -20.069
261.743 -16.372
262.004 -4.676
262.265 9.021
262.526 16.289
262.787 24.272
263.048 35.254
263.309 35.666
263.570 21.934
263.831 -18.369
264.092 -42.244
264.353 -49.261
264.614 -42.135
264.875 -33.009
265.136 -27.455
265.397 -29.901
265.658 -0.061
265.919 32.351
266.181 36.477
266.442 25.746
266.703 19.729
266.964 8.426
267.225 14.838
267.486 12.964
267.747 5.376
268.008 14.217
268.269 6.486
268.530 -9.102
268.791 3.881
269.052 0.008
269.313 -4.295
269.574 -4.454
269.835 1.816
270.096 25.942
270.357 27.640
270.618 23.624
270.879 29.036
271.141 26.306
271.402 19.433
271.663 -4.298
271.924 -27.171
272.185 -9.473
272.446 -8.774
272.707 -16.362
272.968 -12.806
273.229 -9.679
273.490 -3.838
273.751 4.861
274.012 1.702
274.273 1.258
274.534 3.528
274.795 11.084
275.056 18.068
275.317 33.481
275.578 44.466
275.839 45.736
276.101 36.721
276.362 28.705
276.623 18.833
276.884 13.389
277.145 10.231
277.406 -2.927
277.667 -7.800
277.928 5.614
278.189 25.170
278.450 31.869
278.711 29.426
278.972 21.268
279.233 17.967
279.494 7.524
279.755 -1.777
280.016 -7.363
280.277 -10.949
280.538 -6.393
280.799 -4.122
281.061 -3.279
281.322 1.563
281.583 5.406
281.844 -1.323
282.105 -2.338
282.366 1.076
282.627 0.205
282.888 2.333
283.149 10.462
283.410 11.876
283.671 22.433
283.932 26.419
284.193 11.690
284.454 13.390
284.715 12.805
284.976 2.076
285.237 -6.081
285.498 -11.523
285.759 -20.680
286.021 -9.980
286.282 -6.280
286.543 -13.151
286.804 -17.022
287.065 -15.607
287.326 -29.335
287.587 -26.492
287.848 -23.505
288.109 -37.948
288.370 -38.104
288.631 -28.975
288.892 -27.417
289.153 -12.859
289.414 5.984
289.675 9.971
289.936 24.386
290.197 36.087
290.458 34.502
290.719 41.489
290.981 44.332
291.242 23.033
291.503 15.163
291.764 13.150
292.025 25.137
292.286 34.695
292.547 36.110
292.808 26.383
293.069 24.513
293.330 27.786
293.591 25.201
293.852 18.760
294.113 6.747
294.374 -3.981
294.635 1.007
294.896 16.137
295.157 8.267
295.418 5.968
295.679 0.384
295.941 10.800
296.202 20.359
296.463 21.775
296.724 11.048
296.985 9.178
297.246 9.023
297.507 7.867
297.768 9.426
298.029 5.700
298.290 -6.170
298.551 -8.182
298.812 -4.909
299.073 10.079
299.334 6.067
299.595 -4.803
299.856 0.185
300.117 12.173
300.378 16.732
300.639 13.720
300.901 -2.435
301.162 -1.161
301.423 -1.887
301.684 -1.757
301.945 -2.340
302.206 -7.066
302.467 -8.364
302.728 -9.804
302.989 -10.530
303.250 -3.399
303.511 -2.982
303.772 -10.280
304.033 -13.006
304.294 -10.303
304.555 -10.172
304.816 -5.898
305.077 -10.195
305.338 -21.492
305.599 -27.647
305.861 -25.516
306.122 -12.527
306.383 -2.396
306.644 -1.836
306.905 6.439
307.166 11.856
307.427 22.988
307.688 32.833
307.949 19.536
308.210 6.097
308.471 0.085
308.732 -10.211
308.993 -28.794
309.254 -24.805
309.515 -17.102
309.776 -14.542
310.037 -3.838
310.298 9.151
310.559 12.997
310.821 40.415
311.082 45.261
311.343 40.536
311.604 50.810
311.865 52.085
312.126 52.646
312.387 59.064
312.648 45.053
312.909 34.042
313.170 36.032
313.434 39.592
313.698 31.725
313.963 11.571
314.227 7.846
314.491 23.979
314.755 34.682
315.019 28.958
315.284 16.233
315.548 25.222
315.812 30.926
316.076 11.487
316.340 3.048
316.604 3.609
316.869 -1.401
317.133 10.589
317.397 14.579
317.661 31.140
317.925 46.701
318.190 40.262
318.454 28.824
318.718 36.385
318.982 26.518
319.246 24.936
319.511 19.355
319.775 28.488
320.039 35.335
320.303 45.325
320.567 38.886
320.832 43.305
321.096 41.152
321.360 39.285
321.624 37.418
321.888 45.123
322.153 47.684
322.417 58.389
322.681 54.522
322.945 46.655
323.209 34.360
323.473 18.921
323.738 7.197
324.002 2.331
324.266 2.750
324.530 6.597
324.794 14.016
325.059 29.150
325.323 39.569
325.587 37.131
325.851 37.264
326.115 27.398
326.380 22.674
326.644 30.379
326.908 31.227
327.172 35.217
327.436 53.637
327.701 57.342
327.965 69.904
328.229 67.609
328.493 42.314
328.757 22.305
329.022 1.295
329.286 -14.142
329.550 -19.151
329.814 -21.732
330.078 -14.312
330.342 3.250
330.607 8.241
330.871 19.803
331.135 26.652
331.399 24.071
331.663 18.062
331.928 10.768
332.192 -2.098
332.456 16.321
332.720 26.455
332.984 27.589
333.249 30.152
333.513 27.286
333.777 38.135
334.041 34.983
334.305 21.403
334.570 14.537
334.834 0.814
335.098 3.377
335.362 7.940
335.626 -1.497
335.891 18.637
336.155 23.914
336.419 26.477
336.683 31.468
336.947 25.460
337.211 26.451
337.476 41.872
337.740 44.863
338.004 40.855
338.268 41.846
338.532 35.981
338.797 39.973
339.061 23.964
339.325 2.099
339.589 -10.195
339.853 -9.918
340.118 -18.069
340.382 -12.506
340.646 -16.799
340.910 -6.808
341.174 -1.959
341.439 -5.252
341.703 -1.975
341.967 7.446
342.231 20.866
342.495 18.144
342.759 12.993
343.024 14.556
343.288 8.977
343.552 3.398
343.816 -10.325
344.080 -23.475
344.345 -16.055
344.609 -6.491
344.873 -2.785
345.137 -8.078
345.401 -6.372
345.666 9.049
345.930 10.184
346.194 16.890
346.458 16.026
346.722 18.018
346.987 39.296
347.251 37.860
347.515 21.138
347.779 22.987
348.043 9.837
348.308 -11.742
348.572 -17.321
348.836 -20.472
349.100 -15.194
349.364 -3.487
349.628 -12.780
349.893 -11.645
350.157 5.062
350.421 -0.803
350.685 -7.239
350.949 -12.675
351.214 -14.825
351.478 -11.118
351.742 -8.554
352.006 -0.704
352.270 20.289
352.535 27.567
352.799 29.417
353.063 31.267
353.327 32.545
353.591 15.109
353.856 -3.898
354.120 0.381
354.384 9.659
354.648 6.652
354.912 2.645
355.177 5.352
355.441 28.059
355.705 48.195
355.969 36.045
356.233 23.466
356.497 25.031
356.762 26.881
357.026 29.588
357.290 34.295
357.554 38.003
357.818 39.424
358.083 35.560
358.347 20.982
358.611 19.404
358.875 20.682
359.139 16.390
359.404 18.097
359.668 14.090
359.932 24.941
360.196 36.362
360.460 33.927
360.725 29.492
360.989 31.628
361.253 19.621
361.517 7.614
361.781 -4.821
362.046 -7.542
362.310 -9.120
362.574 -14.270
362.838 -31.562
363.102 -39.283
363.366 -28.289
363.631 -22.582
363.895 -2.874
364.159 11.834
364.423 22.970
364.687 34.535
364.952 48.671
365.216 43.808
365.480 42.515
365.747 31.652
366.013 24.645
366.280 31.496
366.546 31.061
366.813 25.626
367.079 43.620
367.346 60.756
367.612 58.178
367.879 62.743
368.145 52.737
368.412 48.159
368.678 43.296
368.945 22.433
369.211 1.141
369.478 8.134
369.744 2.128
370.011 2.836
370.278 0.544
370.544 1.395
370.811 19.960
371.077 30.954
371.344 20.234
371.610 16.656
371.877 23.222
372.143 26.930
372.410 22.495
372.676 2.489
372.943 -5.660
373.209 -5.523
373.476 -2.386
373.742 -10.678
374.009 -11.827
374.276 -16.690
374.542 -9.410
374.809 0.869
375.075 18.292
375.342 25.858
375.608 30.852
375.875 31.703
376.141 39.268
376.408 37.548
376.674 16.257
376.941 -7.749
377.207 -16.612
377.474 -11.761
377.740 -9.195
378.007 -9.201
378.273 -21.492
378.540 -1.927
378.807 13.353
379.073 2.062
379.340 -6.230
379.606 2.479
379.873 13.902
380.139 31.039
380.406 24.319
380.672 22.028
380.939 37.736
381.205 30.873
381.472 12.582
381.738 13.005
382.005 8.857
382.271 5.994
382.538 -10.869
382.804 -23.731
383.071 -16.594
383.338 -2.885
383.604 -4.748
383.871 -0.754
384.137 9.241
384.404 29.664
384.670 41.373
384.937 35.653
385.203 20.505
385.470 10.071
385.736 4.780
386.003 -6.940
386.269 -12.660
386.536 -17.379
386.802 -12.670
387.069 11.467
387.336 23.319
387.602 21.885
387.869 30.594
388.135 47.017
388.402 64.155
388.668 69.721
388.935 70.002
389.201 71.711
389.468 79.562
389.734 85.557
390.001 80.695
390.267 83.833
390.534 81.256
390.800 66.679
391.067 63.817
391.333 66.669
391.600 68.378
391.867 70.087
392.133 56.797
392.400 64.506
392.666 69.215
392.933 64.067
393.199 49.776
393.466 31.771
393.732 28.337
393.999 32.904
394.265 20.899
394.532 11.894
394.798 8.889
395.065 28.170
395.331 46.307
395.598 39.017
395.864 30.583
396.131 38.435
396.398 65.859
396.664 87.140
396.931 92.849
397.197 110.273
397.464 148.840
397.730 189.549
397.997 203.115
398.263 208.111
398.530 234.249
398.796 270.672
399.063 295.096
399.329 297.806
399.596 318.944
399.862 370.653
400.129 419.648
400.396 447.501
400.662 461.210
400.929 474.777
401.195 509.915
401.462 530.196
401.728 548.334
401.995 561.615
402.261 576.611
402.528 596.892
402.794 613.744
403.061 625.882
403.327 642.735
403.594 665.730
403.860 693.868
404.127 716.150
404.393 749.859
404.660 780.426
404.931 820.279
405.202 851.703
405.473 871.269
405.745 878.265
406.016 899.689
406.287 906.542
406.558 910.537
406.829 904.247
407.100 904.957
407.371 889.238
407.642 883.376
407.914 873.372
408.185 862.082
408.456 856.220
408.727 835.216
408.998 810.925
409.269 806.635
409.540 791.345
409.811 770.626
410.083 761.051
410.354 752.046
410.625 753.756
410.896 742.180
411.167 717.890
411.438 698.314
411.709 685.453
411.981 658.592
412.252 622.016
412.523 575.012
412.794 548.293
413.065 522.717
413.336 492.999
413.607 459.566
413.878 420.133
414.150 390.843
414.421 370.696
414.692 336.549
414.963 293.545
415.234 266.683
415.505 237.822
415.776 207.103
416.047 186.385
416.319 170.952
416.590 155.948
416.861 157.372
417.132 144.511
417.403 133.364
417.674 137.217
417.945 127.927
418.217 115.352
418.488 91.348
418.759 71.772
419.030 74.911
419.301 71.907
419.572 66.474
419.843 61.185
420.114 78.752
420.386 103.462
420.657 107.458
420.928 97.311
421.199 84.164
421.470 75.160
421.741 75.014
422.012 60.295
422.283 47.577
422.555 34.573
422.826 29.141
423.097 40.994
423.368 47.990
423.639 43.986
423.910 16.982
424.181 1.549
424.453 15.974
424.724 12.113
424.995 -15.891
425.266 -41.466
425.537 -38.756
425.808 -11.188
426.079 8.379
426.350 5.090
426.622 9.657
426.893 27.939
427.164 59.793
427.435 71.360
427.706 59.928
427.977 49.924
428.248 55.206
428.519 66.488
428.791 78.056
429.062 82.766
429.333 84.477
429.604 86.759
429.875 89.612
430.146 88.465
430.417 79.033
430.689 78.601
430.960 76.597
431.231 75.736
431.502 81.875
431.773 77.872
432.044 79.011
432.315 89.150
432.586 80.289
432.858 73.428
433.129 74.282
433.400 81.278
433.671 98.560
433.942 90.271
434.213 71.410
434.484 66.835
434.755 63.260
435.027 56.257
435.298 37.825
435.569 24.107
435.840 30.675
436.116 36.528
436.391 41.667
436.667 36.235
436.942 31.089
437.218 45.514
437.493 54.796
437.769 50.650
438.045 57.361
438.320 68.071
438.596 75.496
438.871 80.064
439.147 68.061
439.422 64.772
439.698 64.482
439.974 61.336
440.249 54.761
440.525 60.186
440.800 66.612
441.076 80.608
441.351 83.176
441.627 78.316
441.903 73.169
442.178 84.452
442.454 77.448
442.729 75.302
443.005 72.870
443.281 70.581
443.556 83.435
443.832 91.289
444.107 66.428
444.383 56.282
444.658 59.707
444.934 71.847
445.210 62.700
445.485 53.983
445.761 50.979
446.036 69.833
446.312 85.973
446.587 79.398
446.863 73.252
447.139 91.534
447.414 103.245
447.690 110.671
447.965 100.668
448.241 97.093
448.516 102.232
448.792 100.372
449.068 97.940
449.343 109.651
449.619 118.934
449.894 131.931
450.170 143.499
450.445 153.639
450.721 157.493
450.997 163.775
451.272 156.629
451.548 152.912
451.823 158.337
452.099 162.620
452.375 163.474
452.650 163.185
452.926 167.324
453.201 183.178
453.477 187.032
453.752 193.744
454.028 200.169
454.304 206.309
454.579 218.734
454.855 216.588
455.130 206.871
455.406 206.439
455.681 192.008
455.957 180.433
456.233 173.144
456.508 166.141
456.784 169.281
457.059 164.564
457.335 165.132
457.610 173.558
457.886 178.269
458.162 181.980
458.437 174.834
458.713 155.831
458.988 137.971
459.264 130.397
459.539 124.822
459.815 123.534
460.091 109.959
460.366 102.528
460.642 102.811
460.917 106.522
461.193 92.948
461.468 74.945
461.744 59.227
462.020 55.224
462.295 54.364
462.571 51.076
462.846 41.074
463.122 41.067
463.397 37.924
463.673 39.054
463.949 45.765
464.224 38.184
464.500 28.898
464.775 39.446
465.051 52.145
465.327 64.976
465.602 66.401
465.878 56.810
466.153 56.529
466.429 68.667
466.704 76.128
466.980 79.610
467.256 90.097
467.531 101.558
467.807 111.213
468.082 125.854
468.358 140.401
468.633 145.225
468.909 140.575
469.185 143.409
469.460 140.217
469.736 145.902
470.011 137.485
470.287 133.276
470.562 141.008
470.838 148.723
471.114 148.260
471.389 135.510
471.665 128.099
471.940 144.518
472.216 135.613
472.491 123.269
472.767 109.446
473.043 95.609
473.318 99.276
473.594 90.763
473.869 72.674
474.145 72.863
474.421 64.209
474.696 61.606
474.972 49.826
475.247 50.271
475.523 55.950
475.798 47.808
476.074 47.235
476.350 56.534
476.625 51.729
476.901 59.143
477.176 55.488
477.452 44.135
477.727 54.876
478.003 54.997
478.279 45.368
478.554 39.130
478.830 27.087
479.105 21.272
479.381 19.816
479.656 5.749
479.932 -1.975
480.208 -9.522
480.483 -1.714
480.759 21.513
481.034 31.438
481.310 45.964
481.585 60.782
481.861 66.781
482.137 80.818
482.412 76.638
482.688 59.505
482.963 47.123
483.239 29.876
483.514 19.518
483.790 29.849
484.066 27.599
484.341 22.059
484.617 12.409
484.892 5.026
485.168 7.166
485.443 14.944
485.719 -4.288
485.995 -17.222
486.270 -14.494
486.546 -7.930
486.821 -7.854
487.097 -16.844
487.373 -35.728
487.648 -33.487
487.924 -28.861
488.199 -30.945
488.475 -23.496
488.750 -7.081
489.026 9.184
489.302 21.244
489.577 14.662
489.853 15.770
490.128 27.940
490.404 29.601
490.679 34.474
490.955 41.048
491.231 54.183
491.506 66.342
491.782 66.200
492.057 69.279
492.333 69.421
492.608 61.182
492.884 62.033
493.160 62.046
493.435 72.703
493.711 75.792
493.986 73.154
494.262 84.398
494.537 100.123
494.813 102.534
495.089 100.050
495.364 89.717
495.640 85.672
495.915 85.415
496.191 80.981
496.467 75.863
496.742 67.632
497.018 54.434
497.293 47.410
497.569 53.103
497.844 54.714
498.120 58.187
498.396 61.418
498.671 77.823
498.947 99.992
499.222 117.376
499.498 121.423
499.773 141.764
500.049 156.613
500.325 166.096
500.600 163.021
500.876 157.923
501.151 172.573
501.427 205.783
501.702 226.792
501.978 231.719
502.254 240.357
502.529 275.063
502.805 313.816
503.080 324.606
503.356 328.166
503.631 336.562
503.907 363.424
504.183 386.935
504.458 384.791
504.734 381.811
505.009 394.244
505.285 391.784
505.560 377.467
505.836 359.698
506.112 341.207
506.387 329.738
506.663 332.858
506.938 329.945
507.214 326.627
507.490 314.816
507.765 297.948
508.041 276.751
508.316 263.567
508.592 239.741
508.867 218.209
509.143 196.732
509.419 188.038
509.694 189.130
509.970 186.556
510.245 166.538
510.521 154.890
510.796 129.627
511.072 108.685
511.348 97.009
511.623 90.687
511.899 89.141
512.174 93.025
512.450 81.428
512.725 87.294
513.001 93.614
513.277 87.751
513.552 56.483
513.828 38.773
514.103 35.983
514.379 43.479
514.654 31.472
514.930 23.297
515.206 32.482
515.481 51.962
515.757 51.410
516.032 55.486
516.308 51.744
516.583 60.481
516.859 79.080
517.135 69.259
517.410 64.338
517.686 86.612
517.961 85.818
518.237 87.780
518.513 91.864
518.788 92.285
519.064 108.225
519.339 140.117
519.615 143.295
519.890 164.261
520.166 183.775
520.442 202.146
520.717 219.412
520.993 234.425
521.268 231.538
521.544 234.869
521.819 233.910
522.095 233.168
522.371 223.024
522.646 215.977
522.922 219.392
523.197 228.451
523.473 247.946
523.748 252.116
524.024 251.946
524.300 262.692
524.575 267.475
524.851 265.012
525.126 261.828
525.402 251.128
525.677 245.932
525.953 242.075
526.229 224.879
526.504 219.683
526.780 211.095
527.055 195.821
527.331 191.784
527.606 192.563
527.882 197.881
528.158 210.125
528.433 207.929
528.709 200.598
528.984 192.870
529.260 199.485
529.535 201.953
529.811 186.376
530.087 182.925
530.362 190.888
530.638 197.744
530.913 199.636
531.189 183.380
531.465 165.421
531.740 160.007
532.016 152.094
532.291 138.267
532.567 138.704
532.842 145.086
533.118 145.493
533.394 152.270
533.669 151.914
533.945 148.666
534.220 140.147
534.496 122.732
534.771 112.910
535.047 114.392
535.323 119.401
535.598 137.634
535.874 158.930
536.149 186.161
536.425 217.755
536.700 250.138
536.976 271.329
537.252 305.078
537.527 335.851
537.803 359.674
538.078 391.887
538.354 434.219
538.629 482.026
538.905 541.197
539.181 589.819
539.456 639.812
539.732 700.199
540.007 752.130
540.283 808.050
540.558 841.243
540.834 863.618
541.110 880.486
541.385 885.913
541.661 884.966
541.936 890.307
542.212 875.420
542.488 866.745
542.763 861.022
543.039 859.292
543.314 865.906
543.590 867.415
543.865 853.626
544.141 848.216
544.417 841.212
544.692 829.861
544.968 811.383
545.243 792.476
545.519 776.080
545.794 765.543
546.070 758.247
546.348 749.905
546.627 761.962
546.905 777.315
547.183 795.490
547.461 826.211
547.740 865.968
548.018 891.278
548.296 929.580
548.575 954.400
548.853 992.965
549.131 1038.780
549.409 1064.723
549.688 1077.035
549.966 1111.417
550.244 1162.989
550.523 1206.639
550.801 1240.012
551.079 1292.125
551.357 1358.946
551.636 1421.644
551.914 1466.815
552.192 1505.365
552.471 1556.494
552.749 1592.751
553.027 1604.511
553.306 1620.741
553.584 1644.483
553.862 1671.324
554.140 1691.478
554.419 1700.952
554.697 1703.265
554.975 1713.242
555.254 1714.177
555.532 1716.508
555.810 1733.600
556.088 1729.756
556.367 1721.210
556.645 1717.481
556.923 1692.927
557.202 1644.732
557.480 1590.475
557.758 1516.463
558.036 1442.510
558.315 1358.701
558.593 1278.623
558.871 1210.697
559.150 1173.074
559.428 1117.919
559.706 1046.298
559.984 987.508
560.263 935.644
560.541 875.171
560.819 816.343
561.098 748.514
561.376 701.742
561.654 663.779
561.932 615.754
562.211 573.109
562.489 549.215
562.767 504.937
563.046 459.846
563.324 409.306
563.602 354.642
563.880 322.285
564.159 295.625
564.437 256.824
564.715 243.858
564.994 231.243
565.272 223.397
565.550 228.930
565.828 223.445
566.107 207.149
566.385 201.548
566.663 194.777
566.942 183.848
567.220 174.184
567.498 165.282
567.776 151.225
568.055 147.019
568.333 152.229
568.611 146.424
568.890 146.111
569.168 143.177
569.446 134.036
569.725 126.779
570.003 121.743
570.281 108.007
570.559 91.457
570.838 80.174
571.116 68.612
571.394 69.486
571.673 67.589
571.951 55.278
572.229 53.537
572.507 59.959
572.786 68.236
573.064 76.492
573.342 67.911
573.621 68.096
573.899 71.029
574.177 60.604
574.455 50.735
574.734 42.137
575.012 41.806
575.290 42.242
575.569 35.404
575.847 33.449
576.125 25.720
576.403 20.946
576.682 17.048
576.960 -2.035
577.243 -2.018
577.527 3.494
577.810 8.013
578.093 28.746
578.377 42.162
578.660 41.767
578.944 58.886
579.227 66.833
579.510 66.717
579.794 61.918
580.077 49.509
580.360 49.264
580.644 63.800
580.927 55.025
581.210 37.439
581.494 28.640
581.777 21.519
582.061 26.652
582.344 18.992
582.627 7.053
582.911 18.043
583.194 40.129
583.477 50.684
583.761 60.945
584.044 53.680
584.327 60.389
584.611 66.531
584.894 61.265
585.178 48.153
585.461 49.161
585.744 54.449
586.028 62.733
586.311 56.170
586.594 43.896
586.878 33.619
587.161 37.046
587.444 39.474
587.728 44.458
588.011 52.869
588.295 61.439
588.578 56.863
588.861 61.004
589.145 61.853
589.428 65.693
589.711 56.991
589.995 33.585
590.278 27.146
590.562 36.564
590.845 47.691
591.128 47.682
591.412 34.694
591.695 41.086
591.978 52.782
592.262 38.534
592.545 22.004
592.828 13.848
593.112 17.816
593.395 19.509
593.679 5.697
593.962 2.692
594.245 16.925
594.529 27.463
594.812 22.478
595.095 17.336
595.379 18.030
595.662 29.214
595.945 31.896
596.229 24.375
596.512 20.130
596.796 25.348
597.079 25.040
597.362 21.066
597.646 17.800
597.929 24.971
598.212 35.556
598.496 40.643
598.779 30.618
599.062 36.646
599.346 52.405
599.629 57.303
599.913 58.544
600.196 68.346
600.479 86.199
600.763 99.551
601.046 93.486
601.329 77.156
601.613 82.046
601.896 79.900
602.179 67.252
602.463 53.036
602.746 62.968
603.030 81.297
603.313 90.118
603.596 87.553
603.880 93.396
604.163 110.848
604.446 119.233
604.730 97.785
605.013 86.846
605.296 96.770
605.580 106.003
605.863 100.255
606.147 84.464
606.430 86.547
606.713 111.428
606.997 116.708
607.280 114.748
607.563 112.209
607.847 116.541
608.130 129.972
608.414 131.961
608.697 123.308
608.980 122.644
609.264 118.306
609.547 116.505
609.830 114.686
610.114 123.808
610.397 127.449
610.680 123.412
610.964 121.623
611.247 130.059
611.531 124.473
611.814 124.092
612.097 105.474
612.381 101.848
612.664 109.997
612.947 102.294
613.231 94.455
613.514 108.932
613.797 105.155
614.081 103.621
614.364 105.180
614.648 103.372
614.931 115.480
615.214 116.911
615.498 107.823
615.781 118.970
616.064 134.875
616.348 128.455
616.631 118.213
616.914 126.424
617.198 141.980
617.481 146.262
617.765 148.299
618.048 147.831
618.331 149.984
618.615 149.728
618.898 125.367
619.181 99.007
619.465 85.218
619.748 75.812
620.031 59.475
620.315 57.856
620.598 69.392
620.882 83.774
621.165 92.038
621.448 101.059
621.732 110.691
622.015 120.299
622.298 117.936
622.582 94.326
622.865 67.840
623.148 67.509
623.432 69.923
623.715 69.389
623.999 70.374
624.282 74.356
624.565 87.856
624.849 107.974
625.132 110.209
625.415 99.368
625.699 83.297
625.982 79.041
626.265 87.583
626.549 94.525
626.832 -734.549
627.116 -1207.749
627.399 -1217.710
627.682 -1213.293
627.966 -1213.394
628.249 -1219.877
628.532 -1221.160
628.816 -390.071
629.099 83.651
629.383 96.588
629.666 102.948
629.949 93.001
630.233 77.665
630.516 72.790
630.799 78.683
631.083 93.544
631.366 101.272
631.649 94.291
631.933 106.140
632.216 125.499
632.500 136.786
632.783 141.574
633.066 126.193
633.350 124.488
633.633 138.687
633.916 150.705
634.200 157.428
634.483 164.184
634.766 165.406
635.050 174.407
635.333 173.362
635.617 185.999
635.900 206.138
636.183 223.536
636.467 247.418
636.750 275.878
637.033 303.826
637.317 334.374
637.600 340.178
637.883 350.249
638.167 365.698
638.450 377.363
638.734 386.861
639.017 412.460
639.300 442.528
639.584 476.965
639.867 509.832
640.150 536.689
640.434 563.540
640.717 607.371
641.000 644.975
641.284 683.328
641.567 721.973
641.851 766.157
642.134 826.237
642.417 905.991
642.701 974.845
642.984 1060.158
643.267 1157.777
643.551 1269.898
643.834 1393.862
644.117 1519.568
644.401 1632.723
644.684 1775.108
644.968 1924.450
645.251 2085.211
645.534 2239.226
645.818 2374.387
646.101 2539.510
646.384 2697.801
646.668 2832.262
646.951 2974.969
647.235 3118.093
647.518 3283.999
647.801 3475.427
648.085 3648.845
648.368 3861.673
648.651 4089.965
648.935 4312.306
649.218 4555.175
649.501 4807.593
649.785 5062.468
650.068 5335.801
650.352 5586.898
650.635 5855.680
650.918 6104.457
651.202 6336.856
651.485 6569.253
651.768 6795.096
652.052 6969.605
652.335 7158.706
652.618 7306.824
652.902 7467.670
653.185 7609.553
653.469 7693.123
653.752 7741.568
654.035 7819.743
654.319 7857.133
654.602 7905.903
654.885 7935.577
655.169 7948.847
655.452 7986.337
655.735 8032.187
656.019 8039.920
656.302 8034.962
656.586 7980.075
656.869 7895.330
657.152 7791.478
657.436 7660.332
657.719 7519.794
658.002 7394.043
658.286 7276.491
658.569 7175.185
658.852 7091.694
659.136 7025.534
659.419 6978.174
659.703 6926.696
659.986 6871.005
660.269 6841.541
660.553 6826.385
660.836 6837.399
661.119 6859.152
661.403 6902.004
661.686 6932.055
661.969 6978.347
662.253 7007.075
662.536 7036.002
662.820 7030.507
663.103 7030.076
663.386 7008.453
663.670 7033.351
663.953 7037.393
664.236 7038.966
664.520 7034.907
664.803 7087.890
665.086 7163.227
665.370 7229.436
665.653 7282.342
665.937 7386.093
666.220 7488.338
666.503 7623.068
666.787 7715.114
667.070 7800.596
667.353 7876.793
667.637 7933.123
667.920 7961.678
668.204 8005.693
668.487 8029.699
668.770 8053.254
669.054 8045.757
669.337 8046.039
669.620 8013.793
669.904 7918.172
670.187 7774.783
670.470 7610.071
670.754 7371.150
671.037 7104.930
671.321 6807.649
671.604 6504.027
671.887 6200.369
672.171 5896.377
672.454 5556.663
672.737 5269.888
673.021 4979.618
673.304 4672.736
673.587 4381.134
673.871 4113.578
674.154 3857.092
674.438 3612.850
674.721 3364.697
675.004 3132.265
675.288 2920.186
675.571 2730.174
675.854 2546.994
676.138 2389.613
676.421 2250.964
676.704 2113.985
676.988 1976.618
677.271 1863.058
677.555 1744.990
677.838 1626.851
678.121 1507.156
678.405 1397.736
678.688 1298.479
678.971 1228.345
679.255 1176.918
679.538 1112.854
679.821 1057.609
680.105 998.274
680.388 936.051
680.672 879.039
680.955 817.136
681.238 737.570
681.522 675.710
681.805 617.617
682.088 556.512
682.372 491.364
682.655 440.196
682.938 397.251
683.222 376.598
683.505 345.655
683.789 309.567
684.072 279.593
684.355 273.627
684.639 270.452
684.922 253.881
685.205 226.744
685.489 213.978
685.772 222.327
686.056 233.809
686.339 244.246
686.622 233.956
686.906 223.308
687.189 229.356
687.472 247.788
687.756 258.375
688.039 280.295
688.322 288.048
688.606 313.845
688.889 345.483
689.173 353.637
689.456 355.077
689.739 355.424
690.023 339.634
690.306 341.415
690.589 331.585
690.873 324.424
691.156 319.764
691.439 302.685
691.723 280.876
692.006 259.532
692.290 239.931
692.573 227.282
692.856 204.432
693.140 189.809
693.423 190.061
693.706 198.597
693.990 203.871
694.273 203.334
694.556 210.019
694.840 231.342
695.123 251.880
695.407 265.613
695.690 263.742
695.973 274.152
696.257 278.403
696.540 274.835
696.830 266.585
697.120 240.978
697.410 220.574
697.699 214.438
697.989 203.201
698.279 197.476
698.569 193.653
698.859 188.791
699.149 202.555
699.439 202.260
699.729 197.318
700.018 197.839
700.308 195.171
700.598 187.131
700.888 182.117
701.178 171.235
701.468 167.284
701.758 178.742
702.048 183.172
702.337 181.958
702.627 180.341
702.917 170.492
703.207 154.012
703.497 143.544
703.787 131.451
704.077 123.465
704.366 118.274
704.656 110.267
704.946 98.873
705.236 110.488
705.526 115.676
705.816 107.096
706.106 100.700
706.396 81.999
706.685 85.482
706.975 94.493
707.265 87.869
707.555 88.880
707.845 97.450
708.135 90.455
708.425 108.098
708.715 113.057
709.004 98.325
709.294 91.925
709.584 84.301
709.874 74.106
710.164 67.466
710.454 60.926
710.744 62.430
711.034 79.562
711.323 90.361
711.613 90.601
711.903 93.227
712.193 105.553
712.483 109.553
712.773 104.510
713.063 93.632
713.352 81.787
713.642 79.474
713.932 65.296
714.222 54.455
714.512 51.771
714.802 50.860
715.092 49.799
715.382 56.356
715.671 64.403
715.961 83.776
716.251 92.367
716.541 82.251
716.831 63.788
717.121 62.375
717.411 66.645
717.701 66.537
717.990 54.943
718.280 58.171
718.570 67.159
718.860 83.944
719.150 86.246
719.440 81.197
719.730 74.510
720.019 75.897
720.309 68.954
720.599 65.030
720.889 64.813
721.179 58.412
721.469 54.068
721.759 59.187
722.049 57.977
722.338 59.665
722.628 65.876
722.918 56.445
723.208 65.386
723.498 72.722
723.788 66.701
724.078 75.552
724.368 63.732
724.657 49.445
724.947 52.485
725.237 38.994
725.527 30.742
725.817 40.438
726.107 37.721
726.397 52.500
726.686 75.710
726.976 78.784
727.266 92.323
727.556 85.688
727.846 61.217
728.136 53.628
728.426 55.730
728.716 35.985
729.005 29.905
729.295 25.084
729.585 17.184
729.875 21.050
730.165 12.323
730.455 -0.403
730.745 8.334
731.035 21.260
731.324 34.598
731.614 48.744
731.904 52.765
732.194 51.786
732.484 51.785
732.774 36.373
733.064 4.958
733.354 -22.278
733.643 -29.092
733.933 -24.216
734.223 -9.873
734.513 -5.120
734.803 0.874
735.093 17.596
735.383 25.530
735.672 26.919
735.962 26.096
736.252 17.743
736.542 18.891
736.832 29.979
737.122 44.709
737.412 60.437
737.702 73.906
737.991 77.157
738.281 78.852
738.571 59.070
738.861 34.655
739.151 28.252
739.441 28.860
739.731 28.076
740.021 27.660
740.310 29.504
740.600 48.637
740.890 66.504
741.180 70.476
741.470 64.587
741.760 54.295
742.050 50.081
742.339 47.827
742.629 42.472
742.919 40.796
743.209 27.830
743.499 30.231
743.789 40.570
744.079 56.696
744.369 68.739
744.658 89.698
744.948 94.527
745.238 101.760
745.528 98.119
745.818 92.326
746.108 73.512
746.398 55.100
746.688 34.720
746.977 34.030
747.267 24.678
747.557 10.480
747.847 3.384
748.137 10.063
748.427 32.535
748.717 36.233
749.006 19.604
749.296 12.490
749.586 20.881
749.876 28.008
750.166 33.728
750.456 15.945
750.746 2.413
751.036 10.669
751.325 20.072
751.615 26.651
751.905 33.390
752.195 28.135
752.485 21.990
752.775 29.698
753.065 35.440
753.355 37.885
753.644 36.775
753.934 35.367
754.224 31.225
754.514 34.797
754.804 39.384
755.094 38.660
755.384 28.051
755.674 17.009
755.963 -5.940
756.253 -13.397
756.543 -6.795
756.833 -13.102
757.123 -26.155
757.413 -20.705
757.703 -26.885
757.992 -21.861
758.282 -12.247
758.572 -6.946
758.862 3.822
759.152 19.758
759.442 23.064
759.732 35.270
760.022 46.473
760.311 34.987
760.601 -3.652
760.891 -29.960
761.181 -40.157
761.471 -41.163
761.761 -40.441
762.051 -33.387
762.341 -18.432
762.630 3.264
762.920 19.088
763.210 13.764
763.500 9.884
763.793 14.478
764.086 14.897
764.379 16.748
764.671 29.846
764.964 41.366
765.257 65.408
765.550 71.886
765.843 71.031
766.136 56.083
766.429 43.433
766.722 37.814
767.014 24.709
767.307 5.411
767.600 -7.838
767.893 -11.287
768.186 -7.981
768.479 -5.392
768.772 -21.520
769.064 -25.834
769.357 -14.611
769.650 -9.860
769.943 -8.276
770.236 -8.565
770.529 -10.295
770.822 1.078
771.115 8.994
771.407 -0.501
771.700 -8.566
771.993 -19.368
772.286 -30.745
772.579 -24.551
772.872 -11.722
773.165 -2.066
773.457 8.756
773.750 23.013
774.043 23.728
774.336 32.798
774.629 29.340
774.922 18.532
775.215 14.625
775.508 7.394
775.800 -6.132
776.093 0.781
776.386 6.683
776.679 1.508
776.972 2.226
777.265 -4.393
777.558 -23.508
777.850 -25.785
778.143 -26.796
778.436 -22.354
778.729 -12.874
779.022 -5.409
779.315 -3.112
779.608 12.839
779.900 27.910
780.193 18.886
780.486 42.081
780.779 48.673
781.072 36.331
781.365 29.022
781.658 26.726
781.951 31.891
782.243 45.502
782.536 19.280
782.829 7.518
783.122 2.078
783.415 1.786
783.708 7.658
784.001 7.643
784.293 8.625
784.586 0.746
784.879 0.173
785.172 19.937
785.465 35.094
785.758 32.086
786.051 20.495
786.344 4.891
786.636 11.757
786.929 18.893
787.222 6.165
787.515 -11.828
787.808 -20.822
788.101 -13.675
788.394 -1.084
788.686 -10.222
788.979 -24.914
789.272 -19.063
789.565 0.203
789.858 10.337
790.151 9.618
790.444 0.061
790.737 -1.074
791.029 -6.934
791.322 -18.057
791.615 -25.060
791.908 -23.504
792.201 -35.898
792.494 -21.517
792.787 -3.999
793.079 24.657
793.372 40.475
793.665 37.767
793.958 29.224
794.251 33.497
794.544 22.823
794.837 17.552
795.130 2.882
795.422 -8.224
795.715 -15.054
796.008 -4.236
796.301 -5.518
796.594 -7.798
796.887 -4.807
797.180 4.156
797.472 12.555
797.765 21.095
798.058 14.976
798.351 22.951
798.644 29.218
798.937 11.983
799.230 1.879
799.523 3.018
799.815 -2.396
800.108 3.443
800.401 8.012
800.694 12.440
800.987 36.685
801.280 47.377
801.573 43.247
801.865 39.254
802.158 15.593
802.451 -1.534
802.744 -17.509
803.037 -41.906
803.330 -53.742
803.623 -50.593
803.915 -34.023
804.208 -22.773
804.501 -10.928
804.794 -2.948
805.087 7.037
805.380 7.173
805.673 6.038
805.966 1.624
806.258 11.066
806.551 16.516
806.844 29.851
807.137 30.861
807.430 30.852
807.723 22.676
808.016 6.879
808.308 4.295
808.601 -3.887
808.894 -20.242
809.187 -22.105
809.480 -5.851
809.773 4.646
810.066 17.155
810.359 17.588
810.651 15.561
810.944 14.818
811.237 7.757
811.530 -14.559
811.825 -31.004
812.119 -42.270
812.414 -52.669
812.709 -52.110
813.003 -38.962
813.298 -15.232
813.593 0.962
813.887 21.500
814.182 29.306
814.476 45.081
814.771 57.263
815.066 51.927
815.360 41.808
815.655 34.850
815.950 20.763
816.244 24.843
816.539 18.162
816.834 -0.778
817.128 -7.641
817.423 -9.636
817.718 -4.215
818.012 -3.955
818.307 -20.226
818.602 -34.210
818.896 -24.726
819.191 -20.476
819.486 -24.560
819.780 -27.894
820.075 -19.205
820.369 -13.832
820.664 -10.223
820.959 -9.493
821.253 -14.541
821.548 -26.286
821.843 -30.434
822.137 -30.845
822.432 -25.681
822.727 -25.199
823.021 -29.103
823.316 -24.052
823.611 -17.249
823.905 -16.960
824.200 -16.019
824.495 -19.655
824.789 -17.935
825.084 -25.684
825.379 -23.715
825.673 -19.186
825.968 -26.925
826.262 -25.828
826.557 -12.072
826.852 5.472
827.146 9.215
827.441 -8.221
827.736 -20.052
828.030 -24.919
828.325 -29.624
828.620 -42.652
828.914 -58.856
829.209 -52.016
829.504 -29.904
829.798 -20.193
830.093 -12.098
830.388 -14.661
830.682 -17.732
830.977 -8.386
831.271 9.908
831.566 13.758
831.861 17.021
832.155 19.052
832.450 26.680
832.745 29.230
833.039 28.015
833.334 10.236
833.629 -2.846
833.923 -10.470
834.218 -6.111
834.513 -5.485
834.807 2.979
835.102 2.399
835.397 1.450
835.691 5.137
835.986 10.408
836.281 13.184
836.575 6.970
836.870 1.089
837.164 -4.083
837.459 -2.964
837.754 -5.064
838.048 -11.820
838.343 -18.974
838.638 -21.653
838.932 -17.586
839.227 -13.984
839.522 -3.971
839.816 -1.398
840.111 1.009
840.406 1.045
840.700 8.737
840.995 20.135
841.290 25.418
841.584 16.528
841.879 14.051
842.174 21.267
842.468 25.087
842.763 21.213
843.057 13.293
843.352 8.969
843.647 5.089
843.941 0.221
844.236 -16.297
844.531 -8.239
844.825 2.890
845.120 -4.735
845.415 2.104
845.709 17.026
846.004 26.666
846.299 35.797
846.593 25.685
846.888 10.782
847.183 6.498
847.477 4.837
847.772 5.202
848.066 12.124
848.361 24.478
848.656 32.631
848.950 31.796
849.245 43.033
849.540 41.758
849.834 28.385
850.129 6.280
850.424 -12.227
850.718 -35.822
851.013 -40.438
851.308 -43.878
851.602 -51.414
851.897 -55.499
852.192 -50.715
852.486 -30.574
852.781 -7.634
853.076 17.701
853.370 26.004
853.665 26.190
853.959 36.149
854.254 44.797
854.549 30.788
854.843 20.698
855.138 0.660
855.433 -21.037
855.727 -20.992
856.022 -13.515
856.317 0.071
856.611 14.828
856.906 22.698
857.201 36.090
857.495 53.426
857.790 62.679
858.085 56.996
858.379 56.293
858.674 61.642
858.969 59.537
859.263 50.903
859.558 56.298
859.852 58.844
860.147 48.487
860.442 34.261
860.736 15.759
861.031 13.415
861.326 19.180
861.620 13.930
861.915 6.604
862.210 18.095
862.504 26.414
862.799 26.919
863.094 23.162
863.388 5.256
863.683 -0.534
863.978 -5.929
864.272 -12.621
864.567 -21.428
864.861 -10.416
865.156 -8.260
865.451 -10.116
865.745 -26.850
866.040 -26.457
866.335 -25.731
866.629 -34.350
866.924 -40.901
867.219 -37.967
867.513 -34.738
867.808 -14.644
868.103 -10.825
868.397 -9.406
868.692 -0.234
868.987 4.024
869.281 8.141
869.576 22.071
869.871 24.165
870.165 20.207
870.460 10.412
870.754 -2.861
871.049 -12.107
871.344 -11.327
871.638 -8.742
871.933 -9.370
872.228 0.338
872.522 2.537
872.817 7.558
873.112 12.322
873.406 17.953
873.701 13.693
873.996 7.702
874.290 -3.134
874.585 -0.462
874.880 5.820
875.174 3.598
875.469 -13.006
875.764 -21.971
876.058 -21.399
876.353 -23.389
876.647 -24.858
876.942 -22.532
877.237 -21.303
877.531 -25.047
877.826 -21.598
878.121 -16.711
878.415 -2.054
878.710 7.141
879.005 14.505
879.299 25.752
879.594 37.781
879.889 32.596
880.183 27.093
880.478 18.763
880.773 18.554
881.067 4.534
881.362 -15.441
881.656 -22.069
881.951 -20.655
882.246 -20.883
882.540 -21.123
882.835 -28.113
883.130 -26.079
883.424 -16.472
883.719 -19.404
884.014 -18.813
884.308 -15.288
884.603 -11.911
884.898 -10.080
885.192 -7.982
885.487 -1.850
885.782 12.838
886.076 15.318
886.371 8.275
886.666 8.128
886.960 9.534
887.255 12.599
887.549 9.988
887.844 10.542
888.139 11.067
888.433 12.266
888.728 17.819
889.023 31.714
889.317 39.790
889.612 32.432
889.907 24.309
890.201 21.166
890.496 29.130
890.791 20.277
891.085 -3.980
891.380 -17.366
891.675 -9.172
891.969 -12.073
892.264 -8.038
892.559 -11.443
892.853 -6.275
893.148 5.706
893.442 12.251
893.737 -3.739
894.032 -11.926
894.326 -15.324
894.621 -13.558
894.916 -10.265
895.210 -1.434
895.505 -1.303
895.800 8.766
896.094 17.457
896.389 25.274
896.684 25.273
896.978 19.715
897.273 10.010
897.568 2.433
897.862 4.582
898.157 2.551
898.451 -8.325
898.746 -0.088
899.041 16.363
899.335 11.558
899.630 16.617
899.925 23.873
900.219 35.535
900.514 47.568
900.809 39.597
901.103 29.903
901.398 30.778
901.693 27.086
901.987 25.448
902.282 19.493
902.577 17.733
902.871 11.101
903.166 -8.954
903.461 -6.919
903.755 1.650
904.050 -4.963
904.344 -6.875
904.639 -9.677
904.934 -4.441
905.228 2.958
905.523 -1.941
905.818 -14.166
906.112 -20.353
906.407 -28.132
906.702 -29.553
906.996 -27.086
907.291 -22.064
907.586 -18.982
907.880 -10.319
908.175 -2.684
908.470 7.570
908.764 5.083
909.059 -6.252
909.354 -14.093
909.648 -9.132
909.943 -9.374
910.237 -18.267
910.532 -25.209
910.827 -27.595
911.121 -13.065
911.416 -3.770
911.711 -7.177
912.005 -12.710
912.300 -9.334
912.599 2.550
912.898 14.301
913.196 2.943
913.495 -7.674
913.794 -12.739
914.093 -7.838
914.391 0.807
914.690 -2.876
914.989 -2.832
915.288 13.059
915.586 29.602
915.885 40.169
916.184 42.996
916.483 43.185
916.782 32.444
917.080 16.837
917.379 8.952
917.678 -0.854
917.977 2.457
918.275 2.235
918.574 -3.819
918.873 11.488
919.172 28.579
919.471 34.077
919.769 42.696
920.068 35.248
920.367 34.608
920.666 40.260
920.964 43.153
921.263 46.316
921.562 39.914
921.861 32.075
922.159 21.490
922.458 1.535
922.757 -21.190
923.056 -52.761
923.355 -66.385
923.653 -65.232
923.952 -66.806
924.251 -53.213
924.550 -39.115
924.848 -29.856
925.147 -0.810
925.446 0.000
925.745 -18.671
926.043 -22.154
926.342 -24.534
926.641 -21.408
926.940 -11.431
927.239 -7.652
927.537 -1.012
927.836 7.120
928.135 15.470
928.434 3.636
928.732 -7.367
929.031 -18.954
929.330 -38.810
929.629 -35.294
929.927 -27.418
930.226 -40.525
930.525 -30.264
930.824 -19.541
931.123 -15.581
931.421 -17.622
931.720 -28.244
932.019 -26.852
932.318 -9.910
932.616 2.250
932.915 19.037
933.214 31.440
933.513 41.665
933.812 39.916
934.110 39.998
934.409 30.177
934.708 9.910
935.007 -6.014
935.305 -3.823
935.604 3.081
935.903 4.640
936.202 1.971
936.500 16.617
936.799 23.141
937.098 15.024
937.397 5.126
937.696 13.281
937.994 36.322
938.293 40.449
938.592 32.029
938.891 33.873
939.189 37.037
939.488 30.206
939.787 -1.950
940.086 -32.955
940.384 -43.330
940.683 -47.493
940.982 -58.996
941.281 -54.622
941.580 -42.492
941.878 -33.961
942.177 -39.184
942.476 -42.130
942.775 -45.741
943.073 -43.618
943.372 -50.933
943.671 -40.053
943.970 -15.188
944.268 6.803
944.567 8.515
944.866 -2.418
945.165 7.401
945.464 24.578
945.762 1.553
946.061 -21.889
946.360 -10.279
946.659 8.169
946.957 44.326
947.256 50.520
947.555 40.838
947.854 53.169
948.153 55.757
948.451 34.975
948.750 25.655
949.049 2.019
949.348 7.717
949.646 16.690
949.945 13.843
950.244 25.349
950.543 29.986
950.841 21.576
951.140 26.932
951.439 10.702
951.738 -3.651
952.037 -9.388
952.335 -29.178
952.634 -42.235
952.933 -30.293
953.232 -31.954
953.530 -43.894
953.829 -55.661
954.128 -50.769
954.427 -35.954
954.725 -18.324
955.024 -3.988
955.323 -0.877
955.622 14.560
955.921 29.908
956.219 27.000
956.518 19.502
956.817 18.802
957.116 3.848
957.414 7.407
957.713 -0.725
958.012 -12.064
958.311 -3.484
958.610 7.759
958.908 5.805
959.207 1.970
959.506 -7.911
959.805 -1.720
960.103 11.764
960.402 -2.309
960.701 -22.589
961.000 -35.244
961.298 -42.215
961.597 -42.924
961.896 -36.589
962.195 -27.789
962.494 -14.777
962.792 2.730
963.091 11.824
963.390 7.159
963.689 13.601
963.987 8.579
964.286 -7.198
964.585 -14.076
964.884 -20.431
965.182 -28.108
965.481 -15.693
965.780 -15.731
966.080 -17.555
966.380 -11.698
966.680 -6.204
966.981 -2.072
967.281 3.630
967.581 1.956
967.881 -6.857
968.181 -9.696
968.481 -8.941
968.781 -11.401
969.082 -4.812
969.382 10.130
969.682 13.306
969.982 29.102
970.282 33.782
970.582 19.701
970.882 15.811
971.183 10.527
971.483 -1.242
971.783 -2.175
972.083 -5.681
972.383 -10.974
972.683 0.148
972.983 12.840
973.284 13.681
973.584 3.659
973.884 -10.734
974.184 -19.864
974.484 -14.120
974.784 -22.532
975.084 -51.357
975.385 -94.633
975.685 -150.543
975.985 -201.578
976.285 -246.075
976.585 -263.589
976.885 -265.442
977.185 -267.833
977.486 -247.684
977.786 -206.309
978.086 -166.630
978.386 -122.911
978.686 -109.540
978.986 -114.494
979.286 -114.880
979.587 -108.990
979.887 -108.754
980.187 -93.897
980.487 -76.326
980.787 -63.612
981.087 -48.326
981.387 -23.755
981.688 -14.041
981.988 0.959
982.288 5.816
982.588 -11.470
982.888 -20.613
983.188 -20.328
983.488 -26.042
983.789 -21.043
984.089 -1.757
984.389 3.671
984.689 -5.758
984.989 -15.472
985.289 -18.330
985.589 -18.473
985.890 -21.902
986.190 -34.759
986.490 -30.331
986.790 -3.902
987.090 6.240
987.390 -1.331
987.690 -1.189
987.991 0.097
988.291 -2.046
988.591 -9.761
988.891 -28.475
989.191 -21.761
989.491 -10.904
989.791 -1.333
990.092 -8.619
990.392 -4.334
990.692 2.666
990.992 3.809
991.292 -5.192
991.592 -4.049
991.892 -9.192
992.193 3.951
992.493 4.522
992.793 3.807
993.093 17.521
993.393 24.807
993.693 28.235
993.993 26.806
994.294 34.806
994.594 44.091
994.894 46.520
995.194 45.662
995.494 46.948
995.794 40.091
996.094 39.090
996.395 23.519
996.695 6.947
996.995 7.804
997.295 9.804
997.595 8.518
997.895 -2.054
998.195 -13.340
998.496 -6.912
998.796 14.088
999.096 5.516
999.396 -3.198
999.696 -1.055
999.996 14.230
1000.296 33.230
1000.597 38.944
1000.897 35.229
1001.197 41.658
1001.497 50.943
1001.797 46.086
1002.097 49.371
1002.397 43.371
1002.698 33.799
1002.998 18.228
1003.298 9.085
1003.598 -8.916
1003.898 -11.773
1004.198 -18.630
1004.498 -29.631
1004.799 -31.916
1005.099 -31.774
1005.399 -28.488
1005.699 -25.203
1005.999 -40.632
1006.299 -46.632
1006.599 -29.061
1006.900 -27.204
1007.200 -25.061
1007.500 -22.204
1007.800 -24.062
1008.100 -5.919
1008.400 8.509
1008.700 3.509
1009.001 13.652
1009.301 15.652
1009.601 20.651
1009.901 29.937
1010.201 20.079
1010.501 13.793
1010.801 15.650
1011.102 3.507
1011.402 -1.350
1011.702 -10.065
1012.002 -13.493
1012.302 5.221
1012.602 10.792
1012.902 -6.637
1013.203 -16.209
1013.503 -12.495
1013.803 -9.923
1014.103 -8.209
1014.403 -8.638
1014.703 0.933
1015.003 13.076
1015.304 23.790
1015.604 24.647
1015.904 36.504
1016.204 45.789
1016.504 35.360
1016.804 11.932
1017.104 5.931
1017.405 16.645
1017.705 14.360
1018.005 -6.926
1018.305 -17.212
1018.605 -13.498
1018.905 -3.641
1019.205 0.787
1019.506 -11.642
1019.806 -8.499
1020.106 3.072
1020.406 11.358
1020.706 13.357
1021.006 32.786
1021.306 48.500
1021.607 56.500
1021.907 52.642
1022.207 53.785
1022.507 55.356
1022.807 52.641
1023.107 32.070
1023.407 16.927
1023.708 6.212
1024.008 11.783
1024.308 7.498
1024.608 -20.788
1024.908 -36.931
1025.208 -43.932
1025.508 -43.360
1025.809 -34.504
1026.109 -29.789
1026.409 -32.504
1026.709 -19.218
1027.009 -15.504
1027.309 -11.933
1027.609 -7.505
1027.910 -2.648
1028.210 -2.791
1028.510 -2.220
1028.810 -3.934
1029.110 11.780
1029.410 22.208
1029.710 16.208
1030.011 1.636
1030.311 0.636
1030.611 8.922
1030.911 11.636
1031.211 4.635
1031.511 6.635
1031.811 19.064
1032.112 17.492
1032.412 7.777
1032.712 0.063
1033.012 3.348
1033.312 4.777
1033.612 -5.652
1033.912 -14.938
1034.212 -1.367
1034.513 4.205
1034.813 11.490
1035.113 14.061
1035.413 20.204
1035.713 23.632
1036.013 11.204
1036.313 -0.225
1036.614 -4.511
1036.914 -22.797
1037.214 -38.226
1037.514 -37.940
1037.814 -32.798
1038.114 -26.227
1038.414 -16.798
1038.715 -2.084
1039.015 16.059
1039.315 28.058
1039.615 12.201
1039.915 4.487
1040.215 13.058
1040.515 12.343
1040.816 -6.371
1041.116 -19.943
1041.416 -24.086
1041.716 -27.943
1042.016 -42.943
1042.316 -49.229
1042.616 -56.087
1042.917 -56.516
1043.217 -50.659
1043.517 -43.516
1043.817 -35.945
1044.117 -17.659
1044.417 -19.374
1044.717 -15.088
1045.018 -3.660
1045.318 -2.946
1045.618 -0.803
1045.918 9.625
1046.218 17.197
1046.518 18.768
1046.818 23.482
1047.119 19.624
1047.419 17.767
1047.719 10.624
1048.019 29.910
1048.319 33.195
1048.619 43.052
1048.919 30.480
1049.220 31.909
1049.520 40.766
1049.820 45.623
1050.120 15.765
1050.420 -17.378
1050.720 -33.949
1051.020 -20.092
1051.321 -26.521
1051.621 -33.379
1051.921 -28.807
1052.221 -13.665
1052.521 11.478
1052.821 21.906
1053.121 8.192
1053.422 13.049
1053.722 20.906
1054.022 19.620
1054.322 11.477
1054.622 14.619
1054.922 24.905
1055.222 37.191
1055.523 35.333
1055.823 31.904
1056.123 32.333
1056.423 30.047
1056.723 25.475
1057.023 28.189
1057.323 27.475
1057.624 26.903
1057.924 11.903
1058.224 4.617
1058.524 -7.669
1058.824 -17.240
1059.124 -29.241
1059.424 -44.527
1059.725 -53.241
1060.025 -38.955
1060.325 -27.099
1060.625 -10.670
1060.925 -12.956
1061.225 -23.242
1061.525 -10.242
1061.826 -1.814
1062.126 -10.528
1062.426 -30.100
1062.726 -41.814
1063.026 -31.386
1063.326 -9.386
1063.626 8.756
1063.927 18.613
1064.227 33.899
1064.527 39.899
1064.827 37.899
1065.127 24.327
1065.427 15.184
1065.727 5.755
1066.028 -1.388
1066.328 -25.531
1066.628 -25.103
1066.928 -14.674
1067.228 -5.103
1067.528 -7.103
1067.828 -26.103
1068.129 -27.389
1068.429 -16.818
1068.729 -23.961
1069.029 -16.961
1069.329 -4.819
1069.629 0.753
1069.929 18.895
1070.230 26.752
1070.530 39.466
1070.830 54.323
1071.130 40.609
1071.430 29.894
1071.730 22.037
1072.030 15.465
1072.331 23.180
1072.631 13.608
1072.931 5.322
1073.231 4.893
1073.531 1.322
1073.831 8.607
1074.131 17.036
1074.432 11.178
1074.732 14.749
1075.032 25.035
1075.332 49.606
1075.632 51.606
1075.932 44.749
1076.232 30.463
1076.533 15.605
1076.833 10.034
1077.133 11.605
1077.433 -0.538
1077.733 -1.824
1078.033 -7.824
1078.333 -4.967
1078.634 -7.110
1078.934 2.747
1079.234 -10.396
1079.534 -17.111
1079.834 -9.825
1080.134 1.889
1080.434 -2.254
1080.735 4.174
1081.035 7.460
1081.335 11.745
1081.635 15.602
1081.935 12.745
1082.235 13.888
1082.535 27.459
1082.836 28.744
1083.136 22.316
1083.436 24.601
1083.736 23.030
1084.036 16.744
1084.336 5.744
1084.636 -9.114
1084.937 -7.257
1085.237 -2.400
1085.537 27.171
1085.837 47.743
1086.137 47.028
1086.437 53.599
1086.737 59.885
1087.038 51.742
1087.338 37.599
1087.638 -2.116
1087.938 -19.830
1088.238 -27.402
1088.538 -39.116
1088.838 -41.973
1089.139 -19.402
1089.439 -2.402
1089.739 -4.688
1090.039 -13.688
1090.339 -4.546
1090.639 -2.117
1090.939 1.025
1091.240 2.597
1091.540 -1.118
1091.840 9.025
1092.140 14.453
1092.453 22.310
1092.766 40.453
1093.079 46.738
1093.392 22.881
1093.705 18.309
1094.018 24.881
1094.330 24.452
1094.643 26.595
1094.956 30.166
1095.269 30.451
1095.582 34.308
1095.895 30.022
1096.208 29.022
1096.521 28.165
1096.834 13.879
1097.147 -1.693
1097.460 -9.264
1097.773 -11.121
1098.085 -8.264
1098.398 -19.408
1098.711 -10.551
1099.024 6.306
1099.337 -7.408
1099.650 -20.265
1099.963 -15.980
1100.276 -9.551
1100.589 -0.409
1100.902 -10.123
1101.215 -15.552
1101.528 -13.552
1101.841 -12.552
1102.153 -10.695
1102.466 -9.553
1102.779 -1.981
1103.092 -2.982
1103.405 -12.839
1103.718 -3.553
1104.031 7.447
1104.344 7.018
1104.657 -14.554
1104.970 -40.268
1105.283 -45.554
1105.596 -38.840
1105.909 -27.126
1106.221 -20.698
1106.534 -20.698
1106.847 -9.269
1107.160 7.016
1107.473 10.730
1107.786 4.587
1108.099 -9.841
1108.412 -25.413
1108.725 -27.270
1109.038 -27.699
1109.351 -26.842
1109.664 -27.414
1109.977 -27.700
1110.289 -23.414
1110.602 -9.271
1110.915 1.871
1111.228 14.300
1111.541 19.014
1111.854 33.871
1112.167 47.014
1112.480 51.728
1112.793 48.156
1113.106 35.156
1113.419 28.870
1113.732 33.156
1114.044 23.441
1114.357 10.298
1114.670 2.298
1114.983 -8.988
1115.296 -1.988
1115.609 7.297
1115.922 7.297
1116.235 10.440
1116.548 15.583
1116.861 21.582
1117.174 27.725
1117.487 14.582
1117.800 -1.561
1118.112 -14.418
1118.425 -17.704
1118.738 -13.276
1119.051 -3.133
1119.364 7.438
1119.677 12.581
1119.990 14.009
1120.303 19.009
1120.616 18.866
1120.929 3.437
1121.242 -2.848
1121.555 4.151
1121.868 19.866
1122.180 26.865
1122.493 29.008
1122.806 21.865
1123.119 29.865
1123.432 30.865
1123.745 16.150
1124.058 -6.993
1124.371 -12.279
1124.684 -14.850
1124.997 -1.136
1125.310 -0.422
1125.623 0.435
1125.935 0.721
1126.248 5.578
1126.561 11.720
1126.874 17.434
1127.187 15.720
1127.500 20.863
1127.813 11.148
1128.126 10.434
1128.439 18.148
1128.752 9.576
1129.065 6.147
1129.378 2.004
1129.691 -15.139
1130.003 -9.282
1130.316 -3.282
1130.629 -6.996
1130.942 -3.996
1131.255 -13.425
1131.568 -14.711
1131.881 4.289
1132.194 -0.997
1132.507 -4.140
1132.820 -8.854
1133.133 -10.140
1133.446 5.717
1133.759 19.288
1134.071 20.716
1134.384 33.430
1134.697 38.145
1135.010 46.716
1135.323 61.859
1135.636 59.716
1135.949 54.573
1136.262 59.572
1136.575 52.572
1136.888 48.429
1137.201 55.143
1137.514 39.715
1137.826 31.286
1138.139 21.286
1138.452 11.286
1138.765 -1.715
1139.078 0.857
1139.391 -9.143
1139.704 -19.429
1140.017 -23.144
1140.330 -19.573
1140.643 -25.573
1140.956 -21.859
1141.269 -35.144
1141.582 -41.287
1141.894 -24.430
1142.207 -19.716
1142.520 -25.716
1142.833 -20.574
1143.146 -6.860
1143.459 5.997
1143.772 14.854
1144.085 11.140
1144.398 9.854
1144.711 14.997
1145.024 22.854
1145.337 18.425
1145.650 17.996
1145.962 12.425
1146.275 0.425
1146.588 0.710
1146.901 -0.290
1147.214 -18.290
1147.527 -28.290
1147.840 -34.862
1148.153 -31.291
1148.466 -15.434
1148.779 -20.005
1149.092 -31.291
1149.405 -32.148
1149.718 -31.434
1150.030 -33.434
1150.343 -43.149
1150.656 -56.149
1150.969 -52.149
1151.282 -34.578
1151.595 -18.435
1151.908 -2.578
1152.221 9.850
1152.534 16.850
1152.847 19.564
1153.160 25.707
1153.473 20.278
1153.785 10.707
1154.098 -12.151
1154.411 -27.722
1154.724 -26.865
1155.037 -24.723
1155.350 -33.151
1155.663 -35.151
1155.976 -32.009
1156.289 -23.866
1156.602 -23.438
1156.915 -25.009
1157.228 -31.581
1157.541 -35.152
1157.853 -26.152
1158.166 -20.295
1158.479 -20.867
1158.792 -19.724
1159.105 -20.296
1159.418 -8.296
1159.731 -7.582
1160.044 -13.725
1160.357 -18.297
1160.670 -15.440
1160.983 -9.583
1161.296 -7.297
1161.609 -24.154
1161.921 -30.012
1162.234 -34.726
1162.547 -29.155
1162.860 -24.726
1163.173 -28.584
1163.486 -32.298
1163.799 -16.155
1164.112 -0.298
1164.425 9.416
1164.738 4.701
1165.051 -9.156
1165.364 -3.727
1165.676 3.130
1165.989 2.272
1166.302 -6.442
1166.615 -10.728
1166.928 -10.442
1167.241 -5.014
1167.554 -2.014
1167.867 -4.300
1168.180 -17.157
1168.493 -17.872
1168.806 -16.872
1169.119 -7.158
1169.432 7.985
1169.744 5.128
1170.057 4.985
1170.370 13.699
1170.683 14.413
1170.996 9.413
1171.309 -1.302
1171.622 -16.159
1171.935 -17.159
1172.248 -23.016
1172.561 -22.302
1172.874 -16.588
1173.187 -18.017
1173.500 -13.588
1173.812 -0.303
1174.125 4.126
1174.438 26.697
1174.751 44.268
1175.064 45.125
1175.377 54.696
1175.690 62.268
1176.003 61.410
1176.316 58.839
1176.629 41.553
1176.942 31.553
1177.255 31.553
1177.567 36.124
1177.880 35.124
1178.193 37.409
1178.506 37.552
1178.819 40.552
1179.132 33.980
1179.445 28.266
1179.758 19.694
1180.071 17.123
1180.384 10.694
1180.697 21.837
1181.010 31.122
1181.323 34.408
1181.635 36.551
1181.948 33.265
1182.261 13.693
1182.574 8.693
1182.887 -5.450
1183.200 -13.164
1183.513 -8.450
1183.826 -19.593
1184.139 -28.879
1184.452 -20.593
1184.765 -31.879
1185.078 -34.594
1185.391 -39.737
1185.703 -51.165
1186.016 -54.737
1186.329 -50.451
1186.642 -43.880
1186.955 -26.452
1187.268 -14.023
1187.581 -14.023
1187.894 -16.452
1188.207 -11.595
1188.520 -10.738
1188.833 -10.738
1189.146 -18.595
1189.459 -22.881
1189.771 -19.596
1190.084 -17.596
1190.397 -7.453
1190.710 -13.168
1191.023 -18.882
1191.336 -5.882
1191.649 -17.739
1191.962 -23.311
1192.275 -25.597
1192.588 -29.740
1192.901 -15.740
1193.214 -9.740
1193.526 -18.740
1193.839 -19.597
1194.152 -18.455
1194.465 -4.312
1194.778 -1.455
1195.091 -8.598
1195.404 -11.455
1195.717 -2.741
1196.030 18.687
1196.343 28.259
1196.656 9.401
1196.969 -2.599
1197.282 -2.313
1197.594 -13.171
1197.907 -30.599
1198.220 -41.457
1198.533 -39.171
1198.846 -30.028
1199.159 -21.028
1199.472 -20.314
1199.785 -18.457
1200.098 -23.172
1200.411 -33.029
1200.724 -41.315
1201.037 -34.029
1201.350 -13.744
1201.662 5.256
1201.975 16.090
1202.288 38.256
1202.601 62.256
