165.028 26.267
165.288 10.835
165.547 -6.363
165.807 -16.893
166.067 -22.423
166.327 -29.619
166.587 -23.815
166.847 -2.343
167.107 27.464
167.367 56.270
167.627 55.078
167.886 20.886
168.146 2.694
168.406 15.170
168.666 32.313
168.926 27.124
169.186 15.268
169.446 15.079
169.706 16.225
169.966 23.371
170.225 16.851
170.485 2.332
170.745 2.146
171.005 17.295
171.265 31.444
171.525 29.593
171.785 36.076
172.045 42.227
172.305 40.711
172.564 28.530
172.824 15.015
173.084 7.501
173.344 0.987
173.604 3.808
173.864 -6.372
174.124 -5.884
174.384 11.605
174.644 40.094
174.903 66.916
175.163 75.739
175.423 67.230
175.683 47.720
175.943 24.212
176.203 12.703
176.463 11.862
176.723 14.021
176.983 23.847
177.242 45.007
177.502 71.167
177.762 74.662
178.022 49.489
178.282 16.984
178.542 6.146
178.802 10.642
179.062 19.471
179.322 19.301
179.581 24.464
179.841 37.961
180.101 39.792
180.361 43.957
180.621 35.455
180.881 36.953
181.141 26.785
181.401 5.618
181.661 17.117
181.920 35.617
182.180 54.450
182.440 33.617
182.700 -4.549
182.960 -24.715
183.220 -9.547
183.480 36.621
183.740 71.456
184.000 55.958
184.259 28.127
184.519 20.630
184.779 37.466
185.039 52.636
185.299 47.139
185.559 41.309
185.819 40.146
186.079 36.650
186.339 38.821
186.598 33.992
186.858 22.163
187.118 19.668
187.378 8.506
187.638 13.012
187.898 17.184
188.158 39.022
188.418 47.528
188.678 37.367
188.937 24.540
189.197 32.713
189.457 50.553
189.717 48.059
189.977 28.899
190.237 16.740
190.497 29.247
190.757 49.420
191.017 36.594
191.276 21.768
191.536 11.609
191.796 19.117
192.056 32.624
192.316 35.466
192.576 31.640
192.836 13.148
193.096 11.656
193.356 24.165
193.616 40.673
193.875 41.181
194.135 26.356
194.395 17.198
194.655 14.373
194.915 21.549
195.175 27.724
195.435 9.566
195.695 -17.592
195.955 -22.083
196.214 11.759
196.474 52.268
196.734 56.111
196.994 50.286
197.254 21.795
197.514 7.638
197.774 -9.520
198.034 13.989
198.294 38.832
198.553 59.674
198.813 54.517
199.073 46.692
199.333 47.201
199.593 54.710
199.853 59.219
200.113 58.395
200.373 46.238
200.633 37.080
200.892 24.922
201.152 35.764
201.412 58.273
201.672 89.782
201.932 115.958
202.192 115.133
202.452 76.975
202.712 44.151
202.972 30.326
203.231 53.168
203.491 68.676
203.751 70.185
204.011 66.026
204.271 51.201
204.531 26.043
204.791 15.218
205.051 30.726
205.311 44.234
205.570 39.408
205.830 22.249
206.090 32.090
206.350 44.265
206.610 45.105
206.870 43.613
207.130 46.787
207.390 58.627
207.650 55.134
207.909 53.308
208.169 44.148
208.429 29.321
208.689 29.495
208.949 49.668
209.209 56.508
209.469 49.680
209.729 32.853
209.989 42.692
210.248 53.198
210.508 53.370
210.768 56.543
211.028 51.048
211.288 49.553
211.548 57.392
211.808 74.563
212.068 93.068
212.328 86.239
212.587 81.077
212.847 88.914
213.107 84.752
213.367 58.256
213.627 32.426
213.887 31.263
214.147 58.767
214.407 64.936
214.667 69.106
214.926 45.609
215.186 44.112
215.446 35.948
215.706 52.450
215.966 70.952
216.226 83.787
216.486 88.622
216.746 67.790
217.006 40.292
217.265 22.460
217.525 28.627
217.785 51.128
218.045 60.628
218.305 49.129
218.565 43.629
218.825 51.129
219.085 44.628
219.345 34.461
219.604 32.627
219.864 55.459
220.124 74.625
220.384 74.790
220.644 70.955
220.904 70.453
221.164 60.618
221.424 64.782
221.684 65.280
221.943 70.777
222.203 56.941
222.463 47.771
222.723 48.601
222.983 66.430
223.243 62.926
223.503 43.422
223.763 22.918
224.023 35.080
224.282 49.908
224.542 57.736
224.802 57.564
225.062 66.058
225.322 76.886
225.582 84.713
225.842 89.207
226.102 89.033
226.362 95.526
226.621 85.019
226.881 73.512
227.141 63.671
227.401 61.496
227.661 72.988
227.921 60.146
228.181 60.304
228.441 71.128
228.701 96.286
228.960 106.110
229.220 88.600
229.480 78.757
229.740 81.913
230.000 82.069
230.260 73.558
230.520 65.380
230.780 76.869
231.040 87.024
231.299 73.179
231.559 52.333
231.819 39.154
232.079 47.975
232.339 58.462
232.599 75.948
232.859 93.101
233.119 88.588
233.379 83.073
233.638 84.892
233.898 115.711
234.158 112.863
234.418 77.014
234.678 33.165
234.938 22.983
235.198 44.800
235.458 66.950
235.718 67.100
235.978 69.917
236.237 64.066
236.497 63.548
236.757 59.031
237.017 58.846
237.277 71.661
237.537 77.142
237.797 81.956
238.057 72.104
238.317 64.584
238.576 67.064
238.836 75.211
239.096 80.024
239.356 76.170
239.616 63.649
239.876 60.128
240.136 68.606
240.396 97.751
240.656 106.562
240.915 95.706
241.175 81.850
241.435 71.660
241.695 82.137
241.955 79.613
242.215 98.756
242.475 100.898
242.735 94.041
242.995 76.849
243.254 72.991
243.514 70.465
243.774 64.273
244.034 63.080
244.294 68.221
244.554 86.361
244.814 84.834
245.074 84.307
245.334 74.446
245.593 67.918
245.853 70.723
246.113 80.528
246.373 84.666
246.633 86.137
246.893 91.941
247.153 103.412
247.413 114.882
247.673 118.352
247.932 115.488
248.192 115.957
248.452 94.093
248.712 62.561
248.972 57.696
249.232 74.831
249.492 96.966
249.752 94.100
250.012 74.900
250.271 72.700
250.531 77.834
250.791 98.300
251.051 113.099
251.311 90.565
251.571 74.030
251.831 65.829
252.091 79.293
252.351 83.758
252.610 79.555
252.870 71.353
253.130 62.483
253.390 66.613
253.650 73.076
253.911 88.872
254.172 88.668
254.433 79.463
254.694 70.258
254.955 62.720
255.216 71.514
255.477 64.975
255.738 66.436
255.999 73.563
256.261 78.023
256.522 75.816
256.783 48.275
257.044 35.068
257.305 47.193
257.566 81.319
257.827 102.444
258.088 91.902
258.349 89.359
258.610 87.150
258.871 84.274
259.132 62.397
259.393 40.854
259.654 38.310
259.915 42.766
260.176 56.555
260.437 70.010
260.698 76.466
260.959 75.587
261.221 73.708
261.482 85.829
261.743 102.616
262.004 109.737
262.265 111.857
262.526 103.643
262.787 95.762
263.048 98.882
263.309 111.667
263.570 116.786
263.831 109.571
264.092 99.355
264.353 106.140
264.614 118.257
264.875 118.708
265.136 108.491
265.397 107.274
265.658 118.391
265.919 112.173
266.181 70.622
266.442 54.071
266.703 67.520
266.964 91.968
267.225 101.416
267.486 97.197
267.747 94.644
268.008 94.758
268.269 100.871
268.530 111.318
268.791 100.431
269.052 75.210
269.313 67.323
269.574 70.435
269.835 75.547
270.096 67.325
270.357 73.103
270.618 88.214
270.879 98.658
271.141 92.435
271.402 88.212
271.663 85.322
271.924 78.764
272.185 80.874
272.446 82.650
272.707 89.425
272.968 89.534
273.229 95.308
273.490 81.416
273.751 78.191
274.012 64.965
274.273 68.739
274.534 65.512
274.795 68.286
275.056 61.392
275.317 48.498
275.578 48.604
275.839 59.043
276.101 49.148
276.362 31.920
276.623 54.358
276.884 98.796
277.145 118.567
277.406 93.671
277.667 76.441
277.928 94.545
278.189 110.981
278.450 107.084
278.711 73.853
278.972 43.289
279.233 50.725
279.494 77.493
279.755 119.595
280.016 129.363
280.277 127.797
280.538 108.898
280.799 90.666
281.061 72.099
281.322 66.866
281.583 57.299
281.844 48.066
282.105 52.832
282.366 69.597
282.627 108.029
282.888 124.795
283.149 121.226
283.410 102.324
283.671 74.756
283.932 57.520
284.193 61.951
284.454 74.381
284.715 85.478
284.976 78.574
285.237 82.004
285.498 93.100
285.759 87.863
286.021 83.958
286.282 86.387
286.543 84.815
286.804 91.910
287.065 107.338
287.326 116.433
287.587 111.860
287.848 92.621
288.109 103.381
288.370 101.474
288.631 87.901
288.892 64.994
289.153 52.420
289.414 76.512
289.675 113.604
289.936 143.030
290.197 131.455
290.458 98.213
290.719 78.971
290.981 86.062
291.242 97.486
291.503 89.577
291.764 73.000
292.025 69.424
292.286 88.514
292.547 98.270
292.808 99.693
293.069 87.782
293.330 87.871
293.591 84.293
293.852 70.381
294.113 59.470
294.374 67.558
294.635 82.979
294.896 92.733
295.157 90.820
295.418 94.574
295.679 91.328
295.941 83.081
296.202 78.501
296.463 84.920
296.724 94.673
296.985 99.759
297.246 97.178
297.507 113.263
297.768 138.348
298.029 156.766
298.290 147.184
298.551 132.602
298.812 103.686
299.073 85.770
299.334 91.188
299.595 118.271
299.856 139.021
300.117 134.438
300.378 131.854
300.639 123.603
300.901 105.353
301.162 86.435
301.423 78.184
301.684 77.932
301.945 67.347
302.206 56.762
302.467 48.176
302.728 69.924
302.989 96.005
303.250 122.752
303.511 137.499
303.772 125.579
304.033 98.659
304.294 76.072
304.555 79.819
304.816 105.565
305.077 112.311
305.338 118.389
305.599 122.802
305.861 121.213
306.122 104.292
306.383 79.037
306.644 62.448
306.905 74.526
307.166 92.270
307.427 103.680
307.688 99.091
307.949 90.501
308.210 74.578
308.471 50.988
308.732 36.731
308.993 57.473
309.254 82.216
309.515 112.625
309.776 113.034
310.037 91.443
310.298 58.518
310.559 48.593
310.821 77.668
311.082 94.075
311.343 85.150
311.604 56.891
311.865 47.631
312.126 70.372
312.387 92.112
312.648 102.185
312.909 104.925
313.170 108.998
313.434 105.405
313.698 93.477
313.963 85.216
314.227 85.289
314.491 93.361
314.755 98.433
315.019 100.504
315.284 100.243
315.548 97.647
315.812 105.385
316.076 107.123
316.340 107.527
316.604 121.264
316.869 127.001
317.133 141.071
317.397 150.142
317.661 150.211
317.925 129.948
318.190 103.684
318.454 93.753
318.718 94.822
318.982 94.558
319.246 109.960
319.511 130.029
319.775 143.764
320.039 134.166
320.303 125.900
320.567 106.635
320.832 79.369
321.096 62.437
321.360 60.504
321.624 77.238
321.888 80.305
322.153 87.039
322.417 88.106
322.681 98.506
322.945 94.239
323.209 93.638
323.473 75.371
323.738 74.103
324.002 85.502
324.266 102.901
324.530 109.300
324.794 106.365
325.059 102.097
325.323 97.495
325.587 80.893
325.851 99.958
326.115 110.355
326.380 120.086
326.644 110.484
326.908 110.881
327.172 110.611
327.436 122.341
327.701 122.738
327.965 120.135
328.229 99.531
328.493 94.594
328.757 99.657
329.022 103.719
329.286 112.115
329.550 119.177
329.814 130.573
330.078 125.635
330.342 117.030
330.607 105.425
330.871 104.486
331.135 109.547
331.399 113.275
331.663 115.669
331.928 114.397
332.192 108.458
332.456 98.518
332.720 97.579
332.984 98.305
333.249 114.032
333.513 110.759
333.777 104.819
334.041 90.878
334.305 77.604
334.570 62.330
334.834 65.056
335.098 106.782
335.362 150.841
335.626 167.566
335.891 150.625
336.155 110.350
336.419 75.075
336.683 72.799
336.947 93.191
337.211 109.915
337.476 104.639
337.740 105.364
338.004 112.421
338.268 102.145
338.532 88.202
338.797 102.592
339.061 137.649
339.325 165.372
339.589 149.762
339.853 118.819
340.118 107.208
340.382 122.598
340.646 135.987
340.910 134.376
341.174 113.098
341.439 114.487
341.703 130.543
341.967 150.931
342.231 139.653
342.495 127.041
342.759 110.096
343.024 106.817
343.288 97.205
343.552 82.593
343.816 71.314
344.080 67.035
344.345 71.755
344.609 90.476
344.873 111.863
345.137 136.917
345.401 133.637
345.666 131.024
345.930 112.410
346.194 92.130
346.458 72.849
346.722 88.569
346.987 117.288
347.251 115.007
347.515 99.726
347.779 92.445
348.043 94.831
348.308 82.216
348.572 65.601
348.836 62.987
349.100 71.705
349.364 74.090
349.628 77.808
349.893 93.192
350.157 113.577
350.421 121.294
350.685 115.345
350.949 107.729
351.214 103.447
351.478 91.497
351.742 91.214
352.006 91.264
352.270 100.648
352.535 102.031
352.799 98.414
353.063 77.464
353.327 63.847
353.591 59.230
353.856 65.613
354.120 70.662
354.384 88.711
354.648 105.427
354.912 103.142
355.177 86.191
355.441 77.239
355.705 75.955
355.969 78.336
356.233 81.385
356.497 80.433
356.762 75.148
357.026 77.862
357.290 95.910
357.554 108.291
357.818 94.005
358.083 78.053
358.347 75.433
358.611 83.147
358.875 87.194
359.139 80.575
359.404 84.288
359.668 105.668
359.932 113.715
360.196 100.428
360.460 66.808
360.725 63.854
360.989 78.900
361.253 105.613
361.517 124.659
361.781 133.372
362.046 126.417
362.310 115.130
362.574 124.509
362.838 131.221
363.102 130.599
363.366 111.311
363.631 89.023
363.895 83.401
364.159 102.113
364.423 135.491
364.687 143.535
364.952 133.247
365.216 117.624
365.480 106.669
365.747 101.713
366.013 98.090
366.280 103.801
366.546 94.512
366.813 86.555
367.079 93.932
367.346 116.309
367.612 137.019
367.879 138.729
368.145 121.773
368.412 102.149
368.678 89.859
368.945 95.902
369.211 105.945
369.478 113.654
369.744 111.697
370.011 113.739
370.278 120.782
370.544 122.491
370.811 108.199
371.077 87.575
371.344 63.950
371.610 70.659
371.877 78.367
372.143 107.742
372.410 133.451
372.676 157.826
372.943 150.867
373.209 124.908
373.476 110.616
373.742 118.991
374.009 118.365
374.276 113.073
374.542 103.113
374.809 107.154
375.075 98.861
375.342 98.235
375.608 97.609
375.875 114.983
376.141 107.356
376.408 98.396
376.674 84.103
376.941 93.810
377.207 121.850
377.474 150.556
377.740 156.596
378.007 143.302
378.273 124.008
378.540 108.381
378.807 88.754
379.073 82.126
379.340 96.832
379.606 115.538
379.873 125.576
380.139 126.615
380.406 120.987
380.672 107.693
380.939 89.398
381.205 75.103
381.472 73.475
381.738 102.846
382.005 136.551
382.271 158.256
382.538 157.961
382.804 151.332
383.071 144.703
383.338 141.074
383.604 152.445
383.871 149.816
384.137 131.854
384.404 93.891
384.670 79.595
384.937 91.632
385.203 116.669
385.470 136.373
385.736 131.743
386.003 119.114
386.269 107.484
386.536 109.187
386.802 114.890
387.069 126.260
387.336 147.630
387.602 147.333
387.869 119.036
388.135 72.405
388.402 67.775
388.668 93.478
388.935 115.847
389.201 117.216
389.468 120.252
389.734 130.288
390.001 136.323
390.267 137.359
390.534 140.061
390.800 139.429
391.067 132.798
391.333 125.500
391.600 141.535
391.867 146.237
392.133 128.272
392.400 107.973
392.666 104.008
392.933 118.376
393.199 113.077
393.466 103.779
393.732 109.146
393.999 118.514
394.265 120.882
394.532 118.916
394.798 120.617
395.065 121.984
395.331 109.685
395.598 112.719
395.864 114.419
396.131 127.453
396.398 129.153
396.664 150.187
396.931 184.221
397.197 201.254
397.464 213.954
397.730 201.654
397.997 191.687
398.263 173.720
398.530 175.420
398.796 201.786
399.063 221.153
399.329 244.519
399.596 259.218
399.862 292.251
400.129 317.617
400.396 313.649
400.662 298.682
400.929 277.714
401.195 290.747
401.462 296.779
401.728 303.144
401.995 295.843
402.261 293.875
402.528 301.907
402.794 325.939
403.061 354.638
403.327 355.669
403.594 335.034
403.860 299.733
404.127 288.097
404.393 299.462
404.660 332.160
404.931 332.192
405.202 303.223
405.473 286.921
405.745 314.952
406.016 341.983
406.287 344.347
406.558 341.711
406.829 350.076
407.100 384.773
407.371 417.470
407.642 446.501
407.914 446.532
408.185 426.562
408.456 404.259
408.727 386.956
408.998 395.986
409.269 430.683
409.540 433.047
409.811 411.077
410.083 389.107
410.354 388.803
410.625 398.167
410.896 404.863
411.167 426.226
411.438 423.923
411.709 416.952
411.981 392.648
412.252 369.344
412.523 349.374
412.794 329.070
413.065 317.099
413.336 311.128
413.607 309.824
413.878 298.520
414.150 252.882
414.421 220.245
414.692 208.273
414.963 209.969
415.234 201.664
415.505 194.026
415.776 190.055
416.047 185.417
416.319 173.112
416.590 145.807
416.861 128.502
417.132 133.197
417.403 148.559
417.674 149.254
417.945 123.282
418.217 116.977
418.488 121.338
418.759 127.033
419.030 115.727
419.301 114.422
419.572 127.116
419.843 129.477
420.114 124.838
420.386 130.199
420.657 146.560
420.928 150.921
421.199 130.948
421.470 107.642
421.741 87.669
422.012 83.030
422.283 93.724
422.555 112.751
422.826 137.778
423.097 148.138
423.368 141.832
423.639 134.859
423.910 120.886
424.181 110.246
424.453 111.939
424.724 132.299
424.995 148.992
425.266 139.352
425.537 131.045
425.808 130.072
426.079 134.765
426.350 121.458
426.622 129.151
426.893 138.843
427.164 144.536
427.435 144.229
427.706 139.588
427.977 127.281
428.248 117.973
428.519 107.333
428.791 130.692
429.062 125.718
429.333 111.410
429.604 100.435
429.875 116.128
430.146 136.820
430.417 133.179
430.689 111.204
430.960 99.229
431.231 113.588
431.502 143.280
431.773 159.638
432.044 157.664
432.315 153.022
432.586 159.047
432.858 158.405
433.129 156.430
433.400 156.122
433.671 140.480
433.942 117.838
434.213 99.863
434.484 105.221
434.755 98.912
435.027 92.270
435.298 96.961
435.569 103.652
435.840 101.343
436.116 102.034
436.391 132.059
436.667 156.416
436.942 157.107
437.218 147.798
437.493 149.488
437.769 158.513
438.045 157.870
438.320 149.560
438.596 132.584
438.871 119.608
439.147 95.299
439.422 78.322
439.698 84.013
439.974 97.036
440.249 109.727
440.525 101.083
440.800 113.774
441.076 133.464
441.351 148.820
441.627 154.177
441.903 135.867
442.178 122.890
442.454 123.247
442.729 138.603
443.005 160.960
443.281 159.983
443.556 161.672
443.832 166.362
444.107 162.385
444.383 158.074
444.658 134.097
444.934 137.120
445.210 142.476
445.485 161.165
445.761 159.188
446.036 159.544
446.312 157.566
446.587 148.589
446.863 154.611
447.139 153.300
447.414 169.323
447.690 173.012
447.965 163.034
448.241 153.389
448.516 147.078
448.792 163.100
449.068 176.456
449.343 170.144
449.619 160.166
449.894 149.188
450.170 145.877
450.445 146.232
450.721 147.587
450.997 163.275
451.272 173.964
451.548 170.319
451.823 161.674
452.099 163.362
452.375 174.717
452.650 175.072
452.926 150.093
453.201 155.448
453.477 173.136
453.752 191.490
454.028 194.178
454.304 191.866
454.579 196.221
454.855 179.575
455.130 178.263
455.406 186.951
455.681 193.972
455.957 174.659
456.233 154.013
456.508 153.034
456.784 168.388
457.059 187.743
457.335 181.430
457.610 157.784
457.886 144.138
458.162 142.825
458.437 148.846
458.713 130.866
458.988 120.220
459.264 131.574
459.539 146.594
459.815 158.948
460.091 146.968
460.366 138.322
460.642 129.009
460.917 139.029
461.193 133.383
461.468 115.736
461.744 99.089
462.020 92.443
462.295 114.796
462.571 128.483
462.846 158.503
463.122 169.523
463.397 169.157
463.673 152.466
463.949 142.106
464.224 147.454
464.500 153.518
464.775 146.173
465.051 132.872
465.327 126.803
465.602 136.852
465.878 131.505
466.153 137.896
466.429 150.175
466.704 172.271
466.980 202.674
467.256 233.908
467.531 248.411
467.807 223.876
468.082 181.186
468.358 166.295
468.633 186.508
468.909 203.478
469.185 203.953
469.460 197.491
469.736 193.280
470.011 201.683
470.287 205.805
470.562 206.959
470.838 210.287
471.114 204.395
471.389 195.443
471.665 171.991
471.940 152.918
472.216 148.320
472.491 152.156
472.767 160.051
473.043 162.149
473.318 149.063
473.594 129.589
473.869 118.577
474.145 121.010
474.421 116.959
474.696 117.359
474.972 129.016
475.247 152.491
475.523 170.221
475.798 165.772
476.074 150.176
476.350 132.185
476.625 144.146
476.901 160.458
477.176 173.617
477.452 165.372
477.727 141.899
478.003 134.409
478.279 137.422
478.554 155.108
478.830 163.200
479.105 158.034
479.381 148.765
479.656 133.474
479.932 131.365
480.208 151.475
480.483 178.038
480.759 191.426
481.034 186.666
481.310 193.203
481.585 188.728
481.861 171.113
482.137 149.187
482.412 144.288
482.688 158.184
482.963 160.669
483.239 148.557
483.514 148.077
483.790 165.582
484.066 193.382
484.341 191.243
484.617 167.097
484.892 149.000
485.168 137.265
485.443 120.005
485.719 114.912
485.995 126.702
486.270 134.156
486.546 123.158
486.821 100.593
487.097 105.103
487.373 113.809
487.648 130.426
487.924 132.244
488.199 123.662
488.475 117.988
488.750 117.961
489.026 119.252
489.302 119.269
489.577 115.609
489.853 133.838
490.128 133.449
490.404 136.687
490.679 141.486
490.955 157.103
491.231 155.162
491.506 125.257
491.782 108.367
492.057 105.121
492.333 104.783
492.608 107.734
492.884 115.577
493.160 142.446
493.435 153.001
493.711 154.694
493.986 148.827
494.262 142.633
494.537 141.433
494.813 125.174
495.089 109.563
495.364 92.597
495.640 106.037
495.915 128.750
496.191 145.272
496.467 149.366
496.742 152.500
497.018 151.290
497.293 141.903
497.569 132.515
497.844 143.883
498.120 159.935
498.396 172.338
498.671 184.767
498.947 180.589
499.222 162.811
499.498 147.374
499.773 135.584
500.049 137.719
500.325 138.999
500.600 162.202
500.876 194.198
501.151 237.603
501.427 279.419
501.702 303.707
501.978 304.688
502.254 299.780
502.529 317.116
502.805 339.408
503.080 360.921
503.356 366.342
503.631 362.460
503.907 345.641
504.183 347.929
504.458 356.252
504.734 389.527
505.009 398.314
505.285 403.384
505.560 396.793
505.836 391.072
506.112 382.109
506.387 357.049
506.663 326.601
506.938 297.844
507.214 280.242
507.490 269.296
507.765 267.442
508.041 275.775
508.316 268.566
508.592 248.521
508.867 217.654
509.143 194.058
509.419 176.809
509.694 154.956
509.970 144.737
510.245 150.258
510.521 150.755
510.796 156.672
511.072 153.519
511.348 167.732
511.623 168.484
511.899 163.311
512.174 167.985
512.450 179.139
512.725 168.151
513.001 140.973
513.277 133.819
513.552 149.088
513.828 162.380
514.103 156.694
514.379 156.272
514.654 154.824
514.930 165.712
515.206 179.631
515.481 181.457
515.757 160.090
516.032 158.468
516.308 187.223
516.583 213.980
516.859 223.211
517.135 225.503
517.410 238.992
517.686 240.477
517.961 232.247
518.237 233.563
518.513 258.346
518.788 284.062
519.064 292.935
519.339 291.785
519.615 306.809
519.890 333.857
520.166 370.472
520.442 391.117
520.717 409.434
520.993 408.805
521.268 407.214
521.544 397.229
521.819 392.688
522.095 396.341
522.371 406.978
522.646 407.056
522.922 416.515
523.197 428.706
523.473 440.713
523.748 433.248
524.024 427.838
524.300 425.937
524.575 450.192
524.851 472.693
525.126 481.956
525.402 471.123
525.677 470.498
525.953 482.474
526.229 492.056
526.504 487.607
526.780 483.629
527.055 496.720
527.331 504.703
527.606 523.854
527.882 525.631
528.158 544.201
528.433 542.490
528.709 527.808
528.984 500.296
529.260 499.518
529.535 511.854
529.811 512.983
530.087 498.412
530.362 492.345
530.638 497.168
530.913 490.414
531.189 474.829
531.465 460.025
531.740 460.337
532.016 460.969
532.291 453.022
532.567 426.527
532.842 391.424
533.118 346.729
533.394 309.306
533.669 277.565
533.945 266.095
534.220 270.740
534.496 278.070
534.771 282.564
535.047 270.488
535.323 267.341
535.598 274.278
535.874 279.911
536.149 263.232
536.425 242.562
536.700 227.152
536.976 244.395
537.252 272.871
537.527 305.119
537.803 344.643
538.078 380.813
538.354 416.796
538.629 450.402
538.905 505.075
539.181 573.087
539.456 648.284
539.732 685.673
540.007 703.559
540.283 705.874
540.558 736.023
540.834 790.612
541.110 823.029
541.385 856.635
541.661 884.347
541.936 914.695
542.212 923.591
542.488 923.602
542.763 918.957
543.039 915.305
543.314 897.397
543.590 882.480
543.865 868.890
544.141 854.999
544.417 840.777
544.692 823.906
544.968 814.586
545.243 800.033
545.519 797.333
545.794 789.724
546.070 772.337
546.348 717.676
546.627 688.097
546.905 685.315
547.183 699.677
547.461 704.191
547.740 708.745
548.018 717.694
548.296 710.092
548.575 697.946
548.853 694.647
549.131 701.375
549.409 725.629
549.688 754.838
549.966 797.177
550.244 809.820
550.523 808.977
550.801 808.820
551.079 829.076
551.357 865.126
551.636 888.310
551.914 886.158
552.192 869.091
552.471 877.015
552.749 902.712
553.027 937.664
553.306 946.571
553.584 960.052
553.862 975.467
554.140 976.842
554.419 960.557
554.697 938.389
554.975 936.797
555.254 946.323
555.532 965.260
555.810 981.558
556.088 979.020
556.367 966.394
556.645 943.705
556.923 929.499
557.202 903.326
557.480 873.978
557.758 839.135
558.036 808.612
558.315 782.906
558.593 756.265
558.871 731.617
559.150 694.204
559.428 666.699
559.706 626.906
559.984 600.668
560.263 566.499
560.541 529.522
560.819 490.834
561.098 452.853
561.376 422.749
561.654 382.805
561.932 343.936
562.211 313.083
562.489 277.254
562.767 238.839
563.046 202.606
563.324 204.933
563.602 224.078
563.880 238.803
564.159 235.781
564.437 224.594
564.715 211.168
564.994 197.817
565.272 175.708
565.550 157.803
565.828 151.998
566.107 173.233
566.385 186.039
566.663 173.993
566.942 158.313
567.220 153.627
567.498 156.887
567.776 142.845
568.055 133.880
568.333 141.372
568.611 158.798
568.890 172.172
569.168 166.873
569.446 153.842
569.725 127.821
570.003 109.828
570.281 108.268
570.559 110.921
570.838 124.562
571.116 138.865
571.394 158.017
571.673 145.175
571.951 137.850
572.229 132.133
572.507 128.644
572.786 111.270
573.064 99.688
573.342 102.717
573.621 123.276
573.899 158.874
574.177 203.916
574.455 205.384
574.734 192.162
575.012 176.656
575.290 173.176
575.569 178.265
575.847 184.288
576.125 190.618
576.403 190.097
576.682 184.472
576.960 190.170
577.243 182.750
577.527 179.147
577.810 166.130
578.093 141.931
578.377 123.676
578.660 119.171
578.944 140.365
579.227 149.751
579.510 135.387
579.794 131.485
580.077 139.482
580.360 155.741
580.644 149.270
580.927 133.825
581.210 125.009
581.494 127.714
581.777 150.389
582.061 168.382
582.344 160.173
582.627 134.659
582.911 120.419
583.194 124.457
583.477 122.512
583.761 127.511
584.044 124.897
584.327 112.292
584.611 102.025
584.894 102.367
585.178 117.028
585.461 116.703
585.744 119.418
586.028 130.469
586.311 142.514
586.594 152.523
586.878 147.532
587.161 148.540
587.444 145.216
587.728 143.225
588.011 139.234
588.295 132.867
588.578 123.506
588.861 115.848
589.145 104.263
589.428 89.308
589.711 80.954
589.995 98.552
590.278 117.894
590.562 119.567
590.845 113.208
591.128 115.130
591.412 131.789
591.695 144.772
591.978 143.491
592.262 129.780
592.545 134.113
592.828 161.623
593.112 177.583
593.395 145.602
593.679 119.977
593.962 114.580
594.245 122.854
594.529 103.558
594.812 93.284
595.095 98.850
595.379 122.053
595.662 146.158
595.945 155.055
596.229 149.925
596.512 130.327
596.796 121.986
597.079 139.816
597.362 161.839
597.646 176.314
597.929 171.592
598.212 184.386
598.496 206.660
598.779 221.750
599.062 208.524
599.346 178.869
599.629 156.407
599.913 143.160
600.196 146.354
600.479 141.436
600.763 142.336
601.046 151.202
601.329 164.564
601.613 177.682
601.896 166.111
602.179 143.798
602.463 130.648
602.746 139.825
603.030 171.530
603.313 185.884
603.596 189.373
603.880 170.362
604.163 158.495
604.446 150.608
604.730 156.721
605.013 158.688
605.296 144.330
605.580 141.125
605.863 132.645
606.147 147.344
606.430 163.285
606.713 176.352
606.997 190.332
607.280 175.988
607.563 164.807
607.847 144.966
608.130 161.934
608.414 187.753
608.697 192.005
608.980 179.075
609.264 166.419
609.547 178.833
609.830 186.622
610.114 192.833
610.397 194.408
610.680 192.190
610.964 193.895
611.247 186.247
611.531 175.193
611.814 149.423
612.097 142.184
612.381 153.968
612.664 166.079
612.947 164.501
613.231 154.091
613.514 165.284
613.797 183.022
614.081 196.127
614.364 198.754
614.648 197.779
614.931 203.026
615.214 193.266
615.498 173.392
615.781 156.804
616.064 163.429
616.348 179.903
616.631 179.910
616.914 175.711
617.198 188.855
617.481 203.431
617.765 196.975
618.048 165.215
618.331 145.263
618.615 154.216
618.898 175.348
619.181 190.899
619.465 185.692
619.748 177.249
620.031 161.855
620.315 147.150
620.598 137.067
620.882 153.121
621.165 171.436
621.448 178.834
621.732 163.316
622.015 165.166
622.298 165.004
622.582 168.535
622.865 147.021
623.148 142.854
623.432 129.619
623.715 153.527
623.999 174.101
624.282 204.148
624.565 182.888
624.849 162.012
625.132 153.757
625.415 171.723
625.699 188.598
625.982 177.667
626.265 156.187
626.549 162.996
626.832 175.411
627.116 190.906
627.399 206.222
627.682 210.406
627.966 195.436
628.249 141.238
628.532 134.962
628.816 147.499
629.099 164.384
629.383 166.816
629.666 161.195
629.949 156.866
630.233 160.674
630.516 184.093
630.799 190.301
631.083 177.385
631.366 149.318
631.649 131.980
631.933 133.146
632.216 143.574
632.500 167.212
632.783 173.310
633.066 187.400
633.350 209.261
633.633 220.341
633.916 210.245
634.200 194.300
634.483 200.196
634.766 206.489
635.050 197.177
635.333 171.418
635.617 167.965
635.900 182.788
636.183 204.919
636.467 220.996
636.750 226.146
637.033 236.467
637.317 257.178
637.600 283.117
637.883 288.515
638.167 282.229
638.450 276.018
638.734 308.316
639.017 347.336
639.300 355.983
639.584 349.327
639.867 338.611
640.150 356.391
640.434 376.227
640.717 401.356
641.000 422.120
641.284 438.155
641.567 439.272
641.851 451.885
642.134 467.015
642.417 489.743
642.701 498.326
642.984 495.834
643.267 486.010
643.551 479.918
643.834 491.472
644.117 511.933
644.401 525.372
644.684 557.171
644.968 597.994
645.251 640.376
645.534 663.014
645.818 697.029
646.101 778.926
646.384 881.495
646.668 971.329
646.951 1054.320
647.235 1163.661
647.518 1275.832
647.801 1403.807
648.085 1542.598
648.368 1706.764
648.651 1871.731
648.935 2041.380
649.218 2231.010
649.501 2419.653
649.785 2593.087
650.068 2746.021
650.352 2909.962
650.635 3088.244
650.918 3287.625
651.202 3483.697
651.485 3653.071
651.768 3834.017
652.052 4008.800
652.335 4199.016
652.618 4381.423
652.902 4553.002
653.185 4710.614
653.469 4850.072
653.752 4982.122
654.035 5090.705
654.319 5204.620
654.602 5280.224
654.885 5332.563
655.169 5359.363
655.452 5421.044
655.735 5507.623
656.019 5576.801
656.302 5638.817
656.586 5729.621
656.869 5818.255
657.152 5848.266
657.436 5872.829
657.719 5913.270
658.002 5972.511
658.286 5978.805
658.569 6011.245
658.852 6093.761
659.136 6209.817
659.419 6296.189
659.703 6359.478
659.986 6430.229
660.269 6476.090
660.553 6517.221
660.836 6565.830
661.119 6632.369
661.403 6715.293
661.686 6736.550
661.969 6705.593
662.253 6656.556
662.536 6625.054
662.820 6636.480
663.103 6610.370
663.386 6549.862
663.670 6451.930
663.953 6346.719
664.236 6238.161
664.520 6118.393
664.803 6033.301
665.086 5952.253
665.370 5850.266
665.653 5710.297
665.937 5535.147
666.220 5371.084
666.503 5208.480
666.787 5063.747
667.070 4887.392
667.353 4686.925
667.637 4486.843
667.920 4312.778
668.204 4150.492
668.487 3976.811
668.770 3783.043
669.054 3566.250
669.337 3326.639
669.620 3103.291
669.904 2903.501
670.187 2701.837
670.470 2518.094
670.754 2333.776
671.037 2173.919
671.321 2011.579
671.604 1845.832
671.887 1684.463
672.171 1546.432
672.454 1432.258
672.737 1347.834
673.021 1263.565
673.304 1192.618
673.587 1100.650
673.871 1019.889
674.154 953.819
674.438 919.227
674.721 900.675
675.004 868.762
675.288 828.183
675.571 785.582
675.854 748.359
676.138 707.612
676.421 649.173
676.704 609.867
676.988 603.896
677.271 594.796
677.555 575.913
677.838 562.144
678.121 567.518
678.405 562.881
678.688 530.846
678.971 508.772
679.255 501.884
679.538 486.329
679.821 454.666
680.105 419.542
680.388 395.252
680.672 363.522
680.955 332.938
681.238 308.342
681.522 293.037
681.805 263.290
682.088 247.615
682.372 231.709
682.655 219.344
682.938 200.995
683.222 202.123
683.505 211.250
683.789 214.806
684.072 202.555
684.355 202.138
684.639 194.766
684.922 194.075
685.205 193.733
685.489 206.689
685.772 220.772
686.056 228.597
686.339 221.915
686.622 217.585
686.906 233.084
687.189 275.887
687.472 282.769
687.756 240.673
688.039 184.311
688.322 176.048
688.606 209.457
688.889 224.772
689.173 218.514
689.456 204.602
689.739 208.707
690.023 224.981
690.306 215.463
690.589 208.033
690.873 197.117
691.156 212.667
691.439 221.691
691.723 226.630
692.006 225.862
692.290 228.828
692.573 239.154
692.856 239.266
693.140 221.088
693.423 197.950
693.706 183.319
693.990 193.188
694.273 214.265
694.556 230.816
694.840 229.789
695.123 216.378
695.407 195.118
695.690 191.547
695.973 193.125
696.257 218.448
696.540 232.986
696.830 229.419
697.120 219.672
697.410 216.096
697.699 230.921
697.989 232.902
698.279 225.658
698.569 210.294
698.859 209.728
699.149 227.230
699.439 228.661
699.729 214.569
700.018 196.730
700.308 201.083
700.598 211.344
700.888 217.842
701.178 218.153
701.468 219.632
701.758 200.406
702.048 181.652
702.337 191.457
702.627 222.015
702.917 248.655
703.207 247.071
703.497 230.987
703.787 218.167
704.077 193.245
704.366 180.740
704.656 169.668
704.946 157.075
705.236 154.134
705.526 159.347
705.816 168.240
706.106 163.157
706.396 158.879
706.685 149.410
706.975 142.565
707.265 135.287
707.555 133.226
707.845 138.186
708.135 134.975
708.425 143.803
708.715 150.255
709.004 147.625
709.294 144.855
709.584 147.384
709.874 153.545
710.164 146.725
710.454 122.764
710.744 119.481
711.034 139.343
711.323 151.064
711.613 154.533
711.903 150.218
712.193 154.768
712.483 146.251
712.773 139.606
713.063 160.315
713.352 176.034
713.642 179.984
713.932 161.084
714.222 152.697
714.512 147.825
714.802 143.387
715.092 142.133
715.382 145.816
715.671 166.429
715.961 181.659
716.251 170.929
716.541 150.293
716.831 122.824
717.121 132.166
717.411 149.815
717.701 160.594
717.990 150.316
718.280 125.684
718.570 122.690
718.860 130.336
719.150 136.346
719.440 123.340
719.730 124.571
720.019 141.492
720.309 157.097
720.599 157.559
720.889 159.276
721.179 167.078
721.469 162.382
721.759 145.890
722.049 136.998
722.338 131.643
722.628 134.252
722.918 136.312
723.208 126.738
723.498 104.749
723.788 101.591
724.078 129.002
724.368 143.805
724.657 153.860
724.947 156.493
725.237 171.380
725.527 161.098
725.817 135.427
726.107 116.844
726.397 98.281
726.686 89.903
726.976 95.388
727.266 116.669
727.556 157.033
727.846 179.281
728.136 170.656
728.426 141.654
728.716 126.283
729.005 131.132
729.295 138.003
729.585 134.777
729.875 136.117
730.165 131.876
730.455 121.294
730.745 125.549
731.035 138.637
731.324 133.787
731.614 128.980
731.904 138.328
732.194 161.741
732.484 158.546
732.774 137.533
733.064 127.161
733.354 146.473
733.643 149.155
733.933 132.354
734.223 117.679
734.513 119.352
734.803 130.115
735.093 138.022
735.383 150.114
735.672 171.760
735.962 164.322
736.252 146.538
736.542 128.645
736.832 113.426
737.122 107.913
737.412 106.366
737.702 126.028
737.991 135.637
738.281 133.717
738.571 125.997
738.861 119.482
739.151 127.719
739.441 128.992
739.731 139.541
740.021 149.878
740.310 150.715
740.600 132.657
740.890 114.949
741.180 115.940
741.470 145.288
741.760 171.617
742.050 184.241
742.339 174.799
742.629 169.660
742.919 168.948
743.209 160.709
743.499 138.992
743.789 141.091
744.079 162.856
744.369 175.453
744.658 149.385
744.948 125.727
745.238 119.124
745.528 138.045
745.818 149.662
746.108 157.039
746.398 151.800
746.688 145.565
746.977 119.749
747.267 122.452
747.557 134.760
747.847 146.095
748.137 141.174
748.427 136.975
748.717 136.316
749.006 140.681
749.296 138.975
749.586 143.001
749.876 138.689
750.166 145.773
750.456 145.196
750.746 128.990
751.036 117.409
751.325 133.105
751.615 153.452
751.905 153.215
752.195 139.609
752.485 128.368
752.775 117.407
753.065 119.457
753.355 118.460
753.644 112.880
753.934 108.630
754.224 118.787
754.514 125.113
754.804 121.440
755.094 115.043
755.384 137.782
755.674 173.560
755.963 192.347
756.253 183.324
756.543 156.675
756.833 127.562
757.123 120.631
757.413 123.985
757.703 141.440
757.992 154.453
758.282 153.117
758.572 147.761
758.862 125.710
759.152 102.238
759.442 95.541
759.732 112.966
760.022 134.148
760.311 142.572
760.601 153.358
760.891 168.725
761.181 171.747
761.471 136.231
761.761 112.191
762.051 125.273
762.341 150.453
762.630 169.926
762.920 163.668
763.210 152.259
763.500 128.093
763.793 112.265
764.086 122.289
764.379 125.277
764.671 129.937
764.964 129.605
765.257 137.411
765.550 139.182
765.843 136.598
766.136 132.906
766.429 145.284
766.722 149.888
767.014 136.759
767.307 106.216
767.600 94.563
767.893 112.739
768.186 132.260
768.479 140.664
768.772 140.332
769.064 146.666
769.357 153.391
769.650 161.741
769.943 149.324
770.236 132.527
770.529 105.703
770.822 89.282
771.115 97.397
771.407 123.328
771.700 147.959
771.993 158.053
772.286 175.141
772.579 176.391
772.872 159.200
773.165 129.298
773.457 116.906
773.750 117.959
774.043 119.390
774.336 122.380
774.629 119.020
774.922 117.300
775.215 131.362
775.508 150.368
775.800 154.320
776.093 136.160
776.386 119.771
776.679 132.195
776.972 165.468
777.265 190.583
777.558 191.814
777.850 182.632
778.143 174.252
778.436 162.865
778.729 147.458
779.022 133.000
779.315 124.293
779.608 127.311
779.900 124.300
780.193 130.960
780.486 128.861
780.779 134.091
781.072 133.716
781.365 117.367
781.658 91.355
781.951 71.275
782.243 90.354
782.536 114.120
782.829 128.895
783.122 124.504
783.415 128.477
783.708 132.120
784.001 132.123
784.293 128.073
784.586 147.406
784.879 153.327
785.172 154.332
785.465 145.318
785.758 143.034
786.051 145.951
786.344 150.574
786.636 147.860
786.929 145.995
787.222 133.653
787.515 119.913
787.808 105.754
788.101 113.328
788.394 137.641
788.686 161.341
788.979 166.339
789.272 148.322
789.565 134.247
789.858 110.274
790.151 89.669
790.444 87.418
790.737 94.375
791.029 125.299
791.322 135.493
791.615 151.521
791.908 148.530
792.201 136.901
792.494 125.118
792.787 137.040
793.079 142.652
793.372 149.346
793.665 148.352
793.958 169.334
794.251 179.247
794.544 162.301
794.837 138.708
795.130 130.796
795.422 135.452
795.715 130.837
796.008 120.163
796.301 119.459
796.594 133.006
796.887 146.345
797.180 156.693
797.472 140.127
797.765 126.463
798.058 114.502
798.351 119.491
798.644 129.173
798.937 134.779
799.230 174.663
799.523 197.265
799.815 188.674
800.108 143.148
800.401 107.297
800.694 114.611
800.987 128.994
801.280 138.027
801.573 150.776
801.865 157.387
802.158 152.021
802.451 130.342
802.744 121.696
803.037 117.079
803.330 137.375
803.623 156.340
803.915 162.670
804.208 157.173
804.501 138.676
804.794 138.390
805.087 113.729
805.380 101.386
805.673 114.446
805.966 136.159
806.258 167.715
806.551 164.206
806.844 153.971
807.137 128.539
807.430 110.805
807.723 123.822
808.016 140.667
808.308 158.742
808.601 152.477
808.894 147.164
809.187 142.244
809.480 133.826
809.773 132.775
810.066 129.134
810.359 135.677
810.651 121.327
810.944 113.684
811.237 120.750
811.530 126.545
811.825 111.412
812.119 90.560
812.414 88.206
812.709 104.808
813.003 110.263
813.298 117.133
813.593 116.124
813.887 142.264
814.182 143.710
814.476 146.196
814.771 123.327
815.066 111.858
815.360 113.257
815.655 116.651
815.950 123.131
816.244 128.018
816.539 132.183
816.834 139.452
817.128 149.988
817.423 172.968
817.718 176.632
818.012 159.167
818.307 147.016
818.602 160.418
818.896 168.765
819.191 147.776
819.486 122.575
819.780 128.966
820.075 153.247
820.369 161.734
820.664 149.828
820.959 131.648
821.253 127.210
821.548 136.344
821.843 146.873
822.137 154.045
822.432 142.444
822.727 125.269
823.021 126.823
823.316 137.115
823.611 155.840
823.905 148.507
824.200 148.879
824.495 148.815
824.789 151.324
825.084 145.701
825.379 124.993
825.673 122.374
825.968 133.513
826.262 162.775
826.557 179.551
826.852 176.488
827.146 158.684
827.441 153.380
827.736 152.376
828.030 143.226
828.325 128.013
828.620 123.411
828.914 131.814
829.209 151.569
829.504 170.772
829.798 167.159
830.093 146.181
830.388 131.964
830.682 136.008
830.977 129.109
831.271 102.819
831.566 93.754
831.861 98.615
832.155 115.603
832.450 136.820
832.745 149.759
833.039 147.191
833.334 139.616
833.629 120.571
833.923 119.550
834.218 109.476
834.513 106.414
834.807 97.943
835.102 94.119
835.397 97.009
835.691 92.810
835.986 93.845
836.281 110.329
836.575 128.405
836.870 128.989
837.164 112.948
837.459 115.880
837.754 126.030
838.048 140.164
838.343 140.728
838.638 139.411
838.932 135.497
839.227 121.111
839.522 112.906
839.816 107.120
840.111 99.866
840.406 100.432
840.700 133.064
840.995 167.236
841.290 172.942
841.584 148.007
841.879 120.981
842.174 117.668
842.468 127.150
842.763 155.661
843.057 151.742
843.352 127.784
843.647 110.152
843.941 129.581
844.236 156.181
844.531 171.851
844.825 171.917
845.120 189.259
845.415 182.989
845.709 178.916
846.004 156.381
846.299 156.676
846.593 149.761
846.888 146.145
847.183 134.538
847.477 122.083
847.772 108.825
848.066 113.393
848.361 117.344
848.656 126.302
848.950 120.419
849.245 120.165
849.540 140.121
849.834 154.745
850.129 165.971
850.424 147.799
850.718 139.119
851.013 138.739
851.308 152.468
851.602 170.171
851.897 199.642
852.192 208.675
852.486 203.416
852.781 194.081
853.076 188.667
853.370 184.407
853.665 170.862
853.959 163.812
854.254 179.887
854.549 186.222
854.843 190.449
855.138 185.894
855.433 190.394
855.727 180.027
856.022 163.625
856.317 136.687
856.611 121.023
856.906 124.049
857.201 151.765
857.495 182.160
857.790 188.858
858.085 180.216
858.379 158.338
858.674 141.444
858.969 141.198
859.263 153.728
859.558 151.152
859.852 137.931
860.147 134.241
860.442 150.228
860.736 163.926
861.031 173.307
861.326 174.556
861.620 175.506
861.915 166.641
862.210 147.293
862.504 116.893
862.799 116.816
863.094 132.767
863.388 153.835
863.683 147.430
863.978 145.920
864.272 147.515
864.567 152.776
864.861 151.932
865.156 148.051
865.451 131.303
865.745 118.726
866.040 122.031
866.335 141.686
866.629 144.863
866.924 124.092
867.219 122.356
867.513 130.826
867.808 152.492
868.103 155.404
868.397 158.074
868.692 169.310
868.987 156.873
869.281 131.392
869.576 106.212
869.871 98.240
870.165 104.380
870.460 106.781
870.754 120.176
871.049 136.144
871.344 134.892
871.638 137.856
871.933 142.480
872.228 153.432
872.522 161.573
872.817 167.122
873.112 161.591
873.406 148.416
873.701 123.454
873.996 110.362
874.290 99.144
874.585 105.149
874.880 125.289
875.174 128.028
875.469 120.428
875.764 105.500
876.058 103.659
876.353 98.373
876.647 108.125
876.942 126.210
877.237 137.151
877.531 138.126
877.826 139.363
878.121 138.542
878.415 124.984
878.710 108.929
879.005 105.809
879.299 110.617
879.594 97.875
879.889 75.820
880.183 61.271
880.478 68.269
880.773 95.517
881.067 113.379
881.362 120.868
881.656 122.455
881.951 118.774
882.246 120.402
882.540 120.702
882.835 122.645
883.130 120.248
883.424 124.584
883.719 138.587
884.014 134.127
884.308 118.085
884.603 103.865
884.898 116.838
885.192 129.317
885.487 139.923
885.782 148.706
886.076 151.424
886.371 135.363
886.666 110.373
886.960 100.402
887.255 101.479
887.549 115.101
887.844 138.112
888.139 152.792
888.433 145.708
888.728 125.072
889.023 118.696
889.317 115.350
889.612 113.740
889.907 114.257
890.201 129.819
890.496 133.583
890.791 123.469
891.085 109.556
891.380 106.024
891.675 116.361
891.969 119.824
892.264 115.351
892.559 108.842
892.853 95.969
893.148 89.187
893.442 88.863
893.737 101.153
894.032 112.021
894.326 127.851
894.621 135.823
894.916 130.833
895.210 108.593
895.505 88.088
895.800 90.795
896.094 106.069
896.389 121.949
896.684 137.544
896.978 129.668
897.273 119.363
897.568 114.739
897.862 113.857
898.157 125.715
898.451 123.987
898.746 141.178
899.041 137.675
899.335 123.867
899.630 112.059
899.925 130.957
900.219 162.633
900.514 156.592
900.809 120.339
901.103 99.082
901.398 106.833
901.693 122.068
901.987 119.210
902.282 107.693
902.577 92.543
902.871 92.613
903.166 106.334
903.461 124.568
903.755 126.831
904.050 117.503
904.344 111.972
904.639 103.069
904.934 97.441
905.228 93.728
905.523 98.047
905.818 114.320
906.112 122.474
906.407 111.152
906.702 101.645
906.996 95.210
907.291 101.295
907.586 105.133
907.880 101.560
908.175 104.400
908.470 108.338
908.764 120.234
909.059 120.357
909.354 96.558
909.648 79.018
909.943 88.566
910.237 103.006
910.532 121.734
910.827 129.500
911.121 137.566
911.416 140.444
911.711 125.286
912.005 122.682
912.300 140.558
912.599 169.401
912.898 178.291
913.196 157.753
913.495 147.521
913.794 152.522
914.093 166.908
914.391 160.582
914.690 145.642
914.989 137.099
915.288 125.041
915.586 108.926
915.885 80.124
916.184 76.508
916.483 101.349
916.782 132.718
917.080 146.337
917.379 131.712
917.678 132.637
917.977 134.432
918.275 142.568
918.574 130.157
918.873 126.942
919.172 138.432
919.471 160.513
919.769 169.917
920.068 151.460
920.367 123.762
920.666 104.575
920.964 98.393
921.263 100.814
921.562 107.504
921.861 118.374
922.159 129.871
922.458 133.965
922.757 134.567
923.056 120.026
923.355 112.504
923.653 110.819
923.952 105.083
924.251 106.294
924.550 120.652
924.848 152.564
925.147 174.002
925.446 174.653
925.745 154.702
926.043 132.483
926.342 111.143
926.641 118.782
926.940 136.157
927.239 149.620
927.537 116.994
927.836 99.192
928.135 106.251
928.434 149.574
928.732 160.161
929.031 158.944
929.330 150.460
929.629 143.896
929.927 125.403
930.226 123.206
930.525 137.288
930.824 157.514
931.123 174.340
931.421 157.804
931.720 132.742
932.019 124.192
932.318 129.026
932.616 124.103
932.915 108.148
933.214 116.968
933.513 134.244
933.812 138.733
934.110 133.602
934.409 126.408
934.708 144.459
935.007 148.834
935.305 144.090
935.604 117.464
935.903 107.466
936.202 150.376
936.500 198.588
936.799 225.744
937.098 187.597
937.397 148.926
937.696 113.100
937.994 113.764
938.293 124.843
938.592 154.876
938.891 167.791
939.189 162.952
939.488 151.279
939.787 135.775
940.086 114.154
940.384 104.368
940.683 133.423
940.982 176.270
941.281 225.639
941.580 263.680
941.878 271.222
942.177 258.755
942.476 224.237
942.775 174.028
943.073 162.392
943.372 174.709
943.671 206.345
943.970 206.737
944.268 193.358
944.567 186.447
944.866 183.818
945.165 191.515
945.464 198.374
945.762 207.832
946.061 227.915
946.360 229.984
946.659 210.006
946.957 179.487
947.256 167.830
947.555 180.004
947.854 182.134
948.153 183.340
948.451 156.708
948.750 143.494
949.049 150.231
949.348 178.584
949.646 191.313
949.945 197.617
950.244 179.089
950.543 174.178
950.841 173.031
951.140 165.913
951.439 135.526
951.738 123.847
952.037 157.911
952.335 194.807
952.634 207.128
952.933 196.892
953.232 176.038
953.530 179.396
953.829 170.217
954.128 176.510
954.427 175.228
954.725 165.510
955.024 162.520
955.323 155.056
955.622 157.527
955.921 172.763
956.219 162.662
956.518 170.071
956.817 159.834
957.116 150.531
957.414 127.231
957.713 111.427
958.012 113.616
958.311 135.325
958.610 153.674
958.908 174.816
959.207 175.377
959.506 165.492
959.805 136.835
960.103 125.439
960.402 119.919
960.701 120.722
961.000 109.018
961.298 116.513
961.597 132.225
961.896 168.554
962.195 173.158
962.494 152.607
962.792 127.522
963.091 124.993
963.390 143.728
963.689 160.917
963.987 165.831
964.286 179.032
964.585 171.602
964.884 146.033
965.182 142.769
965.481 160.503
965.780 207.011
966.080 210.886
966.380 192.396
966.680 168.420
966.981 151.594
967.281 153.555
967.581 154.517
967.881 160.915
968.181 146.879
968.481 136.403
968.781 128.147
969.082 120.888
969.382 107.538
969.682 98.234
969.982 110.858
970.282 128.269
970.582 148.013
970.882 163.506
971.183 169.075
971.483 159.506
971.783 145.509
972.083 144.697
972.383 140.040
972.683 141.810
972.983 141.456
973.284 138.281
973.584 132.577
973.884 132.378
974.184 130.358
974.484 109.667
974.784 100.307
975.084 107.710
975.385 129.216
975.685 133.519
975.985 139.297
976.285 153.434
976.585 155.921
976.885 161.811
977.185 151.499
977.486 156.577
977.786 164.986
978.086 166.806
978.386 157.795
978.686 134.884
978.986 134.758
979.286 149.004
979.587 157.339
979.887 163.008
980.187 154.676
980.487 147.011
980.787 136.346
981.087 151.348
981.387 155.350
981.688 147.351
981.988 116.020
982.288 97.021
982.588 98.023
982.888 122.025
983.188 157.026
983.488 169.361
983.789 155.030
984.089 140.698
984.389 125.033
984.689 124.701
984.989 124.370
985.289 131.705
985.589 132.707
985.890 131.708
986.190 127.043
986.490 138.045
986.790 153.047
987.090 168.382
987.390 168.717
987.690 154.718
987.991 133.720
988.291 116.055
988.591 94.723
988.891 96.725
989.191 103.726
989.491 121.728
989.791 121.396
990.092 118.731
990.392 104.733
990.692 110.735
990.992 100.403
991.292 110.405
991.592 107.073
991.892 122.075
992.193 130.743
992.493 115.078
992.793 109.080
993.093 113.081
993.393 141.749
993.693 149.418
993.993 161.419
994.294 171.088
994.594 157.089
994.894 120.424
995.194 89.759
995.494 76.094
995.794 82.096
996.094 103.431
996.395 138.432
996.695 140.101
996.995 106.436
997.295 66.104
997.595 62.105
997.895 82.774
998.195 105.109
998.496 106.777
998.796 120.445
999.096 152.447
999.396 173.115
999.696 177.117
999.996 164.452
1000.296 151.120
1000.597 128.455
1000.897 113.456
1001.197 128.458
1001.497 143.793
1001.797 152.461
1002.097 147.796
1002.397 142.464
1002.698 133.133
1002.998 123.801
1003.298 116.469
1003.598 108.471
1003.898 125.139
1004.198 150.140
1004.498 171.142
1004.799 169.477
1005.099 165.145
1005.399 170.813
1005.699 165.815
1005.999 144.483
1006.299 129.151
1006.599 123.153
1006.900 129.488
1007.200 130.156
1007.500 126.491
1007.800 128.493
1008.100 120.494
1008.400 114.162
1008.700 107.164
1009.001 97.832
1009.301 110.834
1009.601 142.835
1009.901 173.170
1010.201 170.172
1010.501 141.173
1010.801 116.508
1011.102 116.176
1011.402 115.178
1011.702 107.513
1012.002 101.848
1012.302 105.849
1012.602 128.851
1012.902 141.852
1013.203 152.854
1013.503 165.522
1013.803 155.524
1014.103 153.192
1014.403 127.527
1014.703 116.195
1015.003 125.196
1015.304 160.531
1015.604 189.199
1015.904 174.534
1016.204 143.869
1016.504 121.871
1016.804 113.539
1017.104 113.874
1017.405 116.542
1017.705 120.210
1018.005 112.545
1018.305 105.880
1018.605 98.548
1018.905 112.216
1019.205 133.551
1019.506 157.886
1019.806 161.554
1020.106 151.222
1020.406 145.224
1020.706 154.558
1021.006 165.893
1021.306 165.228
1021.607 147.230
1021.907 129.898
1022.207 123.899
1022.507 136.901
1022.807 150.569
1023.107 160.237
1023.407 171.572
1023.708 167.573
1024.008 154.908
1024.308 142.243
1024.608 132.244
1024.908 119.913
1025.208 130.247
1025.508 150.915
1025.809 159.584
1026.109 159.585
1026.409 163.253
1026.709 179.588
1027.009 165.590
1027.309 147.258
1027.609 128.259
1027.910 117.594
1028.210 118.262
1028.510 137.264
1028.810 158.598
1029.110 167.933
1029.410 161.268
1029.710 145.603
1030.011 137.937
1030.311 124.606
1030.611 112.607
1030.911 105.609
1031.211 114.610
1031.511 139.945
1031.811 163.280
1032.112 173.281
1032.412 150.282
1032.712 125.284
1033.012 127.619
1033.312 143.953
1033.612 153.955
1033.912 146.290
1034.212 141.624
1034.513 131.626
1034.813 124.294
1035.113 107.295
1035.413 100.297
1035.713 114.965
1036.013 140.300
1036.313 151.968
1036.614 142.636
1036.914 132.637
1037.214 134.305
1037.514 135.640
1037.814 130.975
1038.114 119.310
1038.414 123.644
1038.715 133.979
1039.015 140.314
1039.315 130.649
1039.615 104.983
1039.915 94.652
1040.215 99.320
1040.515 119.654
1040.816 127.322
1041.116 134.991
1041.416 148.992
1041.716 167.993
1042.016 174.661
1042.316 168.663
1042.616 150.331
1042.917 118.332
1043.217 102.334
1043.517 116.668
1043.817 136.670
1044.117 150.671
1044.417 142.339
1044.717 132.007
1045.018 117.342
1045.318 112.343
1045.618 105.678
1045.918 105.680
1046.218 120.681
1046.518 142.682
1046.818 137.350
1047.119 124.352
1047.419 116.686
1047.719 123.688
1048.019 133.689
1048.319 131.691
1048.619 129.692
1048.919 115.693
1049.220 114.695
1049.520 129.363
1049.820 141.031
1050.120 153.699
1050.420 149.700
1050.720 148.702
1051.020 125.703
1051.321 117.704
1051.621 112.039
1051.921 119.040
1052.221 119.042
1052.521 105.043
1052.821 103.378
1053.121 115.046
1053.422 127.714
1053.722 129.049
1054.022 126.717
1054.322 124.385
1054.622 130.053
1054.922 142.054
1055.222 152.055
1055.523 150.723
1055.823 152.391
1056.123 159.059
1056.423 166.727
1056.723 142.395
1057.023 111.063
1057.323 107.065
1057.624 124.066
1057.924 152.734
1058.224 148.735
1058.524 128.403
1058.824 128.071
1059.124 124.739
1059.424 138.074
1059.725 128.409
1060.025 122.077
1060.325 113.411
1060.625 116.413
1060.925 119.414
1061.225 129.415
1061.525 138.417
1061.826 144.751
1062.126 143.086
1062.426 133.754
1062.726 140.089
1063.026 149.090
1063.326 150.758
1063.626 146.426
1063.927 132.094
1064.227 137.095
1064.527 154.430
1064.827 150.431
1065.127 133.099
1065.427 97.767
1065.727 95.102
1066.028 114.103
1066.328 127.771
1066.628 136.439
1066.928 132.441
1067.228 133.775
1067.528 134.110
1067.828 112.778
1068.129 102.779
1068.429 120.114
1068.729 152.115
1069.029 169.116
1069.329 157.451
1069.629 149.452
1069.929 151.120
1070.230 145.455
1070.530 123.123
1070.830 106.791
1071.130 105.125
1071.430 108.127
1071.730 123.461
1072.030 116.463
1072.331 111.130
1072.631 103.465
1072.931 113.466
1073.231 124.468
1073.531 123.469
1073.831 127.804
1074.131 134.472
1074.432 140.139
1074.732 138.474
1075.032 134.475
1075.332 135.143
1075.632 142.478
1075.932 140.479
1076.232 127.814
1076.533 131.482
1076.833 140.483
1077.133 136.151
1077.433 109.819
1077.733 103.820
1078.033 120.488
1078.333 141.156
1078.634 150.157
1078.934 151.825
1079.234 153.160
1079.534 153.161
1079.834 145.162
1080.134 129.164
1080.434 123.498
1080.735 124.499
1081.035 118.501
1081.335 116.169
1081.635 116.836
1081.935 121.504
1082.235 109.172
1082.535 103.840
1082.836 105.175
1083.136 108.843
1083.436 112.511
1083.736 124.512
1084.036 146.513
1084.336 160.514
1084.636 162.182
1084.937 147.184
1085.237 131.851
1085.537 124.519
1085.837 121.521
1086.137 132.188
1086.437 137.523
1086.737 141.524
1087.038 148.525
1087.338 145.860
1087.638 134.195
1087.938 120.196
1088.238 117.530
1088.538 144.532
1088.838 163.533
1089.139 153.534
1089.439 133.535
1089.739 124.203
1090.039 139.871
1090.339 146.872
1090.639 141.540
1090.939 133.208
1091.240 142.543
1091.540 143.544
1091.840 154.545
1092.140 162.880
1092.453 170.548
1092.766 172.882
1093.079 170.883
1093.392 156.551
1093.705 142.219
1094.018 138.887
1094.330 148.888
1094.643 156.223
1094.956 142.557
1095.269 138.558
1095.582 143.893
1095.895 152.894
1096.208 134.229
1096.521 119.230
1096.834 114.898
1097.147 123.899
1097.460 128.567
1097.773 134.235
1098.085 147.236
1098.398 145.904
1098.711 122.905
1099.024 112.239
1099.337 118.907
1099.650 138.242
1099.963 157.576
1100.276 158.578
1100.589 161.912
1100.902 156.913
1101.215 161.581
1101.528 156.249
1101.841 154.583
1102.153 154.585
1102.466 153.919
1102.779 133.254
1103.092 120.588
1103.405 106.256
1103.718 114.924
1104.031 122.925
1104.344 124.593
1104.657 146.261
1104.970 148.262
1105.283 149.596
1105.596 109.598
1105.909 101.265
1106.221 115.267
1106.534 132.268
1106.847 128.936
1107.160 107.937
1107.473 98.938
1107.786 94.606
1108.099 106.607
1108.412 122.275
1108.725 125.609
1109.038 134.610
1109.351 135.612
1109.664 137.613
1109.977 123.947
1110.289 103.615
1110.602 97.616
1110.915 92.951
1111.228 93.285
1111.541 79.953
1111.854 71.621
1112.167 77.289
1112.480 98.956
1112.793 131.291
1113.106 156.625
1113.419 156.293
1113.732 136.294
1114.044 119.295
1114.357 113.963
1114.670 111.964
1114.983 109.299
1115.296 115.300
1115.609 126.968
1115.922 138.302
1116.235 140.303
1116.548 137.305
1116.861 124.972
1117.174 126.307
1117.487 139.308
1117.800 151.642
1118.112 159.977
1118.425 155.978
1118.738 153.313
1119.051 147.980
1119.364 150.981
1119.677 151.649
1119.990 147.317
1120.303 141.985
1120.616 146.319
1120.929 157.320
1121.242 165.322
1121.555 172.989
1121.868 177.657
1122.180 174.325
1122.493 161.993
1122.806 143.327
1123.119 145.328
1123.432 147.329
1123.745 142.997
1124.058 126.998
1124.371 120.999
1124.684 132.667
1124.997 140.002
1125.310 149.669
1125.623 138.671
1125.935 143.672
1126.248 156.006
1126.561 170.674
1126.874 158.675
1127.187 141.009
1127.500 141.010
1127.813 156.678
1128.126 158.346
1128.439 162.347
1128.752 152.015
1129.065 130.683
1129.378 106.684
1129.691 92.018
1130.003 106.353
1130.316 122.354
1130.629 145.688
1130.942 147.689
1131.255 139.024
1131.568 129.691
1131.881 130.026
1132.194 145.027
1132.507 145.361
1132.820 141.362
1133.133 119.364
1133.446 123.365
1133.759 155.699
1134.071 170.033
1134.384 177.035
1134.697 155.702
1135.010 147.037
1135.323 118.371
1135.636 107.706
1135.949 108.040
1136.262 119.374
1136.575 117.709
1136.888 115.043
1137.201 125.378
1137.514 139.379
1137.826 144.046
1138.139 127.381
1138.452 120.715
1138.765 114.383
1139.078 127.384
1139.391 130.052
1139.704 146.720
1140.017 143.054
1140.330 126.722
1140.643 112.056
1140.956 113.057
1141.269 117.058
1141.582 126.393
1141.894 140.394
1142.207 149.061
1142.520 152.729
1142.833 147.064
1143.146 142.398
1143.459 124.732
1143.772 117.400
1144.085 120.401
1144.398 128.402
1144.711 120.403
1145.024 107.738
1145.337 123.072
1145.650 144.073
1145.962 157.407
1146.275 144.408
1146.588 141.743
1146.901 152.411
1147.214 158.078
1147.527 150.746
1147.840 129.747
1148.153 117.081
1148.466 116.082
1148.779 129.417
1149.092 134.085
1149.405 136.086
1149.718 139.087
1150.030 152.088
1150.343 148.755
1150.656 135.423
1150.969 126.757
1151.282 125.759
1151.595 120.093
1151.908 94.761
1152.221 83.095
1152.534 99.429
1152.847 121.764
1153.160 138.431
1153.473 151.432
1153.785 170.433
1154.098 181.434
1154.411 179.769
1154.724 183.437
1155.037 173.771
1155.350 168.772
1155.663 147.773
1155.976 149.441
1156.289 133.442
1156.602 114.443
1156.915 94.777
1157.228 104.445
1157.541 120.112
1157.853 125.113
1158.166 123.114
1158.479 124.115
1158.792 145.783
1159.105 165.118
1159.418 177.119
1159.731 161.453
1160.044 147.454
1160.357 149.122
1160.670 149.123
1160.983 143.790
1161.296 132.125
1161.609 127.792
1161.921 129.127
1162.234 122.794
1162.547 126.795
1162.860 122.796
1163.173 135.131
1163.486 138.798
1163.799 146.133
1164.112 141.134
1164.425 141.801
1164.738 135.469
1165.051 139.803
1165.364 143.804
1165.676 146.472
1165.989 143.473
1166.302 137.807
1166.615 128.142
1166.928 131.143
1167.241 135.810
1167.554 151.145
1167.867 142.479
1168.180 125.813
1168.493 113.814
1168.806 108.149
1169.119 116.483
1169.432 123.151
1169.744 139.485
1170.057 152.486
1170.370 162.154
1170.683 158.821
1170.996 144.489
1171.309 128.823
1171.622 134.824
1171.935 166.159
1172.248 176.826
1172.561 170.161
1172.874 139.495
1173.187 116.829
1173.500 114.163
1173.812 116.164
1174.125 135.165
1174.438 134.500
1174.751 138.167
1175.064 136.168
1175.377 131.503
1175.690 131.837
1176.003 124.838
1176.316 124.172
1176.629 105.840
1176.942 86.508
1177.255 86.508
1177.567 105.509
1177.880 137.844
1178.193 138.845
1178.506 130.512
1178.819 110.847
1179.132 95.514
1179.445 96.515
1179.758 109.516
1180.071 113.851
1180.384 105.851
1180.697 107.519
1181.010 142.187
1181.323 173.521
1181.635 181.189
1181.948 157.190
1182.261 131.191
1182.574 121.858
1182.887 156.193
1183.200 171.860
1183.513 156.861
1183.826 136.195
1184.139 136.196
1184.452 166.864
1184.765 162.532
1185.078 145.866
1185.391 111.867
1185.703 87.868
1186.016 75.202
1186.329 76.536
1186.642 89.871
1186.955 102.538
1187.268 109.206
1187.581 117.873
1187.894 131.874
1188.207 146.209
1188.520 150.543
1188.833 129.211
1189.146 108.545
1189.459 101.212
1189.771 116.547
1190.084 132.548
1190.397 148.882
1190.710 164.883
1191.023 178.884
1191.336 166.551
1191.649 147.886
1191.962 110.553
1192.275 98.221
1192.588 124.888
1192.901 161.889
1193.214 178.890
1193.526 165.891
1193.839 135.226
1194.152 128.226
1194.465 108.894
1194.778 110.562
1195.091 104.563
1195.404 116.564
1195.717 137.898
1196.030 144.899
1196.343 129.900
1196.656 109.234
1196.969 102.901
1197.282 125.236
1197.594 143.903
1197.907 144.571
1198.220 139.239
1198.533 141.573
1198.846 143.240
1199.159 138.241
1199.472 145.242
1199.785 139.576
1200.098 136.577
1200.411 117.912
1200.724 117.579
1201.037 113.580
1201.350 111.248
1201.662 111.249
1201.975 118.250
1202.288 114.917
1202.601 119.251
