165.028 -14.924
165.288 -12.698
165.547 -11.579
165.807 1.541
166.067 2.994
166.327 9.781
166.587 23.236
166.847 31.024
167.107 29.480
167.367 10.270
167.627 -5.940
167.886 -10.149
168.146 19.642
168.406 54.100
168.666 57.559
168.926 23.352
169.186 -9.854
169.446 -15.727
169.706 2.401
169.966 15.862
170.225 16.325
170.485 21.454
170.745 40.584
171.005 61.714
171.265 54.511
171.525 33.309
171.785 11.774
172.045 11.907
172.305 4.039
172.564 -8.494
172.824 -10.694
173.084 1.107
173.344 21.241
173.604 22.043
173.864 19.845
174.124 31.980
174.384 47.783
174.644 71.920
174.903 69.723
175.163 61.527
175.423 34.998
175.683 29.803
175.943 20.609
176.203 31.748
176.463 27.887
176.723 18.027
176.983 7.500
177.242 6.640
177.502 21.781
177.762 11.256
178.022 -4.603
178.282 -23.794
178.542 -24.319
178.802 -14.510
179.062 12.300
179.322 53.776
179.581 67.253
179.841 57.730
180.101 29.874
180.361 22.019
180.621 36.497
180.881 59.308
181.141 70.787
181.401 68.266
181.661 65.078
181.920 59.558
182.180 45.038
182.440 25.184
182.700 19.998
182.960 31.812
183.220 65.292
183.480 83.773
183.740 75.921
184.000 38.069
184.259 14.884
184.519 13.033
184.779 23.182
185.039 25.331
185.299 24.146
185.559 22.629
185.819 29.112
186.079 30.262
186.339 32.079
186.598 23.229
186.858 11.712
187.118 15.196
187.378 33.014
187.638 49.165
187.898 45.316
188.158 24.134
188.418 7.952
188.678 -5.897
188.937 2.255
189.197 11.740
189.457 8.225
189.717 -0.623
189.977 -0.804
190.237 17.682
190.497 18.168
190.757 16.654
191.017 19.473
191.276 32.959
191.536 35.779
191.796 25.265
192.056 14.085
192.316 10.238
192.576 14.391
192.836 13.878
193.096 12.698
193.356 20.518
193.616 20.005
193.875 26.492
194.135 37.980
194.395 48.133
194.655 43.287
194.915 8.108
195.175 -0.405
195.435 -13.584
195.695 -17.430
195.955 -18.276
196.214 9.545
196.474 37.366
196.734 40.520
196.994 30.341
197.254 19.162
197.514 15.649
197.774 4.470
198.034 -8.042
198.294 7.779
198.553 20.600
198.813 23.754
199.073 16.575
199.333 24.063
199.593 37.884
199.853 34.705
200.113 20.193
200.373 8.680
200.633 8.834
200.892 14.989
201.152 15.809
201.412 13.964
201.672 19.118
201.932 49.605
202.192 62.759
202.452 57.247
202.712 35.067
202.972 23.221
203.231 39.375
203.491 53.195
203.751 55.682
204.011 40.503
204.271 10.990
204.531 11.477
204.791 18.963
205.051 41.117
205.311 47.937
205.570 52.757
205.830 53.577
206.090 65.063
206.350 74.883
206.610 77.036
206.870 65.188
207.130 55.675
207.390 67.827
207.650 74.646
207.909 73.466
208.169 69.618
208.429 56.103
208.689 31.922
208.949 14.074
209.209 -1.107
209.469 11.378
209.729 8.863
209.989 18.014
210.248 33.166
210.508 45.317
210.768 56.135
211.028 51.953
211.288 58.770
211.548 69.588
211.808 77.072
212.068 83.889
212.328 82.373
212.587 78.523
212.847 76.006
213.107 71.156
213.367 73.306
213.627 66.456
213.887 62.938
214.147 48.088
214.407 19.904
214.667 9.386
214.926 1.201
215.186 18.017
215.446 26.832
215.706 50.980
215.966 74.462
216.226 76.610
216.486 60.091
216.746 54.572
217.006 58.720
217.265 62.867
217.525 44.014
217.785 29.828
218.045 24.975
218.305 37.454
218.565 76.601
218.825 108.414
219.085 111.227
219.345 80.372
219.604 55.185
219.864 54.664
220.124 53.476
220.384 44.954
220.644 29.766
220.904 36.910
221.164 45.055
221.424 54.866
221.684 54.677
221.943 56.154
222.203 39.297
222.463 31.441
222.723 31.584
222.983 47.727
223.243 50.537
223.503 50.346
223.763 43.155
224.023 49.964
224.282 51.773
224.542 51.248
224.802 43.390
225.062 51.864
225.322 69.005
225.582 83.813
225.842 83.287
226.102 87.428
226.362 76.235
226.621 58.708
226.881 31.181
227.141 15.654
227.401 11.460
227.661 37.266
227.921 57.071
228.181 70.877
228.441 71.349
228.701 76.820
228.960 77.291
229.220 68.096
229.480 66.233
229.740 68.371
230.000 66.841
230.260 66.645
230.520 70.448
230.780 81.918
231.040 83.387
231.299 69.856
231.559 52.325
231.819 42.794
232.079 46.596
232.339 45.064
232.599 57.865
232.859 70.000
233.119 66.467
233.379 56.934
233.638 42.735
233.898 54.201
234.158 42.668
234.418 43.468
234.678 42.600
234.938 29.733
235.198 20.198
235.458 14.330
235.718 26.462
235.978 27.593
236.237 30.725
236.497 44.189
236.757 48.986
237.017 54.450
237.277 57.247
237.537 67.710
237.797 67.506
238.057 50.969
238.317 27.765
238.576 9.227
238.836 25.356
239.096 46.484
239.356 58.946
239.616 64.740
239.876 73.201
240.136 88.995
240.396 94.789
240.656 92.916
240.915 87.043
241.175 73.836
241.435 66.962
241.695 70.088
241.955 71.213
242.215 89.005
242.475 88.464
242.735 94.255
242.995 82.713
243.254 78.837
243.514 51.295
243.774 15.752
244.034 9.875
244.294 39.665
244.554 72.122
244.814 71.578
245.074 62.700
245.334 51.156
245.593 48.611
245.853 55.733
246.113 74.521
246.373 85.309
246.633 90.763
246.893 97.550
247.153 114.670
247.413 114.457
247.673 107.244
247.932 91.030
248.192 87.816
248.452 82.602
248.712 65.721
248.972 57.839
249.232 48.291
249.492 55.409
249.752 69.527
250.012 81.311
250.271 84.095
250.531 71.878
250.791 73.662
251.051 67.111
251.311 48.561
251.571 40.677
251.831 60.126
252.091 89.908
252.351 86.356
252.610 83.471
252.870 78.253
253.130 88.367
253.390 71.481
253.650 57.262
253.911 53.709
254.172 57.155
254.433 49.602
254.694 42.715
254.955 52.494
255.216 68.606
255.477 71.051
255.738 64.163
255.999 59.608
256.261 59.719
256.522 44.497
256.783 18.608
257.044 13.385
257.305 29.162
257.566 49.272
257.827 57.381
258.088 61.824
258.349 72.267
258.610 65.376
258.871 67.151
259.132 57.259
259.393 48.701
259.654 17.809
259.915 5.583
260.176 19.691
260.437 47.464
260.698 63.905
260.959 61.345
261.221 68.451
261.482 71.557
261.743 69.330
262.004 79.435
262.265 96.874
262.526 105.646
262.787 89.084
263.048 77.189
263.309 84.626
263.570 94.731
263.831 86.834
264.092 68.605
264.353 70.708
264.614 77.811
264.875 80.247
265.136 67.350
265.397 73.452
265.658 94.221
265.919 102.656
266.181 80.425
266.442 63.859
266.703 57.294
266.964 67.061
267.225 81.162
267.486 94.596
267.747 106.029
268.008 105.796
268.269 101.562
268.530 100.661
268.791 74.760
269.052 44.859
269.313 30.291
269.574 41.723
269.835 74.488
270.096 87.253
270.357 86.350
270.618 59.781
270.879 44.878
271.141 46.309
271.402 50.739
271.663 44.168
271.924 44.598
272.185 49.694
272.446 63.123
272.707 69.552
272.968 67.981
273.229 49.076
273.490 34.171
273.751 36.598
274.012 65.359
274.273 83.454
274.534 93.547
274.795 95.641
275.056 87.401
275.317 67.161
275.578 46.587
275.839 42.013
276.101 45.106
276.362 38.865
276.623 43.623
276.884 51.715
277.145 61.473
277.406 65.565
277.667 59.322
277.928 70.747
278.189 73.837
278.450 85.928
278.711 85.351
278.972 85.441
279.233 84.197
279.494 78.953
279.755 92.043
280.016 98.132
280.277 99.554
280.538 59.642
280.799 29.397
281.061 24.486
281.322 50.907
281.583 81.328
281.844 88.749
282.105 80.836
282.366 62.589
282.627 73.343
282.888 92.096
283.149 95.182
283.410 78.269
283.671 70.355
283.932 63.440
284.193 56.859
284.454 48.611
284.715 65.029
284.976 87.114
285.237 99.865
285.498 89.283
285.759 84.701
286.021 85.451
286.282 105.535
286.543 114.285
286.804 119.702
287.065 122.118
287.326 95.201
287.587 76.284
287.848 60.033
288.109 72.115
288.370 65.530
288.631 64.279
288.892 72.360
289.153 76.442
289.414 83.190
289.675 90.271
289.936 112.018
290.197 114.099
290.458 79.846
290.719 59.926
290.981 63.672
291.242 84.085
291.503 63.498
291.764 34.911
292.025 30.323
292.286 54.402
292.547 70.148
292.808 71.559
293.069 67.638
293.330 76.049
293.591 82.794
293.852 88.205
294.113 88.282
294.374 102.360
294.635 121.103
294.896 128.847
295.157 118.257
295.418 92.000
295.679 76.076
295.941 72.819
296.202 77.562
296.463 82.971
296.724 89.046
296.985 104.455
297.246 112.197
297.507 105.272
297.768 94.013
298.029 96.421
298.290 97.495
298.551 91.236
298.812 64.310
299.073 48.050
299.334 53.124
299.595 85.197
299.856 117.937
300.117 119.344
300.378 101.083
300.639 80.489
300.901 82.562
301.162 87.634
301.423 103.039
301.684 110.444
301.945 108.849
302.206 103.921
302.467 83.659
302.728 71.397
302.989 49.801
303.250 45.872
303.511 52.609
303.772 73.346
304.033 78.750
304.294 74.820
304.555 80.556
304.816 89.626
305.077 97.029
305.338 88.098
305.599 91.501
305.861 107.570
306.122 113.305
306.383 113.374
306.644 103.109
306.905 103.844
307.166 111.578
307.427 108.980
307.688 86.047
307.949 64.115
308.210 63.515
308.471 77.916
308.732 85.650
308.993 82.383
309.254 78.450
309.515 82.516
309.776 80.916
310.037 74.315
310.298 66.048
310.559 71.447
310.821 87.846
311.082 82.245
311.343 68.644
311.604 42.709
311.865 42.440
312.126 48.505
312.387 52.903
312.648 55.634
312.909 69.032
313.170 93.096
313.434 99.160
313.698 93.557
313.963 83.287
314.227 89.684
314.491 90.748
314.755 97.477
315.019 83.540
315.284 86.603
315.548 86.666
315.812 97.062
316.076 99.124
316.340 99.186
316.604 99.248
316.869 87.977
317.133 88.038
317.397 90.767
317.661 92.495
317.925 77.222
318.190 67.617
318.454 75.344
318.718 82.072
318.982 102.132
319.246 124.526
319.511 126.920
319.775 102.313
320.039 73.706
320.303 77.100
320.567 84.826
320.832 87.552
321.096 74.611
321.360 71.671
321.624 72.730
321.888 81.455
322.153 86.847
322.417 70.573
322.681 66.631
322.945 79.689
323.209 96.747
323.473 84.472
323.738 62.197
324.002 68.921
324.266 84.645
324.530 105.702
324.794 109.760
325.059 110.483
325.323 102.207
325.587 91.597
325.851 107.987
326.115 109.377
326.380 107.100
326.644 83.156
326.908 82.546
327.172 100.602
327.436 113.991
327.701 94.713
327.965 76.102
328.229 66.157
328.493 69.213
328.757 61.268
329.022 70.656
329.286 89.377
329.550 99.432
329.814 101.820
330.078 86.874
330.342 77.262
330.607 66.983
330.871 90.370
331.135 109.757
331.399 118.144
331.663 111.198
331.928 105.251
332.192 100.638
332.456 99.691
332.720 82.744
332.984 76.130
333.249 74.849
333.513 74.569
333.777 75.621
334.041 86.673
334.305 119.059
334.570 130.111
334.834 127.496
335.098 111.882
335.362 106.267
335.626 84.985
335.891 84.703
336.155 88.421
336.419 88.139
336.683 78.523
336.947 82.907
337.211 85.291
337.476 82.675
337.740 55.059
338.004 40.776
338.268 54.160
338.532 73.210
338.797 99.593
339.061 111.310
339.325 132.693
339.589 138.742
339.853 125.125
340.118 98.508
340.382 80.224
340.646 72.606
340.910 71.989
341.174 77.704
341.439 82.420
341.703 85.135
341.967 91.517
342.231 76.565
342.495 75.947
342.759 78.662
343.024 109.376
343.288 120.091
343.552 110.472
343.816 98.853
344.080 92.567
344.345 85.948
344.609 76.995
344.873 90.709
345.137 101.089
345.401 98.470
345.666 91.183
345.930 87.897
346.194 78.277
346.458 54.656
346.722 50.036
346.987 83.749
347.251 114.795
347.515 127.508
347.779 109.220
348.043 89.599
348.308 86.312
348.572 88.024
348.836 95.736
349.100 85.448
349.364 78.827
349.628 72.205
349.893 73.250
350.157 73.962
350.421 70.340
350.685 61.384
350.949 49.762
351.214 63.140
351.478 88.184
351.742 115.895
352.006 108.939
352.270 82.317
352.535 54.694
352.799 48.071
353.063 50.781
353.327 58.825
353.591 67.868
353.856 77.245
354.120 83.622
354.384 74.998
354.648 88.375
354.912 87.417
355.177 82.460
355.441 73.170
355.705 74.546
355.969 94.255
356.233 105.964
356.497 111.339
356.762 111.382
357.026 113.090
357.290 122.132
357.554 111.841
357.818 87.216
358.083 64.591
358.347 56.299
358.611 61.341
358.875 55.382
359.139 46.423
359.404 46.131
359.668 66.839
359.932 98.213
360.196 114.587
360.460 127.295
360.725 129.669
360.989 138.043
361.253 126.750
361.517 125.123
361.781 131.830
362.046 137.537
362.310 122.577
362.574 85.284
362.838 65.990
363.102 65.364
363.366 87.403
363.631 98.443
363.895 100.149
364.159 98.855
364.423 105.228
364.687 112.934
364.952 118.306
365.216 107.012
365.480 98.051
365.747 74.089
366.013 68.795
366.280 76.833
366.546 93.205
366.813 102.244
367.079 108.615
367.346 115.320
367.612 116.358
367.879 113.397
368.145 101.768
368.412 94.806
368.678 93.510
368.945 95.881
369.211 106.252
369.478 102.623
369.744 100.660
370.011 92.698
370.278 71.735
370.544 56.106
370.811 58.143
371.077 71.846
371.344 90.883
371.610 96.587
371.877 99.623
372.143 94.660
372.410 98.030
372.676 106.400
372.943 106.436
373.209 89.806
373.476 62.175
373.742 40.878
374.009 38.914
374.276 65.950
374.542 90.319
374.809 86.688
375.075 67.724
375.342 46.093
375.608 54.795
375.875 86.497
376.141 117.199
376.408 112.568
376.674 81.269
376.941 65.638
377.207 101.006
377.474 135.041
377.740 136.076
378.007 119.111
378.273 112.812
378.540 106.847
378.807 95.214
379.073 98.916
379.340 112.950
379.606 111.984
379.873 92.018
380.139 89.719
380.406 90.753
380.672 95.454
380.939 90.821
381.205 72.855
381.472 66.555
381.738 76.255
382.005 95.956
382.271 105.656
382.538 117.022
382.804 120.722
383.071 111.422
383.338 99.122
383.604 112.155
383.871 121.521
384.137 113.554
384.404 105.254
384.670 111.620
384.937 127.319
385.203 123.685
385.470 111.718
385.736 97.417
386.003 86.116
386.269 81.482
386.536 83.847
386.802 100.546
387.069 109.578
387.336 117.943
387.602 118.975
387.869 110.007
388.135 99.706
388.402 86.404
388.668 92.102
388.935 100.134
389.201 114.165
389.468 129.197
389.734 127.228
390.001 119.593
390.267 102.291
390.534 88.655
390.800 90.353
391.067 106.384
391.333 121.748
391.600 127.112
391.867 114.809
392.133 106.840
392.400 78.204
392.666 88.235
392.933 102.265
393.199 111.962
393.466 83.993
393.732 60.356
393.999 71.386
394.265 86.750
394.532 103.780
394.798 112.810
395.065 122.173
395.331 113.870
395.598 101.899
395.864 92.596
396.131 87.292
396.398 94.655
396.664 116.018
396.931 165.381
397.197 185.743
397.464 205.439
397.730 227.802
397.997 251.498
398.263 265.193
398.530 285.223
398.796 316.585
399.063 339.280
399.329 354.976
399.596 376.671
399.862 392.367
400.129 398.729
400.396 375.091
400.662 366.452
400.929 353.148
401.195 367.176
401.462 362.871
401.728 362.899
401.995 363.594
402.261 366.956
402.528 367.317
402.794 388.678
403.061 433.706
403.327 462.067
403.594 454.095
403.860 426.123
404.127 425.484
404.393 446.178
404.660 466.872
404.931 469.233
405.202 472.261
405.473 500.955
405.745 544.649
406.016 571.009
406.287 590.703
406.558 608.730
406.829 636.757
407.100 674.784
407.371 705.145
407.642 722.505
407.914 696.198
408.185 670.559
408.456 670.252
408.727 690.612
408.998 711.638
409.269 715.665
409.540 708.025
409.811 683.385
410.083 673.744
410.354 682.437
410.625 694.797
410.896 684.823
411.167 662.849
411.438 643.208
411.709 641.234
411.981 621.927
412.252 581.953
412.523 551.979
412.794 526.671
413.065 501.697
413.336 456.722
413.607 431.081
413.878 419.774
414.150 381.132
414.421 346.825
414.692 295.183
414.963 272.875
415.234 254.567
415.505 259.926
415.776 251.284
416.047 223.643
416.319 195.668
416.590 165.026
416.861 146.384
417.132 137.409
417.403 153.767
417.674 169.459
417.945 170.150
418.217 148.508
418.488 121.199
418.759 96.224
419.030 94.248
419.301 104.939
419.572 123.964
419.843 115.655
420.114 106.679
420.386 106.370
420.657 117.394
420.928 118.418
421.199 105.109
421.470 87.133
421.741 80.157
422.012 76.847
422.283 95.538
422.555 114.562
422.826 127.919
423.097 138.276
423.368 130.966
423.639 135.323
423.910 124.680
424.181 103.370
424.453 97.060
424.724 128.417
424.995 160.107
425.266 153.464
425.537 125.820
425.808 121.510
426.079 139.533
426.350 158.556
426.622 168.246
426.893 158.936
427.164 135.625
427.435 118.315
427.706 115.004
427.977 118.694
428.248 130.717
428.519 122.406
428.791 118.429
429.062 102.118
429.333 92.474
429.604 86.496
429.875 92.185
430.146 117.208
430.417 134.897
430.689 128.586
430.960 116.275
431.231 106.630
431.502 121.986
431.773 126.008
432.044 128.363
432.315 122.385
432.586 134.740
432.858 132.096
433.129 130.451
433.400 122.139
433.671 109.161
433.942 86.516
434.213 72.871
434.484 84.560
434.755 109.915
435.027 126.936
435.298 131.958
435.569 111.979
435.840 95.001
436.116 91.022
436.391 105.377
436.667 114.398
436.942 133.752
437.218 148.107
437.493 157.461
437.769 150.816
438.045 146.837
438.320 135.191
438.596 124.546
438.871 112.233
439.147 102.587
439.422 89.275
439.698 84.296
439.974 91.316
440.249 100.004
440.525 104.024
440.800 110.378
441.076 121.066
441.351 137.753
441.627 151.773
441.903 153.460
442.178 137.481
442.454 131.501
442.729 126.855
443.005 146.208
443.281 164.229
443.556 167.249
443.832 144.936
444.107 113.622
444.383 110.643
444.658 124.996
444.934 143.683
445.210 153.702
445.485 171.389
445.761 173.742
446.036 158.429
446.312 144.782
446.587 138.802
446.863 144.821
447.139 147.508
447.414 161.194
447.690 175.547
447.965 172.900
448.241 167.586
448.516 166.605
448.792 180.958
449.068 186.311
449.343 164.663
449.619 156.349
449.894 146.702
450.170 175.721
450.445 188.740
450.721 195.759
450.997 205.445
451.272 208.464
451.548 227.483
451.823 233.169
452.099 218.854
452.375 213.207
452.650 204.559
452.926 209.911
453.201 238.596
453.477 264.282
453.752 276.634
454.028 246.986
454.304 229.671
454.579 229.356
454.855 219.375
455.130 222.727
455.406 229.412
455.681 248.430
455.957 241.115
456.233 240.467
456.508 234.485
456.784 223.170
457.059 200.189
457.335 181.207
457.610 170.558
457.886 155.243
458.162 141.261
458.437 148.613
458.713 170.631
458.988 196.649
459.264 201.667
459.539 193.018
459.815 154.369
460.091 120.720
460.366 120.071
460.642 151.089
460.917 165.107
461.193 147.791
461.468 138.809
461.744 149.493
462.020 168.177
462.295 153.528
462.571 119.546
462.846 100.897
463.122 113.581
463.397 125.563
463.673 115.884
463.949 104.195
464.224 113.204
464.500 122.917
464.775 126.888
465.051 138.560
465.327 150.142
465.602 154.531
465.878 136.195
466.153 140.592
466.429 179.151
466.704 221.577
466.980 250.317
467.256 251.258
467.531 262.124
467.807 261.308
468.082 248.979
468.358 251.856
468.633 249.363
468.909 232.594
469.185 222.069
469.460 241.464
469.736 259.388
470.011 251.021
470.287 215.857
470.562 199.544
470.838 198.181
471.114 200.013
471.389 203.520
471.665 207.059
471.940 217.333
472.216 224.907
472.491 213.924
472.767 194.827
473.043 184.773
473.318 173.068
473.594 154.273
473.869 112.086
474.145 85.030
474.421 86.063
474.696 114.611
474.972 140.508
475.247 157.537
475.523 152.504
475.798 141.604
476.074 144.336
476.350 168.137
476.625 182.128
476.901 185.199
477.176 178.639
477.452 167.011
477.727 126.248
478.003 96.732
478.279 103.478
478.554 124.880
478.830 152.954
479.105 160.302
479.381 163.227
479.656 158.061
479.932 153.233
480.208 162.881
480.483 176.273
480.759 172.138
481.034 175.127
481.310 157.807
481.585 151.337
481.861 132.710
482.137 134.641
482.412 126.783
482.688 119.948
482.963 118.426
483.239 117.701
483.514 130.614
483.790 133.480
484.066 148.659
484.341 155.844
484.617 149.021
484.892 137.277
485.168 134.148
485.443 145.053
485.719 155.866
485.995 152.756
486.270 140.296
486.546 118.734
486.821 97.171
487.097 98.701
487.373 114.328
487.648 139.476
487.924 146.191
488.199 140.554
488.475 111.658
488.750 91.014
489.026 87.720
489.302 106.362
489.577 109.254
489.853 113.118
490.128 119.575
490.404 131.298
490.679 138.405
490.955 132.182
491.231 140.676
491.506 151.879
491.782 149.976
492.057 150.969
492.333 140.816
492.608 137.895
492.884 114.752
493.160 103.092
493.435 109.713
493.711 114.982
493.986 106.172
494.262 89.192
494.537 90.260
494.813 110.298
495.089 125.426
495.364 130.716
495.640 128.437
495.915 145.921
496.191 145.406
496.467 138.324
496.742 127.653
497.018 118.537
497.293 113.060
497.569 107.276
497.844 115.640
498.120 127.682
498.396 119.547
498.671 126.968
498.947 144.297
499.222 167.264
499.498 187.277
499.773 196.444
500.049 209.271
500.325 211.298
500.600 224.937
500.876 277.124
501.151 330.973
501.427 378.557
501.702 395.567
501.978 414.421
502.254 429.322
502.529 459.827
502.805 514.085
503.080 538.758
503.356 542.316
503.631 547.519
503.907 578.751
504.183 600.371
504.458 585.348
504.734 584.820
505.009 585.171
505.285 599.677
505.560 592.471
505.836 562.794
506.112 525.226
506.387 500.776
506.663 478.714
506.938 448.563
507.214 417.765
507.490 407.397
507.765 389.646
508.041 354.201
508.316 320.377
508.592 303.603
508.867 306.216
509.143 298.658
509.419 274.295
509.694 235.647
509.970 199.923
510.245 182.039
510.521 175.789
510.796 169.362
511.072 164.214
511.348 158.787
511.623 162.198
511.899 167.294
512.174 168.353
512.450 154.371
512.725 133.785
513.001 123.784
513.277 133.523
513.552 143.209
513.828 154.157
514.103 165.250
514.379 160.903
514.654 150.922
514.930 158.491
515.206 179.638
515.481 184.407
515.757 168.891
516.032 153.939
516.308 172.283
516.583 187.946
516.859 207.611
517.135 203.461
517.410 206.581
517.686 209.373
517.961 229.624
518.237 256.467
518.513 282.242
518.788 314.010
519.064 354.735
519.339 394.454
519.615 420.388
519.890 414.540
520.166 422.496
520.442 437.628
520.717 472.643
520.993 500.886
521.268 523.355
521.544 528.007
521.819 540.953
522.095 555.926
522.371 569.669
522.646 565.810
522.922 547.433
523.197 553.787
523.473 562.555
523.748 573.878
524.024 575.484
524.300 568.796
524.575 578.376
524.851 576.927
525.126 578.214
525.402 554.940
525.677 542.522
525.953 534.388
526.229 527.062
526.504 540.776
526.780 571.579
527.055 601.255
527.331 606.426
527.606 612.816
527.882 625.470
528.158 637.378
528.433 640.568
528.709 650.901
528.984 662.856
529.260 659.554
529.535 638.964
529.811 627.640
530.087 605.151
530.362 594.319
530.638 579.309
530.913 580.335
531.189 568.026
531.465 551.991
531.740 534.001
532.016 513.724
532.291 492.941
532.567 462.284
532.842 435.595
533.118 398.375
533.394 370.416
533.669 352.326
533.945 323.392
534.220 300.796
534.496 284.457
534.771 303.278
535.047 325.050
535.323 329.707
535.598 309.645
535.874 280.117
536.149 262.812
536.425 259.089
536.700 273.734
536.976 310.955
537.252 346.677
537.527 402.878
537.803 476.873
538.078 572.712
538.354 666.208
538.629 756.634
538.905 853.613
539.181 943.205
539.456 1043.435
539.732 1128.326
540.007 1213.001
540.283 1288.694
540.558 1360.387
540.834 1406.454
541.110 1435.227
541.385 1474.980
541.661 1523.360
541.936 1551.936
542.212 1585.491
542.488 1601.028
542.763 1607.505
543.039 1578.296
543.314 1520.780
543.590 1454.115
543.865 1394.394
544.141 1370.571
544.417 1374.222
544.692 1393.100
544.968 1390.248
545.243 1353.184
545.519 1303.303
545.794 1279.125
546.070 1270.031
546.348 1229.617
546.627 1175.657
546.905 1161.268
547.183 1169.501
547.461 1180.355
547.740 1162.209
548.018 1163.874
548.296 1168.518
548.575 1165.830
548.853 1185.038
549.131 1225.337
549.409 1278.210
549.688 1299.963
549.966 1334.364
550.244 1363.016
550.523 1379.651
550.801 1368.065
551.079 1369.468
551.357 1399.542
551.636 1413.337
551.914 1419.535
552.192 1432.887
552.471 1470.205
552.749 1514.893
553.027 1532.283
553.306 1549.331
553.584 1551.603
553.862 1549.142
554.140 1533.730
554.419 1526.343
554.697 1535.437
554.975 1560.201
555.254 1571.413
555.532 1579.001
555.810 1589.608
556.088 1599.131
556.367 1577.816
556.645 1554.278
556.923 1546.454
557.202 1536.739
557.480 1481.577
557.758 1427.549
558.036 1383.840
558.315 1372.308
558.593 1313.649
558.871 1243.537
559.150 1174.033
559.428 1110.448
559.706 1041.875
559.984 978.515
560.263 927.143
560.541 865.529
560.819 772.316
561.098 666.913
561.376 587.587
561.654 504.077
561.932 440.183
562.211 388.150
562.489 365.043
562.767 356.407
563.046 337.423
563.324 315.770
563.602 296.473
563.880 284.005
564.159 274.244
564.437 241.623
564.715 214.760
564.994 211.651
565.272 216.711
565.550 224.077
565.828 215.697
566.107 204.633
566.385 192.166
566.663 189.114
566.942 195.527
567.220 201.418
567.498 183.546
567.776 167.592
568.055 156.382
568.333 160.346
568.611 173.616
568.890 181.877
569.168 181.728
569.446 173.223
569.725 146.882
570.003 121.800
570.281 111.867
570.559 115.172
570.838 142.697
571.116 154.742
571.394 156.442
571.673 142.326
571.951 134.677
572.229 152.257
572.507 161.432
572.786 161.907
573.064 162.030
573.342 149.189
573.621 143.764
573.899 150.455
574.177 162.274
574.455 160.780
574.734 142.325
575.012 138.193
575.290 154.951
575.569 170.144
575.847 167.632
576.125 151.384
576.403 136.437
576.682 133.345
576.960 138.687
577.243 138.787
577.527 128.615
577.810 117.541
578.093 107.478
578.377 117.467
578.660 126.770
578.944 146.984
579.227 167.934
579.510 171.102
579.794 161.586
580.077 151.076
580.360 147.161
580.644 137.703
580.927 106.340
581.210 83.908
581.494 93.241
581.777 116.202
582.061 124.541
582.344 122.983
582.627 132.009
582.911 142.694
583.194 135.762
583.477 129.503
583.761 144.481
584.044 147.192
584.327 128.600
584.611 110.350
584.894 117.351
585.178 125.684
585.461 117.700
585.744 100.757
586.028 101.469
586.311 113.508
586.594 109.182
586.878 106.524
587.161 112.865
587.444 138.539
587.728 150.547
588.011 145.555
588.295 134.853
588.578 137.477
588.861 130.485
589.145 121.235
589.428 114.293
589.711 123.921
589.995 138.181
590.278 141.189
590.562 136.867
590.845 129.509
591.128 115.118
591.412 113.128
591.695 116.130
591.978 126.159
592.262 121.766
592.545 125.433
592.828 120.038
593.112 113.399
593.395 102.689
593.679 101.332
593.962 105.592
594.245 105.895
594.529 102.187
594.812 90.918
595.095 91.184
595.379 96.824
595.662 108.703
595.945 106.359
596.229 115.789
596.512 133.898
596.796 138.457
597.079 140.445
597.362 136.392
597.646 133.723
597.929 129.681
598.212 156.649
598.496 195.085
598.779 214.462
599.062 188.728
599.346 162.363
599.629 164.543
599.913 175.618
600.196 177.170
600.479 164.698
600.763 147.541
601.046 137.050
601.329 129.085
601.613 128.764
601.896 142.446
602.179 140.443
602.463 144.009
602.746 133.866
603.030 153.130
603.313 169.119
603.596 182.441
603.880 177.811
604.163 172.144
604.446 161.649
604.730 154.039
605.013 144.252
605.296 142.300
605.580 154.110
605.863 170.114
606.147 180.895
606.430 171.056
606.713 167.798
606.997 184.385
607.280 194.503
607.563 192.111
607.847 171.293
608.130 142.598
608.414 121.787
608.697 115.918
608.980 145.077
609.264 174.503
609.547 192.139
609.830 193.716
610.114 189.152
610.397 178.661
610.680 161.084
610.964 148.080
611.247 143.005
611.531 144.694
611.814 152.926
612.097 168.900
612.381 176.758
612.664 177.092
612.947 161.458
613.231 134.343
613.514 129.822
613.797 155.415
614.081 195.042
614.364 198.978
614.648 185.887
614.931 180.327
615.214 183.667
615.498 174.932
615.781 168.831
616.064 175.131
616.348 187.338
616.631 211.295
616.914 216.293
617.198 211.045
617.481 196.420
617.765 189.329
618.048 203.928
618.331 189.904
618.615 181.080
618.898 174.900
619.181 185.180
619.465 182.934
619.748 173.830
620.031 166.034
620.315 169.836
620.598 166.703
620.882 167.538
621.165 171.303
621.448 188.332
621.732 197.350
622.015 189.230
622.298 176.474
622.582 141.445
622.865 104.261
623.148 79.750
623.432 93.832
623.715 137.364
623.999 153.536
624.282 162.151
624.565 151.940
624.849 142.066
625.132 150.581
625.415 171.253
625.699 189.463
625.982 181.231
626.265 165.146
626.549 165.211
626.832 172.908
627.116 172.914
627.399 164.402
627.682 149.454
627.966 150.586
628.249 152.787
628.532 169.659
628.816 168.779
629.099 165.240
629.383 156.669
629.666 153.698
629.949 158.669
630.233 152.627
630.516 157.886
630.799 167.005
631.083 173.238
631.366 159.024
631.649 139.340
631.933 143.093
632.216 165.534
632.500 178.758
632.783 179.336
633.066 180.134
633.350 187.537
633.633 185.165
633.916 183.394
634.200 179.082
634.483 186.031
634.766 190.377
635.050 196.967
635.333 198.509
635.617 206.409
635.900 219.287
636.183 230.957
636.467 231.550
636.750 235.736
637.033 250.745
637.317 266.442
637.600 280.143
637.883 295.525
638.167 310.480
638.450 341.426
638.734 364.014
639.017 391.173
639.300 395.737
639.584 423.997
639.867 435.102
640.150 456.311
640.434 459.284
640.717 477.223
641.000 503.253
641.284 516.506
641.567 517.915
641.851 507.798
642.134 516.052
642.417 538.192
642.701 560.158
642.984 580.480
643.267 598.139
643.551 602.742
643.834 605.244
644.117 619.812
644.401 644.497
644.684 689.212
644.968 738.203
645.251 789.385
645.534 833.871
645.818 894.535
646.101 976.798
646.384 1079.740
646.668 1202.437
646.951 1320.570
647.235 1415.873
647.518 1540.363
647.801 1719.894
648.085 1937.004
648.368 2134.378
648.651 2319.212
648.935 2536.499
649.218 2771.175
649.501 3010.037
649.785 3240.723
650.068 3452.893
650.352 3676.244
650.635 3885.149
650.918 4152.801
651.202 4428.994
651.485 4753.303
651.768 5034.945
652.052 5326.050
652.335 5593.564
652.618 5873.941
652.902 6191.033
653.185 6532.932
653.469 6845.724
653.752 7052.093
654.035 7196.422
654.319 7293.357
654.602 7407.677
654.885 7536.429
655.169 7669.968
655.452 7770.859
655.735 7872.401
656.019 7971.426
656.302 8066.973
656.586 8151.676
656.869 8240.365
657.152 8261.457
657.436 8201.633
657.719 8167.122
658.002 8174.504
658.286 8181.127
658.569 8071.355
658.852 7978.643
659.136 7954.355
659.419 7999.307
659.703 8043.307
659.986 8053.508
660.269 8111.795
660.553 8150.777
660.836 8200.899
661.119 8230.245
661.403 8267.950
661.686 8260.569
661.969 8211.589
662.253 8151.201
662.536 8096.924
662.820 8043.748
663.103 7997.030
663.386 7962.554
663.670 7918.702
663.953 7852.527
664.236 7765.764
664.520 7657.316
664.803 7532.570
665.086 7388.031
665.370 7249.909
665.653 7121.040
665.937 6989.955
666.220 6834.156
666.503 6642.817
666.787 6390.341
667.070 6108.952
667.353 5808.080
667.637 5545.017
667.920 5315.731
668.204 5080.264
668.487 4867.155
668.770 4604.475
669.054 4342.045
669.337 4057.869
669.620 3758.147
669.904 3517.243
670.187 3309.017
670.470 3104.561
670.754 2873.123
671.037 2631.105
671.321 2430.925
671.604 2257.141
671.887 2101.192
672.171 1978.158
672.454 1860.029
672.737 1743.440
673.021 1610.123
673.304 1512.418
673.587 1410.535
673.871 1338.673
674.154 1249.077
674.438 1149.623
674.721 1045.886
675.004 963.650
675.288 923.509
675.571 896.372
675.854 849.254
676.138 803.100
676.421 764.039
676.704 755.374
676.988 764.942
677.271 755.204
677.555 726.095
677.838 673.415
678.121 623.975
678.405 573.146
678.688 522.859
678.971 512.529
679.255 506.676
679.538 491.468
679.821 447.004
680.105 405.650
680.388 388.290
680.672 379.076
680.955 349.173
681.238 306.907
681.522 272.880
681.805 263.267
682.088 269.108
682.372 276.512
682.655 277.052
682.938 281.331
683.222 277.953
683.505 262.379
683.789 225.914
684.072 197.294
684.355 189.220
684.639 189.511
684.922 197.868
685.205 204.833
685.489 223.015
685.772 253.155
686.056 278.419
686.339 272.079
686.622 240.212
686.906 224.007
687.189 248.718
687.472 266.031
687.756 255.947
688.039 213.504
688.322 199.334
688.606 204.559
688.889 222.659
689.173 235.539
689.456 243.896
689.739 240.349
690.023 215.936
690.306 199.792
690.589 212.486
690.873 234.218
691.156 236.580
691.439 219.590
691.723 225.237
692.006 242.840
692.290 254.478
692.573 249.539
692.856 233.378
693.140 238.665
693.423 236.598
693.706 229.558
693.990 228.705
694.273 236.633
694.556 254.564
694.840 244.584
695.123 245.278
695.407 232.579
695.690 231.062
695.973 233.287
696.257 263.741
696.540 285.797
696.830 275.680
697.120 244.676
697.410 212.355
697.699 215.526
697.989 237.681
698.279 253.336
698.569 244.803
698.859 249.296
699.149 263.370
699.439 256.942
699.729 238.042
700.018 240.922
700.308 249.352
700.598 247.344
700.888 249.342
701.178 250.642
701.468 234.880
701.758 211.175
702.048 210.939
702.337 225.500
702.627 213.661
702.917 202.941
703.207 196.348
703.497 189.750
703.787 177.950
704.077 166.773
704.366 164.333
704.656 136.998
704.946 116.070
705.236 119.485
705.526 159.019
705.816 195.509
706.106 201.716
706.396 188.801
706.685 164.351
706.975 146.221
707.265 159.136
707.555 165.983
707.845 160.702
708.135 124.465
708.425 111.831
708.715 136.762
709.004 166.082
709.294 168.262
709.584 156.969
709.874 150.278
710.164 149.713
710.454 154.374
710.744 154.051
711.034 154.865
711.323 141.914
711.613 143.724
711.903 161.056
712.193 174.458
712.483 181.018
712.773 184.499
713.063 197.347
713.352 184.274
713.642 165.680
713.932 156.200
714.222 151.746
714.512 145.938
714.802 140.169
715.092 148.612
715.382 164.222
715.671 168.418
715.961 158.901
716.251 139.812
716.541 124.644
716.831 118.043
717.121 128.992
717.411 152.402
717.701 166.369
717.990 159.913
718.280 146.740
718.570 146.914
718.860 160.927
719.150 162.791
719.440 161.572
719.730 153.889
720.019 140.256
720.309 126.571
720.599 127.992
720.889 145.618
721.179 177.339
721.469 181.915
721.759 169.567
722.049 152.060
722.338 150.570
722.628 156.696
722.918 168.388
723.208 168.765
723.498 181.431
723.788 178.288
724.078 178.449
724.368 165.350
724.657 152.613
724.947 142.696
725.237 141.834
725.527 137.660
725.817 129.368
726.107 120.766
726.397 117.350
726.686 137.342
726.976 149.597
727.266 161.207
727.556 155.135
727.846 141.600
728.136 134.599
728.426 122.378
728.716 138.611
729.005 146.044
729.295 139.326
729.585 114.137
729.875 114.192
730.165 135.182
730.455 157.578
730.745 148.895
731.035 152.618
731.324 146.150
731.614 146.197
731.904 156.513
732.194 175.093
732.484 190.055
732.774 161.914
733.064 129.169
733.354 116.986
733.643 123.562
733.933 136.627
734.223 147.958
734.513 170.445
734.803 182.852
735.093 177.761
735.383 153.091
735.672 133.046
735.962 115.181
736.252 112.697
736.542 125.472
736.832 128.846
737.122 133.465
737.412 129.645
737.702 132.303
737.991 123.917
738.281 112.835
738.571 120.833
738.861 123.170
739.151 127.799
739.441 123.167
739.731 137.988
740.021 164.413
740.310 181.043
740.600 173.823
740.890 152.834
741.180 140.664
741.470 151.618
741.760 169.391
742.050 171.799
742.339 155.761
742.629 141.385
742.919 133.435
743.209 137.396
743.499 141.740
743.789 163.281
744.079 182.739
744.369 174.868
744.658 143.850
744.948 123.829
745.238 126.477
745.528 157.632
745.818 158.672
746.108 160.760
746.398 141.961
746.688 131.749
746.977 130.760
747.267 144.064
747.557 165.640
747.847 175.032
748.137 169.456
748.427 147.329
748.717 123.121
749.006 118.531
749.296 140.723
749.586 160.351
749.876 152.056
750.166 144.197
750.456 142.648
750.746 145.394
751.036 151.103
751.325 162.482
751.615 183.176
751.905 180.623
752.195 158.692
752.485 139.138
752.775 124.179
753.065 134.904
753.355 139.580
753.644 150.740
753.934 148.846
754.224 152.679
754.514 146.617
754.804 138.597
755.094 132.531
755.384 141.562
755.674 150.928
755.963 155.330
756.253 161.018
756.543 165.149
756.833 180.214
757.123 177.987
757.413 163.921
757.703 142.216
757.992 127.440
758.282 117.394
758.572 99.308
758.862 111.413
759.152 134.142
759.442 159.607
759.732 164.636
760.022 162.070
760.311 157.432
760.601 147.768
760.891 143.029
761.181 139.344
761.471 138.389
761.761 139.834
762.051 149.228
762.341 162.324
762.630 162.328
762.920 146.982
763.210 131.545
763.500 132.220
763.793 139.907
764.086 132.154
764.379 117.017
764.671 108.927
764.964 129.723
765.257 146.264
765.550 136.263
765.843 114.204
766.136 96.399
766.429 106.111
766.722 118.117
767.014 108.688
767.307 98.957
767.600 101.072
767.893 131.007
768.186 160.273
768.479 170.021
768.772 173.050
769.064 155.206
769.357 147.481
769.650 161.190
769.943 191.070
770.236 186.034
770.529 162.253
770.822 143.845
771.115 144.232
771.407 138.229
771.700 145.742
771.993 154.155
772.286 168.566
772.579 159.382
772.872 150.594
773.165 145.222
773.457 147.965
773.750 151.380
774.043 155.863
774.336 149.431
774.629 149.435
774.922 144.675
775.215 160.411
775.508 159.259
775.800 159.497
776.093 142.673
776.386 142.390
776.679 150.115
776.972 171.982
777.265 182.334
777.558 172.505
777.850 148.592
778.143 142.895
778.436 161.324
778.729 177.744
779.022 172.670
779.315 145.873
779.608 131.136
779.900 129.800
780.193 137.461
780.486 144.734
780.779 133.577
781.072 124.840
781.365 126.233
781.658 141.033
781.951 168.052
782.243 175.084
782.536 172.745
782.829 157.152
783.122 144.727
783.415 153.710
783.708 156.338
784.001 164.366
784.293 170.993
784.586 174.951
784.879 169.174
785.172 157.154
785.465 140.791
785.758 138.840
786.051 135.075
786.344 141.044
786.636 129.990
786.929 130.805
787.222 129.808
787.515 144.059
787.808 144.536
788.101 158.434
788.394 177.086
788.686 188.805
788.979 176.155
789.272 155.798
789.565 142.041
789.858 133.054
790.151 123.116
790.444 117.547
790.737 107.865
791.029 111.157
791.322 115.026
791.615 145.028
791.908 160.667
792.201 177.288
792.494 165.497
792.787 157.135
793.079 144.793
793.372 141.188
793.665 140.194
793.958 135.927
794.251 135.888
794.544 154.835
794.837 164.476
795.130 170.837
795.422 163.529
795.715 171.571
796.008 167.210
796.301 146.902
796.594 126.528
796.887 139.206
797.180 144.898
797.472 127.330
797.765 103.704
798.058 92.408
798.351 111.687
798.644 120.698
798.937 131.624
799.230 156.553
799.523 163.868
799.815 153.281
800.108 124.039
800.401 120.767
800.694 138.716
800.987 149.455
801.280 157.165
801.573 164.931
801.865 149.249
802.158 131.899
802.451 113.547
802.744 116.544
803.037 124.244
803.330 151.527
803.623 178.476
803.915 183.475
804.208 163.998
804.501 133.165
804.794 109.885
805.087 92.904
805.380 99.581
805.673 128.307
805.966 148.016
806.258 157.848
806.551 147.644
806.844 138.423
807.137 139.766
807.430 141.443
807.723 151.443
808.016 142.161
808.308 128.778
808.601 111.450
808.894 106.796
809.187 119.275
809.480 129.628
809.773 132.277
810.066 126.284
810.359 139.927
810.651 138.668
810.944 135.389
811.237 109.492
811.530 114.289
811.825 118.665
812.119 120.350
812.414 127.761
812.709 136.324
813.003 128.310
813.298 101.452
813.593 89.309
813.887 119.483
814.182 147.963
814.476 173.124
814.771 170.928
815.066 164.549
815.360 139.888
815.655 125.310
815.950 129.769
816.244 136.685
816.539 132.354
816.834 132.854
817.128 147.808
817.423 173.144
817.718 155.634
818.012 124.524
818.307 95.624
818.602 102.165
818.896 118.359
819.191 138.098
819.486 151.615
819.780 168.660
820.075 183.014
820.369 169.840
820.664 149.677
820.959 144.983
821.253 155.737
821.548 166.256
821.843 165.760
822.137 166.727
822.432 165.559
822.727 152.597
823.021 160.429
823.316 176.703
823.611 185.006
823.905 160.894
824.200 130.103
824.495 123.374
824.789 131.143
825.084 133.256
825.379 129.793
825.673 143.740
825.968 152.030
826.262 159.062
826.557 159.250
826.852 169.970
827.146 163.143
827.441 143.330
827.736 123.913
828.030 105.919
828.325 128.216
828.620 173.207
828.914 204.575
829.209 203.807
829.504 180.177
829.798 166.311
830.093 156.258
830.388 137.831
830.682 145.709
830.977 156.252
831.271 148.892
831.566 137.307
831.861 135.642
832.155 166.349
832.450 182.662
832.745 175.834
833.039 156.978
833.334 138.865
833.629 120.466
833.923 114.325
834.218 109.709
834.513 117.253
834.807 118.686
835.102 129.046
835.397 143.560
835.691 144.836
835.986 136.311
836.281 115.168
836.575 124.687
836.870 148.402
837.164 167.544
837.459 159.734
837.754 153.601
838.048 144.947
838.343 138.624
838.638 126.532
838.932 120.968
839.227 127.623
839.522 142.927
839.816 153.110
840.111 147.335
840.406 130.404
840.700 139.563
840.995 162.711
841.290 166.775
841.584 150.266
841.879 142.298
842.174 170.384
842.468 202.577
842.763 205.372
843.057 192.466
843.352 172.098
843.647 151.153
843.941 133.885
844.236 127.945
844.531 138.736
844.825 135.708
845.120 137.137
845.415 159.093
845.709 195.980
846.004 204.777
846.299 190.320
846.593 159.703
846.888 159.923
847.183 155.463
847.477 158.922
847.772 138.180
848.066 137.876
848.361 144.952
848.656 150.505
848.950 153.023
849.245 152.462
849.540 173.183
849.834 180.951
850.129 177.707
850.424 151.878
850.718 140.907
851.013 135.553
851.308 151.586
851.602 159.700
851.897 160.852
852.192 151.567
852.486 133.365
852.781 156.927
853.076 183.958
853.370 207.182
853.665 212.261
853.959 215.439
854.254 232.624
854.549 220.680
854.843 202.494
855.138 192.990
855.433 180.853
855.727 170.117
856.022 151.826
856.317 154.963
856.611 152.784
856.906 157.675
857.201 167.732
857.495 187.277
857.790 173.914
858.085 158.965
858.379 145.595
858.674 143.931
858.969 133.757
859.263 126.764
859.558 124.941
859.852 139.970
860.147 154.942
860.442 167.675
860.736 165.308
861.031 161.976
861.326 155.002
861.620 156.684
861.915 165.396
862.210 171.843
862.504 163.128
862.799 139.540
863.094 134.152
863.388 136.728
863.683 136.041
863.978 131.446
864.272 132.667
864.567 136.919
864.861 125.410
865.156 109.720
865.451 131.032
865.745 149.646
866.040 154.083
866.335 150.874
866.629 152.288
866.924 162.618
867.219 159.455
867.513 154.982
867.808 142.649
868.103 123.225
868.397 109.775
868.692 94.149
868.987 94.881
869.281 119.344
869.576 148.192
869.871 148.873
870.165 123.638
870.460 101.080
870.754 90.961
871.049 100.679
871.344 115.287
871.638 130.843
871.933 142.087
872.228 148.096
872.522 151.045
872.817 155.633
873.112 141.637
873.406 153.204
873.701 152.605
873.996 156.719
874.290 136.363
874.585 120.628
874.880 112.017
875.174 113.436
875.469 133.192
875.764 167.176
876.058 180.335
876.353 157.954
876.647 128.853
876.942 104.456
877.237 101.661
877.531 124.936
877.826 158.323
878.121 175.570
878.415 161.289
878.710 149.903
879.005 157.365
879.299 165.223
879.594 146.133
879.889 118.338
880.183 111.807
880.478 128.709
880.773 132.853
881.067 138.797
881.362 137.191
881.656 153.935
881.951 140.007
882.246 129.295
882.540 109.914
882.835 104.807
883.130 93.883
883.424 89.740
883.719 107.730
884.014 135.211
884.308 140.477
884.603 115.999
884.898 100.503
885.192 112.362
885.487 121.228
885.782 127.050
886.076 127.359
886.371 134.376
886.666 132.724
886.960 125.439
887.255 124.096
887.549 135.005
887.844 160.084
888.139 170.281
888.433 151.890
888.728 127.980
889.023 118.934
889.317 122.384
889.612 121.948
889.907 124.824
890.201 134.483
890.496 152.082
890.791 154.612
891.085 144.525
891.380 123.620
891.675 117.187
891.969 119.471
892.264 124.111
892.559 126.430
892.853 131.506
893.148 132.059
893.442 138.195
893.737 128.719
894.032 122.847
894.326 123.099
894.621 134.597
894.916 124.320
895.210 104.433
895.505 81.868
895.800 92.802
896.094 108.076
896.389 114.239
896.684 102.474
896.978 94.894
897.273 109.619
897.568 140.022
897.862 148.277
898.157 158.391
898.451 152.542
898.746 160.598
899.041 148.841
899.335 135.633
899.630 113.197
899.925 114.675
900.219 133.343
900.514 139.419
900.809 123.263
901.103 113.545
901.398 122.189
901.693 133.587
901.987 134.008
902.282 128.444
902.577 116.859
902.871 108.320
903.166 107.169
903.461 132.273
903.755 142.299
904.050 138.926
904.344 118.498
904.639 106.317
904.934 111.781
905.228 111.669
905.523 107.293
905.818 110.975
906.112 119.733
906.407 138.231
906.702 138.056
906.996 131.034
907.291 113.613
907.586 118.102
907.880 141.807
908.175 176.470
908.470 184.344
908.764 178.384
909.059 157.035
909.354 143.656
909.648 142.284
909.943 166.808
910.237 180.417
910.532 182.445
910.827 171.935
911.121 163.520
911.416 147.128
911.711 132.001
912.005 125.730
912.300 136.772
912.599 154.245
912.898 155.727
913.196 145.662
913.495 132.009
913.794 125.554
914.093 130.627
914.391 126.765
914.690 137.565
914.989 149.818
915.288 151.460
915.586 153.786
915.885 144.099
916.184 142.084
916.483 134.449
916.782 124.514
917.080 120.600
917.379 118.527
917.678 127.875
917.977 135.634
918.275 138.761
918.574 144.048
918.873 148.127
919.172 142.828
919.471 121.737
919.769 103.152
920.068 106.929
920.367 108.766
920.666 113.157
920.964 111.205
921.263 126.807
921.562 129.644
921.861 118.613
922.159 111.088
922.458 96.694
922.757 97.231
923.056 87.833
923.355 98.786
923.653 118.341
923.952 138.836
924.251 133.801
924.550 113.632
924.848 108.375
925.147 118.849
925.446 136.926
925.745 137.158
926.043 136.789
926.342 131.083
926.641 131.077
926.940 138.080
927.239 152.994
927.537 161.516
927.836 162.590
928.135 157.186
928.434 159.337
928.732 161.505
929.031 166.778
929.330 171.644
929.629 165.789
929.927 140.448
930.226 115.517
930.525 128.264
930.824 140.110
931.123 144.266
931.421 132.696
931.720 144.972
932.019 162.671
932.318 178.323
932.616 177.082
932.915 167.685
933.214 143.411
933.513 135.662
933.812 124.480
934.110 136.867
934.409 146.733
934.708 175.580
935.007 187.680
935.305 191.803
935.604 182.186
935.903 174.159
936.202 172.554
936.500 177.752
936.799 185.689
937.098 193.736
937.397 181.589
937.696 174.485
937.994 173.666
938.293 181.420
938.592 182.254
938.891 167.348
939.189 169.770
939.488 180.227
939.787 197.200
940.086 204.169
940.384 180.282
940.683 161.550
940.982 150.195
941.281 182.418
941.580 222.677
941.878 235.718
942.177 204.050
942.476 168.422
942.775 153.780
943.073 146.775
943.372 153.213
943.671 189.659
943.970 225.235
944.268 224.084
944.567 209.821
944.866 205.719
945.165 197.848
945.464 163.428
945.762 170.445
946.061 197.032
946.360 232.304
946.659 234.666
946.957 226.083
947.256 206.708
947.555 193.700
947.854 187.294
948.153 190.287
948.451 187.734
948.750 193.751
949.049 214.952
949.348 240.190
949.646 261.157
949.945 253.187
950.244 232.568
950.543 210.346
950.841 185.190
951.140 162.849
951.439 160.892
951.738 168.599
952.037 184.571
952.335 184.913
952.634 184.819
952.933 190.078
953.232 175.492
953.530 156.018
953.829 154.368
954.128 166.706
954.427 193.518
954.725 200.850
955.024 197.963
955.323 184.082
955.622 152.366
955.921 152.574
956.219 160.553
956.518 180.805
956.817 174.894
957.116 175.317
957.414 153.167
957.713 140.035
958.012 135.014
958.311 160.947
958.610 169.193
958.908 166.099
959.207 142.938
959.506 141.044
959.805 142.797
960.103 151.915
960.402 148.624
960.701 163.901
961.000 183.876
961.298 206.233
961.597 193.801
961.896 182.085
962.195 179.777
962.494 189.255
962.792 174.907
963.091 142.238
963.390 125.785
963.689 131.383
963.987 145.150
964.286 158.724
964.585 178.450
964.884 185.646
965.182 200.327
965.481 217.564
965.780 241.404
966.080 226.286
966.380 183.495
966.680 165.544
966.981 170.772
967.281 174.545
967.581 166.600
967.881 157.718
968.181 172.027
968.481 177.822
968.781 165.306
969.082 162.519
969.382 176.690
969.682 174.048
969.982 167.659
970.282 149.017
970.582 158.264
970.882 165.336
971.183 154.055
971.483 156.330
971.783 153.468
972.083 171.071
972.383 173.553
972.683 159.401
972.983 141.442
973.284 137.894
973.584 145.969
973.884 143.060
974.184 127.996
974.484 115.167
974.784 109.248
975.084 106.104
975.385 107.118
975.685 113.821
975.985 112.124
976.285 117.128
976.585 136.554
976.885 166.540
977.185 182.619
977.486 171.454
977.786 161.318
978.086 164.106
978.386 160.160
978.686 156.017
978.986 150.122
979.286 156.013
979.587 162.682
979.887 165.017
980.187 164.352
980.487 169.021
980.787 163.023
981.087 164.025
981.387 148.693
981.688 135.028
981.988 130.697
982.288 134.699
982.588 155.367
982.888 167.369
983.188 175.371
983.488 166.373
983.789 159.708
984.089 146.710
984.389 131.712
984.689 119.381
984.989 121.382
985.289 141.718
985.589 147.720
985.890 135.388
986.190 115.390
986.490 122.392
986.790 122.394
987.090 134.062
987.390 143.064
987.690 141.399
987.991 127.734
988.291 112.070
988.591 118.405
988.891 128.407
989.191 140.409
989.491 163.744
989.791 164.746
990.092 162.081
990.392 150.749
990.692 156.418
990.992 144.420
991.292 154.421
991.592 159.757
991.892 172.425
992.193 160.427
992.493 150.429
992.793 153.431
993.093 162.099
993.393 167.101
993.693 162.103
993.993 166.105
994.294 162.773
994.594 150.775
994.894 134.110
995.194 131.112
995.494 131.114
995.794 138.116
996.094 146.451
996.395 154.119
996.695 139.788
996.995 124.123
997.295 128.458
997.595 133.126
997.895 139.462
998.195 128.797
998.496 129.465
998.796 137.134
999.096 139.802
999.396 151.137
999.696 159.806
999.996 178.807
1000.296 179.143
1000.597 174.478
1000.897 160.146
1001.197 154.815
1001.497 140.816
1001.797 127.818
1002.097 124.487
1002.397 122.155
1002.698 137.490
1002.998 151.159
1003.298 149.494
1003.598 147.162
1003.898 137.497
1004.198 154.166
1004.498 148.501
1004.799 146.836
1005.099 139.504
1005.399 132.173
1005.699 129.508
1005.999 130.176
1006.299 154.511
1006.599 168.180
1006.900 160.182
1007.200 145.517
1007.500 139.518
1007.800 147.520
1008.100 140.189
1008.400 139.857
1008.700 142.525
1009.001 136.194
1009.301 134.529
1009.601 131.197
1009.901 131.866
1010.201 118.201
1010.501 127.869
1010.801 126.204
1011.102 138.873
1011.402 132.208
1011.702 134.543
1012.002 132.545
1012.302 123.213
1012.602 124.215
1012.902 120.550
1013.203 129.551
1013.503 168.220
1013.803 182.555
1014.103 186.223
1014.403 154.225
1014.703 141.893
1015.003 148.895
1015.304 168.230
1015.604 165.232
1015.904 143.233
1016.204 117.235
1016.504 105.904
1016.804 107.905
1017.104 124.574
1017.405 144.242
1017.705 156.244
1018.005 146.912
1018.305 135.914
1018.605 120.582
1018.905 122.584
1019.205 143.919
1019.506 165.587
1019.806 185.256
1020.106 190.924
1020.406 184.592
1020.706 173.927
1021.006 159.929
1021.306 152.264
1021.607 157.599
1021.907 154.601
1022.207 150.602
1022.507 151.271
1022.807 167.272
1023.107 186.607
1023.407 181.276
1023.708 143.611
1024.008 121.279
1024.308 119.947
1024.608 137.616
1024.908 147.617
1025.208 152.619
1025.508 162.287
1025.809 156.622
1026.109 151.291
1026.409 152.626
1026.709 164.294
1027.009 159.629
1027.309 139.964
1027.609 122.966
1027.910 119.301
1028.210 128.969
1028.510 143.970
1028.810 145.305
1029.110 136.974
1029.410 122.642
1029.710 126.310
1030.011 144.979
1030.311 150.980
1030.611 147.982
1030.911 131.650
1031.211 128.652
1031.511 140.320
1031.811 164.655
1032.112 177.990
1032.412 161.658
1032.712 129.993
1033.012 111.662
1033.312 123.330
1033.612 156.665
1033.912 178.333
1034.212 169.001
1034.513 149.003
1034.813 146.671
1035.113 140.006
1035.413 133.341
1035.713 123.009
1036.013 132.344
1036.313 136.346
1036.614 134.681
1036.914 151.016
1037.214 170.017
1037.514 167.019
1037.814 148.021
1038.114 127.022
1038.414 135.691
1038.715 131.692
1039.015 128.360
1039.315 135.362
1039.615 152.697
1039.915 162.698
1040.215 157.367
1040.515 152.368
1040.816 145.370
1041.116 141.371
1041.416 131.706
1041.716 125.375
1042.016 126.376
1042.316 128.044
1042.616 114.379
1042.917 103.048
1043.217 97.716
1043.517 107.384
1043.817 114.719
1044.117 122.721
1044.417 140.055
1044.717 142.390
1045.018 144.725
1045.318 149.393
1045.618 158.395
1045.918 167.730
1046.218 158.731
1046.518 149.066
1046.818 130.401
1047.119 140.403
1047.419 152.071
1047.719 163.406
1048.019 168.407
1048.319 171.409
1048.619 173.744
1048.919 165.079
1049.220 149.414
1049.520 123.749
1049.820 100.417
1050.120 109.752
1050.420 140.086
1050.720 164.421
1051.020 170.423
1051.321 178.758
1051.621 170.426
1051.921 151.094
1052.221 125.429
1052.521 137.097
1052.821 150.432
1053.121 156.434
1053.422 161.435
1053.722 159.103
1054.022 156.438
1054.322 144.106
1054.622 118.775
1054.922 105.443
1055.222 84.111
1055.523 91.112
1055.823 88.781
1056.123 86.115
1056.423 108.784
1056.723 128.118
1057.023 143.120
1057.323 143.455
1057.624 154.790
1057.924 160.458
1058.224 156.793
1058.524 146.794
1058.824 138.129
1059.124 138.130
1059.424 150.465
1059.725 154.800
1060.025 161.135
1060.325 160.803
1060.625 153.138
1060.925 140.139
1061.225 136.808
1061.525 146.142
1061.826 145.144
1062.126 138.479
1062.426 158.814
1062.726 170.815
1063.026 190.817
1063.326 199.818
1063.626 196.819
1063.927 164.821
1064.227 127.156
1064.527 130.824
1064.827 140.159
1065.127 152.494
1065.427 138.495
1065.727 141.496
1066.028 148.831
1066.328 139.166
1066.628 116.834
1066.928 102.169
1067.228 107.170
1067.528 114.172
1067.828 121.507
1068.129 137.508
1068.429 158.176
1068.729 156.844
1069.029 144.513
1069.329 138.181
1069.629 147.849
1069.929 158.184
1070.230 165.518
1070.530 147.187
1070.830 120.188
1071.130 93.856
1071.430 122.191
1071.730 160.192
1072.030 168.194
1072.331 141.862
1072.631 113.863
1072.931 115.198
1073.231 124.866
1073.531 143.534
1073.831 148.869
1074.131 149.870
1074.432 138.872
1074.732 134.207
1075.032 119.541
1075.332 115.210
1075.632 112.211
1075.932 117.546
1076.232 133.880
1076.533 159.215
1076.833 172.217
1077.133 167.218
1077.433 157.886
1077.733 165.888
1078.033 174.889
1078.333 159.890
1078.634 149.892
1078.934 138.560
1079.234 157.228
1079.534 170.229
1079.834 173.898
1080.134 170.899
1080.434 143.567
1080.735 125.568
1081.035 114.903
1081.335 119.571
1081.635 122.239
1081.935 127.574
1082.235 138.242
1082.535 145.577
1082.836 146.912
1083.136 164.580
1083.436 176.581
1083.736 165.582
1084.036 134.584
1084.336 137.585
1084.636 160.920
1084.937 188.921
1085.237 183.923
1085.537 161.924
1085.837 139.926
1086.137 138.927
1086.437 136.262
1086.737 132.263
1087.038 125.264
1087.338 144.266
1087.638 141.267
1087.938 124.935
1088.238 112.270
1088.538 113.938
1088.838 130.273
1089.139 125.607
1089.439 140.609
1089.739 150.610
1090.039 153.611
1090.339 143.280
1090.639 132.614
1090.939 126.949
1091.240 133.617
1091.540 143.285
1091.840 152.620
1092.140 154.621
1092.453 152.289
1092.766 152.624
1093.079 139.958
1093.392 130.293
1093.705 130.628
1094.018 141.963
1094.330 151.631
1094.643 169.299
1094.956 163.633
1095.269 158.968
1095.582 132.636
1095.895 126.304
1096.208 145.639
1096.521 167.307
1096.834 188.308
1097.147 188.309
1097.460 198.977
1097.773 187.979
1098.085 159.647
1098.398 134.315
1098.711 119.983
1099.024 123.651
1099.337 126.985
1099.650 146.987
1099.963 147.321
1100.276 146.656
1100.589 153.324
1100.902 158.325
1101.215 156.993
1101.528 145.661
1101.841 142.663
1102.153 153.997
1102.466 145.665
1102.779 127.000
1103.092 117.335
1103.405 126.669
1103.718 138.671
1104.031 142.672
1104.344 133.340
1104.657 147.008
1104.970 151.343
1105.283 165.677
1105.596 158.679
1105.909 150.680
1106.221 149.681
1106.534 162.683
1106.847 147.684
1107.160 126.685
1107.473 111.020
1107.786 118.688
1108.099 134.022
1108.412 139.357
1108.725 135.025
1109.038 140.026
1109.351 159.694
1109.664 161.362
1109.977 146.030
1110.289 135.031
1110.602 154.033
1110.915 157.367
1111.228 141.035
1111.541 135.370
1111.854 152.371
1112.167 171.039
1112.480 160.041
1112.793 129.042
1113.106 109.710
1113.419 113.378
1113.732 130.046
1114.044 140.047
1114.357 137.382
1114.670 135.050
1114.983 136.384
1115.296 156.719
1115.609 153.053
1115.922 128.388
1116.235 103.723
1116.548 105.057
1116.861 121.725
1117.174 114.726
1117.487 120.728
1117.800 129.062
1118.112 145.064
1118.425 152.398
1118.738 138.399
1119.051 114.734
1119.364 101.402
1119.677 119.737
1119.990 145.071
1120.303 157.739
1120.616 146.740
1120.929 137.408
1121.242 123.743
1121.555 130.744
1121.868 138.079
1122.180 142.413
1122.493 132.081
1122.806 123.416
1123.119 118.084
1123.432 123.418
1123.745 131.420
1124.058 135.088
1124.371 131.089
1124.684 127.090
1124.997 121.091
1125.310 113.426
1125.623 104.094
1125.935 111.095
1126.248 123.430
1126.561 138.764
1126.874 148.432
1127.187 183.100
1127.500 197.768
1127.813 188.769
1128.126 143.770
1128.439 138.105
1128.752 140.439
1129.065 122.107
1129.378 108.109
1129.691 119.777
1130.003 160.111
1130.316 167.446
1130.629 148.780
1130.942 126.115
1131.255 111.783
1131.568 117.451
1131.881 125.452
1132.194 125.120
1132.507 133.454
1132.820 143.455
1133.133 149.790
1133.446 155.458
1133.759 179.459
1134.071 196.794
1134.384 188.128
1134.697 172.463
1135.010 167.131
1135.323 161.132
1135.636 141.466
1135.949 120.134
1136.262 108.135
1136.575 93.470
1136.888 90.138
1137.201 104.806
1137.514 136.140
1137.826 160.475
1138.139 164.809
1138.452 160.144
1138.765 155.812
1139.078 157.146
1139.391 153.814
1139.704 153.482
1140.017 156.817
1140.330 152.151
1140.643 159.152
1140.956 157.154
1141.269 155.155
1141.582 148.489
1141.894 154.157
1142.207 151.492
1142.520 146.493
1142.833 122.494
1143.146 116.162
1143.459 111.163
1143.772 128.831
1144.085 149.165
1144.398 151.167
1144.711 137.168
1145.024 125.836
1145.337 136.837
1145.650 147.171
1145.962 142.506
1146.275 132.507
1146.588 149.175
1146.901 160.176
1147.214 165.844
1147.527 150.178
1147.840 153.180
1148.153 156.514
1148.466 134.182
1148.779 131.183
1149.092 134.518
1149.405 152.519
1149.718 145.187
1150.030 144.854
1150.343 154.189
1150.656 154.857
1150.969 156.191
1151.282 135.526
1151.595 128.860
1151.908 109.528
1152.221 107.529
1152.534 138.530
1152.847 160.198
1153.160 180.533
1153.473 155.534
1153.785 129.202
1154.098 124.203
1154.411 114.871
1154.724 134.205
1155.037 142.540
1155.350 162.208
1155.663 151.209
1155.976 143.210
1156.289 123.211
1156.602 124.212
1156.915 124.880
1157.228 128.881
1157.541 128.216
1157.853 137.217
1158.166 159.551
1158.479 160.552
1158.792 150.553
1159.105 144.555
1159.418 154.556
1159.731 163.557
1160.044 159.891
1160.357 155.893
1160.670 137.894
1160.983 135.228
1161.296 143.229
1161.609 155.564
1161.921 158.232
1162.234 138.566
1162.547 122.234
1162.860 115.235
1163.173 116.569
1163.486 131.904
1163.799 127.238
1164.112 132.573
1164.425 121.241
1164.738 128.575
1165.051 140.243
1165.364 152.577
1165.676 156.912
1165.989 159.246
1166.302 169.581
1166.615 158.582
1166.928 152.250
1167.241 143.251
1167.554 145.252
1167.867 133.920
1168.180 125.921
1168.493 139.922
1168.806 145.923
1169.119 150.924
1169.432 150.925
1169.744 153.593
1170.057 154.927
1170.370 142.595
1170.683 136.930
1170.996 112.264
1171.309 98.265
1171.622 92.266
1171.935 120.934
1172.248 145.935
1172.561 154.270
1172.874 152.271
1173.187 154.605
1173.500 165.939
1173.812 164.607
1174.125 163.275
1174.438 153.276
1174.751 143.277
1175.064 140.278
1175.377 147.279
1175.690 152.614
1176.003 148.282
1176.316 149.616
1176.629 153.617
1176.942 146.952
1177.255 133.953
1177.567 137.620
1177.880 143.621
1178.193 146.289
1178.506 140.624
1178.819 148.958
1179.132 158.959
1179.445 168.627
1179.758 175.628
1180.071 177.629
1180.384 179.297
1180.697 160.298
1181.010 163.632
1181.323 167.633
1181.635 173.634
1181.948 161.636
1182.261 134.303
1182.574 115.304
1182.887 114.972
1183.200 131.973
1183.513 162.974
1183.826 166.309
1184.139 154.643
1184.452 131.311
1184.765 110.312
1185.078 104.313
1185.391 105.314
1185.703 115.982
1186.016 119.316
1186.329 121.984
1186.642 134.318
1186.955 134.986
1187.268 136.320
1187.581 140.321
1187.894 174.322
1188.207 187.990
1188.520 172.991
1188.833 138.992
1189.146 131.660
1189.459 135.661
1189.771 129.329
1190.084 112.663
1190.397 106.998
1190.710 117.665
1191.023 136.666
1191.336 147.667
1191.649 158.668
1191.962 159.003
1192.275 167.004
1192.588 164.338
1192.901 163.673
1193.214 149.674
1193.526 145.008
1193.839 139.676
1194.152 133.010
1194.465 126.345
1194.778 128.679
1195.091 134.680
1195.404 137.348
1195.717 129.349
1196.030 133.683
1196.343 125.351
1196.656 120.685
1196.969 126.353
1197.282 151.687
1197.594 183.688
1197.907 186.689
1198.220 173.024
1198.533 145.691
1198.846 117.026
1199.159 118.360
1199.472 148.028
1199.785 167.696
1200.098 176.030
1200.411 169.364
1200.724 153.699
1201.037 129.033
1201.350 105.701
1201.662 125.035
1201.975 142.703
1202.288 131.704
1202.601 119.038
