165.028 36.409
165.288 32.290
165.547 40.052
165.807 51.815
166.067 67.579
166.327 62.009
166.587 43.440
166.847 31.872
167.107 24.970
167.367 36.069
167.627 38.835
167.886 37.935
168.146 35.036
168.406 41.470
168.666 43.238
168.926 41.006
169.186 38.775
169.446 40.544
169.706 36.314
169.966 23.417
170.225 25.521
170.485 36.292
170.745 66.063
171.005 69.834
171.265 61.606
171.525 36.379
171.785 10.152
172.045 5.925
172.305 -3.302
172.564 1.472
172.824 0.913
173.084 -0.979
173.344 21.463
173.604 44.571
173.864 59.347
174.124 48.456
174.384 25.233
174.644 21.343
174.903 29.120
175.163 51.564
175.423 58.008
175.683 47.119
175.943 25.564
176.203 25.010
176.463 22.122
176.723 21.901
176.983 13.014
177.242 24.127
177.502 38.907
177.762 38.354
178.022 23.801
178.282 7.916
178.542 10.697
178.802 33.478
179.062 51.927
179.322 52.709
179.581 32.824
179.841 24.940
180.101 36.056
180.361 48.506
180.621 46.622
180.881 53.073
181.141 56.856
181.401 54.307
181.661 38.758
181.920 28.542
182.180 26.660
182.440 25.111
182.700 18.896
182.960 8.682
183.220 12.134
183.480 26.919
183.740 44.705
184.000 39.158
184.259 42.610
184.519 32.730
184.779 38.517
185.039 33.637
185.299 42.423
185.559 45.544
185.819 59.998
186.079 71.118
186.339 56.573
186.598 19.694
186.858 -9.185
187.118 5.269
187.378 24.391
187.638 40.512
187.898 37.967
188.158 31.089
188.418 31.544
188.678 34.666
188.937 37.789
189.197 35.244
189.457 29.367
189.717 26.822
189.977 33.612
190.237 45.735
190.497 50.857
190.757 46.647
191.017 24.437
191.276 15.226
191.536 6.683
191.796 9.139
192.056 22.596
192.316 22.720
192.576 16.176
192.836 10.633
193.096 14.090
193.356 16.547
193.616 11.338
193.875 1.128
194.135 11.252
194.395 14.043
194.655 22.833
194.915 20.291
195.175 33.748
195.435 34.205
195.695 19.330
195.955 11.120
196.214 19.245
196.474 34.369
196.734 34.160
196.994 35.951
197.254 45.408
197.514 50.199
197.774 37.323
198.034 15.781
198.294 4.572
198.553 14.030
198.813 26.821
199.073 39.945
199.333 55.736
199.593 70.527
199.853 79.985
200.113 75.109
200.373 47.900
200.633 18.357
200.892 13.482
201.152 29.606
201.412 35.397
201.672 34.187
201.932 31.645
202.192 34.436
202.452 29.560
202.712 37.017
202.972 50.474
203.231 48.932
203.491 43.056
203.751 43.179
204.011 51.303
204.271 39.760
204.531 14.884
204.791 -1.326
205.051 -8.869
205.311 -5.412
205.570 1.045
205.830 28.502
206.090 39.625
206.350 45.081
206.610 34.205
206.870 41.661
207.130 47.451
207.390 47.907
207.650 49.030
207.909 40.486
208.169 37.609
208.429 27.065
208.689 24.854
208.949 44.310
209.209 59.765
209.469 70.554
209.729 65.343
209.989 52.465
210.248 53.254
210.508 60.709
210.768 59.498
211.028 37.619
211.288 19.741
211.548 35.862
211.808 46.317
212.068 65.438
212.328 81.559
212.587 89.014
212.847 74.135
213.107 59.922
213.367 70.376
213.627 80.830
213.887 66.284
214.147 52.071
214.407 40.524
214.667 56.311
214.926 77.097
215.186 84.884
215.446 76.670
215.706 62.123
215.966 51.909
216.226 35.362
216.486 16.814
216.746 20.266
217.006 28.719
217.265 28.504
217.525 41.622
217.785 79.074
218.045 111.192
218.305 87.644
218.565 44.762
218.825 29.213
219.085 35.331
219.345 39.115
219.604 48.565
219.864 64.683
220.124 68.466
220.384 56.583
220.644 32.700
220.904 29.150
221.164 16.266
221.424 27.049
221.684 44.832
221.943 53.281
222.203 62.064
222.463 55.513
222.723 56.295
222.983 49.410
223.243 34.192
223.503 18.640
223.763 -1.579
224.023 11.203
224.282 42.650
224.542 68.098
224.802 68.212
225.062 70.993
225.322 85.106
225.582 88.886
225.842 76.666
226.102 62.446
226.362 65.893
226.621 81.672
226.881 94.785
227.141 83.231
227.401 48.676
227.661 29.455
227.921 41.567
228.181 64.679
228.441 65.790
228.701 63.235
228.960 64.679
229.220 68.457
229.480 78.901
229.740 89.678
230.000 84.789
230.260 59.566
230.520 26.009
230.780 17.785
231.040 30.228
231.299 49.004
231.559 60.780
231.819 46.556
232.079 40.998
232.339 37.107
232.599 46.215
232.859 67.990
233.119 57.765
233.379 61.873
233.638 63.981
233.898 80.755
234.158 71.862
234.418 54.636
234.678 58.410
234.938 56.516
235.198 55.289
235.458 53.062
235.718 56.835
235.978 41.941
236.237 36.380
236.497 57.485
236.757 71.924
237.017 66.696
237.277 66.134
237.537 73.572
237.797 68.343
238.057 44.114
238.317 26.551
238.576 33.655
238.836 36.426
239.096 45.196
239.356 54.632
239.616 51.069
239.876 36.838
240.136 37.274
240.396 54.043
240.656 71.145
240.915 62.581
241.175 44.349
241.435 43.784
241.695 57.885
241.955 78.653
242.215 80.421
242.475 68.188
242.735 65.622
242.995 57.723
243.254 63.156
243.514 43.589
243.774 33.356
244.034 35.455
244.294 49.554
244.554 54.987
244.814 46.419
245.074 37.518
245.334 57.616
245.593 64.381
245.853 65.146
246.113 63.910
246.373 84.674
246.633 103.772
246.893 104.536
247.153 102.299
247.413 107.396
247.673 98.159
247.932 66.922
248.192 58.018
248.452 64.448
248.712 76.543
248.972 79.972
249.232 73.068
249.492 58.496
249.752 43.591
250.012 50.685
250.271 71.447
250.531 85.874
250.791 82.635
251.051 75.729
251.311 58.822
251.571 67.582
251.831 72.676
252.091 79.768
252.351 69.861
252.610 71.287
252.870 75.379
253.130 79.472
253.390 83.230
253.650 90.655
253.911 95.747
254.172 83.838
254.433 69.262
254.694 64.687
254.955 76.444
255.216 91.201
255.477 87.291
255.738 72.048
255.999 53.471
256.261 46.894
256.522 47.984
256.783 45.740
257.044 54.829
257.305 67.584
257.566 69.006
257.827 59.428
258.088 47.849
258.349 61.270
258.610 72.025
258.871 77.112
259.132 58.866
259.393 39.620
259.654 31.374
259.915 38.127
260.176 48.880
260.437 52.633
260.698 42.720
260.959 51.472
261.221 69.224
261.482 83.977
261.743 80.062
262.004 71.147
262.265 66.232
262.526 54.317
262.787 47.734
263.048 61.819
263.309 81.236
263.570 86.653
263.831 82.070
264.092 51.820
264.353 54.904
264.614 68.653
264.875 90.403
265.136 88.486
265.397 86.235
265.658 102.650
265.919 108.399
266.181 104.481
266.442 100.563
266.703 87.311
266.964 67.392
267.225 48.473
267.486 57.221
267.747 84.301
268.008 99.382
268.269 95.129
268.530 77.209
268.791 67.622
269.052 73.702
269.313 89.114
269.574 104.860
269.835 97.939
270.096 92.018
270.357 82.430
270.618 80.509
270.879 67.587
271.141 54.999
271.402 38.410
271.663 28.821
271.924 23.565
272.185 40.309
272.446 46.386
272.707 49.797
272.968 54.540
273.229 68.617
273.490 70.360
273.751 58.102
274.012 58.512
274.273 81.921
274.534 108.997
274.795 108.739
275.056 79.814
275.317 44.556
275.578 44.630
275.839 66.038
276.101 90.780
276.362 85.521
276.623 82.261
276.884 79.002
277.145 80.409
277.406 59.816
277.667 34.223
277.928 27.629
278.189 48.702
278.450 72.108
278.711 83.514
278.972 82.920
279.233 95.659
279.494 106.398
279.755 115.136
280.016 101.541
280.277 86.946
280.538 61.684
280.799 41.755
281.061 27.493
281.322 45.897
281.583 69.634
281.844 80.038
282.105 85.442
282.366 72.512
282.627 65.248
282.888 50.985
283.149 43.721
283.410 53.124
283.671 55.860
283.932 50.595
284.193 42.331
284.454 47.400
284.715 62.801
284.976 70.870
285.237 86.604
285.498 98.672
285.759 96.740
286.021 86.475
286.282 91.209
286.543 105.609
286.804 101.676
287.065 94.077
287.326 72.477
287.587 73.210
287.848 85.276
288.109 102.343
288.370 77.742
288.631 47.808
288.892 22.874
289.153 27.273
289.414 40.005
289.675 55.403
289.936 69.135
290.197 56.866
290.458 37.598
290.719 38.662
290.981 58.060
291.242 80.124
291.503 69.522
291.764 48.586
292.025 41.983
292.286 59.713
292.547 81.776
292.808 88.840
293.069 70.236
293.330 64.299
293.591 56.028
293.852 52.424
294.113 49.487
294.374 76.216
294.635 103.611
294.896 119.340
295.157 100.401
295.418 107.796
295.679 104.858
295.941 101.252
296.202 90.980
296.463 99.375
296.724 117.769
296.985 112.163
297.246 84.223
297.507 61.284
297.768 58.344
298.029 94.071
298.290 118.130
298.551 123.190
298.812 95.583
299.073 85.643
299.334 92.368
299.595 92.428
299.856 89.153
300.117 80.545
300.378 82.937
300.639 77.329
300.901 73.054
301.162 79.779
301.423 97.170
301.684 104.228
301.945 94.953
302.206 82.344
302.467 79.735
302.728 83.459
302.989 70.849
303.250 76.906
303.511 89.963
303.772 107.353
304.033 102.076
304.294 86.466
304.555 82.856
304.816 72.245
305.077 54.634
305.338 44.690
305.599 48.746
305.861 76.468
306.122 90.857
306.383 88.912
306.644 65.300
306.905 63.355
307.166 63.744
307.427 63.132
307.688 42.186
307.949 39.907
308.210 52.962
308.471 76.349
308.732 98.736
308.993 113.457
309.254 100.511
309.515 72.897
309.776 66.618
310.037 76.337
310.298 86.391
310.559 84.777
310.821 87.497
311.082 93.883
311.343 81.602
311.604 72.654
311.865 75.040
312.126 78.426
312.387 79.811
312.648 71.863
312.909 79.248
313.170 83.633
313.434 72.684
313.698 52.403
313.963 40.787
314.227 54.505
314.491 71.556
314.755 61.940
315.019 44.991
315.284 53.375
315.548 68.759
315.812 93.809
316.076 99.526
316.340 110.576
316.604 109.292
316.869 100.342
317.133 104.059
317.397 102.775
317.661 104.824
317.925 102.540
318.190 110.256
318.454 93.972
318.718 84.354
318.982 84.403
319.246 122.785
319.511 132.500
319.775 116.549
320.039 101.930
320.303 117.312
320.567 132.026
320.832 120.074
321.096 98.455
321.360 89.170
321.624 83.551
321.888 89.265
322.153 93.979
322.417 91.026
322.681 88.406
322.945 95.453
323.209 104.500
323.473 91.880
323.738 80.593
324.002 98.640
324.266 121.020
324.530 116.399
324.794 99.112
325.059 84.158
325.323 82.204
325.587 82.583
325.851 109.629
326.115 130.674
326.380 140.053
326.644 126.098
326.908 110.143
327.172 101.855
327.436 106.900
327.701 110.945
327.965 101.323
328.229 71.034
328.493 65.079
328.757 87.123
329.022 95.501
329.286 87.878
329.550 75.589
329.814 69.299
330.078 62.010
330.342 51.720
330.607 58.097
330.871 74.474
331.135 86.184
331.399 87.560
331.663 88.270
331.928 92.647
332.192 104.356
332.456 95.399
332.720 67.775
332.984 58.484
333.249 63.193
333.513 73.569
333.777 71.278
334.041 78.987
334.305 95.362
334.570 86.071
334.834 81.113
335.098 75.155
335.362 92.196
335.626 71.904
335.891 57.279
336.155 59.987
336.419 68.028
336.683 68.069
336.947 53.444
337.211 48.485
337.476 56.859
337.740 61.233
338.004 68.273
338.268 69.647
338.532 73.021
338.797 87.395
339.061 98.768
339.325 126.475
339.589 141.515
339.853 146.555
340.118 123.594
340.382 118.301
340.646 111.007
340.910 103.046
341.174 87.086
341.439 90.792
341.703 99.164
341.967 96.870
342.231 82.576
342.495 87.281
342.759 106.653
343.024 119.359
343.288 115.397
343.552 83.102
343.816 82.807
344.080 88.179
344.345 97.551
344.609 78.922
344.873 61.627
345.137 64.998
345.401 79.369
345.666 95.740
345.930 106.444
346.194 101.149
346.458 81.853
346.722 75.223
346.987 85.927
347.251 112.965
347.515 114.668
347.779 90.705
348.043 59.409
348.308 56.112
348.572 66.149
348.836 66.852
349.100 65.889
349.364 70.925
349.628 82.962
349.893 89.664
350.157 102.034
350.421 113.737
350.685 112.773
350.949 101.809
351.214 86.844
351.478 84.213
351.742 96.916
352.006 97.285
352.270 89.320
352.535 75.689
352.799 82.724
353.063 95.092
353.327 86.461
353.591 74.829
353.856 66.197
354.120 84.899
354.384 103.267
354.648 99.302
354.912 80.003
355.177 70.371
355.441 88.405
355.705 100.106
355.969 99.140
356.233 95.841
356.497 102.209
356.762 106.909
357.026 102.610
357.290 89.977
357.554 81.677
357.818 64.711
358.083 61.411
358.347 69.778
358.611 102.145
358.875 113.845
359.139 104.545
359.404 83.911
359.668 76.611
359.932 81.644
360.196 85.677
360.460 100.043
360.725 104.742
360.989 118.775
361.253 130.474
361.517 135.840
361.781 118.873
362.046 87.905
362.310 68.271
362.574 63.636
362.838 62.002
363.102 78.700
363.366 81.066
363.631 89.431
363.895 103.796
364.159 111.161
364.423 111.526
364.687 94.224
364.952 109.589
365.216 114.620
365.480 99.985
365.747 77.683
366.013 64.714
366.280 71.412
366.546 73.776
366.813 70.141
367.079 65.505
367.346 59.536
367.612 77.567
367.879 93.597
368.145 95.961
368.412 90.658
368.678 99.355
368.945 116.719
369.211 120.083
369.478 98.446
369.744 91.476
370.011 83.840
370.278 101.203
370.544 112.900
370.811 124.263
371.077 126.626
371.344 126.656
371.610 128.686
371.877 118.715
372.143 111.078
372.410 114.774
372.676 124.470
372.943 119.499
373.209 89.529
373.476 56.224
373.742 55.587
374.009 86.949
374.276 122.978
374.542 128.340
374.809 99.369
375.075 54.065
375.342 29.093
375.608 36.788
375.875 66.484
376.141 76.845
376.408 92.207
376.674 98.236
376.941 103.597
377.207 131.959
377.474 149.653
377.740 144.015
378.007 96.043
378.273 77.404
378.540 93.432
378.807 104.126
379.073 83.821
379.340 61.849
379.606 49.876
379.873 51.570
380.139 64.598
380.406 79.959
380.672 94.319
380.939 102.013
381.205 91.374
381.472 78.734
381.738 71.095
382.005 76.788
382.271 82.149
382.538 90.509
382.804 105.202
383.071 111.229
383.338 92.256
383.604 87.616
383.871 98.976
384.137 120.669
384.404 122.029
384.670 108.055
384.937 87.081
385.203 63.108
385.470 66.134
385.736 87.493
386.003 107.519
386.269 101.212
386.536 89.571
386.802 96.597
387.069 108.290
387.336 100.649
387.602 85.675
387.869 80.034
388.135 80.059
388.402 87.085
388.668 102.443
388.935 121.802
389.201 129.828
389.468 123.520
389.734 110.545
390.001 88.903
390.267 74.928
390.534 83.620
390.800 98.645
391.067 116.003
391.333 117.362
391.600 126.720
391.867 133.411
392.133 128.103
392.400 97.794
392.666 65.819
392.933 59.177
393.199 68.534
393.466 83.892
393.732 111.250
393.999 133.274
394.265 122.965
394.532 89.989
394.798 71.013
395.065 75.038
395.331 76.395
395.598 66.086
395.864 70.443
396.131 84.467
396.398 116.157
396.664 136.514
396.931 146.871
397.197 121.895
397.464 122.585
397.730 142.609
397.997 186.966
398.263 224.989
398.530 257.013
398.796 291.036
399.063 297.393
399.329 310.082
399.596 317.106
399.862 323.462
400.129 319.485
400.396 303.842
400.662 301.531
400.929 303.554
401.195 318.577
401.462 319.933
401.728 314.956
401.995 323.645
402.261 326.668
402.528 315.024
402.794 328.380
403.061 361.069
403.327 385.091
403.594 368.114
403.860 351.803
404.127 346.158
404.393 358.181
404.660 377.203
404.931 396.225
405.202 384.914
405.473 385.936
405.745 417.624
406.016 463.646
406.287 497.335
406.558 540.024
406.829 585.379
407.100 625.067
407.371 614.422
407.642 601.777
407.914 573.465
408.185 567.154
408.456 579.842
408.727 603.197
408.998 634.885
409.269 662.906
409.540 664.927
409.811 651.282
410.083 618.303
410.354 594.324
410.625 576.345
410.896 571.700
411.167 579.721
411.438 578.075
411.709 577.430
411.981 550.784
412.252 511.471
412.523 467.825
412.794 444.846
413.065 417.534
413.336 393.888
413.607 375.575
413.878 369.929
414.150 344.616
414.421 296.303
414.692 270.324
414.963 271.677
415.234 269.031
415.505 248.718
415.776 207.405
416.047 187.758
416.319 169.445
416.590 145.799
416.861 136.819
417.132 137.172
417.403 141.192
417.674 128.212
417.945 99.899
418.217 85.252
418.488 90.605
418.759 107.291
419.030 113.644
419.301 105.664
419.572 112.350
419.843 123.370
420.114 128.390
420.386 117.409
420.657 100.762
420.928 87.448
421.199 76.467
421.470 74.487
421.741 83.173
422.012 83.192
422.283 81.878
422.555 88.230
422.826 98.916
423.097 102.935
423.368 84.621
423.639 73.640
423.910 86.659
424.181 104.678
424.453 119.697
424.724 120.716
424.995 132.068
425.266 143.420
425.537 137.772
425.808 112.791
426.079 82.143
426.350 51.828
426.622 51.513
426.893 66.198
427.164 92.883
427.435 91.568
427.706 93.920
427.977 98.939
428.248 108.624
428.519 109.975
428.791 125.327
429.062 124.678
429.333 109.030
429.604 93.048
429.875 100.733
430.146 119.751
430.417 116.102
430.689 106.120
430.960 96.471
431.231 104.822
431.502 116.840
431.773 102.525
432.044 89.209
432.315 86.560
432.586 107.245
432.858 104.596
433.129 89.947
433.400 88.964
433.671 87.982
433.942 80.999
434.213 79.350
434.484 90.368
434.755 91.052
435.027 78.069
435.298 70.753
435.569 63.437
435.840 59.121
436.116 57.471
436.391 87.822
436.667 110.839
436.942 128.189
437.218 123.207
437.493 121.557
437.769 117.907
438.045 117.258
438.320 116.274
438.596 119.291
438.871 120.308
439.147 91.658
439.422 66.342
439.698 66.692
439.974 114.709
440.249 161.725
440.525 151.075
440.800 138.425
441.076 135.775
441.351 156.125
441.627 161.141
441.903 147.825
442.178 142.174
442.454 138.191
442.729 122.207
443.005 134.557
443.281 155.573
443.556 168.923
443.832 146.272
444.107 111.288
444.383 117.638
444.658 130.987
444.934 141.337
445.210 136.020
445.485 139.702
445.761 136.718
446.036 139.068
446.312 133.417
446.587 121.099
446.863 120.449
447.139 136.798
447.414 152.480
447.690 146.829
447.965 130.845
448.241 145.194
448.516 170.210
448.792 189.892
449.068 198.908
449.343 188.590
449.619 180.939
449.894 174.288
450.170 186.303
450.445 209.652
450.721 203.334
450.997 182.349
451.272 154.698
451.548 146.047
451.823 149.395
452.099 155.077
452.375 170.759
452.650 192.108
452.926 193.789
453.201 183.804
453.477 169.486
453.752 168.168
454.028 169.516
454.304 165.531
454.579 165.546
454.855 190.895
455.130 226.576
455.406 241.591
455.681 231.606
455.957 207.287
456.233 194.302
456.508 182.650
456.784 165.665
457.059 169.346
457.335 182.028
457.610 197.376
457.886 188.057
458.162 172.072
458.437 164.419
458.713 175.101
458.988 173.115
459.264 144.796
459.539 123.144
459.815 115.158
460.091 114.506
460.366 94.854
460.642 80.535
460.917 82.549
461.193 89.897
461.468 90.911
461.744 67.925
462.020 51.939
462.295 48.620
462.571 62.301
462.846 82.648
463.122 100.329
463.397 102.318
463.673 95.304
463.949 76.628
464.224 79.639
464.500 93.014
464.775 107.309
465.051 123.640
465.327 129.227
465.602 146.927
465.878 148.227
466.153 167.934
466.429 179.536
466.704 197.642
466.980 202.389
467.256 215.283
467.531 226.447
467.807 224.600
468.082 219.608
468.358 224.458
468.633 237.329
468.909 234.963
469.185 213.676
469.460 195.140
469.736 180.865
470.011 177.861
470.287 190.035
470.562 203.284
470.838 217.328
471.114 212.108
471.389 211.591
471.665 206.011
471.940 206.842
472.216 181.332
472.491 154.769
472.767 142.419
473.043 156.339
473.318 176.754
473.594 168.471
473.869 152.388
474.145 135.845
474.421 122.633
474.696 107.755
474.972 110.911
475.247 118.770
475.523 134.442
475.798 141.538
476.074 142.909
476.350 144.281
476.625 149.783
476.901 151.833
477.176 138.868
477.452 114.010
477.727 91.904
478.003 95.271
478.279 103.720
478.554 110.203
478.830 101.042
479.105 105.367
479.381 124.210
479.656 139.703
479.932 138.275
480.208 137.118
480.483 147.830
480.759 142.704
481.034 139.971
481.310 135.119
481.585 139.086
481.861 134.252
482.137 130.815
482.412 135.676
482.688 134.176
482.963 125.993
483.239 100.192
483.514 75.078
483.790 93.296
484.066 131.811
484.341 156.698
484.617 148.532
484.892 126.805
485.168 116.421
485.443 111.085
485.719 104.038
485.995 107.260
486.270 98.825
486.546 90.172
486.821 81.162
487.097 83.049
487.373 110.508
487.648 132.050
487.924 116.864
488.199 77.157
488.475 62.323
488.750 93.065
489.026 120.217
489.302 108.790
489.577 90.094
489.853 99.173
490.128 131.433
490.404 145.439
490.679 149.268
490.955 149.228
491.231 149.891
491.506 137.269
491.782 109.935
492.057 111.577
492.333 120.031
492.608 142.873
492.884 127.881
493.160 110.990
493.435 96.064
493.711 102.637
493.986 116.373
494.262 117.691
494.537 118.107
494.813 109.689
495.089 120.902
495.364 124.227
495.640 118.671
495.915 115.821
496.191 107.749
496.467 121.639
496.742 121.121
497.018 111.329
497.293 107.186
497.569 102.374
497.844 121.602
498.120 133.672
498.396 136.776
498.671 141.884
498.947 139.015
499.222 142.093
499.498 167.409
499.773 190.828
500.049 209.601
500.325 211.319
500.600 222.628
500.876 238.000
501.151 246.351
501.427 265.121
501.702 307.165
501.978 352.078
502.254 378.348
502.529 406.799
502.805 435.839
503.080 455.073
503.356 449.811
503.631 446.079
503.907 464.756
504.183 481.589
504.458 485.487
504.734 491.734
505.009 486.009
505.285 477.930
505.560 451.462
505.836 449.786
506.112 436.116
506.387 400.927
506.663 353.597
506.938 309.654
507.214 302.818
507.490 299.588
507.765 302.437
508.041 289.225
508.316 260.496
508.592 225.340
508.867 203.881
509.143 206.088
509.419 194.547
509.694 177.702
509.970 167.064
510.245 179.925
510.521 173.067
510.796 163.955
511.072 164.776
511.348 176.992
511.623 166.450
511.899 148.996
512.174 148.060
512.450 155.254
512.725 161.120
513.001 147.156
513.277 145.968
513.552 145.395
513.828 141.254
514.103 132.286
514.379 119.400
514.654 130.102
514.930 155.416
515.206 193.259
515.481 206.837
515.757 181.858
516.032 157.734
516.308 165.303
516.583 179.708
516.859 188.979
517.135 196.813
517.410 203.837
517.686 218.629
517.961 215.900
518.237 217.919
518.513 242.383
518.788 278.065
519.064 313.372
519.339 319.301
519.615 321.453
519.890 342.041
520.166 370.938
520.442 397.999
520.717 429.157
520.993 433.979
521.268 444.254
521.544 434.855
521.819 455.574
522.095 462.356
522.371 458.573
522.646 470.087
522.922 485.271
523.197 499.684
523.473 490.916
523.748 486.932
524.024 497.148
524.300 493.010
524.575 491.424
524.851 488.725
525.126 499.898
525.402 503.097
525.677 498.326
525.953 488.292
526.229 484.792
526.504 494.361
526.780 483.678
527.055 465.186
527.331 465.834
527.606 486.577
527.882 507.161
528.158 530.525
528.433 543.820
528.709 548.631
528.984 545.803
529.260 551.431
529.535 549.045
529.811 522.286
530.087 484.627
530.362 466.358
530.638 453.499
530.913 462.810
531.189 470.661
531.465 464.194
531.740 448.396
532.016 428.083
532.291 426.244
532.567 405.217
532.842 381.709
533.118 352.864
533.394 316.391
533.669 276.857
533.945 257.628
534.220 262.915
534.496 276.070
534.771 287.080
535.047 280.525
535.323 263.061
535.598 239.733
535.874 238.522
536.149 251.792
536.425 256.849
536.700 258.742
536.976 264.893
537.252 281.608
537.527 315.187
537.803 382.568
538.078 465.928
538.354 549.179
538.629 631.694
538.905 713.118
539.181 800.314
539.456 888.569
539.732 976.698
540.007 1050.734
540.283 1105.365
540.558 1147.618
540.834 1204.125
541.110 1230.031
541.385 1271.356
541.661 1321.336
541.936 1369.324
542.212 1391.900
542.488 1373.739
542.763 1363.290
543.039 1337.631
543.314 1298.156
543.590 1252.267
543.865 1213.979
544.141 1195.450
544.417 1190.162
544.692 1187.853
544.968 1173.675
545.243 1135.616
545.519 1103.213
545.794 1092.618
546.070 1090.025
546.348 1057.892
546.627 1007.854
546.905 977.362
547.183 966.119
547.461 982.371
547.740 982.704
548.018 974.767
548.296 954.252
548.575 950.956
548.853 974.797
549.131 1011.197
549.409 1051.889
549.688 1091.248
549.966 1120.356
550.244 1139.494
550.523 1121.269
550.801 1088.491
551.079 1101.918
551.357 1152.935
551.636 1216.012
551.914 1226.023
552.192 1248.992
552.471 1279.792
552.749 1283.920
553.027 1276.009
553.306 1283.667
553.584 1312.992
553.862 1338.780
554.140 1330.165
554.419 1328.553
554.697 1321.263
554.975 1322.361
555.254 1321.083
555.532 1332.810
555.810 1354.135
556.088 1370.392
556.367 1360.973
556.645 1332.642
556.923 1300.994
557.202 1295.934
557.480 1280.770
557.758 1245.687
558.036 1181.500
558.315 1121.963
558.593 1070.883
558.871 1022.503
559.150 962.261
559.428 903.648
559.706 841.887
559.984 802.388
560.263 764.113
560.541 709.020
560.819 629.426
561.098 550.678
561.376 474.964
561.654 406.169
561.932 359.913
562.211 349.226
562.489 351.146
562.767 331.940
563.046 297.601
563.324 265.698
563.602 244.501
563.880 236.191
564.159 228.367
564.437 218.457
564.715 191.913
564.994 172.479
565.272 152.290
565.550 135.982
565.828 144.564
566.107 158.103
566.385 157.790
566.663 139.990
566.942 135.834
567.220 160.589
567.498 171.859
567.776 168.071
568.055 153.975
568.333 151.846
568.611 151.947
568.890 137.656
569.168 120.434
569.446 122.515
569.725 135.113
570.003 122.585
570.281 110.714
570.559 117.261
570.838 135.730
571.116 137.105
571.394 134.302
571.673 136.337
571.951 131.892
572.229 115.473
572.507 103.897
572.786 119.265
573.064 132.642
573.342 123.646
573.621 107.818
573.899 123.584
574.177 142.541
574.455 140.043
574.734 122.557
575.012 123.306
575.290 143.966
575.569 142.466
575.847 139.946
576.125 123.359
576.403 118.205
576.682 110.502
576.960 112.878
577.243 126.752
577.527 123.146
577.810 107.780
578.093 97.398
578.377 119.569
578.660 149.927
578.944 156.945
579.227 136.631
579.510 108.746
579.794 81.049
580.077 72.161
580.360 78.152
580.644 96.443
580.927 117.706
581.210 119.802
581.494 112.550
581.777 106.673
582.061 103.723
582.344 93.822
582.627 82.237
582.911 86.933
583.194 109.249
583.477 126.583
583.761 142.890
584.044 137.612
584.327 126.343
584.611 118.743
584.894 126.075
585.178 134.740
585.461 129.085
585.744 113.471
586.028 103.521
586.311 103.567
586.594 101.906
586.878 110.579
587.161 138.252
587.444 151.258
587.728 145.598
588.011 112.271
588.295 111.570
588.578 109.208
588.861 103.881
589.145 116.315
589.428 116.689
589.711 114.335
589.995 105.910
590.278 124.916
590.562 137.909
590.845 132.881
591.128 118.475
591.412 107.159
591.695 117.478
591.978 129.511
592.262 137.437
592.545 130.458
592.828 117.400
593.112 127.044
593.395 125.304
593.679 117.304
593.962 99.640
594.245 88.992
594.529 96.889
594.812 101.207
595.095 102.145
595.379 91.548
595.662 89.835
595.945 88.818
596.229 97.295
596.512 109.463
596.796 125.250
597.079 144.068
597.362 151.243
597.646 144.279
597.929 137.259
598.212 135.569
598.496 139.446
598.779 129.862
599.062 108.431
599.346 99.518
599.629 97.150
599.913 107.940
600.196 112.472
600.479 119.702
600.763 120.290
601.046 111.765
601.329 105.786
601.613 104.809
601.896 106.719
602.179 101.777
602.463 102.728
602.746 119.433
603.030 130.856
603.313 138.021
603.596 130.414
603.880 131.031
604.163 133.559
604.446 133.198
604.730 155.622
605.013 171.298
605.296 180.772
605.580 175.945
605.863 155.383
606.147 140.044
606.430 133.140
606.713 148.489
606.997 180.750
607.280 186.627
607.563 174.136
607.847 146.784
608.130 123.306
608.414 117.159
608.697 112.920
608.980 103.195
609.264 101.934
609.547 108.469
609.830 115.956
610.114 110.411
610.397 106.461
610.680 123.495
610.964 141.506
611.247 142.933
611.531 109.296
611.814 89.070
612.097 89.364
612.381 122.735
612.664 136.806
612.947 131.944
613.231 124.797
613.514 137.617
613.797 164.834
614.081 180.229
614.364 152.402
614.648 126.212
614.931 108.863
615.214 120.041
615.498 121.102
615.781 109.709
616.064 107.786
616.348 117.352
616.631 142.292
616.914 164.995
617.198 170.584
617.481 159.523
617.765 147.475
618.048 140.016
618.331 129.900
618.615 128.307
618.898 152.072
619.181 185.083
619.465 166.013
619.748 124.570
620.031 95.639
620.315 109.619
620.598 132.215
620.882 148.905
621.165 155.622
621.448 166.009
621.732 154.793
622.015 137.997
622.298 115.562
622.582 112.416
622.865 112.154
623.148 119.947
623.432 131.046
623.715 145.559
623.999 156.746
624.282 166.071
624.565 161.188
624.849 144.285
625.132 133.327
625.415 149.269
625.699 145.278
625.982 127.238
626.265 113.834
626.549 127.007
626.832 144.823
627.116 140.788
627.399 137.334
627.682 122.751
627.966 108.843
628.249 98.660
628.532 109.887
628.816 132.496
629.099 145.372
629.383 140.525
629.666 133.926
629.949 121.335
630.233 125.626
630.516 132.258
630.799 141.185
631.083 142.835
631.366 136.194
631.649 129.689
631.933 123.739
632.216 130.267
632.500 136.087
632.783 135.479
633.066 118.999
633.350 111.027
633.633 114.875
633.916 132.844
634.200 152.368
634.483 166.074
634.766 165.422
635.050 156.493
635.333 137.798
635.617 152.098
635.900 172.021
636.183 189.790
636.467 184.145
636.750 185.533
637.033 208.780
637.317 227.360
637.600 240.817
637.883 258.414
638.167 283.410
638.450 295.358
638.734 306.100
639.017 316.716
639.300 325.364
639.584 327.760
639.867 323.293
640.150 339.512
640.434 343.772
640.717 362.367
641.000 371.918
641.284 384.193
641.567 393.415
641.851 403.206
642.134 413.058
642.417 425.167
642.701 449.342
642.984 462.715
643.267 460.986
643.551 438.327
643.834 420.541
644.117 427.244
644.401 465.986
644.684 532.410
644.968 581.964
645.251 602.148
645.534 642.927
645.818 701.651
646.101 778.836
646.384 838.535
646.668 895.191
646.951 992.258
647.235 1102.195
647.518 1236.897
647.801 1389.603
648.085 1549.382
648.368 1712.920
648.651 1859.417
648.935 2046.938
649.218 2237.815
649.501 2412.333
649.785 2572.888
650.068 2751.629
650.352 2962.456
650.635 3148.608
650.918 3337.352
651.202 3542.438
651.485 3761.574
651.768 3971.819
652.052 4184.085
652.335 4431.649
652.618 4694.958
652.902 4973.795
653.185 5253.453
653.469 5486.924
653.752 5658.317
654.035 5764.496
654.319 5858.190
654.602 5913.050
654.885 5970.271
655.169 5985.176
655.452 6073.250
655.735 6158.293
656.019 6284.231
656.302 6335.355
656.586 6396.262
656.869 6431.152
657.152 6440.485
657.436 6427.713
657.719 6413.987
658.002 6400.832
658.286 6358.323
658.569 6312.955
658.852 6302.712
659.136 6291.764
659.419 6284.850
659.703 6282.485
659.986 6332.530
660.269 6346.849
660.553 6357.119
660.836 6329.876
661.119 6362.331
661.403 6384.152
661.686 6397.840
661.969 6418.578
662.253 6399.476
662.536 6358.174
662.820 6262.533
663.103 6198.748
663.386 6179.144
663.670 6187.804
663.953 6153.984
664.236 6056.315
664.520 5945.612
664.803 5830.552
665.086 5723.835
665.370 5602.934
665.653 5459.739
665.937 5280.094
666.220 5115.968
666.503 4991.564
666.787 4872.706
667.070 4729.086
667.353 4539.097
667.637 4322.939
667.920 4089.163
668.204 3899.273
668.487 3735.739
668.770 3534.413
669.054 3330.383
669.337 3130.783
669.620 2958.350
669.904 2775.887
670.187 2601.049
670.470 2417.895
670.754 2231.402
671.037 2068.124
671.321 1946.933
671.604 1815.940
671.887 1666.815
672.171 1523.329
672.454 1390.700
672.737 1262.160
673.021 1149.110
673.304 1078.104
673.587 1039.820
673.871 981.987
674.154 915.545
674.438 844.976
674.721 791.757
675.004 740.953
675.288 688.977
675.571 650.101
675.854 611.747
676.138 596.709
676.421 582.551
676.704 565.209
676.988 537.179
677.271 502.913
677.555 486.732
677.838 472.962
678.121 443.801
678.405 417.744
678.688 381.046
678.971 365.761
679.255 339.760
679.538 326.624
679.821 307.710
680.105 284.979
680.388 251.938
680.672 237.489
680.955 237.667
681.238 239.057
681.522 233.756
681.805 219.958
682.088 222.277
682.372 204.616
682.655 186.325
682.938 173.186
683.222 178.128
683.505 186.197
683.789 179.300
684.072 179.237
684.355 194.836
684.639 198.609
684.922 188.523
685.205 181.220
685.489 173.623
685.772 172.345
686.056 178.419
686.339 183.587
686.622 185.569
686.906 171.849
687.189 179.508
687.472 187.101
687.756 178.755
688.039 146.051
688.322 140.205
688.606 147.516
688.889 165.961
689.173 168.748
689.456 164.577
689.739 161.747
690.023 158.214
690.306 158.450
690.589 176.739
690.873 184.604
691.156 175.532
691.439 158.540
691.723 158.957
692.006 165.497
692.290 171.283
692.573 158.521
692.856 162.160
693.140 168.895
693.423 180.644
693.706 173.292
693.990 148.031
694.273 143.647
694.556 164.678
694.840 182.588
695.123 180.528
695.407 147.974
695.690 132.402
695.973 126.111
696.257 140.136
696.540 146.873
696.830 163.217
697.120 184.334
697.410 176.381
697.699 157.396
697.989 148.778
698.279 164.796
698.569 167.190
698.859 153.023
699.149 171.250
699.439 204.723
699.729 222.992
700.018 210.957
700.308 176.217
700.598 163.072
700.888 152.343
701.178 145.338
701.468 138.083
701.758 139.187
702.048 146.479
702.337 155.372
702.627 156.670
702.917 153.791
703.207 150.606
703.497 143.369
703.787 134.942
704.077 122.790
704.366 118.693
704.656 122.804
704.946 129.928
705.236 153.019
705.526 186.539
705.816 193.425
706.106 182.015
706.396 149.536
706.685 132.438
706.975 125.249
707.265 132.534
707.555 151.953
707.845 150.305
708.135 134.251
708.425 111.720
708.715 119.173
709.004 143.550
709.294 154.627
709.584 153.545
709.874 150.803
710.164 150.568
710.454 140.419
710.744 130.889
711.034 135.633
711.323 137.162
711.613 130.146
711.903 122.889
712.193 128.752
712.483 137.933
712.773 122.804
713.063 106.628
713.352 105.371
713.642 135.778
713.932 158.649
714.222 152.587
714.512 137.658
714.802 115.118
715.092 112.304
715.382 105.703
715.671 114.201
715.961 114.378
716.251 115.878
716.541 109.717
716.831 106.980
717.121 115.055
717.411 129.574
717.701 136.845
717.990 124.024
718.280 104.835
718.570 104.715
718.860 127.959
719.150 141.613
719.440 128.922
719.730 121.873
720.019 117.777
720.309 121.282
720.599 120.791
720.889 141.281
721.179 157.664
721.469 160.638
721.759 157.876
722.049 140.669
722.338 125.403
722.628 113.943
722.918 128.464
723.208 122.413
723.498 118.693
723.788 115.854
724.078 141.341
724.368 141.704
724.657 123.149
724.947 97.789
725.237 102.375
725.527 113.950
725.817 122.073
726.107 116.360
726.397 113.248
726.686 108.093
726.976 117.767
727.266 128.409
727.556 133.285
727.846 137.157
728.136 127.234
728.426 121.138
728.716 107.355
729.005 103.159
729.295 107.757
729.585 107.760
729.875 124.605
730.165 134.594
730.455 139.204
730.745 126.308
731.035 116.398
731.324 118.019
731.614 124.211
731.904 126.121
732.194 121.024
732.484 111.015
732.774 106.193
733.064 99.386
733.354 110.537
733.643 108.334
733.933 109.701
734.223 104.790
734.513 109.378
734.803 111.691
735.093 102.327
735.383 93.577
735.672 102.169
735.962 98.941
736.252 79.439
736.542 49.451
736.832 35.801
737.122 42.675
737.412 75.748
737.702 107.819
737.991 127.207
738.281 125.293
738.571 132.641
738.861 134.319
739.151 129.452
739.441 113.345
739.731 113.056
740.021 109.896
740.310 120.235
740.600 117.939
740.890 108.767
741.180 97.253
741.470 108.840
741.760 127.599
742.050 128.987
742.339 127.102
742.629 124.563
742.919 124.861
743.209 124.864
743.499 116.662
743.789 123.334
744.079 124.986
744.369 125.356
744.658 95.656
744.948 91.125
745.238 104.342
745.528 149.672
745.818 161.952
746.108 139.878
746.398 112.133
746.688 106.892
746.977 106.895
747.267 107.590
747.557 100.682
747.847 117.990
748.137 134.275
748.427 137.680
748.717 132.708
749.006 128.441
749.296 119.776
749.586 109.528
749.876 93.262
750.166 87.355
750.456 84.759
750.746 80.489
751.036 95.824
751.325 115.836
751.615 147.828
751.905 159.922
752.195 149.640
752.485 124.725
752.775 92.086
753.065 95.798
753.355 112.818
753.644 122.936
753.934 108.981
754.224 116.819
754.514 118.458
754.804 108.097
755.094 82.970
755.384 72.609
755.674 81.639
755.963 99.073
756.253 125.822
756.543 154.355
756.833 162.390
757.123 148.429
757.413 119.621
757.703 107.618
757.992 113.940
758.282 113.607
758.572 93.175
758.862 81.163
759.152 97.873
759.442 133.721
759.732 146.789
760.022 141.178
760.311 111.728
760.601 103.058
760.891 99.673
761.181 99.005
761.471 88.640
761.761 82.669
762.051 112.853
762.341 138.367
762.630 144.748
762.920 122.016
763.210 110.270
763.500 108.259
763.793 101.177
764.086 87.725
764.379 90.713
764.671 97.395
764.964 105.781
765.257 119.968
765.550 115.671
765.843 113.059
766.136 95.924
766.429 91.197
766.722 75.371
767.014 55.200
767.307 48.153
767.600 62.977
767.893 73.744
768.186 85.862
768.479 97.625
768.772 115.773
769.064 124.473
769.357 116.411
769.650 117.715
769.943 111.004
770.236 98.574
770.529 90.219
770.822 96.302
771.115 125.256
771.407 131.684
771.700 117.959
771.993 94.416
772.286 95.050
772.579 99.035
772.872 91.616
773.165 80.866
773.457 101.415
773.750 114.558
774.043 112.265
774.336 96.425
774.629 107.191
774.922 112.883
775.215 112.181
775.508 98.967
775.800 100.580
776.093 114.970
776.386 131.118
776.679 148.240
776.972 154.332
777.265 159.986
777.558 162.898
777.850 156.094
778.143 141.006
778.436 107.843
778.729 91.765
779.022 80.673
779.315 82.015
779.608 77.662
779.900 82.690
780.193 85.346
780.486 86.634
780.779 74.179
781.072 64.459
781.365 61.142
781.658 80.932
781.951 104.632
782.243 120.029
782.536 119.697
782.829 109.740
783.122 106.026
783.415 105.319
783.708 109.303
784.001 113.986
784.293 117.289
784.586 126.609
784.879 127.532
785.172 127.869
785.465 121.191
785.758 120.901
786.051 113.150
786.344 116.452
786.636 111.743
786.929 119.875
787.222 116.875
787.515 120.468
787.808 110.973
788.101 106.905
788.394 127.886
788.686 145.589
788.979 142.594
789.272 121.911
789.565 92.868
789.858 89.207
790.151 90.249
790.444 92.963
790.737 93.937
791.029 93.898
791.322 98.477
791.615 95.510
791.908 69.897
792.201 63.585
792.494 74.802
792.787 110.681
793.079 139.877
793.372 148.223
793.665 127.953
793.958 105.077
794.251 111.011
794.544 149.565
794.837 167.513
795.130 165.571
795.422 144.637
795.715 136.037
796.008 129.351
796.301 116.357
796.594 107.981
796.887 100.381
797.180 93.772
797.472 91.479
797.765 99.748
798.058 114.040
798.351 131.324
798.644 122.395
798.937 108.078
799.230 118.715
799.523 137.329
799.815 136.030
800.108 97.149
800.401 78.907
800.694 79.906
800.987 103.919
801.280 127.931
801.573 148.637
801.865 142.277
802.158 111.616
802.451 80.964
802.744 71.651
803.037 76.342
803.330 94.641
803.623 104.291
803.915 103.960
804.208 117.754
804.501 129.208
804.794 123.908
805.087 101.583
805.380 80.231
805.673 91.604
805.966 100.958
806.258 118.441
806.551 131.608
806.844 150.149
807.137 142.119
807.430 128.065
807.723 111.612
808.016 120.404
808.308 112.374
808.601 103.402
808.894 91.700
809.187 92.766
809.480 101.112
809.773 124.556
810.066 154.464
810.359 157.315
810.651 132.900
810.944 95.350
811.237 87.616
811.530 89.365
811.825 105.176
812.119 102.151
812.414 104.173
812.709 115.761
813.003 124.253
813.298 119.971
813.593 96.694
813.887 116.425
814.182 135.779
814.476 153.458
814.771 129.227
815.066 120.812
815.360 122.891
815.655 107.294
815.950 76.142
816.244 65.751
816.539 71.570
816.834 98.815
817.128 103.914
817.423 131.261
817.718 135.902
818.012 113.229
818.307 93.873
818.602 81.940
818.896 93.988
819.191 86.954
819.486 86.707
819.780 110.912
820.075 129.639
820.369 124.622
820.664 116.510
820.959 120.060
821.253 135.633
821.548 130.240
821.843 122.425
822.137 128.543
822.432 121.415
822.727 109.758
823.021 105.379
823.316 121.926
823.611 128.029
823.905 120.274
824.200 101.659
824.495 95.870
824.789 91.343
825.084 74.116
825.379 74.853
825.673 88.740
825.968 117.757
826.262 131.414
826.557 142.880
826.852 161.021
827.146 148.558
827.441 137.944
827.736 118.529
828.030 118.211
828.325 105.828
828.620 110.081
828.914 116.020
829.209 121.996
829.504 132.385
829.798 137.242
830.093 122.675
830.388 83.838
830.682 88.225
830.977 134.644
831.271 177.366
831.566 167.934
831.861 128.395
832.155 115.004
832.450 115.236
832.745 100.500
833.039 79.815
833.334 66.076
833.629 77.248
833.923 76.464
834.218 86.123
834.513 89.426
834.807 80.153
835.102 70.484
835.397 68.096
835.691 80.070
835.986 85.111
836.281 83.996
836.575 84.809
836.870 90.620
837.164 91.220
837.459 97.081
837.754 95.812
838.048 94.916
838.343 86.258
838.638 80.576
838.932 85.068
839.227 94.911
839.522 104.105
839.816 107.515
840.111 114.012
840.406 129.031
840.700 142.712
840.995 130.516
841.290 110.819
841.584 94.816
841.879 95.670
842.174 102.575
842.468 104.171
842.763 125.934
843.057 139.702
843.352 146.021
843.647 133.976
843.941 117.990
844.236 123.042
844.531 127.359
844.825 130.811
845.120 132.567
845.415 125.008
845.709 122.579
846.004 112.000
846.299 132.624
846.593 154.421
846.888 151.413
847.183 113.502
847.477 97.774
847.772 101.831
848.066 117.206
848.361 105.625
848.656 94.414
848.950 88.859
849.245 80.199
849.540 88.662
849.834 104.789
850.129 110.230
850.424 113.034
850.718 115.059
851.013 129.221
851.308 136.069
851.602 138.428
851.897 138.813
852.192 129.931
852.486 115.955
852.781 106.312
853.076 108.561
853.370 116.912
853.665 124.789
853.959 123.901
854.254 133.189
854.549 139.170
854.843 132.160
855.138 115.621
855.433 107.004
855.727 103.138
856.022 93.229
856.317 99.812
856.611 123.581
856.906 146.564
857.201 153.344
857.495 168.765
857.790 153.950
858.085 134.677
858.379 99.838
858.674 90.810
858.969 102.452
859.263 109.561
859.558 130.569
859.852 131.690
860.147 129.218
860.442 97.210
860.736 76.857
861.031 77.677
861.326 90.827
861.620 96.708
861.915 94.894
862.210 118.230
862.504 149.203
862.799 168.773
863.094 161.604
863.388 128.048
863.683 91.380
863.978 62.928
864.272 64.027
864.567 86.591
864.861 104.160
865.156 105.647
865.451 105.238
865.745 110.043
866.040 103.885
866.335 97.432
866.629 85.225
866.924 100.766
867.219 120.282
867.513 138.713
867.808 130.871
868.103 129.722
868.397 130.411
868.692 124.898
868.987 94.724
869.281 100.367
869.576 135.184
869.871 168.252
870.165 159.311
870.460 126.739
870.754 85.137
871.049 71.352
871.344 86.285
871.638 96.382
871.933 90.961
872.228 78.301
872.522 91.847
872.817 120.737
873.112 128.325
873.406 136.677
873.701 132.527
873.996 131.116
874.290 130.902
874.585 125.219
874.880 122.421
875.174 105.462
875.469 93.995
875.764 106.431
876.058 106.889
876.353 101.617
876.647 96.910
876.942 99.384
877.237 103.664
877.531 97.977
877.826 107.917
878.121 116.637
878.415 123.020
878.710 139.177
879.005 135.428
879.299 124.480
879.594 91.582
879.889 71.093
880.183 59.061
880.478 59.844
880.773 67.204
881.067 64.609
881.362 62.886
881.656 64.287
881.951 79.851
882.246 97.547
882.540 106.260
882.835 105.769
883.130 101.240
883.424 98.322
883.719 102.031
884.014 100.624
884.308 86.511
884.603 71.182
884.898 85.961
885.192 117.195
885.487 130.893
885.782 117.485
886.076 102.233
886.371 80.252
886.666 67.581
886.960 63.022
887.255 68.934
887.549 77.810
887.844 94.033
888.139 111.445
888.433 99.112
888.728 83.567
889.023 72.504
889.317 73.045
889.612 78.849
889.907 81.755
890.201 93.510
890.496 95.219
890.791 103.971
891.085 111.272
891.380 114.807
891.675 116.019
891.969 112.721
892.264 98.251
892.559 88.804
892.853 90.046
893.148 103.535
893.442 126.733
893.737 128.431
894.032 117.273
894.326 100.488
894.621 88.178
894.916 92.291
895.210 100.337
895.505 110.134
895.800 101.951
896.094 77.495
896.389 61.269
896.684 48.914
896.978 46.591
897.273 61.316
897.568 87.271
897.862 96.114
898.157 94.407
898.451 102.109
898.746 117.214
899.041 108.387
899.335 93.099
899.630 86.605
899.925 85.130
900.219 80.129
900.514 62.785
900.809 56.630
901.103 73.822
901.398 83.634
901.693 89.042
901.987 90.932
902.282 82.655
902.577 73.150
902.871 57.467
903.166 69.389
903.461 87.893
903.755 96.377
904.050 92.951
904.344 89.775
904.639 89.540
904.934 97.983
905.228 77.696
905.523 56.802
905.818 55.065
906.112 76.433
906.407 83.417
906.702 73.272
906.996 82.504
907.291 94.621
907.586 98.686
907.880 84.211
908.175 94.333
908.470 112.802
908.764 126.508
909.059 106.898
909.354 90.409
909.648 85.337
909.943 104.922
910.237 116.336
910.532 129.899
910.827 122.680
911.121 118.198
911.416 112.505
911.711 118.778
912.005 111.226
912.300 100.077
912.599 83.315
912.898 79.766
913.196 90.980
913.495 114.644
913.794 128.596
914.093 115.376
914.391 93.173
914.690 80.634
914.989 100.922
915.288 118.108
915.586 124.739
915.885 107.182
916.184 83.272
916.483 81.519
916.782 86.589
917.080 105.499
917.379 97.735
917.678 85.961
917.977 79.525
918.275 90.438
918.574 108.592
918.873 110.683
919.172 92.373
919.471 65.203
919.769 61.518
920.068 71.836
920.367 84.753
920.666 89.772
920.964 106.652
921.263 117.401
921.562 113.775
921.861 91.441
922.159 76.753
922.458 68.158
922.757 73.513
923.056 83.860
923.355 100.023
923.653 114.957
923.952 125.620
924.251 131.114
924.550 130.991
924.848 115.440
925.147 94.925
925.446 86.227
925.745 89.690
926.043 99.191
926.342 99.722
926.641 112.986
926.940 125.639
927.239 141.128
927.537 131.082
927.836 108.816
928.135 96.581
928.434 91.427
928.732 79.034
929.031 71.852
929.330 81.318
929.629 96.845
929.927 95.740
930.226 96.885
930.525 105.580
930.824 110.410
931.123 99.570
931.421 99.334
931.720 108.982
932.019 118.687
932.318 117.057
932.616 105.896
932.915 110.600
933.214 111.613
933.513 107.447
933.812 105.376
934.110 125.875
934.409 154.364
934.708 187.075
935.007 201.229
935.305 184.400
935.604 151.959
935.903 120.072
936.202 121.339
936.500 134.525
936.799 127.834
937.098 125.848
937.397 110.445
937.696 123.938
937.994 144.989
938.293 157.193
938.592 160.714
938.891 147.754
939.189 142.765
939.488 140.662
939.787 139.437
940.086 144.138
940.384 134.208
940.683 133.819
940.982 162.431
941.281 217.908
941.580 226.370
941.878 190.145
942.177 147.124
942.476 133.831
942.775 150.148
943.073 158.821
943.372 171.101
943.671 171.413
943.970 182.067
944.268 179.480
944.567 151.615
944.866 141.197
945.165 137.233
945.464 132.157
945.762 115.191
946.061 109.259
946.360 127.046
946.659 155.998
946.957 199.999
947.256 206.961
947.555 179.431
947.854 142.911
948.153 125.489
948.451 115.010
948.750 98.906
949.049 118.320
949.348 149.538
949.646 163.468
949.945 177.951
950.244 162.185
950.543 167.303
950.841 150.195
951.140 148.378
951.439 135.098
951.738 120.212
952.037 117.232
952.335 123.995
952.634 134.886
952.933 135.244
953.232 118.514
953.530 123.883
953.829 135.169
954.128 154.163
954.427 170.417
954.725 181.615
955.024 188.029
955.323 165.170
955.622 153.670
955.921 145.125
956.219 127.273
956.518 114.049
956.817 103.753
957.116 104.557
957.414 99.429
957.713 97.869
958.012 104.084
958.311 116.098
958.610 118.733
958.908 122.401
959.207 121.580
959.506 127.888
959.805 131.267
960.103 133.159
960.402 133.683
960.701 134.421
961.000 133.873
961.298 137.982
961.597 122.760
961.896 95.323
962.195 82.233
962.494 108.594
962.792 127.934
963.091 122.959
963.390 97.828
963.689 104.918
963.987 128.896
964.286 146.177
964.585 135.540
964.884 128.680
965.182 138.159
965.481 160.002
965.780 164.161
966.080 141.903
966.380 120.619
966.680 113.185
966.981 112.930
967.281 104.283
967.581 98.510
967.881 107.751
968.181 120.723
968.481 117.388
968.781 109.233
969.082 109.718
969.382 119.229
969.682 128.896
969.982 138.698
970.282 131.873
970.582 115.630
970.882 111.511
971.183 112.966
971.483 106.615
971.783 98.975
972.083 101.059
972.383 116.975
972.683 111.205
972.983 102.682
973.284 98.141
973.584 95.938
973.884 103.688
974.184 126.404
974.484 136.926
974.784 131.694
975.084 118.151
975.385 125.227
975.685 129.211
975.985 116.640
976.285 107.393
976.585 109.240
976.885 114.871
977.185 106.981
977.486 111.381
977.786 128.656
978.086 146.688
978.386 148.158
978.686 123.347
978.986 100.224
979.286 80.450
979.587 87.451
979.887 90.786
980.187 88.787
980.487 91.455
980.787 100.790
981.087 137.124
981.387 138.125
981.688 125.793
981.988 99.794
982.288 95.796
982.588 107.797
982.888 110.798
983.188 117.466
983.488 127.134
983.789 142.802
984.089 145.803
984.389 132.804
984.689 113.805
984.989 99.473
985.289 97.474
985.589 106.142
985.890 114.810
986.190 114.144
986.490 112.479
986.790 106.480
987.090 116.148
987.390 116.482
987.690 117.150
987.991 112.151
988.291 102.153
988.591 88.487
988.891 75.488
989.191 93.156
989.491 118.824
989.791 117.825
990.092 108.826
990.392 116.827
990.692 143.495
990.992 126.496
991.292 102.831
991.592 89.165
991.892 97.167
992.193 100.501
992.493 102.836
992.793 113.503
993.093 119.171
993.393 113.506
993.693 115.174
993.993 117.175
994.294 125.176
994.594 119.510
994.894 120.511
995.194 108.179
995.494 108.514
995.794 116.515
996.094 124.849
996.395 123.184
996.695 98.852
996.995 89.186
997.295 90.854
997.595 102.188
997.895 100.856
998.195 97.857
998.496 92.858
998.796 101.860
999.096 99.527
999.396 112.529
999.696 128.863
999.996 154.531
1000.296 161.865
1000.597 146.866
1000.897 138.534
1001.197 150.535
1001.497 152.870
1001.797 126.871
1002.097 79.205
1002.397 74.540
1002.698 90.874
1002.998 109.542
1003.298 98.210
1003.598 78.878
1003.898 87.212
1004.198 99.213
1004.498 109.881
1004.799 100.882
1005.099 93.550
1005.399 92.884
1005.699 90.885
1005.999 87.220
1006.299 100.221
1006.599 116.555
1006.900 114.223
1007.200 109.558
1007.500 106.892
1007.800 113.560
1008.100 101.561
1008.400 89.895
1008.700 83.896
1009.001 82.898
1009.301 81.565
1009.601 108.566
1009.901 125.901
1010.201 128.569
1010.501 114.903
1010.801 99.904
1011.102 90.905
1011.402 88.906
1011.702 86.907
1012.002 90.908
1012.302 110.576
1012.602 126.577
1012.902 134.245
1013.203 118.580
1013.503 110.247
1013.803 97.582
1014.103 91.916
1014.403 87.584
1014.703 96.252
1015.003 103.919
1015.304 121.920
1015.604 128.255
1015.904 121.589
1016.204 95.590
1016.504 72.591
1016.804 71.259
1017.104 88.927
1017.405 103.595
1017.705 124.929
1018.005 140.263
1018.305 133.264
1018.605 110.266
1018.905 95.933
1019.205 112.601
1019.506 128.269
1019.806 145.270
1020.106 150.271
1020.406 136.605
1020.706 118.273
1021.006 118.274
1021.306 121.275
1021.607 126.609
1021.907 121.944
1022.207 122.278
1022.507 126.279
1022.807 122.614
1023.107 117.615
1023.407 89.949
1023.708 65.617
1024.008 69.951
1024.308 76.619
1024.608 83.953
1024.908 81.621
1025.208 98.955
1025.508 117.290
1025.809 121.958
1026.109 119.625
1026.409 121.960
1026.709 130.627
1027.009 134.962
1027.309 132.629
1027.609 120.964
1027.910 123.631
1028.210 135.633
1028.510 163.967
1028.810 172.635
1029.110 167.302
1029.410 148.637
1029.710 128.638
1030.011 116.639
1030.311 99.306
1030.611 91.307
1030.911 97.642
1031.211 99.309
1031.511 115.311
1031.811 124.312
1032.112 121.979
1032.412 93.647
1032.712 66.315
1033.012 71.649
1033.312 93.650
1033.612 104.318
1033.912 97.319
1034.212 84.320
1034.513 91.321
1034.813 118.988
1035.113 137.989
1035.413 136.657
1035.713 119.658
1036.013 109.326
1036.313 113.660
1036.614 118.994
1036.914 101.996
1037.214 81.663
1037.514 67.331
1037.814 88.999
1038.114 102.333
1038.414 111.667
1038.715 97.668
1039.015 85.336
1039.315 84.670
1039.615 89.338
1039.915 104.339
1040.215 114.340
1040.515 129.008
1040.816 119.675
1041.116 91.343
1041.416 60.011
1041.716 48.012
1042.016 63.013
1042.316 81.680
1042.616 91.015
1042.917 102.016
1043.217 117.683
1043.517 133.351
1043.817 118.352
1044.117 90.686
1044.417 73.354
1044.717 74.021
1045.018 87.689
1045.318 91.023
1045.618 83.024
1045.918 77.025
1046.218 78.026
1046.518 97.694
1046.818 99.362
1047.119 106.363
1047.419 107.030
1047.719 131.365
1048.019 140.366
1048.319 134.700
1048.619 127.701
1048.919 118.368
1049.220 113.369
1049.520 101.370
1049.820 86.705
1050.120 89.706
1050.420 97.707
1050.720 109.708
1051.020 107.375
1051.321 114.710
1051.621 121.711
1051.921 125.378
1052.221 106.712
1052.521 82.713
1052.821 73.381
1053.121 79.715
1053.422 110.383
1053.722 120.717
1054.022 143.385
1054.322 144.386
1054.622 136.054
1054.922 118.721
1055.222 109.389
1055.523 116.723
1055.823 117.057
1056.123 118.725
1056.423 132.393
1056.723 124.727
1057.023 105.728
1057.323 93.395
1057.624 97.396
1057.924 108.397
1058.224 95.732
1058.524 82.733
1058.824 75.067
1059.124 75.734
1059.424 91.402
1059.725 96.736
1060.025 97.737
1060.325 80.405
1060.625 92.072
1060.925 96.407
1061.225 102.741
1061.525 101.075
1061.826 108.410
1062.126 121.411
1062.426 127.411
1062.726 135.746
1063.026 144.413
1063.326 154.748
1063.626 167.082
1063.927 155.416
1064.227 127.750
1064.527 113.751
1064.827 117.419
1065.127 108.087
1065.427 79.754
1065.727 65.422
1066.028 87.423
1066.328 112.424
1066.628 101.091
1066.928 75.759
1067.228 56.760
1067.528 78.761
1067.828 95.761
1068.129 106.429
1068.429 113.097
1068.729 128.098
1069.029 131.432
1069.329 122.433
1069.629 118.434
1069.929 128.101
1070.230 111.769
1070.530 89.436
1070.830 72.104
1071.130 77.772
1071.430 84.772
1071.730 85.440
1072.030 81.774
1072.331 75.109
1072.631 83.109
1072.931 95.444
1073.231 105.111
1073.531 100.446
1073.831 107.446
1074.131 132.781
1074.432 139.782
1074.732 126.449
1075.032 102.450
1075.332 100.451
1075.632 105.785
1075.932 106.119
1076.232 101.120
1076.533 106.455
1076.833 105.122
1077.133 103.456
1077.433 96.791
1077.733 86.125
1078.033 74.792
1078.333 64.793
1078.634 66.794
1078.934 68.128
1079.234 94.129
1079.534 132.463
1079.834 157.131
1080.134 142.132
1080.434 114.466
1080.735 98.134
1081.035 83.801
1081.335 72.469
1081.635 58.803
1081.935 60.471
1082.235 70.471
1082.535 102.806
1082.836 122.473
1083.136 127.807
1083.436 114.808
1083.736 86.809
1084.036 51.810
1084.336 46.811
1084.636 84.812
1084.937 130.813
1085.237 148.480
1085.537 131.814
1085.837 107.149
1086.137 103.816
1086.437 108.150
1086.737 121.151
1087.038 106.152
1087.338 97.486
1087.638 97.487
1087.938 89.821
1088.238 86.489
1088.538 94.157
1088.838 113.491
1089.139 102.158
1089.439 86.159
1089.739 80.493
1090.039 94.828
1090.339 90.495
1090.639 75.163
1090.939 67.163
1091.240 82.164
1091.540 107.165
1091.840 128.833
1092.140 124.834
1092.453 106.168
1092.766 82.169
1093.079 66.836
1093.392 70.504
1093.705 97.171
1094.018 114.505
1094.330 110.840
1094.643 104.507
1094.956 105.508
1095.269 121.175
1095.582 98.510
1095.895 92.177
1096.208 95.511
1096.521 114.179
1096.834 120.180
1097.147 122.181
1097.460 128.515
1097.773 127.182
1098.085 117.850
1098.398 103.184
1098.711 77.518
1099.024 58.186
1099.337 54.186
1099.650 73.187
1099.963 86.188
1100.276 91.856
1100.589 95.523
1100.902 101.524
1101.215 109.858
1101.528 112.192
1101.841 113.860
1102.153 115.194
1102.466 108.195
1102.779 103.529
1103.092 105.530
1103.405 105.531
1103.718 111.198
1104.031 98.866
1104.344 82.200
1104.657 91.867
1104.970 101.868
1105.283 107.202
1105.596 96.203
1105.909 107.871
1106.221 129.871
1106.534 119.206
1106.847 82.873
1107.160 55.207
1107.473 48.208
1107.786 44.542
1108.099 48.210
1108.412 58.211
1108.725 76.878
1109.038 87.879
1109.351 87.213
1109.664 100.881
1109.977 117.215
1110.289 118.215
1110.602 109.216
1110.915 108.217
1111.228 121.218
1111.541 126.885
1111.854 111.220
1112.167 98.887
1112.480 87.888
1112.793 91.889
1113.106 94.556
1113.419 99.557
1113.732 103.558
1114.044 105.559
1114.357 107.893
1114.670 104.560
1114.983 103.228
1115.296 99.562
1115.609 108.229
1115.922 119.563
1116.235 130.898
1116.548 126.565
1116.861 112.233
1117.174 100.567
1117.487 107.234
1117.800 118.235
1118.112 121.902
1118.425 119.903
1118.738 108.904
1119.051 97.571
1119.364 80.572
1119.677 76.573
1119.990 79.574
1120.303 93.241
1120.616 106.909
1120.929 124.576
1121.242 135.244
1121.555 155.244
1121.868 139.245
1122.180 111.579
1122.493 81.580
1122.806 75.914
1123.119 86.915
1123.432 115.583
1123.745 140.583
1124.058 139.584
1124.371 118.918
1124.684 95.919
1124.997 104.920
1125.310 93.254
1125.623 87.921
1125.935 90.922
1126.248 111.923
1126.561 138.924
1126.874 135.925
1127.187 134.592
1127.500 126.926
1127.813 109.260
1128.126 92.928
1128.439 84.262
1128.752 89.929
1129.065 85.263
1129.378 78.264
1129.691 91.265
1130.003 95.599
1130.316 96.933
1130.629 87.601
1130.942 91.601
1131.255 87.269
1131.568 73.603
1131.881 59.937
1132.194 73.938
1132.507 113.939
1132.820 138.606
1133.133 115.940
1133.446 89.274
1133.759 101.942
1134.071 129.276
1134.384 134.610
1134.697 122.277
1135.010 118.611
1135.323 109.612
1135.636 88.946
1135.949 83.280
1136.262 92.948
1136.575 95.282
1136.888 87.283
1137.201 78.283
1137.514 80.951
1137.826 106.285
1138.139 131.952
1138.452 151.620
1138.765 155.620
1139.078 145.288
1139.391 146.622
1139.704 133.623
1140.017 120.290
1140.330 83.291
1140.643 58.625
1140.956 54.959
1141.269 78.960
1141.582 90.627
1141.894 106.628
1142.207 103.295
1142.520 95.963
1142.833 76.964
1143.146 60.631
1143.459 66.632
1143.772 82.299
1144.085 108.967
1144.398 114.967
1144.711 96.301
1145.024 79.636
1145.337 94.970
1145.650 105.637
1145.962 105.638
1146.275 82.305
1146.588 86.973
1146.901 93.307
1147.214 108.974
1147.527 117.641
1147.840 125.642
1148.153 135.643
1148.466 118.644
1148.779 108.644
1149.092 80.312
1149.405 78.646
1149.718 85.647
1150.030 105.981
1150.343 120.315
1150.656 115.982
1150.969 112.983
1151.282 100.984
1151.595 93.984
1151.908 61.318
1152.221 51.653
1152.534 68.653
1152.847 108.654
1153.160 123.321
1153.473 106.989
1153.785 83.656
1154.098 85.990
1154.411 88.991
1154.724 106.325
1155.037 109.326
1155.350 112.993
1155.663 110.661
1155.976 118.661
1156.289 121.662
1156.602 109.996
1156.915 90.997
1157.228 89.998
1157.541 101.998
1157.853 114.666
1158.166 123.333
1158.479 118.667
1158.792 106.668
1159.105 106.335
1159.418 109.669
1159.731 110.337
1160.044 93.004
1160.357 87.005
1160.670 80.005
1160.983 82.673
1161.296 98.340
1161.609 112.674
1161.921 117.008
1162.234 111.342
1162.547 104.010
1162.860 91.344
1163.173 78.678
1163.486 84.345
1163.799 87.013
1164.112 89.347
1164.425 82.347
1164.738 74.681
1165.051 73.682
1165.364 73.683
1165.676 85.683
1165.989 89.684
1166.302 91.685
1166.615 98.352
1166.928 105.020
1167.241 116.354
1167.554 111.021
1167.867 110.022
1168.180 92.022
1168.493 86.690
1168.806 80.691
1169.119 97.691
1169.432 106.359
1169.744 113.026
1170.057 116.027
1170.370 116.027
1170.683 117.028
1170.996 124.362
1171.309 131.696
1171.622 121.030
1171.935 118.031
1172.248 110.698
1172.561 124.366
1172.874 122.700
1173.187 132.367
1173.500 111.368
1173.812 85.702
1174.125 68.036
1174.438 82.036
1174.751 96.704
1175.064 95.038
1175.377 88.705
1175.690 83.039
1176.003 96.040
1176.316 106.374
1176.629 108.041
1176.942 106.709
1177.255 104.376
1177.567 111.710
1177.880 123.377
1178.193 118.711
1178.506 115.045
1178.819 105.713
1179.132 98.380
1179.445 97.381
1179.758 110.048
1180.071 130.715
1180.384 138.716
1180.697 124.383
1181.010 112.384
1181.323 110.718
1181.635 112.385
1181.948 115.053
1182.261 113.054
1182.574 102.721
1182.887 96.388
1183.200 92.722
1183.513 117.056
1183.826 132.724
1184.139 127.391
1184.452 107.392
1184.765 93.392
1185.078 93.726
1185.391 89.394
1185.703 81.394
1186.016 80.728
1186.329 92.396
1186.642 103.730
1186.955 85.397
1187.268 70.398
1187.581 70.065
1187.894 89.399
1188.207 95.400
1188.520 104.400
1188.833 110.401
1189.146 95.068
1189.459 69.069
1189.771 64.736
1190.084 75.070
1190.397 88.071
1190.710 83.072
1191.023 83.739
1191.336 87.073
1191.649 103.074
1191.962 108.074
1192.275 98.408
1192.588 101.742
1192.901 110.743
1193.214 131.410
1193.526 133.411
1193.839 131.745
1194.152 139.746
1194.465 142.413
1194.778 142.414
1195.091 108.081
1195.404 76.415
1195.717 68.416
1196.030 78.416
1196.343 99.083
1196.656 110.751
1196.969 117.418
1197.282 104.752
1197.594 103.419
1197.907 116.753
1198.220 131.421
1198.533 123.755
1198.846 99.755
1199.159 85.089
1199.472 87.757
1199.785 88.091
1200.098 93.425
1200.411 97.759
1200.724 118.093
1201.037 122.093
1201.350 102.094
1201.662 77.095
1201.975 60.095
1202.288 40.096
1202.601 29.763
