165.028 -22.297
165.288 -33.911
165.547 -32.137
165.807 0.304
166.067 15.411
166.327 6.186
166.587 -3.038
166.847 14.738
167.107 32.848
167.367 43.292
167.627 35.736
167.886 19.847
168.146 14.293
168.406 11.072
168.666 15.851
168.926 15.298
169.186 18.745
169.446 14.526
169.706 9.641
169.966 14.089
170.225 18.538
170.485 17.988
170.745 20.438
171.005 15.555
171.265 3.339
171.525 -24.543
171.785 -25.092
172.045 16.361
172.305 62.480
172.564 65.933
172.824 37.719
173.084 -2.160
173.344 -18.706
173.604 -21.919
173.864 -3.130
174.124 10.658
174.384 22.780
174.644 48.236
174.903 76.026
175.163 72.483
175.423 40.940
175.683 21.064
175.943 14.855
176.203 13.647
176.463 9.105
176.723 7.231
176.983 10.356
177.242 41.816
177.502 70.276
177.762 74.069
178.022 53.863
178.282 29.990
178.542 20.451
178.802 -0.421
179.062 1.708
179.322 22.170
179.581 42.632
179.841 56.094
180.101 54.557
180.361 59.020
180.621 52.483
180.881 33.613
181.141 21.411
181.401 21.875
181.661 34.339
181.920 40.137
182.180 33.935
182.440 16.733
182.700 -8.135
182.960 -16.669
183.220 -1.204
183.480 11.929
183.740 19.395
184.000 17.862
184.259 27.328
184.519 31.128
184.779 51.595
185.039 66.062
185.299 69.530
185.559 55.330
185.819 50.132
186.079 37.933
186.339 27.401
186.598 -0.131
186.858 -16.329
187.118 -8.194
187.378 12.608
187.638 35.410
187.898 40.879
188.158 40.348
188.418 36.151
188.678 17.620
188.937 13.757
189.197 16.560
189.457 24.696
189.717 25.833
189.977 24.636
190.237 32.773
190.497 33.910
190.757 39.714
191.017 20.517
191.276 8.321
191.536 2.792
191.796 17.929
192.056 37.400
192.316 58.205
192.576 50.342
192.836 40.813
193.096 30.618
193.356 40.089
193.616 31.894
193.875 16.365
194.135 9.503
194.395 9.975
194.655 9.780
194.915 2.585
195.175 22.723
195.435 36.195
195.695 38.333
195.955 13.471
196.214 15.276
196.474 40.748
196.734 57.220
196.994 56.025
197.254 48.164
197.514 50.969
197.774 53.441
198.034 36.246
198.294 24.718
198.553 10.857
198.813 6.329
199.073 3.467
199.333 7.273
199.593 23.078
199.853 47.883
200.113 60.355
200.373 54.494
200.633 29.632
200.892 13.771
201.152 23.242
201.412 41.381
201.672 52.186
201.932 45.991
202.192 37.463
202.452 39.934
202.712 50.073
202.972 53.878
203.231 45.349
203.491 36.154
203.751 41.292
204.011 58.763
204.271 77.901
204.531 79.039
204.791 59.844
205.051 37.315
205.311 13.453
205.570 7.590
205.830 -0.606
206.090 14.532
206.350 52.003
206.610 69.140
206.870 67.277
207.130 30.081
207.390 12.552
207.650 12.022
207.909 18.826
208.169 18.962
208.429 1.432
208.689 9.236
208.949 41.372
209.209 74.175
209.469 75.645
209.729 46.448
209.989 23.251
210.248 29.720
210.508 57.523
210.768 69.992
211.028 67.127
211.288 47.263
211.548 50.732
211.808 53.867
212.068 70.669
212.328 82.137
212.587 73.939
212.847 54.407
213.107 32.541
213.367 19.676
213.627 27.810
213.887 37.945
214.147 57.745
214.407 58.213
214.667 61.013
214.926 58.147
215.186 69.614
215.446 65.414
215.706 50.880
215.966 31.014
216.226 26.147
216.486 33.946
216.746 46.079
217.006 51.211
217.265 53.677
217.525 48.809
217.785 49.941
218.045 32.739
218.305 23.538
218.565 18.669
218.825 37.467
219.085 38.599
219.345 37.730
219.604 30.860
219.864 24.991
220.124 23.455
220.384 16.252
220.644 8.715
220.904 13.179
221.164 39.975
221.424 57.105
221.684 45.567
221.943 28.030
222.203 34.492
222.463 36.955
222.723 40.750
222.983 43.879
223.243 57.340
223.503 46.802
223.763 40.596
224.023 43.391
224.282 65.852
224.542 76.312
224.802 75.439
225.062 64.566
225.322 50.693
225.582 57.153
225.842 58.613
226.102 55.739
226.362 49.865
226.621 47.657
226.881 57.450
227.141 57.242
227.401 39.034
227.661 24.825
227.921 13.617
228.181 30.075
228.441 45.199
228.701 55.656
228.960 44.780
229.220 23.237
229.480 23.361
229.740 60.818
230.000 73.274
230.260 54.397
230.520 23.186
230.780 18.309
231.040 28.431
231.299 40.220
231.559 46.008
231.819 39.130
232.079 19.918
232.339 20.372
232.599 22.493
232.859 43.947
233.119 61.401
233.379 83.521
233.638 91.641
233.898 95.095
234.158 71.881
234.418 41.334
234.678 18.453
234.938 16.572
235.198 21.690
235.458 38.476
235.718 53.927
235.978 64.712
236.237 55.496
236.497 51.281
236.757 41.731
237.017 36.515
237.277 45.299
237.537 61.416
237.797 75.532
238.057 84.648
238.317 86.098
238.576 87.547
238.836 77.996
239.096 82.778
239.356 68.226
239.616 54.674
239.876 25.456
240.136 23.570
240.396 49.018
240.656 68.465
240.915 75.912
241.175 68.359
241.435 72.472
241.695 73.252
241.955 75.698
242.215 85.144
242.475 85.589
242.735 75.701
242.995 54.480
243.254 43.925
243.514 25.703
243.774 25.814
244.034 38.592
244.294 50.369
244.554 54.480
244.814 47.590
245.074 64.700
245.334 85.476
245.593 84.919
245.853 67.362
246.113 60.471
246.373 80.913
246.633 85.021
246.893 84.463
247.153 69.238
247.413 69.679
247.673 64.453
247.932 74.561
248.192 98.335
248.452 107.442
248.712 110.548
248.972 84.322
249.232 60.428
249.492 41.534
249.752 39.306
250.012 46.078
250.271 59.184
250.531 82.955
250.791 96.727
251.051 90.832
251.311 64.603
251.571 42.707
251.831 40.144
252.091 40.248
252.351 46.684
252.610 53.121
252.870 54.891
253.130 45.660
253.390 40.096
253.650 37.865
253.911 48.633
254.172 48.402
254.433 53.837
254.694 60.271
254.955 56.706
255.216 72.140
255.477 71.574
255.738 62.008
255.999 47.441
256.261 45.541
256.522 61.307
256.783 72.740
257.044 64.506
257.305 50.605
257.566 27.704
257.827 30.802
258.088 33.234
258.349 48.332
258.610 57.097
258.871 71.528
259.132 67.625
259.393 50.056
259.654 41.819
259.915 54.249
260.176 66.012
260.437 59.109
260.698 45.871
260.959 36.967
261.221 51.063
261.482 56.491
261.743 76.586
262.004 80.681
262.265 86.442
262.526 77.870
262.787 65.964
263.048 58.058
263.309 64.152
263.570 80.246
263.831 76.006
264.092 39.099
264.353 20.191
264.614 36.284
264.875 68.043
265.136 93.469
265.397 96.894
265.658 109.986
265.919 94.744
266.181 75.168
266.442 61.926
266.703 50.017
266.964 37.774
267.225 34.531
267.486 53.288
267.747 100.378
268.008 129.134
268.269 140.224
268.530 117.646
268.791 82.402
269.052 61.158
269.313 57.246
269.574 74.001
269.835 88.756
270.096 102.844
270.357 95.932
270.618 73.686
270.879 61.440
271.141 59.194
271.402 48.614
271.663 42.367
271.924 50.120
272.185 71.540
272.446 92.959
272.707 93.712
272.968 86.464
273.229 63.883
273.490 66.301
273.751 72.053
274.012 81.138
274.273 67.889
274.534 74.306
274.795 74.724
275.056 71.808
275.317 56.225
275.578 58.308
275.839 65.392
276.101 60.475
276.362 41.557
276.623 39.307
276.884 61.389
277.145 77.471
277.406 64.887
277.667 55.302
277.928 53.383
278.189 71.465
278.450 79.879
278.711 84.960
278.972 82.708
279.233 76.788
279.494 72.869
279.755 81.282
280.016 85.029
280.277 91.775
280.538 78.188
280.799 80.267
281.061 69.347
281.322 67.759
281.583 51.838
281.844 39.249
282.105 40.995
282.366 51.739
282.627 73.817
282.888 83.228
283.149 78.973
283.410 70.717
283.671 53.460
283.932 35.871
284.193 35.947
284.454 54.024
284.715 61.434
284.976 61.177
285.237 63.252
285.498 75.662
285.759 78.404
286.021 68.479
286.282 74.221
286.543 80.296
286.804 86.704
287.065 77.446
287.326 58.853
287.587 51.261
287.848 52.335
288.109 62.075
288.370 61.149
288.631 44.223
288.892 38.963
289.153 37.036
289.414 76.775
289.675 110.181
289.936 124.921
290.197 109.660
290.458 81.065
290.719 71.470
290.981 69.875
291.242 72.614
291.503 68.685
291.764 51.423
292.025 31.161
292.286 34.232
292.547 41.636
292.808 63.706
293.069 67.443
293.330 78.180
293.591 73.250
293.852 78.320
294.113 91.389
294.374 110.459
294.635 115.861
294.896 113.597
295.157 98.333
295.418 99.068
295.679 91.470
295.941 93.872
296.202 90.606
296.463 84.674
296.724 87.742
296.985 95.476
297.246 96.544
297.507 80.611
297.768 64.678
298.029 76.079
298.290 92.812
298.551 101.545
298.812 90.612
299.073 81.345
299.334 72.411
299.595 80.143
299.856 101.542
300.117 106.941
300.378 89.673
300.639 71.072
300.901 66.137
301.162 70.535
301.423 74.933
301.684 83.331
301.945 96.062
302.206 104.127
302.467 84.857
302.728 71.588
302.989 61.318
303.250 77.382
303.511 87.112
303.772 75.508
304.033 60.571
304.294 46.968
304.555 60.697
304.816 71.760
305.077 63.155
305.338 42.551
305.599 43.280
305.861 71.342
306.122 98.737
306.383 104.798
306.644 91.860
306.905 85.255
307.166 87.982
307.427 98.710
307.688 105.771
307.949 113.831
308.210 104.892
308.471 78.286
308.732 48.346
308.993 51.406
309.254 61.799
309.515 86.525
309.776 81.585
310.037 75.311
310.298 61.370
310.559 73.096
310.821 98.488
311.082 106.547
311.343 98.606
311.604 73.331
311.865 47.056
312.126 36.781
312.387 47.506
312.648 77.564
312.909 95.288
313.170 96.346
313.434 77.736
313.698 67.460
313.963 57.184
314.227 57.908
314.491 74.965
314.755 88.021
315.019 75.745
315.284 44.801
315.548 42.191
315.812 54.247
316.076 56.969
316.340 53.359
316.604 78.748
316.869 96.136
317.133 104.859
317.397 106.914
317.661 116.302
317.925 117.691
318.190 92.412
318.454 68.800
318.718 63.855
318.982 80.576
319.246 98.630
319.511 92.017
319.775 70.071
320.039 71.125
320.303 95.512
320.567 120.566
320.832 124.286
321.096 113.006
321.360 102.726
321.624 94.779
321.888 92.832
322.153 87.551
322.417 79.604
322.681 76.990
322.945 81.709
323.209 87.094
323.473 71.813
323.738 53.531
324.002 60.583
324.266 89.968
324.530 103.020
324.794 96.738
325.059 94.789
325.323 112.840
325.587 111.558
325.851 98.609
326.115 72.993
326.380 69.044
326.644 62.094
326.908 56.811
327.172 56.528
327.436 51.578
327.701 57.961
327.965 66.678
328.229 72.061
328.493 68.777
328.757 59.160
329.022 53.876
329.286 69.592
329.550 82.308
329.814 95.690
330.078 91.406
330.342 89.788
330.607 95.503
330.871 92.551
331.135 80.933
331.399 75.981
331.663 77.696
331.928 87.077
332.192 88.458
332.456 108.173
332.720 110.220
332.984 106.935
333.249 88.315
333.513 78.363
333.777 62.076
334.041 57.457
334.305 64.837
334.570 81.884
334.834 93.597
335.098 83.310
335.362 72.023
335.626 57.736
335.891 66.116
336.155 75.495
336.419 74.208
336.683 66.587
336.947 63.966
337.211 73.345
337.476 75.057
337.740 74.102
338.004 74.814
338.268 79.193
338.532 73.238
338.797 53.949
339.061 56.328
339.325 86.706
339.589 132.417
339.853 148.795
340.118 138.839
340.382 120.883
340.646 96.261
340.910 77.971
341.174 64.682
341.439 67.059
341.703 71.769
341.967 80.480
342.231 79.856
342.495 75.233
342.759 73.610
343.024 76.986
343.288 81.029
343.552 69.739
343.816 71.448
344.080 67.824
344.345 51.533
344.609 41.576
344.873 49.285
345.137 71.661
345.401 68.369
345.666 61.078
345.930 61.120
346.194 64.162
346.458 65.870
346.722 56.245
346.987 54.954
347.251 61.995
347.515 72.036
347.779 88.744
348.043 93.119
348.308 80.493
348.572 61.867
348.836 49.908
349.100 55.615
349.364 55.323
349.628 46.363
349.893 57.404
350.157 81.111
350.421 103.484
350.685 98.524
350.949 69.231
351.214 57.604
351.478 53.644
351.742 74.017
352.006 83.057
352.270 87.430
352.535 87.469
352.799 97.175
353.063 107.214
353.327 96.253
353.591 58.959
353.856 39.665
354.120 51.370
354.384 88.409
354.648 104.781
354.912 98.819
355.177 83.858
355.441 85.563
355.705 83.601
355.969 88.306
356.233 86.344
356.497 90.049
356.762 74.420
357.026 58.791
357.290 62.495
357.554 88.866
357.818 96.904
358.083 92.941
358.347 77.979
358.611 95.683
358.875 103.053
359.139 100.090
359.404 93.460
359.668 92.831
359.932 109.534
360.196 122.237
360.460 126.274
360.725 113.311
360.989 98.680
361.253 99.717
361.517 108.420
361.781 118.789
362.046 114.492
362.310 106.861
362.574 84.897
362.838 74.599
363.102 70.635
363.366 67.004
363.631 74.706
363.895 81.075
364.159 89.777
364.423 87.146
364.687 99.181
364.952 129.549
365.216 161.251
365.480 158.953
365.747 112.654
366.013 71.356
366.280 70.390
366.546 87.092
366.813 93.126
367.079 87.161
367.346 96.862
367.612 107.896
367.879 109.597
368.145 97.964
368.412 79.332
368.678 63.032
368.945 61.733
369.211 63.767
369.478 63.134
369.744 66.167
370.011 75.534
370.278 70.568
370.544 78.268
370.811 76.301
371.077 76.001
371.344 82.034
371.610 91.734
371.877 117.100
372.143 113.133
372.410 124.499
372.676 132.198
372.943 124.898
373.209 91.264
373.476 60.963
373.742 58.662
374.009 74.028
374.276 95.727
374.542 101.425
374.809 96.124
375.075 81.823
375.342 78.188
375.608 88.553
375.875 98.919
376.141 110.284
376.408 105.982
376.674 97.347
376.941 80.712
377.207 97.077
377.474 125.108
377.740 133.806
378.007 133.504
378.273 109.535
378.540 88.233
378.807 66.597
379.073 47.628
379.340 49.325
379.606 52.689
379.873 81.720
380.139 117.417
380.406 134.115
380.672 127.145
380.939 108.509
381.205 85.539
381.472 58.903
381.738 55.933
382.005 78.963
382.271 97.660
382.538 115.690
382.804 114.720
383.071 110.083
383.338 78.113
383.604 65.809
383.871 79.172
384.137 90.535
384.404 83.898
384.670 75.261
384.937 70.623
385.203 69.986
385.470 70.348
385.736 78.378
386.003 88.407
386.269 94.769
386.536 100.131
386.802 89.160
387.069 92.189
387.336 101.218
387.602 113.580
387.869 104.608
388.135 84.303
388.402 79.665
388.668 85.694
388.935 97.055
389.201 97.750
389.468 94.445
389.734 89.807
390.001 88.168
390.267 101.863
390.534 126.557
390.800 141.252
391.067 141.280
391.333 122.974
391.600 120.002
391.867 115.696
392.133 107.724
392.400 89.418
392.666 93.112
392.933 108.473
393.199 119.167
393.466 105.861
393.732 100.888
393.999 99.248
394.265 93.275
394.532 89.969
394.798 96.329
395.065 106.023
395.331 114.050
395.598 107.076
395.864 119.103
396.131 103.796
396.398 103.490
396.664 102.183
396.931 126.209
397.197 150.902
397.464 175.928
397.730 178.955
397.997 175.314
398.263 175.340
398.530 184.367
398.796 206.726
399.063 223.752
399.329 252.444
399.596 265.804
399.862 275.496
400.129 282.855
400.396 292.214
400.662 284.573
400.929 277.932
401.195 265.624
401.462 256.983
401.728 251.675
401.995 251.700
402.261 259.392
402.528 259.084
402.794 282.443
403.061 305.801
403.327 313.826
403.594 296.184
403.860 265.543
404.127 261.234
404.393 275.926
404.660 288.284
404.931 297.975
405.202 311.666
405.473 342.024
405.745 353.049
406.016 341.407
406.287 343.431
406.558 365.455
406.829 395.813
407.100 411.171
407.371 409.861
407.642 414.219
407.914 418.576
408.185 424.600
408.456 421.958
408.727 415.648
408.998 426.672
409.269 437.363
409.540 438.053
409.811 428.743
410.083 421.434
410.354 404.124
410.625 388.814
410.896 378.171
411.167 385.195
411.438 385.551
411.709 383.908
411.981 369.931
412.252 344.621
412.523 322.311
412.794 316.668
413.065 319.357
413.336 315.714
413.607 302.403
413.878 273.093
414.150 232.449
414.421 202.805
414.692 196.161
414.963 198.184
415.234 194.540
415.505 190.563
415.776 187.585
416.047 184.608
416.319 166.964
416.590 132.653
416.861 125.675
417.132 133.698
417.403 140.387
417.674 118.075
417.945 100.764
418.217 110.453
418.488 107.142
418.759 95.164
419.030 76.519
419.301 84.208
419.572 89.563
419.843 85.252
420.114 79.940
420.386 95.295
420.657 130.317
420.928 134.672
421.199 123.027
421.470 91.048
421.741 70.737
422.012 68.091
422.283 77.446
422.555 103.801
422.826 120.489
423.097 125.177
423.368 118.531
423.639 101.886
423.910 96.907
424.181 91.262
424.453 110.949
424.724 126.970
424.995 126.991
425.266 104.679
425.537 94.033
425.808 108.720
426.079 118.408
426.350 104.095
426.622 106.449
426.893 115.470
427.164 117.157
427.435 92.178
427.706 76.198
427.977 77.552
428.248 96.239
428.519 107.593
428.791 129.613
429.062 138.634
429.333 144.654
429.604 143.007
429.875 137.361
430.146 128.048
430.417 121.734
430.689 111.754
430.960 116.108
431.231 128.128
431.502 138.814
431.773 119.167
432.044 107.187
432.315 105.207
432.586 121.560
432.858 99.913
433.129 76.933
433.400 63.952
433.671 88.305
433.942 99.325
434.213 85.344
434.484 66.030
434.755 55.383
435.027 63.069
435.298 61.755
435.569 76.774
435.840 98.127
436.116 109.480
436.391 124.499
436.667 125.518
436.942 141.537
437.218 159.223
437.493 163.908
437.769 149.594
438.045 129.613
438.320 137.965
438.596 140.651
438.871 129.669
439.147 111.688
439.422 99.707
439.698 93.392
439.974 87.411
440.249 90.763
440.525 77.781
440.800 75.800
441.076 86.152
441.351 108.503
441.627 127.188
441.903 141.873
442.178 139.892
442.454 135.577
442.729 119.595
443.005 131.947
443.281 142.631
443.556 159.983
443.832 175.334
444.107 166.352
444.383 141.370
444.658 92.722
444.934 81.073
445.210 103.091
445.485 153.109
445.761 174.460
446.036 163.144
446.312 144.495
446.587 127.513
446.863 108.197
447.139 90.548
447.414 90.566
447.690 115.917
447.965 133.268
448.241 141.285
448.516 142.969
448.792 151.654
449.068 154.338
449.343 146.688
449.619 146.372
449.894 130.723
450.170 121.740
450.445 114.424
450.721 110.441
450.997 122.792
451.272 125.809
451.548 138.826
451.823 144.843
452.099 141.527
452.375 154.877
452.650 161.561
452.926 164.577
453.201 161.261
453.477 148.611
453.752 144.628
454.028 150.645
454.304 164.995
454.579 178.678
454.855 184.695
455.130 193.711
455.406 190.728
455.681 163.078
455.957 140.428
456.233 139.111
456.508 156.461
456.784 157.477
457.059 148.160
457.335 141.510
457.610 136.193
457.886 123.876
458.162 102.225
458.437 91.242
458.713 93.591
458.988 111.941
459.264 115.957
459.539 124.306
459.815 123.322
460.091 120.005
460.366 97.021
460.642 98.037
460.917 115.386
461.193 125.735
461.468 107.418
461.744 78.767
462.020 79.449
462.295 78.465
462.571 89.148
462.846 98.830
463.122 105.846
463.397 103.165
463.673 96.812
463.949 100.459
464.224 99.475
464.500 91.526
464.775 88.512
465.051 101.514
465.327 129.087
465.602 149.781
465.878 143.434
466.153 139.841
466.429 158.765
466.704 189.851
466.980 194.251
467.256 177.132
467.531 186.298
467.807 207.133
468.082 218.159
468.358 204.605
468.633 184.358
468.909 174.924
469.185 175.399
469.460 176.591
469.736 164.300
470.011 153.249
470.287 166.427
470.562 173.595
470.838 169.440
471.114 148.722
471.389 146.482
471.665 146.593
471.940 152.107
472.216 151.546
472.491 146.586
472.767 142.995
473.043 146.440
473.318 130.619
473.594 106.716
473.869 102.821
474.145 119.818
474.421 123.223
474.696 90.361
474.972 68.718
475.247 73.178
475.523 104.469
475.798 133.313
476.074 137.401
476.350 137.416
476.625 140.880
476.901 138.858
477.176 122.161
477.452 100.702
477.727 102.672
478.003 130.434
478.279 153.789
478.554 156.556
478.830 151.774
479.105 130.714
479.381 125.190
479.656 113.951
479.932 132.450
480.208 141.115
480.483 145.763
480.759 148.026
481.034 151.024
481.310 146.529
481.585 143.742
481.861 141.930
482.137 143.201
482.412 144.005
482.688 146.840
482.963 142.338
483.239 120.868
483.514 119.732
483.790 133.282
484.066 137.491
484.341 125.063
484.617 100.324
484.892 89.283
485.168 82.230
485.443 89.837
485.719 111.930
485.995 132.339
486.270 134.816
486.546 118.532
486.821 93.999
487.097 83.711
487.373 103.254
487.648 141.517
487.924 161.069
488.199 139.371
488.475 105.864
488.750 101.578
489.026 99.600
489.302 99.612
489.577 89.421
489.853 96.236
490.128 110.542
490.404 117.046
490.679 133.284
490.955 141.073
491.231 145.652
491.506 117.686
491.782 78.284
492.057 76.340
492.333 99.161
492.608 115.808
492.884 95.598
493.160 81.974
493.435 96.423
493.711 109.515
493.986 126.847
494.262 132.415
494.537 126.607
494.813 93.971
495.089 80.328
495.364 92.811
495.640 116.071
495.915 136.167
496.191 156.333
496.467 166.314
496.742 147.406
497.018 115.291
497.293 98.322
497.569 97.123
497.844 117.024
498.120 132.707
498.396 124.550
498.671 122.391
498.947 123.824
499.222 145.781
499.498 142.570
499.773 138.078
500.049 142.895
500.325 160.792
500.600 185.008
500.876 217.388
501.151 238.732
501.427 268.503
501.702 272.374
501.978 271.630
502.254 257.321
502.529 272.285
502.805 313.039
503.080 350.980
503.356 369.829
503.631 361.905
503.907 345.083
504.183 344.334
504.458 357.374
504.734 387.612
505.009 402.806
505.285 404.503
505.560 393.857
505.836 387.458
506.112 378.492
506.387 362.536
506.663 334.439
506.938 302.647
507.214 281.336
507.490 270.710
507.765 269.197
508.041 257.683
508.316 238.372
508.592 219.676
508.867 211.674
509.143 212.876
509.419 214.686
509.694 205.867
509.970 168.873
510.245 152.006
510.521 134.462
510.796 143.720
511.072 131.275
511.348 129.872
511.623 121.362
511.899 122.534
512.174 130.940
512.450 125.913
512.725 108.330
513.001 85.471
513.277 91.276
513.552 113.518
513.828 134.745
514.103 146.183
514.379 147.741
514.654 147.284
514.930 156.529
515.206 147.564
515.481 121.318
515.757 98.646
516.032 105.298
516.308 139.373
516.583 159.322
516.859 175.751
517.135 184.617
517.410 194.881
517.686 208.699
517.961 228.631
518.237 234.831
518.513 247.043
518.788 246.971
519.064 254.567
519.339 263.414
519.615 290.988
519.890 341.821
520.166 383.256
520.442 407.755
520.717 406.801
520.993 391.091
521.268 376.664
521.544 379.176
521.819 388.748
522.095 421.849
522.371 455.159
522.646 476.625
522.922 471.379
523.197 452.567
523.473 439.032
523.748 453.253
524.024 469.212
524.300 477.196
524.575 458.067
524.851 461.743
525.126 479.616
525.402 492.385
525.677 491.439
525.953 487.465
526.229 475.991
526.504 468.990
526.780 489.570
527.055 528.496
527.331 541.265
527.606 520.541
527.882 502.528
528.158 509.588
528.433 518.063
528.709 530.229
528.984 533.470
529.260 537.807
529.535 521.978
529.811 504.840
530.087 492.832
530.362 489.947
530.638 470.027
530.913 467.456
531.189 467.607
531.465 471.121
531.740 448.875
532.016 419.214
532.291 395.112
532.567 380.209
532.842 373.162
533.118 362.089
533.394 329.506
533.669 287.723
533.945 255.530
534.220 266.339
534.496 279.828
534.771 281.380
535.047 255.321
535.323 230.383
535.598 225.592
535.874 235.124
536.149 247.408
536.425 251.160
536.700 251.421
536.976 266.066
537.252 275.898
537.527 280.987
537.803 303.148
538.078 345.858
538.354 400.507
538.629 440.332
538.905 478.218
539.181 519.606
539.456 569.774
539.732 646.624
540.007 727.042
540.283 792.863
540.558 816.776
540.834 824.905
541.110 843.554
541.385 880.468
541.661 919.733
541.936 926.640
542.212 943.145
542.488 964.298
542.763 974.195
543.039 962.955
543.314 918.613
543.590 904.697
543.865 888.138
544.141 896.423
544.417 881.205
544.692 874.262
544.968 845.080
545.243 816.621
545.519 781.136
545.794 776.506
546.070 788.959
546.348 773.063
546.627 749.124
546.905 720.800
547.183 719.907
547.461 722.084
547.740 727.630
548.018 729.294
548.296 723.675
548.575 725.429
548.853 732.058
549.131 739.767
549.409 761.358
549.688 784.599
549.966 806.433
550.244 813.115
550.523 822.485
550.801 856.977
551.079 900.297
551.357 916.548
551.636 915.332
551.914 899.613
552.192 895.049
552.471 905.927
552.749 907.313
553.027 925.833
553.306 950.793
553.584 977.713
553.862 991.823
554.140 986.266
554.419 977.473
554.697 985.012
554.975 991.540
555.254 985.077
555.532 985.735
555.810 997.409
556.088 1020.520
556.367 982.264
556.645 936.212
556.923 885.032
557.202 881.229
557.480 860.308
557.758 838.100
558.036 805.637
558.315 773.797
558.593 754.257
558.871 731.863
559.150 721.492
559.428 691.722
559.706 659.969
559.984 631.137
560.263 604.977
560.541 555.455
560.819 487.224
561.098 426.795
561.376 389.323
561.654 341.988
561.932 317.218
562.211 291.815
562.489 272.672
562.767 247.704
563.046 235.146
563.324 231.386
563.602 213.085
563.880 196.458
564.159 193.129
564.437 191.537
564.715 170.752
564.994 164.109
565.272 150.958
565.550 143.608
565.828 123.740
566.107 128.636
566.385 143.679
566.663 152.736
566.942 141.216
567.220 141.001
567.498 129.520
567.776 124.116
568.055 112.264
568.333 118.131
568.611 129.762
568.890 135.711
569.168 142.617
569.446 142.108
569.725 143.769
570.003 134.158
570.281 120.023
570.559 111.731
570.838 118.284
571.116 143.219
571.394 162.376
571.673 171.867
571.951 165.183
572.229 141.979
572.507 121.027
572.786 113.059
573.064 117.352
573.342 110.645
573.621 112.031
573.899 111.174
574.177 117.111
574.455 125.066
574.734 141.781
575.012 147.088
575.290 140.328
575.569 128.719
575.847 126.850
576.125 106.311
576.403 98.864
576.682 101.664
576.960 133.210
577.243 140.183
577.527 116.217
577.810 100.221
578.093 91.790
578.377 108.328
578.660 112.361
578.944 109.135
579.227 123.459
579.510 127.598
579.794 135.564
580.077 121.072
580.360 117.153
580.644 111.973
580.927 106.090
581.210 100.245
581.494 117.864
581.777 138.850
582.061 154.513
582.344 155.286
582.627 140.722
582.911 121.819
583.194 111.897
583.477 122.255
583.761 142.222
584.044 152.927
584.327 148.320
584.611 132.729
584.894 122.080
585.178 117.758
585.461 126.090
585.744 130.472
586.028 131.185
586.311 126.570
586.594 114.244
586.878 108.251
587.161 96.258
587.444 97.598
587.728 106.605
588.011 99.279
588.295 91.259
588.578 90.224
588.861 119.231
589.145 130.303
589.428 110.352
589.711 93.992
589.995 104.578
590.278 130.252
590.562 143.246
590.845 143.536
591.128 147.773
591.412 132.462
591.695 124.817
591.978 125.542
592.262 128.809
592.545 138.463
592.828 124.740
593.112 123.417
593.395 105.726
593.679 109.014
593.962 113.266
594.245 121.531
594.529 101.242
594.812 87.318
595.095 87.242
595.379 104.810
595.662 118.672
595.945 111.693
596.229 105.933
596.512 107.186
596.796 104.484
597.079 113.071
597.362 128.497
597.646 133.418
597.929 128.400
598.212 116.166
598.496 135.843
598.779 153.582
599.062 151.572
599.346 123.581
599.629 96.550
599.913 84.654
600.196 96.416
600.479 115.798
600.763 122.960
601.046 116.076
601.329 107.796
601.613 113.702
601.896 137.546
602.179 157.487
602.463 162.692
602.746 140.105
603.030 109.632
603.313 108.611
603.596 131.425
603.880 158.528
604.163 165.627
604.446 146.315
604.730 130.557
605.013 132.522
605.296 137.425
605.580 148.571
605.863 141.068
606.147 142.380
606.430 133.856
606.713 124.395
606.997 124.031
607.280 118.493
607.563 118.751
607.847 114.556
608.130 133.479
608.414 143.960
608.697 144.619
608.980 134.930
609.264 121.924
609.547 125.848
609.830 135.277
610.114 141.486
610.397 131.990
610.680 113.750
610.964 114.777
611.247 136.476
611.531 142.734
611.814 139.837
612.097 139.461
612.381 163.019
612.664 170.222
612.947 146.731
613.231 130.103
613.514 128.845
613.797 159.663
614.081 165.890
614.364 167.206
614.648 146.910
614.931 134.474
615.214 133.542
615.498 141.179
615.781 138.320
616.064 141.652
616.348 134.154
616.631 146.956
616.914 164.087
617.198 181.499
617.481 180.625
617.765 170.891
618.048 162.790
618.331 156.973
618.615 157.364
618.898 163.021
619.181 158.128
619.465 152.915
619.748 150.397
620.031 151.148
620.315 143.041
620.598 136.593
620.882 146.337
621.165 155.044
621.448 165.762
621.732 162.836
622.015 148.376
622.298 118.621
622.582 110.170
622.865 115.580
623.148 134.696
623.432 143.460
623.715 163.700
623.999 154.150
624.282 149.380
624.565 134.822
624.849 130.285
625.132 138.111
625.415 151.384
625.699 163.871
625.982 153.591
626.265 126.723
626.549 128.461
626.832 124.382
627.116 110.583
627.399 132.330
627.682 157.730
627.966 175.756
628.249 133.671
628.532 114.694
628.816 130.239
629.099 151.148
629.383 155.633
629.666 152.984
629.949 144.688
630.233 151.234
630.516 153.183
630.799 144.639
631.083 127.194
631.366 111.358
631.649 111.461
631.933 119.902
632.216 142.363
632.500 165.377
632.783 170.873
633.066 153.336
633.350 154.944
633.633 163.195
633.916 174.690
634.200 169.780
634.483 144.860
634.766 128.624
635.050 126.055
635.333 148.327
635.617 180.691
635.900 210.368
636.183 225.218
636.467 223.944
636.750 219.634
637.033 214.589
637.317 209.631
637.600 211.470
637.883 226.604
638.167 246.653
638.450 252.369
638.734 252.217
639.017 266.579
639.300 298.623
639.584 330.044
639.867 337.439
640.150 333.079
640.434 338.584
640.717 353.754
641.000 371.723
641.284 384.937
641.567 397.589
641.851 400.521
642.134 402.270
642.417 422.795
642.701 445.729
642.984 462.217
643.267 465.489
643.551 484.049
643.834 506.838
644.117 522.299
644.401 550.107
644.684 604.751
644.968 662.768
645.251 697.046
645.534 709.656
645.818 739.612
646.101 807.444
646.384 903.138
646.668 1008.933
646.951 1124.824
647.235 1250.460
647.518 1388.968
647.801 1541.005
648.085 1692.325
648.368 1841.453
648.651 2003.461
648.935 2176.312
649.218 2361.016
649.501 2534.907
649.785 2704.636
650.068 2896.344
650.352 3096.061
650.635 3299.350
650.918 3503.174
651.202 3709.766
651.485 3949.760
651.768 4184.126
652.052 4401.146
652.335 4580.950
652.618 4746.619
652.902 4929.042
653.185 5114.507
653.469 5306.884
653.752 5431.612
654.035 5531.933
654.319 5597.809
654.602 5648.730
654.885 5700.792
655.169 5731.785
655.452 5805.790
655.735 5877.744
656.019 5979.082
656.302 6075.131
656.586 6177.713
656.869 6236.686
657.152 6276.360
657.436 6298.721
657.719 6321.864
658.002 6361.760
658.286 6426.749
658.569 6510.272
658.852 6559.372
659.136 6602.044
659.419 6679.257
659.703 6806.504
659.986 6929.037
660.269 7014.004
660.553 7102.066
660.836 7188.441
661.119 7249.248
661.403 7266.278
661.686 7206.702
661.969 7185.538
662.253 7171.905
662.536 7159.284
662.820 7110.484
663.103 7048.475
663.386 7006.560
663.670 6951.548
663.953 6856.303
664.236 6762.775
664.520 6652.300
664.803 6558.935
665.086 6445.127
665.370 6338.073
665.653 6162.599
665.937 5964.270
666.220 5751.367
666.503 5543.799
666.787 5368.827
667.070 5188.330
667.353 5006.793
667.637 4803.477
667.920 4611.226
668.204 4419.070
668.487 4215.885
668.770 3977.417
669.054 3754.993
669.337 3532.772
669.620 3318.588
669.904 3106.564
670.187 2909.060
670.470 2696.889
670.754 2488.877
671.037 2281.777
671.321 2134.860
671.604 1988.931
671.887 1843.668
672.171 1688.253
672.454 1557.394
672.737 1470.681
673.021 1385.892
673.304 1303.719
673.587 1201.613
673.871 1102.028
674.154 1014.055
674.438 950.302
674.721 902.299
675.004 851.524
675.288 790.367
675.571 751.875
675.854 730.764
676.138 706.161
676.421 666.647
676.704 638.001
676.988 633.067
677.271 622.947
677.555 599.943
677.838 553.460
678.121 524.685
678.405 540.065
678.688 550.796
678.971 552.537
679.255 503.858
679.538 462.023
679.821 405.439
680.105 360.950
680.388 340.104
680.672 332.605
680.955 315.145
681.238 277.381
681.522 252.697
681.805 245.157
682.088 254.445
682.372 235.399
682.655 222.355
682.938 210.273
683.222 208.255
683.505 209.378
683.789 205.630
684.072 205.917
684.355 206.543
684.639 203.341
684.922 202.301
685.205 196.043
685.489 185.322
685.772 174.646
686.056 172.695
686.339 172.291
686.622 175.669
686.906 181.455
687.189 223.213
687.472 254.444
687.756 254.100
688.039 218.962
688.322 200.266
688.606 198.878
688.889 202.362
689.173 209.673
689.456 232.390
689.739 235.108
690.023 214.520
690.306 192.473
690.589 207.253
690.873 215.108
691.156 210.538
691.439 185.570
691.723 185.995
692.006 204.651
692.290 230.844
692.573 237.739
692.856 228.869
693.140 224.474
693.423 230.007
693.706 234.007
693.990 224.207
694.273 209.767
694.556 210.807
694.840 211.157
695.123 217.698
695.407 209.849
695.690 191.154
695.973 176.930
696.257 175.839
696.540 177.743
696.830 169.744
697.120 162.773
697.410 170.533
697.699 223.314
697.989 271.807
698.279 295.999
698.569 268.340
698.859 247.571
699.149 228.930
699.439 207.189
699.729 193.075
700.018 203.139
700.308 224.494
700.598 227.937
700.888 227.632
701.178 238.063
701.468 257.768
701.758 259.746
702.048 234.881
702.337 196.498
702.627 187.679
702.917 187.766
703.207 191.292
703.497 166.563
703.787 148.396
704.077 144.601
704.366 160.565
704.656 181.634
704.946 182.361
705.236 175.412
705.526 173.622
705.816 166.203
706.106 165.106
706.396 149.235
706.685 151.032
706.975 149.456
707.265 165.019
707.555 176.816
707.845 167.241
708.135 140.251
708.425 113.096
708.715 123.190
709.004 130.770
709.294 143.820
709.584 145.696
709.874 149.229
710.164 154.270
710.454 153.669
710.744 165.837
711.034 177.443
711.323 176.636
711.613 167.942
711.903 169.194
712.193 175.703
712.483 183.574
712.773 172.654
713.063 161.657
713.352 157.730
713.642 154.810
713.932 160.380
714.222 164.007
714.512 158.489
714.802 153.716
715.092 143.707
715.382 144.175
715.671 151.930
715.961 152.709
716.251 148.086
716.541 131.316
716.831 116.381
717.121 119.012
717.411 139.563
717.701 160.235
717.990 164.292
718.280 154.950
718.570 142.073
718.860 122.656
719.150 103.847
719.440 90.839
719.730 116.578
720.019 137.306
720.309 155.140
720.599 139.993
720.889 121.277
721.179 121.098
721.469 122.458
721.759 142.661
722.049 135.360
722.338 136.405
722.628 132.303
722.918 137.230
723.208 152.660
723.498 170.452
723.788 188.145
724.078 192.497
724.368 182.290
724.657 173.736
724.947 155.139
725.237 149.784
725.527 145.609
725.817 144.409
726.107 129.685
726.397 113.392
726.686 121.456
726.976 126.618
727.266 132.748
727.556 148.935
727.846 178.276
728.136 179.649
728.426 151.940
728.716 127.535
729.005 121.080
729.295 114.364
729.585 95.312
729.875 92.763
730.165 92.412
730.455 109.623
730.745 118.396
731.035 127.574
731.324 128.549
731.614 128.917
731.904 140.866
732.194 147.770
732.484 151.057
732.774 137.170
733.064 125.501
733.354 119.131
733.643 111.415
733.933 112.475
734.223 130.636
734.513 156.687
734.803 167.139
735.093 144.141
735.383 125.322
735.672 119.611
735.962 131.704
736.252 144.555
736.542 153.421
736.832 149.963
737.122 142.502
737.412 139.345
737.702 135.465
737.991 129.701
738.281 131.394
738.571 134.135
738.861 131.224
739.151 119.811
739.441 124.036
739.731 139.839
740.021 150.490
740.310 168.770
740.600 166.804
740.890 153.699
741.180 133.630
741.470 133.403
741.760 141.305
742.050 141.065
742.339 127.649
742.629 134.673
742.919 142.869
743.209 140.565
743.499 126.103
743.789 128.189
744.079 145.337
744.369 141.748
744.658 116.340
744.948 102.900
745.238 113.806
745.528 149.249
745.818 177.398
746.108 186.436
746.398 167.304
746.688 154.464
746.977 140.565
747.267 145.252
747.557 138.019
747.847 137.778
748.137 151.761
748.427 156.836
748.717 142.909
749.006 116.083
749.296 111.062
749.586 128.028
749.876 135.336
750.166 127.787
750.456 124.557
750.746 144.275
751.036 177.583
751.325 180.628
751.615 152.390
751.905 123.536
752.195 115.253
752.485 118.663
752.775 118.376
753.065 119.753
753.355 121.759
753.644 128.583
753.934 133.013
754.224 148.532
754.514 143.472
754.804 128.431
755.094 113.000
755.384 109.326
755.674 139.086
755.963 147.162
756.253 163.883
756.543 170.035
756.833 174.055
757.123 150.387
757.413 129.286
757.703 128.337
757.992 142.029
758.282 144.378
758.572 133.997
758.862 120.983
759.152 121.944
759.442 137.694
759.732 156.793
760.022 148.843
760.311 137.502
760.601 140.578
760.891 142.217
761.181 142.892
761.471 128.182
761.761 127.596
762.051 115.528
762.341 120.567
762.630 126.613
762.920 126.685
763.210 113.598
763.500 101.181
763.793 116.592
764.086 134.671
764.379 149.731
764.671 140.631
764.964 135.269
765.257 138.060
765.550 129.072
765.843 118.080
766.136 100.275
766.429 109.982
766.722 112.598
767.014 109.882
767.307 107.536
767.600 119.712
767.893 137.893
768.186 141.632
768.479 136.931
768.772 141.975
769.064 146.636
769.357 152.352
769.650 155.993
769.943 152.304
770.236 131.811
770.529 118.768
770.822 129.568
771.115 156.848
771.407 166.651
771.700 163.734
771.993 149.947
772.286 140.823
772.579 114.178
772.872 90.952
773.165 87.931
773.457 118.568
773.750 131.711
774.043 118.333
774.336 111.896
774.629 133.427
774.922 135.756
775.215 114.562
775.508 105.679
775.800 122.068
776.093 148.536
776.386 136.838
776.679 122.407
776.972 107.024
777.265 114.034
777.558 126.701
777.850 143.377
778.143 160.819
778.436 177.908
778.729 179.921
779.022 156.080
779.315 125.933
779.608 111.196
779.900 114.214
780.193 123.221
780.486 118.792
780.779 105.320
781.072 97.926
781.365 95.291
781.658 106.054
781.951 96.337
782.243 95.336
782.536 96.009
782.829 106.437
783.122 117.105
783.415 126.433
783.708 141.446
784.001 154.489
784.293 162.463
784.586 162.750
784.879 159.300
785.172 153.291
785.465 138.932
785.758 124.963
786.051 116.871
786.344 129.851
786.636 145.162
786.929 154.646
787.222 143.639
787.515 113.893
787.808 99.048
788.101 101.972
788.394 131.279
788.686 155.984
788.979 162.647
789.272 150.619
789.565 142.853
789.858 143.189
790.151 126.587
790.444 104.026
790.737 99.323
791.029 128.574
791.322 154.415
791.615 160.455
791.908 152.807
792.201 141.511
792.494 128.086
792.787 138.011
793.079 145.276
793.372 159.938
793.665 140.333
793.958 131.746
794.251 125.059
794.544 133.703
794.837 148.661
795.130 152.364
795.422 152.700
795.715 141.449
796.008 133.105
796.301 133.724
796.594 141.273
796.887 148.294
797.180 149.343
797.472 137.103
797.765 132.412
798.058 125.104
798.351 122.448
798.644 129.472
798.937 140.389
799.230 158.671
799.523 168.977
799.815 156.072
800.108 140.123
800.401 151.164
800.694 172.436
800.987 186.174
801.280 172.261
801.573 167.060
801.865 173.995
802.158 169.950
802.451 150.269
802.744 132.308
803.037 120.043
803.330 136.679
803.623 160.635
803.915 177.288
804.208 157.765
804.501 123.603
804.794 94.329
805.087 95.034
805.380 98.374
805.673 108.415
805.966 113.762
806.258 117.221
806.551 107.966
806.844 112.780
807.137 105.755
807.430 108.101
807.723 112.745
808.016 130.252
808.308 139.626
808.601 120.614
808.894 116.975
809.187 137.850
809.480 158.593
809.773 152.178
810.066 135.458
810.359 132.640
810.651 129.700
810.944 127.438
811.237 139.550
811.530 153.770
811.825 152.764
812.119 131.913
812.414 123.498
812.709 124.300
813.003 112.924
813.298 104.953
813.593 97.533
813.887 125.344
814.182 131.510
814.476 143.461
814.771 137.871
815.066 140.287
815.360 151.855
815.655 157.283
815.950 166.826
816.244 170.743
816.539 174.598
816.834 179.186
817.128 174.432
817.423 174.277
817.718 166.372
818.012 142.076
818.307 113.171
818.602 114.937
818.896 127.715
819.191 140.922
819.486 136.279
819.780 142.316
820.075 151.119
820.369 136.873
820.664 127.719
820.959 135.776
821.253 156.884
821.548 155.980
821.843 131.225
822.137 117.967
822.432 119.880
822.727 138.475
823.021 151.841
823.316 147.487
823.611 135.535
823.905 131.726
824.200 144.322
824.495 145.606
824.789 140.042
825.084 144.264
825.379 160.857
825.673 171.631
825.968 165.161
826.262 142.525
826.557 127.489
826.852 131.135
827.146 150.146
827.441 164.657
827.736 153.381
828.030 120.182
828.325 101.430
828.620 118.082
828.914 149.109
829.209 167.454
829.504 164.742
829.798 172.381
830.093 169.040
830.388 155.551
830.682 141.256
830.977 136.034
831.271 129.018
831.566 111.569
831.861 97.928
832.155 109.301
832.450 136.759
832.745 159.008
833.039 156.738
833.334 141.009
833.629 121.556
833.923 109.752
834.218 109.117
834.513 113.983
834.807 99.333
835.102 84.609
835.397 89.633
835.691 113.711
835.986 125.582
836.281 110.361
836.575 93.518
836.870 103.872
837.164 115.861
837.459 123.350
837.754 112.964
838.048 102.969
838.343 106.074
838.638 103.390
838.932 103.972
839.227 119.522
839.522 137.079
839.816 149.502
840.111 148.162
840.406 137.543
840.700 152.718
840.995 169.585
841.290 186.986
841.584 188.041
841.879 167.342
842.174 161.929
842.468 152.812
842.763 162.506
843.057 134.754
843.352 113.975
843.647 87.991
843.941 97.156
844.236 108.207
844.531 133.102
844.825 157.044
845.120 177.497
845.415 180.374
845.709 181.926
846.004 161.864
846.299 157.347
846.593 143.425
846.888 137.471
847.183 140.148
847.477 138.318
847.772 145.052
848.066 136.448
848.361 137.423
848.656 139.959
848.950 134.837
849.245 120.891
849.540 111.835
849.834 129.518
850.129 156.808
850.424 170.348
850.718 165.124
851.013 164.744
851.308 165.837
851.602 173.191
851.897 171.280
852.192 166.202
852.486 157.141
852.781 158.920
853.076 182.134
853.370 201.147
853.665 209.315
853.959 204.519
854.254 187.112
854.549 169.876
854.843 153.260
855.138 156.355
855.433 180.898
855.727 180.738
856.022 183.557
856.317 161.823
856.611 158.136
856.906 148.019
857.201 151.390
857.495 154.546
857.790 158.671
858.085 154.899
858.379 146.817
858.674 130.690
858.969 133.403
859.263 160.635
859.558 188.510
859.852 170.538
860.147 141.252
860.442 112.723
860.736 119.953
861.031 139.556
861.326 144.592
861.620 149.227
861.915 151.122
862.210 153.663
862.504 149.988
862.799 136.014
863.094 131.744
863.388 113.827
863.683 103.958
863.978 98.707
864.272 107.855
864.567 131.336
864.861 157.424
865.156 165.091
865.451 144.453
865.745 125.935
866.040 117.576
866.335 136.510
866.629 133.856
866.924 136.362
867.219 137.320
867.513 140.387
867.808 143.029
868.103 137.783
868.397 137.480
868.692 129.576
868.987 108.439
869.281 99.747
869.576 111.154
869.871 118.883
870.165 134.949
870.460 136.622
870.754 126.841
871.049 121.264
871.344 128.180
871.638 128.637
871.933 113.283
872.228 97.957
872.522 104.605
872.817 135.094
873.112 148.490
873.406 173.101
873.701 164.698
873.996 156.117
874.290 131.228
874.585 124.241
874.880 131.083
875.174 134.131
875.469 122.657
875.764 116.728
876.058 120.626
876.353 131.036
876.647 131.785
876.942 126.241
877.237 126.271
877.531 118.345
877.826 124.118
878.121 135.943
878.415 154.005
878.710 167.940
879.005 167.211
879.299 144.584
879.594 108.863
879.889 80.779
880.183 72.178
880.478 82.311
880.773 97.984
881.067 126.688
881.362 140.358
881.656 140.395
881.951 120.616
882.246 112.380
882.540 115.749
882.835 133.934
883.130 136.445
883.424 132.542
883.719 134.600
884.014 145.922
884.308 144.449
884.603 131.733
884.898 115.965
885.192 100.994
885.487 87.564
885.782 106.592
886.076 129.177
886.371 122.480
886.666 95.108
886.960 87.819
887.255 106.515
887.549 133.850
887.844 146.447
888.139 155.468
888.433 141.220
888.728 125.640
889.023 116.901
889.317 115.321
889.612 117.550
889.907 110.697
890.201 107.095
890.496 101.137
890.791 98.994
891.085 99.817
891.380 103.058
891.675 116.927
891.969 126.558
892.264 130.022
892.559 129.691
892.853 137.422
893.148 140.912
893.442 132.057
893.737 114.932
894.032 99.369
894.326 89.648
894.621 77.336
894.916 83.212
895.210 105.661
895.505 126.650
895.800 126.713
896.094 110.491
896.389 101.620
896.684 97.209
896.978 83.120
897.273 84.006
897.568 99.092
897.862 114.125
898.157 121.861
898.451 112.168
898.746 116.657
899.041 108.726
899.335 110.268
899.630 104.661
899.925 109.091
900.219 133.083
900.514 149.240
900.809 146.390
901.103 123.947
901.398 118.649
901.693 120.271
901.987 120.079
902.282 119.562
902.577 116.296
902.871 111.906
903.166 105.100
903.461 119.200
903.755 124.132
904.050 129.111
904.344 116.139
904.639 117.707
904.934 117.181
905.228 102.958
905.523 85.087
905.818 98.373
906.112 122.765
906.407 142.137
906.702 134.152
906.996 130.782
907.291 126.633
907.586 126.274
907.880 122.113
908.175 128.313
908.470 126.499
908.764 130.520
909.059 124.295
909.354 120.574
909.648 116.434
909.943 126.909
910.237 135.914
910.532 131.479
910.827 127.943
911.121 121.031
911.416 130.322
911.711 128.033
912.005 118.653
912.300 114.319
912.599 108.967
912.898 119.349
913.196 117.608
913.495 116.852
913.794 108.537
914.093 103.995
914.391 101.334
914.690 103.081
914.989 130.852
915.288 153.970
915.586 155.320
915.885 135.970
916.184 110.857
916.483 114.130
916.782 121.417
917.080 130.327
917.379 137.039
917.678 133.228
917.977 142.882
918.275 151.417
918.574 149.738
918.873 140.829
919.172 123.509
919.471 126.222
919.769 132.749
920.068 140.342
920.367 148.710
920.666 156.726
920.964 152.861
921.263 122.242
921.562 84.222
921.861 68.342
922.159 87.540
922.458 100.274
922.757 97.197
923.056 83.918
923.355 102.411
923.653 125.841
923.952 133.212
924.251 124.965
924.550 127.830
924.848 137.016
925.147 139.946
925.446 143.886
925.745 151.427
926.043 144.408
926.342 120.062
926.641 100.054
926.940 109.033
927.239 132.220
927.537 134.563
927.836 123.441
928.135 115.629
928.434 133.961
928.732 150.317
929.031 155.511
929.330 138.783
929.629 128.801
929.927 115.114
930.226 101.006
930.525 86.920
930.824 101.590
931.123 133.245
931.421 164.561
931.720 168.084
932.019 162.950
932.318 168.043
932.616 148.080
932.915 131.310
933.214 120.488
933.513 117.095
933.812 111.145
934.110 107.112
934.409 123.667
934.708 152.657
935.007 160.861
935.305 162.335
935.604 149.611
935.903 131.459
936.202 145.019
936.500 162.742
936.799 197.962
937.098 210.692
937.397 223.005
937.696 212.016
937.994 195.483
938.293 164.376
938.592 136.724
938.891 134.442
939.189 148.080
939.488 159.670
939.787 172.149
940.086 180.405
940.384 201.408
940.683 202.960
940.982 206.731
941.281 216.000
941.580 212.889
941.878 204.447
942.177 181.046
942.476 182.125
942.775 197.705
943.073 211.785
943.372 207.977
943.671 205.316
943.970 200.828
944.268 204.542
944.567 182.994
944.866 162.375
945.165 133.082
945.464 113.838
945.762 125.455
946.061 147.445
946.360 190.003
946.659 190.739
946.957 179.078
947.256 183.306
947.555 210.545
947.854 232.003
948.153 213.778
948.451 193.810
948.750 184.109
949.049 185.672
949.348 187.755
949.646 200.757
949.945 216.917
950.244 207.399
950.543 192.988
950.841 171.731
951.140 171.096
951.439 169.787
951.738 164.323
952.037 180.126
952.335 183.166
952.634 170.360
952.933 157.232
953.232 153.705
953.530 178.472
953.829 177.829
954.128 177.247
954.427 199.868
954.725 228.628
955.024 226.712
955.323 173.666
955.622 140.131
955.921 150.863
956.219 178.213
956.518 196.284
956.817 192.283
957.116 177.731
957.414 149.614
957.713 132.132
958.012 126.489
958.311 133.417
958.610 128.195
958.908 145.931
959.207 157.287
959.506 163.911
959.805 173.148
960.103 171.169
960.402 166.771
960.701 145.162
961.000 139.668
961.298 154.232
961.597 150.894
961.896 127.498
962.195 113.916
962.494 120.634
962.792 122.285
963.091 128.236
963.390 149.768
963.689 168.237
963.987 164.093
964.286 134.404
964.585 134.971
964.884 125.292
965.182 147.739
965.481 164.092
965.780 191.224
966.080 183.638
966.380 165.890
966.680 164.430
966.981 154.770
967.281 158.173
967.581 144.898
967.881 133.528
968.181 126.235
968.481 124.624
968.781 121.471
969.082 123.705
969.382 128.538
969.682 138.568
969.982 128.676
970.282 115.552
970.582 116.074
970.882 136.871
971.183 151.939
971.483 156.329
971.783 143.068
972.083 137.739
972.383 127.227
972.683 121.780
972.983 103.577
973.284 110.026
973.584 119.491
973.884 142.649
974.184 139.946
974.484 123.699
974.784 106.484
975.084 96.515
975.385 104.374
975.685 107.332
975.985 118.207
976.285 119.484
976.585 116.590
976.885 120.822
977.185 134.209
977.486 150.116
977.786 145.468
978.086 126.751
978.386 115.725
978.686 125.356
978.986 139.039
979.286 148.649
979.587 131.318
979.887 122.653
980.187 120.655
980.487 135.656
980.787 130.658
981.087 133.326
981.387 134.328
981.688 130.996
981.988 116.331
982.288 115.667
982.588 136.668
982.888 148.337
983.188 159.005
983.488 156.007
983.789 136.675
984.089 100.010
984.389 83.345
984.689 84.680
984.989 104.348
985.289 137.017
985.589 159.018
985.890 153.354
986.190 133.355
986.490 125.357
986.790 132.692
987.090 136.694
987.390 149.029
987.690 157.364
987.991 153.699
988.291 134.700
988.591 119.369
988.891 113.370
989.191 133.372
989.491 132.040
989.791 133.042
990.092 136.710
990.392 152.379
990.692 151.380
990.992 126.049
991.292 131.384
991.592 149.052
991.892 155.387
992.193 133.055
992.493 117.390
992.793 118.058
993.093 132.393
993.393 149.062
993.693 163.397
993.993 176.732
994.294 174.067
994.594 166.402
994.894 141.737
995.194 118.405
995.494 104.073
995.794 110.742
996.094 122.743
996.395 134.745
996.695 130.746
996.995 123.748
997.295 121.416
997.595 108.418
997.895 92.086
998.195 76.755
998.496 77.756
998.796 86.758
999.096 96.759
999.396 107.428
999.696 128.096
999.996 145.764
1000.296 157.766
1000.597 135.767
1000.897 124.769
1001.197 141.104
1001.497 156.772
1001.797 149.107
1002.097 134.442
1002.397 143.444
1002.698 154.445
1002.998 138.447
1003.298 111.115
1003.598 88.783
1003.898 93.785
1004.198 112.120
1004.498 127.788
1004.799 137.123
1005.099 148.458
1005.399 177.126
1005.699 185.128
1005.999 175.796
1006.299 152.464
1006.599 139.133
1006.900 131.801
1007.200 129.136
1007.500 132.804
1007.800 148.139
1008.100 147.807
1008.400 141.475
1008.700 114.144
1009.001 100.812
1009.301 110.813
1009.601 135.148
1009.901 154.150
1010.201 152.818
1010.501 160.486
1010.801 158.155
1011.102 151.489
1011.402 129.824
1011.702 125.493
1012.002 132.161
1012.302 142.496
1012.602 159.831
1012.902 157.165
1013.203 140.500
1013.503 122.502
1013.803 112.503
1014.103 129.505
1014.403 129.173
1014.703 127.841
1015.003 123.843
1015.304 121.178
1015.604 114.513
1015.904 109.847
1016.204 111.849
1016.504 120.851
1016.804 130.185
1017.104 136.854
1017.405 149.855
1017.705 150.190
1018.005 144.192
1018.305 130.193
1018.605 125.195
1018.905 134.529
1019.205 159.198
1019.506 170.866
1019.806 165.201
1020.106 162.869
1020.406 151.204
1020.706 151.872
1021.006 149.540
1021.306 159.542
1021.607 158.876
1021.907 155.211
1022.207 155.879
1022.507 164.214
1022.807 149.216
1023.107 138.551
1023.407 143.219
1023.708 154.554
1024.008 161.555
1024.308 142.223
1024.608 120.558
1024.908 109.893
1025.208 125.561
1025.508 150.563
1025.809 144.564
1026.109 124.565
1026.409 108.234
1026.709 113.235
1027.009 131.237
1027.309 140.905
1027.609 140.240
1027.910 144.574
1028.210 166.909
1028.510 196.244
1028.810 198.245
1029.110 166.580
1029.410 151.582
1029.710 146.583
1030.011 166.251
1030.311 170.586
1030.611 176.588
1030.911 186.922
1031.211 184.257
1031.511 181.925
1031.811 162.593
1032.112 152.595
1032.412 117.930
1032.712 101.598
1033.012 100.266
1033.312 133.267
1033.612 148.936
1033.912 146.270
1034.212 137.938
1034.513 138.273
1034.813 140.941
1035.113 144.609
1035.413 140.611
1035.713 133.279
1036.013 115.280
1036.313 125.615
1036.614 142.617
1036.914 138.951
1037.214 117.620
1037.514 101.621
1037.814 111.622
1038.114 109.291
1038.414 105.625
1038.715 105.293
1039.015 111.295
1039.315 124.630
1039.615 124.631
1039.915 129.299
1040.215 113.967
1040.515 118.302
1040.816 118.303
1041.116 127.971
1041.416 115.640
1041.716 111.974
1042.016 120.976
1042.316 130.977
1042.616 126.645
1042.917 108.647
1043.217 104.315
1043.517 106.983
1043.817 125.651
1044.117 145.986
1044.417 146.320
1044.717 129.988
1045.018 124.323
1045.318 125.991
1045.618 124.326
1045.918 101.327
1046.218 94.662
1046.518 111.997
1046.818 127.665
1047.119 157.333
1047.419 157.334
1047.719 143.669
1048.019 115.337
1048.319 96.005
1048.619 100.007
1048.919 98.008
1049.220 102.009
1049.520 95.677
1049.820 92.012
1050.120 106.347
1050.420 135.348
1050.720 155.016
1051.020 141.018
1051.321 135.686
1051.621 124.687
1051.921 121.355
1052.221 104.356
1052.521 85.358
1052.821 78.359
1053.121 83.694
1053.422 131.362
1053.722 166.030
1054.022 182.031
1054.322 159.699
1054.622 141.701
1054.922 130.035
1055.222 128.370
1055.523 128.038
1055.823 127.706
1056.123 131.708
1056.423 142.709
1056.723 148.377
1057.023 134.712
1057.323 113.713
1057.624 110.714
1057.924 126.382
1058.224 124.050
1058.524 110.385
1058.824 95.720
1059.124 103.054
1059.424 114.389
1059.725 132.724
1060.025 149.058
1060.325 145.726
1060.625 124.728
1060.925 88.729
1061.225 85.731
1061.525 92.065
1061.826 115.400
1062.126 126.401
1062.426 147.403
1062.726 153.071
1063.026 154.072
1063.326 157.740
1063.626 157.741
1063.927 149.743
1064.227 115.411
1064.527 115.079
1064.827 109.746
1065.127 106.414
1065.427 99.082
1065.727 109.084
1066.028 132.085
1066.328 120.086
1066.628 104.754
1066.928 98.756
1067.228 95.757
1067.528 96.758
1067.828 101.760
1068.129 126.094
1068.429 136.429
1068.729 121.097
1069.029 103.098
1069.329 109.100
1069.629 121.768
1069.929 131.436
1070.230 124.437
1070.530 129.438
1070.830 133.106
1071.130 129.107
1071.430 117.442
1071.730 111.443
1072.030 106.445
1072.331 101.779
1072.631 117.114
1072.931 144.782
1073.231 164.116
1073.531 153.118
1073.831 149.452
1074.131 169.454
1074.432 167.122
1074.732 147.123
1075.032 114.124
1075.332 106.125
1075.632 96.460
1075.932 86.795
1076.232 88.463
1076.533 106.464
1076.833 127.799
1077.133 136.133
1077.433 135.468
1077.733 140.802
1078.033 149.804
1078.333 159.805
1078.634 164.806
1078.934 166.807
1079.234 174.142
1079.534 186.143
1079.834 200.811
1080.134 180.479
1080.434 151.480
1080.735 123.815
1081.035 104.150
1081.335 93.484
1081.635 106.486
1081.935 123.820
1082.235 122.155
1082.535 118.156
1082.836 127.157
1083.136 142.159
1083.436 140.493
1083.736 118.494
1084.036 102.496
1084.336 101.830
1084.636 129.165
1084.937 150.166
1085.237 143.167
1085.537 121.169
1085.837 112.170
1086.137 133.171
1086.437 146.839
1086.737 148.174
1087.038 138.508
1087.338 145.843
1087.638 143.177
1087.938 133.178
1088.238 125.846
1088.538 126.181
1088.838 124.849
1089.139 111.850
1089.439 115.851
1089.739 117.186
1090.039 136.520
1090.339 140.188
1090.639 149.856
1090.939 143.524
1091.240 147.859
1091.540 145.860
1091.840 145.528
1092.140 131.862
1092.453 120.864
1092.766 121.198
1093.079 122.533
1093.392 125.534
1093.705 112.535
1094.018 106.536
1094.330 101.871
1094.643 125.539
1094.956 133.207
1095.269 133.541
1095.582 117.209
1095.895 115.877
1096.208 120.212
1096.521 118.213
1096.834 119.547
1097.147 135.549
1097.460 147.216
1097.773 141.218
1098.085 119.885
1098.398 105.887
1098.711 100.221
1099.024 113.222
1099.337 131.224
1099.650 143.891
1099.963 138.559
1100.276 125.894
1100.589 128.562
1100.902 131.563
1101.215 142.564
1101.528 130.232
1101.841 118.233
1102.153 110.234
1102.466 109.569
1102.779 116.903
1103.092 124.238
1103.405 135.572
1103.718 131.240
1104.031 114.241
1104.344 109.243
1104.657 137.244
1104.970 157.245
1105.283 170.246
1105.596 153.247
1105.909 141.582
1106.221 127.583
1106.534 112.251
1106.847 108.585
1107.160 120.253
1107.473 120.254
1107.786 118.589
1108.099 117.257
1108.412 139.925
1108.725 140.926
1109.038 129.927
1109.351 118.595
1109.664 125.596
1109.977 122.264
1110.289 106.265
1110.602 98.266
1110.915 96.934
1111.228 100.935
1111.541 114.270
1111.854 122.271
1112.167 114.605
1112.480 102.273
1112.793 104.941
1113.106 122.275
1113.419 121.943
1113.732 104.278
1114.044 102.946
1114.357 117.280
1114.670 136.948
1114.983 127.282
1115.296 117.617
1115.609 119.285
1115.922 142.952
1116.235 156.620
1116.548 142.288
1116.861 119.623
1117.174 100.624
1117.487 122.958
1117.800 150.959
1118.112 159.961
1118.425 155.295
1118.738 132.963
1119.051 119.297
1119.364 108.298
1119.677 113.300
1119.990 126.967
1120.303 121.302
1120.616 114.636
1120.929 113.304
1121.242 113.639
1121.555 125.973
1121.868 112.307
1122.180 89.975
1122.493 70.310
1122.806 84.978
1123.119 112.979
1123.432 129.313
1123.745 124.981
1124.058 118.649
1124.371 130.983
1124.684 130.318
1124.997 119.652
1125.310 92.987
1125.623 78.321
1125.935 83.655
1126.248 106.990
1126.561 145.324
1126.874 169.992
1127.187 163.993
1127.500 150.328
1127.813 131.329
1128.126 127.330
1128.439 126.664
1128.752 128.999
1129.065 113.000
1129.378 113.001
1129.691 129.669
1130.003 135.003
1130.316 117.004
1130.629 104.005
1130.942 98.673
1131.255 85.008
1131.568 84.009
1131.881 104.010
1132.194 120.344
1132.507 126.679
1132.820 132.013
1133.133 133.348
1133.446 143.682
1133.759 177.683
1134.071 214.351
1134.384 210.352
1134.697 189.686
1135.010 180.687
1135.323 167.689
1135.636 136.690
1135.949 112.024
1136.262 112.358
1136.575 117.360
1136.888 120.361
1137.201 111.028
1137.514 112.029
1137.826 115.697
1138.139 134.365
1138.452 160.699
1138.765 184.034
1139.078 192.035
1139.391 171.703
1139.704 149.370
1140.017 123.038
1140.330 120.039
1140.643 114.707
1140.956 131.375
1141.269 141.709
1141.582 151.377
1141.894 145.045
1142.207 123.712
1142.520 130.047
1142.833 136.048
1143.146 133.049
1143.459 105.383
1143.772 108.051
1144.085 141.052
1144.398 169.720
1144.711 164.054
1145.024 138.389
1145.337 120.056
1145.650 118.391
1145.962 123.392
1146.275 123.726
1146.588 132.727
1146.901 150.062
1147.214 156.729
1147.527 149.397
1147.840 124.065
1148.153 113.399
1148.466 118.734
1148.779 137.068
1149.092 153.736
1149.405 167.070
1149.718 169.738
1150.030 164.739
1150.343 157.073
1150.656 149.074
1150.969 139.075
1151.282 125.410
1151.595 118.744
1151.908 107.745
1152.221 95.746
1152.534 95.081
1152.847 105.748
1153.160 122.083
1153.473 138.084
1153.785 152.418
1154.098 164.419
1154.411 151.753
1154.724 131.088
1155.037 113.422
1155.350 120.423
1155.663 143.424
1155.976 167.759
1156.289 165.093
1156.602 141.094
1156.915 110.428
1157.228 95.096
1157.541 104.097
1157.853 106.765
1158.166 110.766
1158.479 106.434
1158.792 106.768
1159.105 109.769
1159.418 114.103
1159.731 127.438
1160.044 124.439
1160.357 120.440
1160.670 100.107
1160.983 114.442
1161.296 147.776
1161.609 175.444
1161.921 178.778
1162.234 133.779
1162.547 101.447
1162.860 83.448
1163.173 95.449
1163.486 111.450
1163.799 119.118
1164.112 127.785
1164.425 134.453
1164.738 140.454
1165.051 153.455
1165.364 148.123
1165.676 138.124
1165.989 114.125
1166.302 111.126
1166.615 127.460
1166.928 155.128
1167.241 176.129
1167.554 177.463
1167.867 165.464
1168.180 143.465
1168.493 117.799
1168.806 102.800
1169.119 115.135
1169.432 125.802
1169.744 130.137
1170.057 138.138
1170.370 159.472
1170.683 175.806
1170.996 172.474
1171.309 141.808
1171.622 125.143
1171.935 115.477
1172.248 122.145
1172.561 138.812
1172.874 142.813
1173.187 140.148
1173.500 132.482
1173.812 138.483
1174.125 145.484
1174.438 130.485
1174.751 126.152
1175.064 139.820
1175.377 145.821
1175.690 131.489
1176.003 121.156
1176.316 134.824
1176.629 156.158
1176.942 162.826
1177.255 141.827
1177.567 113.495
1177.880 115.496
1178.193 137.830
1178.506 156.831
1178.819 153.832
1179.132 151.166
1179.445 153.834
1179.758 144.168
1180.071 124.169
1180.384 114.837
1180.697 120.504
1181.010 148.839
1181.323 169.840
1181.635 173.507
1181.948 166.842
1182.261 166.509
1182.574 178.177
1182.887 184.178
1183.200 169.845
1183.513 156.180
1183.826 136.514
1184.139 120.515
1184.452 106.183
1184.765 114.184
1185.078 130.518
1185.391 134.852
1185.703 122.520
1186.016 105.521
1186.329 108.855
1186.642 129.189
1186.955 143.857
1187.268 147.525
1187.581 134.859
1187.894 134.193
1188.207 136.194
1188.520 129.862
1188.833 123.863
1189.146 110.530
1189.459 115.531
1189.771 117.532
1190.084 123.533
1190.397 121.534
1190.710 125.535
1191.023 133.203
1191.336 142.870
1191.649 154.205
1191.962 149.539
1192.275 151.206
1192.588 138.207
1192.901 132.542
1193.214 120.543
1193.526 121.210
1193.839 132.211
1194.152 153.545
1194.465 159.880
1194.778 165.881
1195.091 148.215
1195.404 134.882
1195.717 114.550
1196.030 109.884
1196.343 109.885
1196.656 120.886
1196.969 129.887
1197.282 139.221
1197.594 148.556
1197.907 157.557
1198.220 164.891
1198.533 145.225
1198.846 135.559
1199.159 127.560
1199.472 136.895
1199.785 136.229
1200.098 149.896
1200.411 158.897
1200.724 159.565
1201.037 141.233
1201.350 113.233
1201.662 105.901
1201.975 104.902
1202.288 94.903
1202.601 85.737
