165.028 -33.138
165.288 -27.084
165.547 -9.308
165.807 -13.865
166.067 -20.422
166.327 -39.645
166.587 -38.534
166.847 -31.089
167.107 -19.310
167.367 0.136
167.627 9.916
167.886 7.363
168.146 17.477
168.406 30.925
168.666 49.374
168.926 53.823
169.186 46.606
169.446 36.722
169.706 43.173
169.966 61.624
170.225 78.075
170.485 66.860
170.745 51.313
171.005 34.766
171.265 24.885
171.525 11.672
171.785 9.460
172.045 12.914
172.305 21.036
172.564 17.491
172.824 12.614
173.084 -3.597
173.344 2.860
173.604 17.317
173.864 32.441
174.124 23.565
174.384 9.357
174.644 29.815
174.903 63.941
175.163 76.733
175.423 49.526
175.683 26.986
175.943 13.447
176.203 18.907
176.463 28.702
176.723 33.163
176.983 34.292
177.242 34.420
177.502 34.883
177.762 28.345
178.022 16.142
178.282 14.272
178.542 22.736
178.802 26.866
179.062 37.997
179.322 38.462
179.581 23.927
179.841 37.725
180.101 40.190
180.361 49.656
180.621 20.455
180.881 8.922
181.141 16.055
181.401 39.188
181.661 63.989
181.920 68.122
182.180 51.257
182.440 36.724
182.700 20.859
182.960 16.994
183.220 23.796
183.480 41.931
183.740 46.067
184.000 18.536
184.259 -5.328
184.519 -2.859
184.779 13.278
185.039 23.081
185.299 21.551
185.559 28.021
185.819 35.825
186.079 42.296
186.339 50.100
186.598 47.237
186.858 45.375
187.118 38.513
187.378 46.318
187.638 59.456
187.898 77.262
188.158 71.067
188.418 54.539
188.678 42.011
188.937 37.817
189.197 35.623
189.457 31.095
189.717 35.901
189.977 33.041
190.237 22.514
190.497 19.654
190.757 36.127
191.017 40.267
191.276 34.407
191.536 10.214
191.796 -4.313
192.056 5.494
192.316 34.302
192.576 61.442
192.836 57.249
193.096 35.390
193.356 19.531
193.616 24.338
193.875 40.479
194.135 52.287
194.395 51.761
194.655 38.902
194.915 28.710
195.175 32.851
195.435 32.326
195.695 14.134
195.955 -3.058
196.214 10.083
196.474 35.557
196.734 46.699
196.994 37.840
197.254 26.648
197.514 14.123
197.774 10.265
198.034 19.073
198.294 33.547
198.553 44.022
198.813 31.830
199.073 17.305
199.333 10.780
199.593 21.588
199.853 37.730
200.113 42.204
200.373 25.012
200.633 7.820
200.892 7.962
201.152 30.770
201.412 53.244
201.672 71.052
201.932 84.527
202.192 79.335
202.452 40.476
202.712 18.950
202.972 36.425
203.231 57.566
203.491 45.707
203.751 20.181
204.011 32.322
204.271 54.463
204.531 61.604
204.791 54.411
205.051 57.552
205.311 53.359
205.570 53.833
205.830 42.973
206.090 36.113
206.350 36.920
206.610 46.394
206.870 64.534
207.130 58.007
207.390 48.480
207.650 25.954
207.909 18.760
208.169 23.900
208.429 35.706
208.689 50.179
208.949 56.651
209.209 55.791
209.469 46.596
209.729 44.402
209.989 45.208
210.248 62.347
210.508 58.819
210.768 49.624
211.028 40.096
211.288 38.567
211.548 53.039
211.808 59.177
212.068 66.315
212.328 58.786
212.587 40.590
212.847 36.395
213.107 41.532
213.367 52.336
213.627 43.473
213.887 34.610
214.147 42.747
214.407 60.884
214.667 92.354
214.926 87.824
215.186 86.960
215.446 72.096
215.706 63.565
215.966 57.368
216.226 52.504
216.486 63.306
216.746 62.774
217.006 66.243
217.265 64.045
217.525 55.513
217.785 33.981
218.045 12.782
218.305 16.917
218.565 39.717
218.825 59.518
219.085 56.319
219.345 38.119
219.604 27.253
219.864 30.386
220.124 36.186
220.384 33.986
220.644 15.785
220.904 6.584
221.164 13.717
221.424 28.516
221.684 40.981
221.943 42.780
222.203 31.245
222.463 28.043
222.723 26.841
222.983 25.639
223.243 16.770
223.503 8.901
223.763 21.031
224.023 33.162
224.282 40.958
224.542 48.422
224.802 60.218
225.062 74.348
225.322 81.144
225.582 79.273
225.842 70.069
226.102 58.198
226.362 58.993
226.621 61.121
226.881 60.583
227.141 56.711
227.401 44.505
227.661 44.299
227.921 35.427
228.181 29.220
228.441 38.347
228.701 61.807
228.960 82.934
229.220 73.393
229.480 46.853
229.740 31.645
230.000 35.438
230.260 54.563
230.520 68.022
230.780 64.480
231.040 62.938
231.299 66.729
231.559 65.854
231.819 49.311
232.079 27.435
232.339 27.892
232.599 24.349
232.859 39.805
233.119 45.262
233.379 44.384
233.638 41.507
233.898 47.629
234.158 53.085
234.418 57.873
234.678 50.661
234.938 45.116
235.198 32.237
235.458 30.358
235.718 41.812
235.978 54.599
236.237 66.386
236.497 70.840
236.757 63.960
237.017 69.079
237.277 72.865
237.537 57.651
237.797 31.770
238.057 24.555
238.317 29.340
238.576 29.792
238.836 19.243
239.096 15.361
239.356 20.812
239.616 35.595
239.876 47.379
240.136 50.829
240.396 57.612
240.656 62.729
240.915 65.845
241.175 56.294
241.435 53.743
241.695 67.192
241.955 87.307
242.215 95.422
242.475 77.870
242.735 57.984
242.995 59.431
243.254 66.212
243.514 49.992
243.774 30.439
244.034 20.219
244.294 37.332
244.554 57.111
244.814 59.557
245.074 58.670
245.334 67.782
245.593 83.560
245.853 90.672
246.113 92.116
246.373 104.894
246.633 93.005
246.893 55.782
247.153 25.892
247.413 38.002
247.673 68.446
247.932 79.555
248.192 86.665
248.452 107.440
248.712 104.216
248.972 78.991
249.232 46.100
249.492 28.208
249.752 34.983
250.012 41.757
250.271 61.198
250.531 75.972
250.791 87.745
251.051 77.852
251.311 45.292
251.571 21.732
251.831 30.171
252.091 47.943
252.351 46.382
252.610 48.154
252.870 63.593
253.130 77.698
253.390 80.136
253.650 76.240
253.911 68.344
254.172 60.115
254.433 41.552
254.694 26.655
254.955 27.758
255.216 54.861
255.477 85.964
255.738 96.400
255.999 93.502
256.261 98.270
256.522 93.039
256.783 70.807
257.044 41.908
257.305 32.009
257.566 37.444
257.827 35.211
258.088 29.978
258.349 33.411
258.610 56.844
258.871 82.611
259.132 78.377
259.393 62.809
259.654 49.575
259.915 66.007
260.176 71.439
260.437 75.204
260.698 64.968
260.959 70.399
261.221 79.830
261.482 77.594
261.743 74.691
262.004 71.788
262.265 87.885
262.526 99.981
262.787 90.410
263.048 68.840
263.309 62.269
263.570 68.697
263.831 79.126
264.092 63.221
264.353 64.982
264.614 70.744
264.875 81.171
265.136 83.265
265.397 92.026
265.658 99.119
265.919 77.879
266.181 53.306
266.442 49.732
266.703 65.158
266.964 56.251
267.225 22.676
267.486 23.102
267.747 56.860
268.008 100.618
268.269 111.710
268.530 107.801
268.791 102.225
269.052 97.649
269.313 83.739
269.574 68.163
269.835 55.253
270.096 55.009
270.357 64.099
270.618 61.855
270.879 69.944
271.141 62.033
271.402 58.788
271.663 57.210
271.924 55.965
272.185 54.720
272.446 47.807
272.707 34.228
272.968 38.982
273.229 48.736
273.490 61.156
273.751 55.243
274.012 42.663
274.273 55.416
274.534 72.168
274.795 80.588
275.056 91.007
275.317 86.759
275.578 82.844
275.839 73.929
276.101 76.014
276.362 73.765
276.623 63.849
276.884 66.600
277.145 74.017
277.406 67.768
277.667 53.518
277.928 52.601
278.189 70.351
278.450 77.767
278.711 72.183
278.972 71.599
279.233 73.348
279.494 80.096
279.755 89.845
280.016 95.260
280.277 100.008
280.538 81.089
280.799 67.503
281.061 57.251
281.322 56.331
281.583 61.745
281.844 51.158
282.105 55.572
282.366 58.318
282.627 82.731
282.888 87.477
283.149 75.223
283.410 58.302
283.671 50.714
283.932 47.792
284.193 41.871
284.454 52.949
284.715 75.360
284.976 91.105
285.237 86.182
285.498 88.926
285.759 95.337
286.021 87.414
286.282 66.157
286.543 48.900
286.804 58.977
287.065 77.053
287.326 80.795
287.587 82.538
287.848 79.613
288.109 80.355
288.370 59.097
288.631 39.839
288.892 20.914
289.153 12.988
289.414 19.063
289.675 53.804
289.936 90.878
290.197 96.951
290.458 81.358
290.719 79.765
290.981 98.839
291.242 116.912
291.503 102.651
291.764 76.391
292.025 55.463
292.286 63.869
292.547 78.274
292.808 88.346
293.069 81.085
293.330 71.490
293.591 62.228
293.852 56.632
294.113 55.370
294.374 69.774
294.635 88.511
294.896 99.582
295.157 96.986
295.418 89.722
295.679 84.792
295.941 63.862
296.202 55.598
296.463 68.668
296.724 82.404
296.985 83.139
297.246 74.208
297.507 79.943
297.768 92.345
298.029 102.414
298.290 118.815
298.551 125.216
298.812 107.618
299.073 68.352
299.334 58.753
299.595 75.153
299.856 115.887
300.117 126.287
300.378 115.687
300.639 110.087
300.901 108.820
301.162 111.220
301.423 105.286
301.684 116.685
301.945 124.751
302.206 111.483
302.467 75.215
302.728 64.947
302.989 79.679
303.250 83.744
303.511 78.142
303.772 72.873
304.033 84.604
304.294 96.335
304.555 89.732
304.816 96.463
305.077 102.526
305.338 97.923
305.599 77.653
305.861 60.383
306.122 67.446
306.383 62.176
306.644 60.905
306.905 70.968
307.166 97.697
307.427 117.426
307.688 114.488
307.949 107.550
308.210 101.611
308.471 93.340
308.732 73.734
308.993 64.129
309.254 61.857
309.515 81.918
309.776 96.979
310.037 101.039
310.298 98.766
310.559 107.827
310.821 113.887
311.082 102.280
311.343 76.340
311.604 59.733
311.865 56.126
312.126 57.185
312.387 77.245
312.648 96.637
312.909 109.696
313.170 101.421
313.434 66.981
313.698 82.380
313.963 99.113
314.227 124.179
314.491 134.578
314.755 131.643
315.019 98.709
315.284 80.107
315.548 84.505
315.812 107.570
316.076 105.635
316.340 97.699
316.604 79.097
316.869 59.828
317.133 60.225
317.397 80.955
317.661 105.352
317.925 106.749
318.190 96.813
318.454 94.542
318.718 108.605
318.982 126.001
319.246 144.064
319.511 141.460
319.775 140.189
320.039 134.584
320.303 125.313
320.567 102.042
320.832 81.437
321.096 74.165
321.360 82.226
321.624 86.621
321.888 81.682
322.153 65.743
322.417 61.470
322.681 72.864
322.945 85.258
323.209 77.318
323.473 70.712
323.738 82.105
324.002 108.165
324.266 124.225
324.530 119.951
324.794 104.343
325.059 93.403
325.323 106.128
325.587 117.854
325.851 125.579
326.115 103.305
326.380 87.030
326.644 74.088
326.908 81.813
327.172 91.871
327.436 98.595
327.701 110.320
327.965 119.377
328.229 100.101
328.493 76.825
328.757 72.882
329.022 87.273
329.286 96.330
329.550 90.053
329.814 92.443
330.078 96.833
330.342 97.889
330.607 104.278
330.871 114.668
331.135 123.723
331.399 117.112
331.663 101.835
331.928 105.890
332.192 126.612
332.456 138.334
332.720 130.389
332.984 122.777
333.249 114.831
333.513 108.886
333.777 90.274
334.041 84.995
334.305 80.382
334.570 69.436
334.834 83.823
335.098 109.544
335.362 121.597
335.626 98.984
335.891 72.037
336.155 65.757
336.419 65.144
336.683 70.863
336.947 82.249
337.211 92.302
337.476 96.688
337.740 96.407
338.004 73.793
338.268 61.511
338.532 55.897
338.797 74.282
339.061 83.334
339.325 98.385
339.589 109.770
339.853 97.155
340.118 93.872
340.382 110.590
340.646 130.974
340.910 138.692
341.174 106.743
341.439 84.793
341.703 62.510
341.967 65.894
342.231 77.944
342.495 102.661
342.759 122.377
343.024 129.094
343.288 115.144
343.552 80.193
343.816 70.576
344.080 73.625
344.345 91.008
344.609 84.723
344.873 93.439
345.137 107.155
345.401 101.870
345.666 94.252
345.930 89.634
346.194 85.682
346.458 68.397
346.722 63.445
346.987 82.826
347.251 106.207
347.515 105.255
347.779 103.969
348.043 86.350
348.308 71.064
348.572 52.111
348.836 50.492
349.100 62.205
349.364 71.919
349.628 69.966
349.893 81.346
350.157 89.392
350.421 92.772
350.685 81.818
350.949 79.865
351.214 86.244
351.478 90.623
351.742 100.336
352.006 106.048
352.270 109.094
352.535 92.139
352.799 83.518
353.063 73.563
353.327 78.275
353.591 64.987
353.856 62.365
354.120 75.410
354.384 96.122
354.648 106.500
354.912 108.877
355.177 104.588
355.441 113.633
355.705 116.677
355.969 110.054
356.233 95.432
356.497 83.475
356.762 100.519
357.026 110.563
357.290 113.606
357.554 115.983
357.818 116.026
358.083 114.736
358.347 94.779
358.611 82.489
358.875 69.532
359.139 63.575
359.404 73.284
359.668 90.660
359.932 115.703
360.196 118.078
360.460 116.454
360.725 98.163
360.989 89.205
361.253 79.580
361.517 96.289
361.781 114.664
362.046 136.705
362.310 147.413
362.574 147.122
362.838 148.830
363.102 138.204
363.366 125.245
363.631 120.620
363.895 121.994
364.159 117.368
364.423 109.742
364.687 118.450
364.952 152.157
365.216 157.197
365.480 134.238
365.747 106.278
366.013 95.318
366.280 102.025
366.546 112.731
366.813 117.438
367.079 124.144
367.346 126.517
367.612 128.890
367.879 112.596
368.145 87.636
368.412 72.675
368.678 81.714
368.945 96.753
369.211 111.792
369.478 110.165
369.744 95.870
370.011 83.242
370.278 83.614
370.544 97.319
370.811 124.358
371.077 134.729
371.344 137.101
371.610 122.139
371.877 126.844
372.143 141.882
372.410 152.587
372.676 149.291
372.943 134.329
373.209 117.700
373.476 97.071
373.742 97.775
374.009 102.145
374.276 111.849
374.542 109.553
374.809 105.257
375.075 103.627
375.342 99.664
375.608 92.368
375.875 99.404
376.141 116.108
376.408 122.144
376.674 91.514
376.941 57.550
377.207 80.920
377.474 118.290
377.740 133.992
378.007 112.362
378.273 108.731
378.540 106.100
378.807 96.136
379.073 79.505
379.340 85.874
379.606 107.576
379.873 126.278
380.139 125.647
380.406 108.349
380.672 80.051
380.939 70.753
381.205 69.788
381.472 70.823
381.738 67.524
382.005 73.892
382.271 86.927
382.538 99.961
382.804 106.996
383.071 101.030
383.338 101.732
383.604 117.432
383.871 134.133
384.137 129.168
384.404 109.868
384.670 98.569
384.937 107.269
385.203 108.637
385.470 122.004
385.736 115.371
386.003 122.738
386.269 123.771
386.536 108.804
386.802 94.838
387.069 88.538
387.336 113.571
387.602 123.271
387.869 122.637
388.135 109.670
388.402 115.703
388.668 120.069
388.935 135.102
389.201 126.801
389.468 126.167
389.734 123.533
390.001 121.565
390.267 113.264
390.534 102.963
390.800 97.995
391.067 97.361
391.333 106.060
391.600 115.092
391.867 129.123
392.133 130.489
392.400 125.520
392.666 120.885
392.933 131.917
393.199 131.948
393.466 114.980
393.732 90.011
393.999 89.043
394.265 95.741
394.532 109.105
394.798 99.469
395.065 94.167
395.331 100.198
395.598 120.229
395.864 139.593
396.131 141.624
396.398 151.655
396.664 158.685
396.931 173.716
397.197 181.746
397.464 197.110
397.730 213.474
397.997 236.170
398.263 246.201
398.530 265.897
398.796 293.261
399.063 320.624
399.329 345.654
399.596 366.351
399.862 390.380
400.129 388.410
400.396 370.106
400.662 361.136
400.929 360.499
401.195 363.528
401.462 363.224
401.728 362.587
401.995 363.616
402.261 376.645
402.528 390.341
402.794 411.370
403.061 430.066
403.327 435.095
403.594 437.123
403.860 407.819
404.127 400.514
404.393 397.543
404.660 418.238
404.931 409.933
405.202 409.962
405.473 452.990
405.745 524.685
406.016 562.047
406.287 542.408
406.558 530.436
406.829 558.131
407.100 599.492
407.371 622.854
407.642 625.548
407.914 598.576
408.185 582.604
408.456 594.965
408.727 620.326
408.998 645.020
409.269 647.381
409.540 638.742
409.811 620.436
410.083 605.130
410.354 616.490
410.625 627.851
410.896 626.211
411.167 607.238
411.438 562.265
411.709 528.292
411.981 490.986
412.252 467.680
412.523 455.040
412.794 465.400
413.065 474.426
413.336 469.120
413.607 441.813
413.878 405.506
414.150 354.532
414.421 308.225
414.692 279.585
414.963 266.945
415.234 270.971
415.505 261.664
415.776 247.690
416.047 223.049
416.319 210.075
416.590 182.768
416.861 163.460
417.132 148.819
417.403 151.845
417.674 139.871
417.945 115.896
418.217 112.255
418.488 111.281
418.759 114.973
419.030 104.665
419.301 112.690
419.572 121.049
419.843 114.407
420.114 102.766
420.386 119.458
420.657 132.816
420.928 135.841
421.199 122.866
421.470 127.224
421.741 123.582
422.012 106.607
422.283 93.299
422.555 95.990
422.826 115.015
423.097 132.039
423.368 130.064
423.639 126.422
423.910 116.779
424.181 119.470
424.453 125.828
424.724 135.852
424.995 140.876
425.266 129.901
425.537 119.925
425.808 118.949
426.079 128.639
426.350 130.997
426.622 121.687
426.893 100.378
427.164 83.402
427.435 80.425
427.706 93.116
427.977 89.473
428.248 98.163
428.519 114.853
428.791 149.543
429.062 149.567
429.333 133.257
429.604 120.613
429.875 117.637
430.146 98.327
430.417 92.350
430.689 87.373
430.960 94.396
431.231 106.419
431.502 127.109
431.773 140.465
432.044 126.154
432.315 126.177
432.586 140.867
432.858 144.223
433.129 139.245
433.400 132.935
433.671 120.624
433.942 95.980
434.213 82.002
434.484 97.358
434.755 102.714
435.027 102.403
435.298 98.092
435.569 100.781
435.840 100.470
436.116 107.825
436.391 128.514
436.667 132.536
436.942 132.558
437.218 131.580
437.493 143.935
437.769 146.624
438.045 139.646
438.320 135.668
438.596 137.689
438.871 141.378
439.147 129.399
439.422 95.754
439.698 77.776
439.974 87.797
440.249 115.485
440.525 127.840
440.800 129.528
441.076 137.883
441.351 158.904
441.627 161.592
441.903 146.613
442.178 129.634
442.454 140.656
442.729 148.677
443.005 158.031
443.281 163.719
443.556 173.073
443.832 162.760
444.107 129.448
444.383 110.135
444.658 123.490
444.934 135.177
445.210 138.198
445.485 132.218
445.761 141.572
446.036 160.259
446.312 168.613
446.587 167.300
446.863 168.987
447.139 164.008
447.414 169.362
447.690 163.715
447.965 159.069
448.241 173.089
448.516 194.442
448.792 207.796
449.068 193.483
449.343 174.169
449.619 166.189
449.894 159.876
450.170 175.563
450.445 195.582
450.721 201.936
450.997 211.955
451.272 215.642
451.548 228.662
451.823 213.681
452.099 204.034
452.375 201.720
452.650 195.740
452.926 191.759
453.201 205.446
453.477 214.465
453.752 211.151
454.028 206.837
454.304 207.856
454.579 226.209
454.855 225.895
455.130 239.247
455.406 252.267
455.681 259.952
455.957 247.638
456.233 228.657
456.508 226.343
456.784 233.695
457.059 235.714
457.335 227.400
457.610 220.418
457.886 195.771
458.162 165.456
458.437 142.141
458.713 143.827
458.988 166.512
459.264 187.531
459.539 190.216
459.815 173.568
460.091 149.586
460.366 139.605
460.642 137.957
460.917 136.975
461.193 137.660
461.468 134.678
461.744 123.363
462.020 123.715
462.295 123.400
462.571 134.751
462.846 143.769
463.122 148.787
463.397 150.425
463.673 140.065
463.949 137.038
464.224 127.399
464.500 107.461
464.775 97.787
465.051 102.133
465.327 118.070
465.602 131.110
465.878 132.417
466.153 137.137
466.429 147.752
466.704 176.522
466.980 210.585
467.256 235.806
467.531 253.669
467.807 257.520
468.082 249.196
468.358 240.023
468.633 227.824
468.909 219.103
469.185 215.258
469.460 231.939
469.736 242.834
470.011 241.510
470.287 231.535
470.562 230.702
470.838 234.390
471.114 240.962
471.389 229.003
471.665 216.022
471.940 203.390
472.216 201.851
472.491 208.763
472.767 215.349
473.043 220.164
473.318 205.086
473.594 186.352
473.869 175.389
474.145 172.413
474.421 167.005
474.696 163.347
474.972 155.321
475.247 153.696
475.523 147.991
475.798 126.915
476.074 102.152
476.350 93.335
476.625 116.823
476.901 132.115
477.176 135.442
477.452 146.209
477.727 151.219
478.003 156.612
478.279 154.874
478.554 166.469
478.830 172.527
479.105 163.974
479.381 150.962
479.656 151.205
479.932 164.279
480.208 175.950
480.483 163.722
480.759 156.877
481.034 150.437
481.310 171.493
481.585 185.173
481.861 200.809
482.137 199.021
482.412 176.668
482.688 166.717
482.963 172.497
483.239 179.766
483.514 165.609
483.790 134.786
484.066 120.944
484.341 116.177
484.617 124.670
484.892 142.143
485.168 147.675
485.443 139.031
485.719 131.267
485.995 140.401
486.270 159.688
486.546 154.278
486.821 132.365
487.097 125.311
487.373 141.180
487.648 160.737
487.924 146.808
488.199 127.384
488.475 118.425
488.750 123.640
489.026 123.287
489.302 128.857
489.577 129.446
489.853 134.930
490.128 125.719
490.404 119.497
490.679 133.106
490.955 148.397
491.231 176.461
491.506 162.229
491.782 134.246
492.057 115.669
492.333 121.510
492.608 147.291
492.884 143.065
493.160 124.553
493.435 117.152
493.711 138.100
493.986 150.533
494.262 131.266
494.537 97.379
494.813 79.801
495.089 94.926
495.364 108.064
495.640 123.796
495.915 146.198
496.191 164.721
496.467 152.385
496.742 117.046
497.018 88.877
497.293 99.195
497.569 117.111
497.844 132.397
498.120 144.482
498.396 150.588
498.671 163.316
498.947 172.053
499.222 168.520
499.498 170.640
499.773 175.826
500.049 191.950
500.325 195.933
500.600 203.226
500.876 245.685
501.151 313.562
501.427 360.779
501.702 365.696
501.978 365.438
502.254 387.373
502.529 427.892
502.805 453.577
503.080 469.500
503.356 496.909
503.631 520.166
503.907 539.560
504.183 561.191
504.458 567.762
504.734 568.942
505.009 527.121
505.285 500.171
505.560 491.258
505.836 501.393
506.112 503.256
506.387 470.403
506.663 437.890
506.938 397.968
507.214 380.669
507.490 353.835
507.765 343.510
508.041 327.592
508.316 309.929
508.592 294.513
508.867 286.060
509.143 264.113
509.419 217.028
509.694 161.346
509.970 136.054
510.245 157.918
510.521 183.405
510.796 184.328
511.072 161.196
511.348 145.123
511.623 152.199
511.899 161.949
512.174 159.394
512.450 152.688
512.725 137.059
513.001 129.054
513.277 153.589
513.552 165.555
513.828 169.965
514.103 157.676
514.379 168.736
514.654 188.262
514.930 198.130
515.206 197.949
515.481 188.957
515.757 177.680
516.032 173.466
516.308 172.612
516.583 183.383
516.859 195.550
517.135 211.870
517.410 222.441
517.686 235.916
517.961 258.099
518.237 259.744
518.513 258.047
518.788 267.584
519.064 310.920
519.339 351.308
519.615 381.757
519.890 400.681
520.166 434.658
520.442 468.741
520.717 489.627
520.993 489.317
521.268 481.309
521.544 478.930
521.819 483.921
522.095 502.817
522.371 525.531
522.646 531.933
522.922 525.388
523.197 532.705
523.473 549.140
523.748 550.263
524.024 530.498
524.300 517.431
524.575 515.847
524.851 524.618
525.126 523.353
525.402 524.322
525.677 518.915
525.953 521.948
526.229 525.468
526.504 550.655
526.780 590.069
527.055 614.003
527.331 601.944
527.606 575.799
527.882 559.718
528.158 568.725
528.433 575.039
528.709 587.878
528.984 589.869
529.260 573.737
529.535 559.848
529.811 531.497
530.087 526.566
530.362 531.741
530.638 541.401
530.913 539.174
531.189 506.910
531.465 483.113
531.740 471.207
532.016 481.512
532.291 480.038
532.567 450.966
532.842 423.654
533.118 409.078
533.394 406.032
533.669 366.887
533.945 318.208
534.220 280.044
534.496 270.176
534.771 276.307
535.047 267.141
535.323 255.207
535.598 252.708
535.874 267.461
536.149 278.462
536.425 270.830
536.700 265.239
536.976 287.754
537.252 319.868
537.527 365.897
537.803 416.601
538.078 488.509
538.354 577.369
538.629 678.589
538.905 770.881
539.181 840.368
539.456 907.955
539.732 986.561
540.007 1052.700
540.283 1115.231
540.558 1166.073
540.834 1221.913
541.110 1270.285
541.385 1314.269
541.661 1352.683
541.936 1373.944
542.212 1385.969
542.488 1401.507
542.763 1420.825
543.039 1427.584
543.314 1400.061
543.590 1346.594
543.865 1294.445
544.141 1258.044
544.417 1238.855
544.692 1226.618
544.968 1205.163
545.243 1177.368
545.519 1151.611
545.794 1143.338
546.070 1123.875
546.348 1081.473
546.627 1037.082
546.905 1010.885
547.183 1010.554
547.461 1016.856
547.740 1013.555
548.018 1014.558
548.296 1028.140
548.575 1051.984
548.853 1087.744
549.131 1121.466
549.409 1145.263
549.688 1154.155
549.966 1185.581
550.244 1221.884
550.523 1265.019
550.801 1279.947
551.079 1281.771
551.357 1258.860
551.636 1243.456
551.914 1247.159
552.192 1269.141
552.471 1296.327
552.749 1336.189
553.027 1359.415
553.306 1386.411
553.584 1399.266
553.862 1417.494
554.140 1411.088
554.419 1393.380
554.697 1381.105
554.975 1408.228
555.254 1440.428
555.532 1477.466
555.810 1499.579
556.088 1504.326
556.367 1470.461
556.645 1420.684
556.923 1382.480
557.202 1346.316
557.480 1304.885
557.758 1270.386
558.036 1258.184
558.315 1230.270
558.593 1169.445
558.871 1102.952
559.150 1034.895
559.428 955.947
559.706 885.800
559.984 834.707
560.263 808.609
560.541 767.620
560.819 695.360
561.098 623.970
561.376 536.344
561.654 463.081
561.932 402.074
562.211 376.643
562.489 365.402
562.767 344.918
563.046 311.219
563.324 289.247
563.602 275.402
563.880 256.217
564.159 235.268
564.437 235.596
564.715 243.603
564.994 252.001
565.272 223.481
565.550 202.697
565.828 193.676
566.107 211.733
566.385 220.059
566.663 209.005
566.942 199.407
567.220 196.018
567.498 175.576
567.776 133.984
568.055 113.480
568.333 117.105
568.611 137.397
568.890 144.328
569.168 157.033
569.446 167.486
569.725 158.847
570.003 128.288
570.281 104.819
570.559 110.716
570.838 132.099
571.116 148.970
571.394 160.062
571.673 167.936
571.951 174.841
572.229 165.568
572.507 162.448
572.786 157.758
573.064 159.809
573.342 145.996
573.621 131.475
573.899 134.236
574.177 142.798
574.455 156.946
574.734 158.690
575.012 151.941
575.290 138.329
575.569 137.845
575.847 144.482
576.125 145.550
576.403 135.178
576.682 130.129
576.960 135.795
577.243 146.400
577.527 148.708
577.810 141.904
578.093 131.865
578.377 130.696
578.660 139.676
578.944 141.093
579.227 135.953
579.510 144.752
579.794 160.664
580.077 175.925
580.360 167.714
580.644 159.956
580.927 151.130
581.210 145.973
581.494 140.397
581.777 140.500
582.061 138.891
582.344 144.979
582.627 145.367
582.911 141.425
583.194 133.172
583.477 131.232
583.761 145.545
584.044 155.257
584.327 154.645
584.611 158.036
584.894 153.049
585.178 148.395
585.461 135.083
585.744 120.476
586.028 126.192
586.311 139.576
586.594 164.584
586.878 174.259
587.161 162.267
587.444 140.609
587.728 129.283
588.011 122.625
588.295 117.598
588.578 120.558
588.861 122.566
589.145 126.315
589.428 112.704
589.711 105.679
589.995 108.273
590.278 119.615
590.562 114.961
590.845 119.584
591.128 130.147
591.412 150.801
591.695 153.137
591.978 143.544
592.262 131.491
592.545 121.186
592.828 114.454
593.112 126.094
593.395 123.702
593.679 125.330
593.962 128.227
594.245 122.229
594.529 113.871
594.812 91.656
595.095 103.852
595.379 130.699
595.662 148.524
595.945 139.562
596.229 126.131
596.512 128.689
596.796 143.813
597.079 136.559
597.362 150.977
597.646 161.817
597.929 165.370
598.212 157.410
598.496 172.108
598.779 199.056
599.062 194.731
599.346 164.751
599.629 139.991
599.913 137.270
600.196 149.002
600.479 166.087
600.763 166.326
601.046 158.132
601.329 162.605
601.613 178.673
601.896 188.738
602.179 182.459
602.463 186.004
602.746 186.994
603.030 181.054
603.313 157.114
603.596 153.086
603.880 174.608
604.163 195.096
604.446 178.727
604.730 144.339
605.013 134.552
605.296 159.371
605.580 189.455
605.863 189.462
606.147 180.654
606.430 171.785
606.713 182.566
606.997 204.047
607.280 205.032
607.563 199.045
607.847 182.802
608.130 174.329
608.414 157.761
608.697 152.218
608.980 168.346
609.264 190.923
609.547 204.315
609.830 190.867
610.114 170.306
610.397 151.004
610.680 144.531
610.964 150.139
611.247 166.969
611.531 173.569
611.814 166.756
612.097 154.935
612.381 170.971
612.664 184.390
612.947 179.869
613.231 156.045
613.514 164.295
613.797 178.429
614.081 188.586
614.364 177.460
614.648 166.334
614.931 164.376
615.214 171.975
615.498 190.127
615.781 190.905
616.064 192.614
616.348 201.228
616.631 215.998
616.914 218.039
617.198 208.522
617.481 212.290
617.765 210.453
618.048 199.736
618.331 178.816
618.615 172.628
618.898 183.891
619.181 202.417
619.465 208.087
619.748 199.649
620.031 164.787
620.315 144.150
620.598 139.372
620.882 166.007
621.165 179.022
621.448 175.491
621.732 153.674
622.015 160.163
622.298 162.322
622.582 153.518
622.865 143.660
623.148 138.158
623.432 139.239
623.715 155.505
623.999 176.074
624.282 197.396
624.565 186.880
624.849 175.070
625.132 188.973
625.415 202.275
625.699 206.376
625.982 189.414
626.265 153.129
626.549 137.710
626.832 139.681
627.116 150.462
627.399 162.471
627.682 158.947
627.966 167.821
628.249 156.931
628.532 154.714
628.816 146.817
629.099 153.974
629.383 165.428
629.666 165.151
629.949 161.133
630.233 149.073
630.516 160.623
630.799 165.161
631.083 164.813
631.366 155.152
631.649 140.089
631.933 127.939
632.216 125.989
632.500 139.237
632.783 162.235
633.066 187.965
633.350 203.750
633.633 208.728
633.916 204.022
634.200 202.540
634.483 203.691
634.766 201.974
635.050 193.283
635.333 182.771
635.617 198.577
635.900 230.415
636.183 255.038
636.467 265.663
636.750 266.670
637.033 276.637
637.317 298.538
637.600 327.534
637.883 365.742
638.167 382.172
638.450 392.138
638.734 394.084
639.017 401.269
639.300 417.678
639.584 446.248
639.867 464.521
640.150 480.742
640.434 487.450
640.717 499.459
641.000 518.627
641.284 540.617
641.567 561.006
641.851 566.796
642.134 554.786
642.417 549.844
642.701 555.904
642.984 582.772
643.267 598.243
643.551 603.169
643.834 604.735
644.117 618.361
644.401 657.729
644.684 719.035
644.968 779.278
645.251 825.786
645.534 873.070
645.818 953.771
646.101 1059.521
646.384 1164.674
646.668 1269.218
646.951 1391.458
647.235 1554.138
647.518 1720.928
647.801 1897.291
648.085 2091.218
648.368 2303.630
648.651 2533.769
648.935 2791.671
649.218 3058.575
649.501 3339.497
649.785 3610.951
650.068 3889.404
650.352 4157.339
650.635 4386.216
650.918 4631.239
651.202 4920.902
651.485 5208.302
651.768 5515.083
652.052 5792.595
652.335 6088.902
652.618 6382.137
652.902 6687.831
653.185 6975.658
653.469 7260.646
653.752 7473.027
654.035 7663.612
654.319 7756.344
654.602 7822.654
654.885 7873.053
655.169 7931.307
655.452 8036.913
655.735 8118.673
656.019 8223.128
656.302 8275.176
656.586 8387.074
656.869 8480.647
657.152 8562.618
657.436 8590.166
657.719 8611.062
658.002 8654.130
658.286 8682.246
658.569 8636.522
658.852 8593.057
659.136 8558.672
659.419 8580.344
659.703 8603.700
659.986 8686.504
660.269 8776.813
660.553 8898.990
660.836 8994.580
661.119 9032.500
661.403 9038.953
661.686 8978.301
661.969 8943.780
662.253 8909.899
662.536 8888.668
662.820 8866.795
663.103 8777.934
663.386 8667.054
663.670 8542.368
663.953 8433.402
664.236 8302.525
664.520 8215.539
664.803 8095.660
665.086 8013.936
665.370 7904.519
665.653 7743.929
665.937 7510.636
666.220 7218.157
666.503 6952.442
666.787 6692.085
667.070 6473.901
667.353 6244.359
667.637 6046.985
667.920 5780.899
668.204 5501.499
668.487 5195.099
668.770 4857.867
669.054 4520.579
669.337 4214.065
669.620 3959.149
669.904 3729.456
670.187 3484.562
670.470 3257.847
670.754 3014.300
671.037 2765.160
671.321 2555.242
671.604 2390.028
671.887 2239.239
672.171 2074.623
672.454 1921.365
672.737 1776.111
673.021 1651.433
673.304 1543.489
673.587 1464.232
673.871 1356.092
674.154 1248.685
674.438 1160.171
674.721 1096.199
675.004 1035.210
675.288 958.401
675.571 901.430
675.854 853.639
676.138 828.801
676.421 802.832
676.704 769.406
676.988 729.747
677.271 697.618
677.555 675.020
677.838 644.033
678.121 598.725
678.405 552.715
678.688 514.481
678.971 508.986
679.255 530.435
679.538 535.627
679.821 497.740
680.105 435.638
680.388 390.948
680.672 357.487
680.955 344.926
681.238 331.417
681.522 314.374
681.805 290.889
682.088 270.034
682.372 251.343
682.655 245.626
682.938 237.373
683.222 234.665
683.505 222.918
683.789 226.142
684.072 237.908
684.355 240.618
684.639 228.357
684.922 216.880
685.205 201.923
685.489 200.262
685.772 220.980
686.056 240.642
686.339 233.963
686.622 211.864
686.906 219.003
687.189 247.540
687.472 265.203
687.756 251.638
688.039 231.462
688.322 224.595
688.606 221.817
688.889 215.559
689.173 215.911
689.456 212.437
689.739 210.983
690.023 214.731
690.306 222.577
690.589 239.098
690.873 232.344
691.156 216.313
691.439 196.893
691.723 199.406
692.006 216.325
692.290 235.933
692.573 247.976
692.856 260.517
693.140 260.962
693.423 249.913
693.706 242.835
693.990 231.653
694.273 233.745
694.556 237.542
694.840 231.348
695.123 204.521
695.407 181.850
695.690 182.411
695.973 192.949
696.257 199.402
696.540 195.783
696.830 199.768
697.120 207.155
697.410 221.394
697.699 241.000
697.989 249.471
698.279 252.131
698.569 251.111
698.859 252.551
699.149 272.747
699.439 278.863
699.729 273.924
700.018 260.478
700.308 248.156
700.598 235.963
700.888 226.488
701.178 216.284
701.468 206.614
701.758 203.210
702.048 203.003
702.337 207.130
702.627 210.426
702.917 210.151
703.207 210.290
703.497 193.244
703.787 170.711
704.077 140.461
704.366 116.612
704.656 110.004
704.946 116.154
705.236 142.936
705.526 165.149
705.816 159.087
706.106 138.719
706.396 123.518
706.685 118.744
706.975 116.237
707.265 122.531
707.555 146.919
707.845 155.843
708.135 144.714
708.425 139.663
708.715 149.739
709.004 152.049
709.294 145.657
709.584 140.619
709.874 158.944
710.164 182.752
710.454 193.008
710.744 178.877
711.034 146.460
711.323 144.641
711.613 157.612
711.903 170.036
712.193 153.921
712.483 145.731
712.773 152.183
713.063 153.973
713.352 139.327
713.642 142.913
713.932 169.914
714.222 183.023
714.512 171.650
714.802 146.431
715.092 140.653
715.382 131.789
715.671 115.140
715.961 101.479
716.251 110.677
716.541 135.942
716.831 153.687
717.121 169.369
717.411 173.889
717.701 168.055
717.990 143.424
718.280 122.937
718.570 122.495
718.860 123.454
719.150 114.196
719.440 117.426
719.730 135.204
720.019 160.707
720.309 148.931
720.599 121.667
720.889 100.088
721.179 102.748
721.469 106.005
721.759 116.942
722.049 121.137
722.338 130.170
722.628 123.820
722.918 129.074
723.208 129.439
723.498 131.803
723.788 132.173
724.078 138.407
724.368 145.516
724.657 156.863
724.947 168.497
725.237 185.326
725.527 180.830
725.817 157.095
726.107 134.660
726.397 119.994
726.686 111.616
726.976 99.047
727.266 83.577
727.556 98.129
727.846 125.535
728.136 165.961
728.426 166.975
728.716 164.831
729.005 162.896
729.295 163.633
729.585 141.350
729.875 130.422
730.165 132.969
730.455 136.598
730.745 128.239
731.035 131.298
731.324 136.156
731.614 130.372
731.904 126.440
732.194 121.662
732.484 123.648
732.774 114.942
733.064 116.243
733.354 125.795
733.643 144.390
733.933 135.372
734.223 112.911
734.513 92.807
734.803 96.417
735.093 113.075
735.383 134.598
735.672 148.725
735.962 140.299
736.252 119.577
736.542 98.080
736.832 102.763
737.122 116.528
737.412 137.191
737.702 140.179
737.991 131.482
738.281 125.310
738.571 120.848
738.861 124.501
739.151 141.916
739.441 155.648
739.731 153.398
740.021 130.890
740.310 134.391
740.600 140.634
740.890 149.558
741.180 138.702
741.470 148.346
741.760 176.978
742.050 188.281
742.339 172.905
742.629 164.481
742.919 146.313
743.209 144.668
743.499 136.485
743.789 138.544
744.079 137.558
744.369 127.707
744.658 122.760
744.948 124.828
745.238 136.064
745.528 164.907
745.818 174.874
746.108 153.476
746.398 112.828
746.688 90.045
746.977 87.731
747.267 117.579
747.557 145.446
747.847 153.809
748.137 137.614
748.427 110.177
748.717 97.908
749.006 98.613
749.296 110.858
749.586 137.120
749.876 150.072
750.166 142.185
750.456 130.990
750.746 119.119
751.036 120.821
751.325 119.205
751.615 139.893
751.905 161.971
752.195 169.018
752.485 162.467
752.775 146.180
753.065 141.896
753.355 124.883
753.644 127.023
753.934 120.767
754.224 133.262
754.514 135.561
754.804 133.558
755.094 131.842
755.384 132.514
755.674 144.554
755.963 141.592
756.253 138.586
756.543 152.761
756.833 174.518
757.123 181.982
757.413 154.850
757.703 138.839
757.992 147.157
758.282 161.900
758.572 152.859
758.862 130.142
759.152 123.400
759.442 129.769
759.732 145.518
760.022 151.648
760.311 144.657
760.601 151.421
760.891 157.068
761.181 160.090
761.471 129.271
761.761 103.877
762.051 104.887
762.341 125.367
762.630 135.105
762.920 147.630
763.210 150.319
763.500 144.280
763.793 114.015
764.086 87.809
764.379 102.867
764.671 120.618
764.964 131.687
765.257 110.287
765.550 88.873
765.843 97.689
766.136 127.934
766.429 154.098
766.722 154.008
767.014 125.419
767.307 105.953
767.600 90.929
767.893 99.363
768.186 96.708
768.479 105.112
768.772 121.916
769.064 141.363
769.357 141.702
769.650 132.921
769.943 132.589
770.236 130.576
770.529 115.842
770.822 107.827
771.115 123.341
771.407 140.195
771.700 157.446
771.993 158.122
772.286 164.460
772.579 141.840
772.872 115.243
773.165 97.773
773.457 110.254
773.750 129.458
774.043 132.905
774.336 116.734
774.629 111.692
774.922 99.544
775.215 96.498
775.508 86.315
775.800 85.923
776.093 93.614
776.386 94.656
776.679 106.744
776.972 134.642
777.265 163.788
777.558 183.139
777.850 182.014
778.143 159.885
778.436 133.422
778.729 115.670
779.022 124.679
779.315 131.382
779.608 125.355
779.900 117.653
780.193 117.281
780.486 129.248
780.779 131.466
781.072 133.769
781.365 129.135
781.658 131.233
781.951 135.870
782.243 129.849
782.536 126.171
782.829 137.313
783.122 158.007
783.415 178.029
783.708 171.287
784.001 161.260
784.293 146.839
784.586 148.127
784.879 145.698
785.172 138.353
785.465 127.668
785.758 119.367
786.051 113.290
786.344 111.249
786.636 121.892
786.929 121.662
787.222 107.651
787.515 93.239
787.808 99.103
788.101 119.367
788.394 145.344
788.686 159.386
788.979 160.055
789.272 149.021
789.565 134.280
789.858 129.621
790.151 126.343
790.444 122.090
790.737 108.411
791.029 99.054
791.322 104.604
791.615 126.947
791.908 137.928
792.201 144.245
792.494 130.483
792.787 133.098
793.079 130.731
793.372 136.089
793.665 130.774
793.958 131.818
794.251 136.095
794.544 139.089
794.837 136.101
795.130 130.501
795.422 133.827
795.715 132.209
796.008 130.178
796.301 113.531
796.594 102.829
796.887 117.162
797.180 121.851
797.472 116.899
797.765 98.920
798.058 85.630
798.351 86.962
798.644 79.689
798.937 89.959
799.230 119.872
799.523 138.818
799.815 142.845
800.108 113.934
800.401 106.333
800.694 105.339
800.987 127.374
801.280 144.399
801.573 153.804
801.865 151.096
802.158 149.379
802.451 140.352
802.744 135.698
803.037 118.772
803.330 118.443
803.623 107.135
803.915 100.145
804.208 91.255
804.501 97.355
804.794 113.056
805.087 134.130
805.380 153.486
805.673 150.866
805.966 138.845
806.258 137.343
806.551 149.862
806.844 165.727
807.137 150.335
807.430 136.951
807.723 133.552
808.016 156.102
808.308 161.124
808.601 145.469
808.894 129.086
809.187 124.156
809.480 125.128
809.773 120.726
810.066 129.836
810.359 148.150
810.651 146.891
810.944 126.818
811.237 99.575
811.530 101.005
811.825 122.198
812.119 141.037
812.414 145.417
812.709 134.787
813.003 121.739
813.298 109.046
813.593 103.651
813.887 135.534
814.182 150.154
814.476 160.762
814.771 134.854
815.066 124.742
815.360 111.921
815.655 113.280
815.950 127.224
816.244 143.305
816.539 149.168
816.834 148.646
817.128 148.309
817.423 157.658
817.718 162.706
818.012 144.528
818.307 115.957
818.602 98.563
818.896 111.343
819.191 131.055
819.486 143.190
819.780 129.278
820.075 108.104
820.369 107.677
820.664 133.314
820.959 152.023
821.253 143.787
821.548 146.046
821.843 161.781
822.137 178.320
822.432 167.449
822.727 133.953
823.021 110.453
823.316 107.519
823.611 120.955
823.905 122.617
824.200 118.036
824.495 121.416
824.789 140.776
825.084 142.888
825.379 129.210
825.673 108.284
825.968 114.827
826.262 133.442
826.557 139.925
826.852 142.865
827.146 145.239
827.441 159.396
827.736 163.351
828.030 156.331
828.325 159.872
828.620 162.355
828.914 167.561
829.209 159.371
829.504 145.719
829.798 138.218
830.093 131.365
830.388 105.224
830.682 97.331
830.977 107.212
831.271 132.483
831.566 144.381
831.861 142.093
832.155 149.913
832.450 154.504
832.745 147.758
833.039 144.047
833.334 153.496
833.629 141.956
833.923 124.037
834.218 87.772
834.513 87.677
834.807 81.633
835.102 98.750
835.397 120.585
835.691 142.960
835.986 144.929
836.281 130.638
836.575 115.063
836.870 110.095
837.164 107.739
837.459 111.648
837.754 111.035
838.048 117.353
838.343 146.644
838.638 173.832
838.932 185.045
839.227 160.915
839.522 134.984
839.816 111.713
840.111 90.495
840.406 97.804
840.700 128.019
840.995 163.772
841.290 153.206
841.584 148.806
841.879 136.229
842.174 138.669
842.468 114.818
842.763 90.944
843.057 84.854
843.352 94.387
843.647 122.293
843.941 147.766
844.236 150.346
844.531 155.488
844.825 147.521
845.120 147.457
845.415 130.024
845.709 129.938
846.004 137.953
846.299 164.511
846.593 157.189
846.888 143.089
847.183 132.664
847.477 140.989
847.772 151.163
848.066 155.044
848.361 157.175
848.656 155.943
848.950 166.493
849.245 162.860
849.540 154.958
849.834 145.171
850.129 149.550
850.424 146.631
850.718 143.313
851.013 127.242
851.308 139.830
851.602 149.098
851.897 167.853
852.192 168.884
852.486 157.915
852.781 163.900
853.076 159.267
853.370 161.500
853.665 152.160
853.959 148.959
854.254 149.102
854.549 159.617
854.843 166.171
855.138 162.478
855.433 149.612
855.727 124.207
856.022 107.490
856.317 117.028
856.611 141.551
856.906 154.415
857.201 132.768
857.495 121.746
857.790 124.045
858.085 130.045
858.379 132.748
858.674 122.562
858.969 126.424
859.263 136.751
859.558 150.711
859.852 147.060
860.147 148.850
860.442 144.049
860.736 151.948
861.031 158.050
861.326 155.084
861.620 153.565
861.915 154.355
862.210 150.820
862.504 149.630
862.799 137.059
863.094 137.784
863.388 123.034
863.683 111.027
863.978 118.757
864.272 127.145
864.567 127.580
864.861 105.579
865.156 94.473
865.451 98.933
865.745 114.143
866.040 135.791
866.335 157.103
866.629 153.430
866.924 135.365
867.219 120.280
867.513 116.244
867.808 111.500
868.103 118.832
868.397 136.776
868.692 151.792
868.987 153.421
869.281 153.007
869.576 155.649
869.871 148.556
870.165 137.627
870.460 124.042
870.754 95.692
871.049 95.453
871.344 119.897
871.638 152.925
871.933 150.721
872.228 119.982
872.522 103.308
872.817 120.699
873.112 142.298
873.406 161.053
873.701 154.294
873.996 138.911
874.290 117.606
874.585 114.510
874.880 122.694
875.174 127.682
875.469 123.282
875.764 116.732
876.058 94.075
876.353 74.988
876.647 86.334
876.942 127.435
877.237 150.509
877.531 142.887
877.826 113.035
878.121 83.066
878.415 72.704
878.710 90.190
879.005 118.981
879.299 126.629
879.594 112.589
879.889 109.571
880.183 106.559
880.478 103.864
880.773 100.182
881.067 100.304
881.362 98.856
881.656 107.259
881.951 110.086
882.246 121.304
882.540 119.132
882.835 120.154
883.130 118.993
883.424 118.451
883.719 120.000
884.014 119.189
884.308 122.854
884.603 125.021
884.898 128.036
885.192 120.559
885.487 118.534
885.782 117.158
886.076 118.111
886.371 116.739
886.666 120.188
886.960 117.098
887.255 109.218
887.549 104.341
887.844 121.112
888.139 140.552
888.433 144.173
888.728 140.135
889.023 139.074
889.317 131.291
889.612 108.698
889.907 94.749
890.201 104.714
890.496 109.085
890.791 98.992
891.085 70.086
891.380 67.438
891.675 92.491
891.969 114.201
892.264 114.152
892.559 103.224
892.853 102.700
893.148 112.368
893.442 112.924
893.737 120.206
894.032 114.334
894.326 104.610
894.621 93.479
894.916 90.544
895.210 83.852
895.505 82.168
895.800 81.928
896.094 94.266
896.389 107.787
896.684 117.203
896.978 114.320
897.273 106.961
897.568 109.978
897.862 104.970
898.157 103.855
898.451 88.849
898.746 93.919
899.041 103.990
899.335 116.746
899.630 114.386
899.925 101.692
900.219 110.898
900.514 113.406
900.809 107.276
901.103 108.506
901.398 110.614
901.693 125.563
901.987 124.808
902.282 127.250
902.577 119.825
902.871 112.481
903.166 112.813
903.461 107.840
903.755 103.849
904.050 95.375
904.344 95.778
904.639 96.147
904.934 111.788
905.228 123.367
905.523 124.708
905.818 122.088
906.112 103.775
906.407 92.166
906.702 98.906
906.996 120.807
907.291 118.142
907.586 101.455
907.880 93.658
908.175 115.268
908.470 128.591
908.764 129.265
909.059 119.402
909.354 107.781
909.648 92.358
909.943 92.157
910.237 121.308
910.532 154.691
910.827 166.110
911.121 145.146
911.416 132.124
911.711 122.789
912.005 138.014
912.300 157.712
912.599 160.053
912.898 151.406
913.196 131.789
913.495 122.999
913.794 103.548
914.093 104.286
914.391 122.134
914.690 146.264
914.989 152.915
915.288 140.861
915.586 116.356
915.885 100.062
916.184 91.452
916.483 92.189
916.782 96.012
917.080 95.184
917.379 101.239
917.678 113.106
917.977 130.905
918.275 132.408
918.574 120.611
918.873 122.465
919.172 132.994
919.471 135.043
919.769 124.724
920.068 106.544
920.367 98.199
920.666 92.368
920.964 94.495
921.263 102.366
921.562 112.591
921.861 118.627
922.159 104.589
922.458 94.747
922.757 100.539
923.056 118.409
923.355 125.819
923.653 132.019
923.952 132.884
924.251 140.349
924.550 135.326
924.848 127.037
925.147 117.119
925.446 118.049
925.745 123.204
926.043 118.142
926.342 110.084
926.641 121.065
926.940 133.705
927.239 147.216
927.537 137.560
927.836 139.958
928.135 143.997
928.434 159.302
928.732 160.426
929.031 160.252
929.330 155.522
929.629 144.154
929.927 129.483
930.226 136.315
930.525 152.428
930.824 165.750
931.123 158.208
931.421 130.378
931.720 112.029
932.019 112.848
932.318 121.060
932.616 118.756
932.915 106.339
933.214 123.693
933.513 140.772
933.812 150.780
934.110 147.468
934.409 125.113
934.708 125.538
935.007 119.988
935.305 137.114
935.604 144.870
935.903 147.966
936.202 154.610
936.500 162.651
936.799 199.389
937.098 220.411
937.397 200.797
937.696 147.124
937.994 127.498
938.293 145.566
938.592 185.133
938.891 213.476
939.189 230.062
939.488 252.731
939.787 233.728
940.086 182.817
940.384 125.836
940.683 105.526
940.982 127.977
941.281 176.249
941.580 208.673
941.878 205.243
942.177 183.392
942.476 183.612
942.775 180.417
943.073 146.160
943.372 125.744
943.671 163.680
943.970 224.650
944.268 246.424
944.567 241.431
944.866 225.121
945.165 211.875
945.464 179.376
945.762 159.877
946.061 162.817
946.360 192.788
946.659 216.384
946.957 220.285
947.256 205.174
947.555 179.954
947.854 154.365
948.153 151.273
948.451 164.250
948.750 178.481
949.049 191.528
949.348 194.962
949.646 179.139
949.945 181.236
950.244 182.411
950.543 192.462
950.841 168.658
951.140 143.244
951.439 133.832
951.738 118.136
952.037 126.845
952.335 138.239
952.634 143.225
952.933 140.096
953.232 117.295
953.530 143.757
953.829 177.079
954.128 199.310
954.427 185.796
954.725 160.900
955.024 165.542
955.323 170.053
955.622 171.192
955.921 177.467
956.219 165.050
956.518 152.967
956.817 145.436
957.116 144.873
957.414 131.099
957.713 105.483
958.012 98.725
958.311 122.792
958.610 148.504
958.908 168.607
959.207 168.806
959.506 152.813
959.805 151.104
960.103 149.157
960.402 143.654
960.701 115.043
961.000 89.810
961.298 96.585
961.597 125.774
961.896 157.342
962.195 174.159
962.494 152.468
962.792 133.332
963.091 113.163
963.390 111.123
963.689 120.751
963.987 139.894
964.286 161.521
964.585 156.298
964.884 142.916
965.182 155.909
965.481 169.081
965.780 173.957
966.080 148.467
966.380 127.542
966.680 120.815
966.981 130.109
967.281 128.925
967.581 123.505
967.881 117.110
968.181 122.974
968.481 127.063
968.781 100.956
969.082 103.552
969.382 118.933
969.682 140.242
969.982 139.494
970.282 128.521
970.582 138.482
970.882 141.402
971.183 140.669
971.483 135.995
971.783 145.378
972.083 163.302
972.383 165.556
972.683 155.202
972.983 143.064
973.284 152.239
973.584 149.990
973.884 125.826
974.184 110.765
974.484 112.003
974.784 118.063
975.084 115.573
975.385 123.651
975.685 138.857
975.985 144.975
976.285 139.111
976.585 139.883
976.885 134.291
977.185 125.707
977.486 125.709
977.786 154.068
978.086 172.079
978.386 160.048
978.686 144.116
978.986 132.277
979.286 137.242
979.587 119.911
979.887 114.912
980.187 110.247
980.487 111.249
980.787 117.584
981.087 139.252
981.387 148.253
981.688 146.588
981.988 126.590
982.288 119.925
982.588 114.259
982.888 116.261
983.188 140.596
983.488 159.597
983.789 173.266
984.089 156.934
984.389 144.602
984.689 141.270
984.989 144.272
985.289 148.607
985.589 138.275
985.890 112.610
986.190 93.278
986.490 95.279
986.790 114.614
987.090 125.282
987.390 133.284
987.690 138.619
987.991 128.954
988.291 121.288
988.591 120.957
988.891 137.291
989.191 133.960
989.491 134.294
989.791 140.963
990.092 143.297
990.392 137.966
990.692 127.967
990.992 125.302
991.292 129.637
991.592 124.638
991.892 122.306
992.193 116.975
992.493 111.976
992.793 112.644
993.093 117.646
993.393 134.981
993.693 150.649
993.993 161.317
994.294 155.985
994.594 147.653
994.894 135.988
995.194 130.656
995.494 132.658
995.794 133.992
996.094 129.994
996.395 134.662
996.695 122.330
996.995 105.665
997.295 85.666
997.595 83.334
997.895 92.003
998.195 94.671
998.496 114.339
998.796 144.340
999.096 148.008
999.396 134.343
999.696 114.011
999.996 121.680
1000.296 137.348
1000.597 144.016
1000.897 139.684
1001.197 139.352
1001.497 132.353
1001.797 125.688
1002.097 112.690
1002.397 104.691
1002.698 110.359
1002.998 110.694
1003.298 113.362
1003.598 105.364
1003.898 99.032
1004.198 100.700
1004.498 111.035
1004.799 126.369
1005.099 117.371
1005.399 112.372
1005.699 112.040
1005.999 123.708
1006.299 135.710
1006.599 129.045
1006.900 140.713
1007.200 140.381
1007.500 149.382
1007.800 147.717
1008.100 146.052
1008.400 149.720
1008.700 142.054
1009.001 132.056
1009.301 132.724
1009.601 149.392
1009.901 153.393
1010.201 139.062
1010.501 138.063
1010.801 133.398
1011.102 134.732
1011.402 102.067
1011.702 81.402
1012.002 79.070
1012.302 114.738
1012.602 147.406
1012.902 159.407
1013.203 150.409
1013.503 142.744
1013.803 131.412
1014.103 134.746
1014.403 143.081
1014.703 135.416
1015.003 137.417
1015.304 159.085
1015.604 164.420
1015.904 132.088
1016.204 96.423
1016.504 94.424
1016.804 109.759
1017.104 112.094
1017.405 106.762
1017.705 109.763
1018.005 124.098
1018.305 127.099
1018.605 129.767
1018.905 112.435
1019.205 134.437
1019.506 157.438
1019.806 177.106
1020.106 182.774
1020.406 163.109
1020.706 138.110
1021.006 112.445
1021.306 105.113
1021.607 133.447
1021.907 154.115
1022.207 152.450
1022.507 136.785
1022.807 113.786
1023.107 103.454
1023.407 112.122
1023.708 127.457
1024.008 141.458
1024.308 149.126
1024.608 139.794
1024.908 135.796
1025.208 127.797
1025.508 132.798
1025.809 128.133
1026.109 110.468
1026.409 105.802
1026.709 124.804
1027.009 143.472
1027.309 151.806
1027.609 131.808
1027.910 111.476
1028.210 110.810
1028.510 136.812
1028.810 157.813
1029.110 157.481
1029.410 141.816
1029.710 127.817
1030.011 125.485
1030.311 124.153
1030.611 116.488
1030.911 115.489
1031.211 124.490
1031.511 147.825
1031.811 153.826
1032.112 155.161
1032.412 134.496
1032.712 117.164
1033.012 120.498
1033.312 145.500
1033.612 152.834
1033.912 127.502
1034.212 109.837
1034.513 111.172
1034.813 129.506
1035.113 135.507
1035.413 139.509
1035.713 131.843
1036.013 126.845
1036.313 119.513
1036.614 114.847
1036.914 97.182
1037.214 88.850
1037.514 96.518
1037.814 119.519
1038.114 146.854
1038.414 148.855
1038.715 136.190
1039.015 114.524
1039.315 109.859
1039.615 118.527
1039.915 114.195
1040.215 112.863
1040.515 123.864
1040.816 145.532
1041.116 152.200
1041.416 122.201
1041.716 107.536
1042.016 94.204
1042.316 105.538
1042.616 103.206
1042.917 117.874
1043.217 120.209
1043.517 119.210
1043.817 115.212
1044.117 128.879
1044.417 143.214
1044.717 156.549
1045.018 150.883
1045.318 138.551
1045.618 118.886
1045.918 117.554
1046.218 140.555
1046.518 152.890
1046.818 148.891
1047.119 144.559
1047.419 147.893
1047.719 151.561
1048.019 140.896
1048.319 124.230
1048.619 107.565
1048.919 84.566
1049.220 85.901
1049.520 104.569
1049.820 120.237
1050.120 133.238
1050.420 132.906
1050.720 134.907
1051.020 125.242
1051.321 118.576
1051.621 119.244
1051.921 123.912
1052.221 126.247
1052.521 120.581
1052.821 116.916
1053.121 132.250
1053.422 139.252
1053.722 133.586
1054.022 127.587
1054.322 133.589
1054.622 144.923
1054.922 148.925
1055.222 152.259
1055.523 151.927
1055.823 132.928
1056.123 121.929
1056.423 108.597
1056.723 96.265
1057.023 80.600
1057.323 79.601
1057.624 90.936
1057.924 120.603
1058.224 142.605
1058.524 144.606
1058.824 139.607
1059.124 134.942
1059.424 141.610
1059.725 133.611
1060.025 135.279
1060.325 141.613
1060.625 147.281
1060.925 139.616
1061.225 136.283
1061.525 129.285
1061.826 123.953
1062.126 114.287
1062.426 128.288
1062.726 150.956
1063.026 175.957
1063.326 180.292
1063.626 171.960
1063.927 157.961
1064.227 143.629
1064.527 147.963
1064.827 144.965
1065.127 126.966
1065.427 110.634
1065.727 108.968
1066.028 127.969
1066.328 133.637
1066.628 121.972
1066.928 121.973
1067.228 118.307
1067.528 116.642
1067.828 102.643
1068.129 100.978
1068.429 118.312
1068.729 136.647
1069.029 132.648
1069.329 129.982
1069.629 126.984
1069.929 142.985
1070.230 141.319
1070.530 130.654
1070.830 126.655
1071.130 133.656
1071.430 142.657
1071.730 139.658
1072.030 131.993
1072.331 124.994
1072.631 115.329
1072.931 115.663
1073.231 109.664
1073.531 99.332
1073.831 91.667
1074.131 115.668
1074.432 136.669
1074.732 136.003
1075.032 114.005
1075.332 106.339
1075.632 109.674
1075.932 107.008
1076.232 102.343
1076.533 103.344
1076.833 107.678
1077.133 115.346
1077.433 129.014
1077.733 155.015
1078.033 151.683
1078.333 139.351
1078.634 117.019
1078.934 111.353
1079.234 124.687
1079.534 133.022
1079.834 145.690
1080.134 152.691
1080.434 163.359
1080.735 165.027
1081.035 137.694
1081.335 103.029
1081.635 83.030
1081.935 76.364
1082.235 69.699
1082.535 76.367
1082.836 90.035
1083.136 120.369
1083.436 136.703
1083.736 133.371
1084.036 117.706
1084.336 104.040
1084.636 122.375
1084.937 163.042
1085.237 181.710
1085.537 175.711
1085.837 140.046
1086.137 110.714
1086.437 99.381
1086.737 104.383
1087.038 115.717
1087.338 109.385
1087.638 93.719
1087.938 75.387
1088.238 77.721
1088.538 106.056
1088.838 136.057
1089.139 136.725
1089.439 124.393
1089.739 117.394
1090.039 132.728
1090.339 143.063
1090.639 146.064
1090.939 130.065
1091.240 123.733
1091.540 129.400
1091.840 154.735
1092.140 156.736
1092.453 145.070
1092.766 121.071
1093.079 101.073
1093.392 94.740
1093.705 101.408
1094.018 124.409
1094.330 137.744
1094.643 146.745
1094.956 149.412
1095.269 155.414
1095.582 153.748
1095.895 154.416
1096.208 134.084
1096.521 114.751
1096.834 106.419
1097.147 128.420
1097.460 152.421
1097.773 152.089
1098.085 135.423
1098.398 125.091
1098.711 114.426
1099.024 111.427
1099.337 114.094
1099.650 130.429
1099.963 133.097
1100.276 121.431
1100.589 119.432
1100.902 128.767
1101.215 149.768
1101.528 146.102
1101.841 142.103
1102.153 126.771
1102.466 116.772
1102.779 101.773
1103.092 91.107
1103.405 106.108
1103.718 126.443
1104.031 152.111
1104.344 149.778
1104.657 164.779
1104.970 164.114
1105.283 160.782
1105.596 149.449
1105.909 145.117
1106.221 143.451
1106.534 134.119
1106.847 113.454
1107.160 97.121
1107.473 97.122
1107.786 101.123
1108.099 103.791
1108.412 97.459
1108.725 91.460
1109.038 113.128
1109.351 139.129
1109.664 152.796
1109.977 141.797
1110.289 117.798
1110.602 113.800
1110.915 110.467
1111.228 114.802
1111.541 122.136
1111.854 105.804
1112.167 87.471
1112.480 81.806
1112.793 121.140
1113.106 154.808
1113.419 164.476
1113.732 148.143
1114.044 137.144
1114.357 128.479
1114.670 121.146
1114.983 118.814
1115.296 121.815
1115.609 124.816
1115.922 129.817
1116.235 142.485
1116.548 159.153
1116.861 144.154
1117.174 113.821
1117.487 104.156
1117.800 117.824
1118.112 123.491
1118.425 110.159
1118.738 97.160
1119.051 105.828
1119.364 117.495
1119.677 115.830
1119.990 117.497
1120.303 113.832
1120.616 111.833
1120.929 127.167
1121.242 135.168
1121.555 133.836
1121.868 114.170
1122.180 101.838
1122.493 107.172
1122.806 115.840
1123.119 146.508
1123.432 151.509
1123.745 135.176
1124.058 110.511
1124.371 121.512
1124.684 126.179
1124.997 106.514
1125.310 73.515
1125.623 60.516
1125.935 69.850
1126.248 101.518
1126.561 130.185
1126.874 146.186
1127.187 142.187
1127.500 128.522
1127.813 122.523
1128.126 134.857
1128.439 163.858
1128.752 163.192
1129.065 131.527
1129.378 102.194
1129.691 95.862
1130.003 107.863
1130.316 112.864
1130.629 123.198
1130.942 125.533
1131.255 126.534
1131.568 135.868
1131.881 146.536
1132.194 152.203
1132.507 145.538
1132.820 147.205
1133.133 148.873
1133.446 159.541
1133.759 176.208
1134.071 178.876
1134.384 168.210
1134.697 148.545
1135.010 137.546
1135.323 128.547
1135.636 128.214
1135.949 130.882
1136.262 132.883
1136.575 127.217
1136.888 123.218
1137.201 115.886
1137.514 108.220
1137.826 102.888
1138.139 118.889
1138.452 136.556
1138.765 146.557
1139.078 146.225
1139.391 141.226
1139.704 154.894
1140.017 153.561
1140.330 155.896
1140.643 146.563
1140.956 147.898
1141.269 146.565
1141.582 145.233
1141.894 135.900
1142.207 118.568
1142.520 116.902
1142.833 130.570
1143.146 152.571
1143.459 154.239
1143.772 143.906
1144.085 120.907
1144.398 112.575
1144.711 114.576
1145.024 117.243
1145.337 117.578
1145.650 116.579
1145.962 126.246
1146.275 134.247
1146.588 139.582
1146.901 131.583
1147.214 117.583
1147.527 106.584
1147.840 107.585
1148.153 130.920
1148.466 142.254
1148.779 149.922
1149.092 135.256
1149.405 128.923
1149.718 133.591
1150.030 137.925
1150.343 130.593
1150.656 111.927
1150.969 113.262
1151.282 122.929
1151.595 141.263
1151.908 131.598
1152.221 123.599
1152.534 126.600
1152.847 142.601
1153.160 149.601
1153.473 143.269
1153.785 145.603
1154.098 158.938
1154.411 159.939
1154.724 157.273
1155.037 141.274
1155.350 122.608
1155.663 106.609
1155.976 118.277
1156.289 129.944
1156.602 140.612
1156.915 131.279
1157.228 123.280
1157.541 109.948
1157.853 90.616
1158.166 82.616
1158.479 74.951
1158.792 85.952
1159.105 114.619
1159.418 144.287
1159.731 154.621
1160.044 153.289
1160.357 140.956
1160.670 126.290
1160.983 116.291
1161.296 111.292
1161.609 130.627
1161.921 134.294
1162.234 121.628
1162.547 105.629
1162.860 87.630
1163.173 92.965
1163.486 99.299
1163.799 117.633
1164.112 133.634
1164.425 135.302
1164.738 123.969
1165.051 106.303
1165.364 99.971
1165.676 95.972
1165.989 94.973
1166.302 104.640
1166.615 126.308
1166.928 152.975
1167.241 149.643
1167.554 151.644
1167.867 148.312
1168.180 127.979
1168.493 103.313
1168.806 85.648
1169.119 99.648
1169.432 126.649
1169.744 131.317
1170.057 122.651
1170.370 115.985
1170.683 116.653
1170.996 130.987
1171.309 123.321
1171.622 122.322
1171.935 120.323
1172.248 123.991
1172.561 135.658
1172.874 146.993
1173.187 134.660
1173.500 131.328
1173.812 132.995
1174.125 154.996
1174.438 156.997
1174.751 160.998
1175.064 156.332
1175.377 149.333
1175.690 136.334
1176.003 126.335
1176.316 117.669
1176.629 104.670
1176.942 94.671
1177.255 93.672
1177.567 103.673
1177.880 106.673
1178.193 117.341
1178.506 131.009
1178.819 147.343
1179.132 130.344
1179.445 108.678
1179.758 103.345
1180.071 110.013
1180.384 121.014
1180.697 139.348
1181.010 164.682
1181.323 175.016
1181.635 156.017
1181.948 128.685
1182.261 108.352
1182.574 92.353
1182.887 107.354
1183.200 127.022
1183.513 159.689
1183.826 163.357
1184.139 143.691
1184.452 117.025
1184.765 103.359
1185.078 107.694
1185.391 110.028
1185.703 96.362
1186.016 87.696
1186.329 92.697
1186.642 120.031
1186.955 131.032
1187.268 123.700
1187.581 111.700
1187.894 112.035
1188.207 114.369
1188.520 116.370
1188.833 107.704
1189.146 85.705
1189.459 67.372
1189.771 83.373
1190.084 118.707
1190.397 140.708
1190.710 121.376
1191.023 100.377
1191.336 86.044
1191.649 98.712
1191.962 99.712
1192.275 104.380
1192.588 110.048
1192.901 131.382
1193.214 146.049
1193.526 148.050
1193.839 126.384
1194.152 110.052
1194.465 87.386
1194.778 96.387
1195.091 110.054
1195.404 125.722
1195.717 138.389
1196.030 139.723
1196.343 137.058
1196.656 126.059
1196.969 117.393
1197.282 129.060
1197.594 140.061
1197.907 160.062
1198.220 162.396
1198.533 157.730
1198.846 142.064
1199.159 137.065
1199.472 143.066
1199.785 137.734
1200.098 135.401
1200.411 128.069
1200.724 136.736
1201.037 130.404
1201.350 131.404
1201.662 137.405
1201.975 134.406
1202.288 99.074
1202.601 70.407
