165.028 -37.368
165.288 -42.138
165.547 -42.678
165.807 -23.551
166.067 -14.090
166.327 -6.294
166.587 -1.499
166.847 4.298
167.107 -4.239
167.367 -14.108
167.627 -18.976
167.886 -13.844
168.146 -2.045
168.406 34.088
168.666 57.556
168.926 46.690
169.186 10.825
169.446 -13.040
169.706 -19.903
169.966 -11.767
170.225 2.704
170.485 38.175
170.745 66.313
171.005 62.785
171.265 37.924
171.525 10.064
171.785 -3.796
172.045 -2.988
172.305 3.820
172.564 17.295
172.824 14.437
173.084 13.246
173.344 18.056
173.604 29.533
173.864 22.344
174.124 18.155
174.384 14.967
174.644 17.112
174.903 25.591
175.163 33.737
175.423 34.884
175.683 35.031
175.943 20.179
176.203 6.660
176.463 -19.525
176.723 -31.043
176.983 -10.560
177.242 16.923
177.502 40.073
177.762 30.556
178.022 13.040
178.282 14.191
178.542 35.676
178.802 50.494
179.062 52.980
179.322 50.466
179.581 35.952
179.841 11.771
180.101 0.258
180.361 8.079
180.621 9.566
180.881 3.387
181.141 7.208
181.401 18.363
181.661 24.852
181.920 22.341
182.180 31.497
182.440 32.986
182.700 15.143
182.960 -2.034
183.220 10.456
183.480 42.280
183.740 54.771
184.000 21.929
184.259 2.753
184.519 2.245
184.779 22.737
185.039 41.895
185.299 50.721
185.559 61.546
185.819 55.706
186.079 47.532
186.339 26.358
186.598 3.518
186.858 -1.322
187.118 13.505
187.378 26.666
187.638 31.827
187.898 35.987
188.158 50.148
188.418 50.976
188.678 50.804
188.937 59.966
189.197 73.461
189.457 62.956
189.717 29.118
189.977 8.947
190.237 19.109
190.497 37.271
190.757 30.767
191.017 17.930
191.276 15.426
191.536 17.588
191.796 18.085
192.056 13.581
192.316 13.744
192.576 10.908
192.836 25.404
193.096 50.901
193.356 58.398
193.616 33.895
193.875 7.725
194.135 0.555
194.395 21.386
194.655 44.216
194.915 62.047
195.175 68.211
195.435 55.375
195.695 17.872
195.955 -2.630
196.214 6.867
196.474 26.031
196.734 33.196
196.994 28.360
197.254 32.524
197.514 35.688
197.774 28.519
198.034 31.350
198.294 21.848
198.553 18.679
198.813 -6.490
199.073 -28.992
199.333 -34.828
199.593 -17.664
199.853 12.501
200.113 27.998
200.373 25.829
200.633 28.327
200.892 23.158
201.152 27.655
201.412 35.486
201.672 55.317
201.932 61.481
202.192 41.978
202.452 34.809
202.712 51.973
202.972 79.803
203.231 83.634
203.491 82.798
203.751 68.628
204.011 63.125
204.271 49.622
204.531 35.119
204.791 22.949
205.051 26.779
205.311 32.942
205.570 34.105
205.830 44.935
206.090 59.765
206.350 65.594
206.610 55.424
206.870 45.920
207.130 45.416
207.390 39.912
207.650 39.074
207.909 41.570
208.169 64.399
208.429 67.227
208.689 50.723
208.949 26.551
209.209 15.380
209.469 23.208
209.729 26.703
209.989 26.197
210.248 46.359
210.508 51.853
210.768 55.681
211.028 53.842
211.288 61.336
211.548 89.496
211.808 96.657
212.068 91.817
212.328 75.310
212.587 61.137
212.847 64.630
213.107 65.456
213.367 60.949
213.627 40.442
213.887 9.601
214.147 -9.907
214.407 -6.081
214.667 19.744
214.926 35.903
215.186 43.394
215.446 39.886
215.706 41.044
215.966 32.868
216.226 37.693
216.486 38.850
216.746 49.341
217.006 38.164
217.265 27.321
217.525 21.811
217.785 24.301
218.045 48.124
218.305 56.280
218.565 57.436
218.825 52.259
219.085 48.414
219.345 45.903
219.604 34.391
219.864 41.546
220.124 60.701
220.384 80.855
220.644 78.343
220.904 65.164
221.164 43.984
221.424 29.805
221.684 28.958
221.943 49.445
222.203 63.264
222.463 66.417
222.723 66.236
222.983 75.389
223.243 82.874
223.503 68.693
223.763 46.844
224.023 36.662
224.282 31.814
224.542 44.298
224.802 59.782
225.062 84.933
225.322 95.083
225.582 100.566
225.842 84.383
226.102 74.199
226.362 57.015
226.621 46.164
226.881 47.313
227.141 62.462
227.401 74.610
227.661 73.758
227.921 58.906
228.181 52.054
228.441 47.868
228.701 48.682
228.960 44.162
229.220 36.642
229.480 45.455
229.740 65.935
230.000 75.414
230.260 62.560
230.520 54.705
230.780 54.184
231.040 48.329
231.299 34.473
231.559 32.284
231.819 42.429
232.079 45.906
232.339 35.049
232.599 31.526
232.859 42.669
233.119 58.146
233.379 70.955
233.638 69.430
233.898 72.906
234.158 64.381
234.418 48.189
234.678 40.331
234.938 47.805
235.198 69.612
235.458 84.420
235.718 81.560
235.978 77.700
236.237 79.839
236.497 94.646
236.757 95.785
237.017 73.924
237.277 57.396
237.537 42.867
237.797 47.672
238.057 42.476
238.317 34.614
238.576 26.751
238.836 34.888
239.096 52.358
239.356 51.828
239.616 39.298
239.876 38.434
240.136 58.236
240.396 85.038
240.656 80.173
240.915 47.308
241.175 -0.224
241.435 -8.423
241.695 18.711
241.955 49.178
242.215 56.311
242.475 35.444
242.735 34.911
242.995 43.710
243.254 56.842
243.514 49.308
243.774 47.439
244.034 57.904
244.294 62.036
244.554 62.833
244.814 60.964
245.074 59.428
245.334 57.224
245.593 50.354
245.853 45.484
246.113 36.280
246.373 46.075
246.633 60.537
246.893 80.666
247.153 78.461
247.413 65.589
247.673 46.050
247.932 34.844
248.192 41.304
248.452 57.431
248.712 62.557
248.972 70.017
249.232 64.143
249.492 59.602
249.752 70.727
250.012 84.186
250.271 89.644
250.531 86.102
250.791 87.559
251.051 79.017
251.311 39.474
251.571 24.597
251.831 41.054
252.091 86.510
252.351 95.633
252.610 84.088
252.870 57.544
253.130 48.666
253.390 55.120
253.650 66.908
253.911 61.363
254.172 47.483
254.433 48.937
254.694 58.724
254.955 70.177
255.216 61.630
255.477 47.416
255.738 35.868
255.999 30.320
256.261 32.772
256.522 50.224
256.783 73.675
257.044 64.793
257.305 45.577
257.566 25.694
257.827 33.477
258.088 30.594
258.349 20.377
258.610 12.159
258.871 14.275
259.132 27.724
259.393 40.839
259.654 36.954
259.915 34.402
260.176 42.516
260.437 62.297
260.698 54.411
260.959 60.858
261.221 76.304
261.482 92.751
261.743 84.197
262.004 83.643
262.265 93.088
262.526 87.867
262.787 55.978
263.048 33.090
263.309 47.534
263.570 71.645
263.831 87.756
264.092 78.199
264.353 82.309
264.614 78.419
264.875 66.529
265.136 58.305
265.397 56.747
265.658 79.856
265.919 103.631
266.181 112.406
266.442 104.514
266.703 76.621
266.964 62.062
267.225 63.169
267.486 77.610
267.747 86.049
268.008 86.156
268.269 88.929
268.530 92.701
268.791 100.140
269.052 99.912
269.313 108.684
269.574 113.789
269.835 106.560
270.096 82.997
270.357 67.435
270.618 59.205
270.879 68.642
271.141 64.079
271.402 52.848
271.663 51.951
271.924 67.387
272.185 89.822
272.446 89.258
272.707 71.359
272.968 57.461
273.229 61.562
273.490 61.330
273.751 71.764
274.012 84.531
274.273 92.631
274.534 88.064
274.795 72.831
275.056 53.930
275.317 23.363
275.578 13.128
275.839 23.227
276.101 40.659
276.362 48.090
276.623 61.188
276.884 80.286
277.145 88.717
277.406 84.814
277.667 80.244
277.928 72.675
278.189 76.104
278.450 77.201
278.711 77.630
278.972 73.392
279.233 86.155
279.494 100.583
279.755 115.345
280.016 92.106
280.277 79.201
280.538 69.962
280.799 67.056
281.061 54.150
281.322 40.910
281.583 39.003
281.844 50.430
282.105 63.856
282.366 85.282
282.627 89.374
282.888 88.133
283.149 61.892
283.410 58.650
283.671 59.075
283.932 69.166
284.193 64.924
284.454 50.681
284.715 51.439
284.976 64.529
285.237 92.619
285.498 108.375
285.759 107.132
286.021 95.221
286.282 96.644
286.543 94.399
286.804 97.155
287.065 98.243
287.326 95.998
287.587 90.086
287.848 68.507
288.109 60.928
288.370 50.015
288.631 45.102
288.892 47.189
289.153 62.943
289.414 97.696
289.675 124.782
289.936 129.201
290.197 103.287
290.458 62.039
290.719 47.791
290.981 58.210
291.242 79.295
291.503 75.713
291.764 59.464
292.025 57.215
292.286 51.299
292.547 55.383
292.808 72.133
293.069 101.883
293.330 110.966
293.591 101.716
293.852 88.465
294.113 71.881
294.374 64.630
294.635 69.712
294.896 83.127
295.157 84.875
295.418 75.957
295.679 86.371
295.941 87.786
296.202 79.200
296.463 73.281
296.724 82.028
296.985 92.108
297.246 80.521
297.507 58.934
297.768 66.681
298.029 90.093
298.290 104.506
298.551 105.251
298.812 101.330
299.073 101.409
299.334 102.820
299.595 104.565
299.856 108.976
300.117 106.054
300.378 93.132
300.639 79.542
300.901 66.620
301.162 55.363
301.423 71.107
301.684 100.850
301.945 120.926
302.206 113.336
302.467 79.745
302.728 73.821
302.989 80.230
303.250 91.972
303.511 91.380
303.772 94.455
304.033 108.530
304.294 107.271
304.555 92.012
304.816 74.086
305.077 68.827
305.338 58.234
305.599 53.974
305.861 69.714
306.122 82.788
306.383 89.194
306.644 72.600
306.905 85.006
307.166 93.745
307.427 114.151
307.688 113.556
307.949 110.295
308.210 99.700
308.471 86.438
308.732 78.510
308.993 67.914
309.254 55.319
309.515 67.056
309.776 85.127
310.037 91.864
310.298 73.267
310.559 56.671
310.821 52.074
311.082 59.810
311.343 64.547
311.604 68.283
311.865 66.685
312.126 54.421
312.387 54.823
312.648 59.558
312.909 71.627
313.170 88.695
313.434 90.430
313.698 80.498
313.963 61.232
314.227 57.633
314.491 73.700
314.755 82.434
315.019 68.168
315.284 63.568
315.548 67.968
315.812 94.035
316.076 100.434
316.340 98.501
316.604 98.233
316.869 99.299
317.133 100.032
317.397 93.764
317.661 89.829
317.925 89.228
318.190 91.959
318.454 83.357
318.718 92.422
318.982 100.153
319.246 123.884
319.511 124.282
319.775 96.346
320.039 61.076
320.303 46.140
320.567 56.870
320.832 68.600
321.096 57.997
321.360 52.393
321.624 57.123
321.888 76.519
322.153 79.248
322.417 74.644
322.681 68.706
322.945 65.435
323.209 61.163
323.473 51.225
323.738 51.953
324.002 74.348
324.266 87.076
324.530 94.804
324.794 85.198
325.059 67.925
325.323 66.653
325.587 60.713
325.851 81.773
326.115 95.500
326.380 112.894
326.644 109.620
326.908 93.347
327.172 66.739
327.436 69.132
327.701 72.858
327.965 94.250
328.229 99.643
328.493 98.368
328.757 95.427
329.022 104.485
329.286 104.544
329.550 82.269
329.814 65.327
330.078 63.718
330.342 72.442
330.607 73.500
330.871 97.224
331.135 111.615
331.399 110.005
331.663 98.396
331.928 109.786
332.192 116.843
332.456 118.899
332.720 112.622
332.984 111.012
333.249 98.068
333.513 70.124
333.777 58.513
334.041 69.236
334.305 95.291
334.570 102.013
334.834 98.402
335.098 90.790
335.362 92.846
335.626 99.234
335.891 110.288
336.155 114.676
336.419 103.731
336.683 91.785
336.947 81.173
337.211 77.227
337.476 69.281
337.740 77.335
338.004 98.055
338.268 124.775
338.532 134.828
338.797 114.215
339.061 103.935
339.325 118.321
339.589 129.041
339.853 104.093
340.118 77.146
340.382 84.865
340.646 106.917
340.910 109.636
341.174 92.355
341.439 90.740
341.703 77.792
341.967 83.843
342.231 84.895
342.495 102.946
342.759 102.998
343.024 104.049
343.288 96.433
343.552 83.484
343.816 69.535
344.080 72.252
344.345 73.969
344.609 67.686
344.873 67.403
345.137 83.120
345.401 100.837
345.666 106.553
345.930 107.270
346.194 100.986
346.458 88.369
346.722 77.418
346.987 78.801
347.251 88.183
347.515 91.899
347.779 95.281
348.043 93.996
348.308 85.712
348.572 78.094
348.836 79.142
349.100 73.857
349.364 55.238
349.628 42.620
349.893 68.334
350.157 89.715
350.421 102.763
350.685 92.144
350.949 89.858
351.214 83.239
351.478 76.286
351.742 96.000
352.006 101.713
352.270 99.760
352.535 76.140
352.799 79.853
353.063 75.567
353.327 88.946
353.591 87.326
353.856 100.372
354.120 100.418
354.384 95.797
354.648 93.510
354.912 91.889
355.177 86.268
355.441 90.313
355.705 92.359
355.969 91.404
356.233 93.782
356.497 91.161
356.762 88.206
357.026 80.584
357.290 83.962
357.554 100.673
357.818 100.384
358.083 93.095
358.347 80.473
358.611 80.517
358.875 84.228
359.139 83.605
359.404 103.649
359.668 127.693
359.932 145.403
360.196 118.780
360.460 105.823
360.725 115.533
360.989 152.576
361.253 160.619
361.517 145.996
361.781 133.705
362.046 133.748
362.310 128.791
362.574 113.833
362.838 113.542
363.102 113.918
363.366 108.960
363.631 87.336
363.895 89.711
364.159 106.086
364.423 127.795
364.687 128.837
364.952 127.878
365.216 109.253
365.480 100.961
365.747 98.669
366.013 95.044
366.280 95.418
366.546 85.459
366.813 83.834
367.079 73.208
367.346 75.582
367.612 86.956
367.879 106.330
368.145 119.370
368.412 124.077
368.678 120.784
368.945 112.491
369.211 109.864
369.478 96.904
369.744 80.277
370.011 65.984
370.278 74.690
370.544 83.396
370.811 79.102
371.077 84.809
371.344 99.181
371.610 100.220
371.877 90.593
372.143 90.965
372.410 106.671
372.676 118.709
372.943 112.415
373.209 95.787
373.476 92.492
373.742 109.197
374.009 137.569
374.276 132.940
374.542 100.645
374.809 56.017
375.075 37.055
375.342 58.759
375.608 89.130
375.875 124.835
376.141 118.539
376.408 122.910
376.674 114.281
376.941 88.985
377.207 78.689
377.474 99.393
377.740 120.096
378.007 114.800
378.273 89.504
378.540 85.207
378.807 86.910
379.073 74.947
379.340 84.650
379.606 97.353
379.873 114.390
380.139 117.426
380.406 116.462
380.672 108.499
380.939 99.201
381.205 96.237
381.472 91.273
381.738 80.309
382.005 64.345
382.271 69.714
382.538 85.082
382.804 90.451
383.071 90.153
383.338 93.855
383.604 110.224
383.871 109.926
384.137 98.961
384.404 92.329
384.670 98.697
384.937 100.732
385.203 96.433
385.470 97.135
385.736 96.503
386.003 88.870
386.269 86.238
386.536 96.606
386.802 112.640
387.069 118.674
387.336 127.708
387.602 123.076
387.869 89.443
388.135 53.810
388.402 44.510
388.668 66.211
388.935 92.578
389.201 111.278
389.468 130.311
389.734 132.345
390.001 121.378
390.267 113.745
390.534 121.111
390.800 133.144
391.067 127.177
391.333 104.210
391.600 100.909
391.867 109.942
392.133 115.975
392.400 98.341
392.666 92.707
392.933 95.072
393.199 98.105
393.466 80.804
393.732 84.836
393.999 98.535
394.265 103.900
394.532 99.599
394.798 92.298
395.065 92.663
395.331 97.694
395.598 101.060
395.864 108.758
396.131 106.789
396.398 108.821
396.664 128.852
396.931 144.217
397.197 149.248
397.464 140.946
397.730 142.644
397.997 181.342
398.263 214.373
398.530 252.070
398.796 261.101
399.063 268.132
399.329 278.163
399.596 301.527
399.862 317.557
400.129 311.921
400.396 285.618
400.662 269.315
400.929 286.345
401.195 319.709
401.462 338.406
401.728 326.103
401.995 305.133
402.261 299.496
402.528 298.859
402.794 318.556
403.061 355.919
403.327 376.615
403.594 368.311
403.860 336.341
404.127 320.370
404.393 317.066
404.660 317.096
404.931 328.125
405.202 339.488
405.473 356.183
405.745 374.879
406.016 410.575
406.287 445.937
406.558 465.299
406.829 470.328
407.100 476.690
407.371 472.719
407.642 456.414
407.914 433.443
408.185 425.471
408.456 435.833
408.727 441.861
408.998 462.890
409.269 490.251
409.540 513.946
409.811 521.974
410.083 491.669
410.354 460.030
410.625 433.058
410.896 442.086
411.167 463.114
411.438 447.475
411.709 416.503
411.981 384.197
412.252 366.891
412.523 355.252
412.794 360.946
413.065 355.640
413.336 339.667
413.607 304.028
413.878 287.055
414.150 262.749
414.421 239.776
414.692 211.470
414.963 204.497
415.234 186.190
415.505 180.217
415.776 187.244
416.047 189.604
416.319 193.964
416.590 167.657
416.861 154.350
417.132 145.377
417.403 147.737
417.674 142.096
417.945 129.456
418.217 125.816
418.488 124.508
418.759 118.535
419.030 102.561
419.301 108.253
419.572 122.279
419.843 126.972
420.114 118.664
420.386 119.690
420.657 122.383
420.928 117.075
421.199 99.101
421.470 86.793
421.741 99.152
422.012 113.510
422.283 111.869
422.555 94.561
422.826 86.586
423.097 100.278
423.368 110.304
423.639 102.995
423.910 90.354
424.181 75.712
424.453 87.737
424.724 112.762
424.995 131.787
425.266 129.145
425.537 122.836
425.808 146.194
426.079 156.552
426.350 134.244
426.622 103.268
426.893 96.293
427.164 104.317
427.435 109.675
427.706 103.032
427.977 101.723
428.248 107.081
428.519 113.438
428.791 124.462
429.062 108.820
429.333 98.511
429.604 112.535
429.875 141.892
430.146 160.916
430.417 135.939
430.689 95.296
430.960 85.320
431.231 102.344
431.502 118.367
431.773 102.391
432.044 96.748
432.315 114.771
432.586 148.461
432.858 146.485
433.129 131.175
433.400 111.531
433.671 111.554
433.942 113.911
434.213 105.267
434.484 85.624
434.755 78.647
435.027 97.670
435.298 126.359
435.569 130.049
435.840 111.072
436.116 89.428
436.391 89.117
436.667 107.806
436.942 135.162
437.218 157.185
437.493 157.874
437.769 149.563
438.045 133.252
438.320 125.608
438.596 111.964
438.871 100.653
439.147 96.675
439.422 95.697
439.698 100.719
439.974 114.408
440.249 124.097
440.525 124.785
440.800 127.474
441.076 142.496
441.351 155.851
441.627 146.206
441.903 133.228
442.178 121.250
442.454 133.605
442.729 136.293
443.005 152.981
443.281 146.336
443.556 140.024
443.832 125.712
444.107 112.067
444.383 107.755
444.658 108.110
444.934 130.798
445.210 145.486
445.485 152.507
445.761 146.528
446.036 141.549
446.312 142.237
446.587 135.924
446.863 137.612
447.139 143.633
447.414 160.987
447.690 167.675
447.965 157.696
448.241 141.716
448.516 143.737
448.792 148.091
449.068 144.112
449.343 134.132
449.619 137.819
449.894 139.173
450.170 153.194
450.445 180.547
450.721 189.234
450.997 188.588
451.272 172.275
451.548 175.295
451.823 182.649
452.099 183.336
452.375 182.689
452.650 181.043
452.926 179.063
453.201 200.749
453.477 209.436
453.752 214.122
454.028 205.142
454.304 200.829
454.579 198.182
454.855 180.535
455.130 177.888
455.406 201.574
455.681 236.261
455.957 230.614
456.233 204.633
456.508 172.986
456.784 171.672
457.059 176.358
457.335 166.044
457.610 145.397
457.886 122.750
458.162 136.769
458.437 150.455
458.713 157.474
458.988 143.493
459.264 141.179
459.539 144.865
459.815 146.550
460.091 122.569
460.366 79.255
460.642 60.941
460.917 74.959
461.193 119.312
461.468 129.997
461.744 107.016
462.020 82.701
462.295 76.387
462.571 103.739
462.846 132.424
463.122 156.776
463.397 151.088
463.673 141.060
463.949 121.377
464.224 122.727
464.500 105.125
464.775 108.767
465.051 127.434
465.327 157.002
465.602 172.710
465.878 147.719
466.153 140.136
466.429 155.070
466.704 183.491
466.980 196.893
467.256 199.456
467.531 206.949
467.807 205.759
468.082 204.776
468.358 213.303
468.633 216.459
468.909 202.692
469.185 192.474
469.460 199.741
469.736 202.895
470.011 191.511
470.287 185.218
470.562 204.194
470.838 220.607
471.114 222.780
471.389 213.185
471.665 204.243
471.940 193.267
472.216 171.137
472.491 141.537
472.767 133.559
473.043 136.667
473.318 142.177
473.594 135.905
473.869 133.704
474.145 140.545
474.421 131.068
474.696 114.163
474.972 91.852
475.247 99.033
475.523 116.751
475.798 138.806
476.074 147.649
476.350 161.937
476.625 168.799
476.901 158.972
477.176 132.749
477.452 109.596
477.727 100.384
478.003 121.705
478.279 153.533
478.554 176.301
478.830 172.197
479.105 163.634
479.381 153.344
479.656 152.237
479.932 157.203
480.208 162.142
480.483 178.902
480.759 191.930
481.034 199.978
481.310 189.029
481.585 176.466
481.861 177.317
482.137 177.549
482.412 167.953
482.688 156.705
482.963 149.467
483.239 142.034
483.514 151.578
483.790 159.428
484.066 166.591
484.341 163.116
484.617 155.927
484.892 150.486
485.168 127.482
485.443 107.233
485.719 96.202
485.995 99.434
486.270 101.265
486.546 101.840
486.821 97.448
487.097 89.471
487.373 98.504
487.648 119.712
487.924 121.587
488.199 100.888
488.475 80.496
488.750 82.446
489.026 94.869
489.302 109.917
489.577 117.708
489.853 124.837
490.128 134.876
490.404 140.724
490.679 143.589
490.955 130.517
491.231 117.486
491.506 113.345
491.782 110.465
492.057 140.486
492.333 167.532
492.608 177.984
492.884 150.601
493.160 132.122
493.435 140.075
493.711 152.856
493.986 139.472
494.262 104.519
494.537 90.232
494.813 89.007
495.089 104.782
495.364 113.669
495.640 113.029
495.915 123.944
496.191 121.124
496.467 105.148
496.742 90.170
497.018 98.815
497.293 140.715
497.569 151.720
497.844 142.303
498.120 116.763
498.396 112.938
498.671 126.967
498.947 149.913
499.222 154.983
499.498 144.155
499.773 132.710
500.049 145.503
500.325 179.054
500.600 208.282
500.876 237.343
501.151 257.067
501.427 292.225
501.702 310.841
501.978 325.909
502.254 328.382
502.529 357.144
502.805 382.805
503.080 394.262
503.356 382.564
503.631 387.172
503.907 397.348
504.183 400.311
504.458 395.465
504.734 410.510
505.009 425.032
505.285 431.449
505.560 425.205
505.836 415.097
506.112 393.661
506.387 361.848
506.663 326.341
506.938 305.337
507.214 297.157
507.490 298.661
507.765 305.539
508.041 297.376
508.316 276.382
508.592 245.897
508.867 229.112
509.143 228.973
509.419 206.026
509.694 172.114
509.970 134.788
510.245 140.646
510.521 167.121
510.796 187.038
511.072 175.911
511.348 142.549
511.623 110.795
511.899 105.989
512.174 119.704
512.450 140.167
512.725 139.767
513.001 122.846
513.277 121.356
513.552 131.355
513.828 144.006
514.103 142.615
514.379 125.794
514.654 125.667
514.930 139.858
515.206 162.012
515.481 160.254
515.757 152.921
516.032 166.328
516.308 197.058
516.583 209.157
516.859 210.262
517.135 214.190
517.410 232.545
517.686 240.517
517.961 250.074
518.237 263.970
518.513 289.066
518.788 308.916
519.064 337.408
519.339 364.246
519.615 400.153
519.890 419.718
520.166 442.130
520.442 455.337
520.717 478.149
520.993 492.277
521.268 491.326
521.544 472.929
521.819 455.823
522.095 455.550
522.371 482.124
522.646 511.860
522.922 534.391
523.197 549.699
523.473 558.151
523.748 556.076
524.024 542.691
524.300 534.728
524.575 545.585
524.851 564.867
525.126 586.570
525.402 598.383
525.677 596.802
525.953 573.356
526.229 558.695
526.504 568.904
526.780 583.122
527.055 581.219
527.331 585.134
527.606 588.016
527.882 599.059
528.158 607.787
528.433 633.315
528.709 659.612
528.984 655.233
529.260 639.767
529.535 604.448
529.811 574.827
530.087 548.460
530.362 553.321
530.638 549.827
530.913 559.838
531.189 557.506
531.465 551.100
531.740 525.044
532.016 484.801
532.291 461.089
532.567 447.206
532.842 449.588
533.118 442.769
533.394 405.102
533.669 353.672
533.945 314.725
534.220 312.898
534.496 329.996
534.771 333.562
535.047 322.504
535.323 291.083
535.598 261.251
535.874 246.370
536.149 250.218
536.425 265.057
536.700 279.369
536.976 310.390
537.252 339.904
537.527 353.207
537.803 386.229
538.078 431.918
538.354 503.673
538.629 559.608
538.905 617.970
539.181 666.996
539.456 727.184
539.732 789.280
540.007 834.217
540.283 863.514
540.558 904.318
540.834 956.034
541.110 993.894
541.385 1005.781
541.661 1042.128
541.936 1070.883
542.212 1073.873
542.488 1076.197
542.763 1082.191
543.039 1081.881
543.314 1034.626
543.590 986.676
543.865 972.132
544.141 983.066
544.417 978.442
544.692 983.087
544.968 998.338
545.243 968.888
545.519 908.262
545.794 859.897
546.070 859.486
546.348 848.894
546.627 826.980
546.905 817.480
547.183 822.196
547.461 823.973
547.740 834.201
548.018 841.163
548.296 831.574
548.575 815.078
548.853 825.018
549.131 840.635
549.409 867.491
549.688 900.950
549.966 950.564
550.244 977.037
550.523 964.538
550.801 955.643
551.079 969.846
551.357 997.252
551.636 1004.188
551.914 998.262
552.192 1018.346
552.471 1056.452
552.749 1080.739
553.027 1075.759
553.306 1092.412
553.584 1110.382
553.862 1137.884
554.140 1125.603
554.419 1125.486
554.697 1141.317
554.975 1164.055
555.254 1177.936
555.532 1170.300
555.810 1156.103
556.088 1148.481
556.367 1109.113
556.645 1062.705
556.923 1024.394
557.202 1021.796
557.480 999.486
557.758 964.881
558.036 929.051
558.315 909.090
558.593 888.494
558.871 862.794
559.150 831.383
559.428 781.237
559.706 712.122
559.984 676.841
560.263 649.944
560.541 631.566
560.819 568.097
561.098 507.966
561.376 450.235
561.654 392.335
561.932 343.847
562.211 326.437
562.489 326.459
562.767 304.374
563.046 267.163
563.324 238.456
563.602 228.471
563.880 224.961
564.159 219.707
564.437 219.076
564.715 208.849
564.994 198.371
565.272 194.797
565.550 190.007
565.828 188.678
566.107 168.003
566.385 146.579
566.663 145.104
566.942 159.522
567.220 186.850
567.498 190.121
567.776 185.381
568.055 167.441
568.333 166.607
568.611 174.753
568.890 163.688
569.168 124.907
569.446 95.150
569.725 97.772
570.003 103.928
570.281 107.517
570.559 103.731
570.838 120.593
571.116 146.192
571.394 156.617
571.673 147.007
571.951 121.249
572.229 112.279
572.507 104.252
572.786 96.582
573.064 103.805
573.342 110.076
573.621 117.949
573.899 123.298
574.177 127.937
574.455 121.208
574.734 115.444
575.012 130.875
575.290 153.494
575.569 150.036
575.847 130.525
576.125 113.286
576.403 126.814
576.682 153.234
576.960 168.735
577.243 149.147
577.527 120.256
577.810 111.821
578.093 134.002
578.377 155.518
578.660 167.471
578.944 147.791
579.227 133.095
579.510 119.105
579.794 114.526
580.077 107.960
580.360 110.658
580.644 139.261
580.927 173.133
581.210 181.907
581.494 169.041
581.777 150.591
582.061 137.691
582.344 129.156
582.627 111.600
582.911 114.642
583.194 124.671
583.477 132.362
583.761 134.699
584.044 131.761
584.327 149.457
584.611 159.501
584.894 140.195
585.178 112.898
585.461 95.923
585.744 111.959
586.028 131.997
586.311 132.711
586.594 129.719
586.878 131.727
587.161 136.736
587.444 129.744
587.728 121.752
588.011 117.094
588.295 121.730
588.578 128.688
588.861 139.696
589.145 159.469
589.428 159.860
589.711 157.820
589.995 155.713
590.278 143.721
590.562 130.076
590.845 121.046
591.128 118.648
591.412 122.653
591.695 121.995
591.978 129.698
592.262 130.958
592.545 135.623
592.828 134.214
593.112 133.890
593.395 108.231
593.679 101.889
593.962 110.772
594.245 133.640
594.529 137.884
594.812 133.912
595.095 134.816
595.379 138.469
595.662 138.387
595.945 128.426
596.229 119.018
596.512 110.017
596.796 116.548
597.079 138.998
597.362 174.543
597.646 191.979
597.929 185.287
598.212 145.039
598.496 117.939
598.779 120.859
599.062 129.062
599.346 124.103
599.629 120.721
599.913 134.444
600.196 150.138
600.479 156.714
600.763 143.506
601.046 130.391
601.329 133.237
601.613 144.061
601.896 146.948
602.179 131.508
602.463 130.483
602.746 150.465
603.030 153.700
603.313 146.135
603.596 147.338
603.880 156.777
604.163 159.640
604.446 140.328
604.730 131.092
605.013 139.915
605.296 158.531
605.580 176.215
605.863 180.140
606.147 171.985
606.430 156.599
606.713 150.404
606.997 163.083
607.280 168.635
607.563 165.609
607.847 156.209
608.130 157.195
608.414 164.425
608.697 166.391
608.980 169.776
609.264 174.082
609.547 185.516
609.830 166.856
610.114 150.865
610.397 146.568
610.680 157.399
610.964 173.463
611.247 174.633
611.531 168.803
611.814 147.279
612.097 144.610
612.381 176.021
612.664 212.011
612.947 200.955
613.231 171.568
613.514 162.480
613.797 173.013
614.081 187.100
614.364 174.337
614.648 158.627
614.931 150.776
615.214 168.534
615.498 198.811
615.781 206.142
616.064 202.282
616.348 191.524
616.631 194.156
616.914 187.003
617.198 184.383
617.481 181.229
617.765 188.922
618.048 192.997
618.331 184.890
618.615 187.599
618.898 189.975
619.181 193.991
619.465 172.966
619.748 148.353
620.031 128.321
620.315 126.158
620.598 152.112
620.882 180.392
621.165 185.462
621.448 179.967
621.732 175.727
622.015 168.245
622.298 143.158
622.582 116.435
622.865 103.543
623.148 117.011
623.432 132.768
623.715 175.028
623.999 187.907
624.282 189.506
624.565 163.243
624.849 145.028
625.132 163.284
625.415 184.625
625.699 182.660
625.982 162.656
626.265 146.234
626.549 164.130
626.832 172.841
627.116 179.245
627.399 213.737
627.682 214.239
627.966 185.169
628.249 130.278
628.532 130.049
628.816 150.310
629.099 158.825
629.383 160.929
629.666 158.645
629.949 159.627
630.233 157.830
630.516 176.300
630.799 178.533
631.083 181.085
631.366 167.110
631.649 155.323
631.933 155.765
632.216 170.346
632.500 198.791
632.783 201.284
633.066 202.385
633.350 205.202
633.633 199.264
633.916 192.678
634.200 173.607
634.483 183.091
634.766 188.721
635.050 194.711
635.333 183.567
635.617 179.149
635.900 190.799
636.183 209.124
636.467 228.647
636.750 241.973
637.033 256.990
637.317 275.172
637.600 291.368
637.883 301.126
638.167 308.560
638.450 324.512
638.734 342.433
639.017 345.560
639.300 337.661
639.584 351.276
639.867 386.102
640.150 436.311
640.434 465.166
640.717 476.874
641.000 460.220
641.284 435.742
641.567 438.091
641.851 468.476
642.134 488.916
642.417 495.768
642.701 513.058
642.984 534.580
643.267 550.659
643.551 544.952
643.834 548.391
644.117 563.563
644.401 597.933
644.684 663.551
644.968 724.718
645.251 774.647
645.534 807.567
645.818 871.040
646.101 952.362
646.384 1043.397
646.668 1146.063
646.951 1260.746
647.235 1407.091
647.518 1561.318
647.801 1711.748
648.085 1869.021
648.368 2020.029
648.651 2225.163
648.935 2459.333
649.218 2663.728
649.501 2860.846
649.785 3071.686
650.068 3322.119
650.352 3562.896
650.635 3746.779
650.918 3948.485
651.202 4153.896
651.485 4415.166
651.768 4669.001
652.052 4888.156
652.335 5092.165
652.618 5284.894
652.902 5511.291
653.185 5716.271
653.469 5916.502
653.752 6105.595
654.035 6294.111
654.319 6389.464
654.602 6402.960
654.885 6402.921
655.169 6459.060
655.452 6549.105
655.735 6626.869
656.019 6701.869
656.302 6779.127
656.586 6863.292
656.869 6931.588
657.152 7040.706
657.436 7150.984
657.719 7218.900
658.002 7262.954
658.286 7289.006
658.569 7384.842
658.852 7439.158
659.136 7491.536
659.419 7537.211
659.703 7652.276
659.986 7765.906
660.269 7872.827
660.553 7976.425
660.836 8118.409
661.119 8211.717
661.403 8205.659
661.686 8184.065
661.969 8148.018
662.253 8167.300
662.536 8086.602
662.820 8016.894
663.103 7950.196
663.386 7905.914
663.670 7855.045
663.953 7764.893
664.236 7618.035
664.520 7491.983
664.803 7378.397
665.086 7321.665
665.370 7169.019
665.653 6959.995
665.937 6706.537
666.220 6466.484
666.503 6238.971
666.787 6042.157
667.070 5866.477
667.353 5659.924
667.637 5447.351
667.920 5191.561
668.204 4949.873
668.487 4712.290
668.770 4498.071
669.054 4258.314
669.337 3989.055
669.620 3750.092
669.904 3512.925
670.187 3248.558
670.470 2973.076
670.754 2738.173
671.037 2560.770
671.321 2400.386
671.604 2224.872
671.887 2043.998
672.171 1893.015
672.454 1766.322
672.737 1643.850
673.021 1540.192
673.304 1441.736
673.587 1349.331
673.871 1225.106
674.154 1129.994
674.438 1054.894
674.721 1011.751
675.004 973.028
675.288 924.978
675.571 877.596
675.854 803.685
676.138 751.653
676.421 722.889
676.704 734.497
676.988 731.647
677.271 698.812
677.555 661.082
677.838 640.082
678.121 640.996
678.405 637.430
678.688 606.849
678.971 569.258
679.255 522.334
679.538 512.312
679.821 510.767
680.105 497.446
680.388 454.842
680.672 403.398
680.955 370.077
681.238 342.708
681.522 318.068
681.805 295.628
682.088 278.572
682.372 267.544
682.655 255.226
682.938 239.662
683.222 218.161
683.505 205.716
683.789 199.176
684.072 188.675
684.355 184.081
684.639 190.981
684.922 192.030
685.205 192.035
685.489 205.000
685.772 231.968
686.056 249.549
686.339 239.726
686.622 215.900
686.906 199.373
687.189 200.770
687.472 223.307
687.756 229.576
688.039 227.841
688.322 228.626
688.606 232.459
688.889 240.814
689.173 247.430
689.456 246.044
689.739 226.500
690.023 200.345
690.306 181.785
690.589 189.642
690.873 205.474
691.156 224.148
691.439 226.234
691.723 229.097
692.006 233.179
692.290 237.191
692.573 224.689
692.856 220.640
693.140 224.899
693.423 227.667
693.706 206.828
693.990 190.830
694.273 200.863
694.556 231.891
694.840 251.180
695.123 238.113
695.407 207.202
695.690 183.669
695.973 174.266
696.257 188.958
696.540 206.939
696.830 219.157
697.120 227.228
697.410 232.545
697.699 256.240
697.989 254.796
698.279 247.886
698.569 221.593
698.859 212.836
699.149 215.334
699.439 227.647
699.729 243.836
700.018 247.760
700.308 229.674
700.598 199.857
700.888 200.885
701.178 214.097
701.468 216.970
701.758 205.110
702.048 208.594
702.337 218.451
702.627 213.338
702.917 183.821
703.207 167.521
703.497 151.182
703.787 164.215
704.077 177.501
704.366 169.048
704.656 147.345
704.946 128.040
705.236 152.791
705.526 176.334
705.816 176.245
706.106 149.227
706.396 127.065
706.685 106.693
706.975 94.614
707.265 95.942
707.555 126.949
707.845 147.766
708.135 155.461
708.425 123.371
708.715 113.354
709.004 111.711
709.294 146.158
709.584 163.512
709.874 157.173
710.164 126.004
710.454 115.532
710.744 123.097
711.034 134.145
711.323 124.505
711.613 122.065
711.903 137.108
712.193 161.988
712.483 161.993
712.773 142.590
713.063 120.161
713.352 110.759
713.642 133.973
713.932 135.060
714.222 135.848
714.512 122.215
714.802 137.215
715.092 153.431
715.382 150.367
715.671 142.037
715.961 118.062
716.251 106.076
716.541 111.443
716.831 134.944
717.121 161.573
717.411 160.061
717.701 151.985
717.990 143.286
718.280 131.736
718.570 122.699
718.860 110.286
719.150 104.212
719.440 100.750
719.730 115.988
720.019 121.434
720.309 121.756
720.599 115.206
720.889 120.065
721.179 143.158
721.469 151.555
721.759 159.948
722.049 138.915
722.338 130.694
722.628 126.906
722.918 143.043
723.208 137.000
723.498 126.549
723.788 122.434
724.078 132.512
724.368 142.826
724.657 149.354
724.947 143.934
725.237 138.235
725.527 115.417
725.817 104.542
726.107 101.400
726.397 103.111
726.686 116.332
726.976 121.817
727.266 113.117
727.556 92.835
727.846 88.003
728.136 92.256
728.426 92.607
728.716 83.640
729.005 85.259
729.295 105.700
729.585 113.132
729.875 114.784
730.165 104.074
730.455 116.446
730.745 143.990
731.035 171.009
731.324 177.161
731.614 152.605
731.904 134.732
732.194 125.115
732.484 134.557
732.774 146.926
733.064 138.499
733.354 131.157
733.643 107.229
733.933 103.081
734.223 106.946
734.513 117.713
734.803 139.862
735.093 154.597
735.383 151.388
735.672 132.634
735.962 119.660
736.252 128.923
736.542 130.594
736.832 113.080
737.122 99.734
737.412 103.409
737.702 121.758
737.991 131.044
738.281 117.663
738.571 94.506
738.861 74.869
739.151 98.171
739.441 130.274
739.731 158.546
740.021 159.030
740.310 152.007
740.600 134.934
740.890 135.646
741.180 131.372
741.470 135.068
741.760 137.704
742.050 142.079
742.339 125.347
742.629 101.061
742.919 77.632
743.209 91.484
743.499 101.419
743.789 132.162
744.079 129.528
744.369 116.688
744.658 86.989
744.948 86.401
745.238 100.280
745.528 134.063
745.818 137.738
746.108 141.796
746.398 134.244
746.688 158.119
746.977 154.813
747.267 146.583
747.557 127.762
747.847 126.854
748.137 133.202
748.427 130.304
748.717 127.986
749.006 118.078
749.296 119.700
749.586 120.407
749.876 113.438
750.166 100.564
750.456 92.330
750.746 91.400
751.036 111.392
751.325 130.075
751.615 155.418
751.905 159.186
752.195 138.573
752.485 122.674
752.775 117.058
753.065 147.789
753.355 163.141
753.644 162.617
753.934 150.371
754.224 144.519
754.514 131.437
754.804 100.682
755.094 66.198
755.384 50.154
755.674 67.209
755.963 93.667
756.253 127.773
756.543 144.261
756.833 138.910
757.123 138.012
757.413 136.340
757.703 130.351
757.992 120.263
758.282 112.897
758.572 119.936
758.862 118.975
759.152 102.203
759.442 94.501
759.732 101.205
760.022 120.374
760.311 130.803
760.601 128.841
760.891 126.455
761.181 127.800
761.471 108.714
761.761 102.760
762.051 114.836
762.341 139.680
762.630 143.040
762.920 126.015
763.210 103.528
763.500 74.998
763.793 68.922
764.086 87.678
764.379 121.205
764.671 143.646
764.964 145.326
765.257 141.050
765.550 116.296
765.843 101.275
766.136 94.558
766.429 105.946
766.722 105.212
767.014 92.426
767.307 81.352
767.600 102.926
767.893 128.824
768.186 144.649
768.479 150.365
768.772 147.008
769.064 132.197
769.357 102.294
769.650 102.254
769.943 115.014
770.236 119.050
770.529 115.736
770.822 117.798
771.115 132.299
771.407 137.724
771.700 132.094
771.993 126.716
772.286 125.330
772.579 116.182
772.872 107.742
773.165 98.673
773.457 113.506
773.750 114.217
774.043 114.290
774.336 105.848
774.629 100.133
774.922 89.001
775.215 91.989
775.508 114.373
775.800 146.219
776.093 138.134
776.386 132.818
776.679 140.207
776.972 164.411
777.265 170.068
777.558 157.215
777.850 148.397
778.143 150.412
778.436 146.731
778.729 133.334
779.022 114.857
779.315 99.450
779.608 106.489
779.900 117.882
780.193 119.193
780.486 119.450
780.779 111.297
781.072 110.933
781.365 114.324
781.658 125.449
781.951 126.423
782.243 117.390
782.536 89.950
782.829 85.668
783.122 75.272
783.415 82.608
783.708 96.291
784.001 105.655
784.293 109.637
784.586 105.256
784.879 119.873
785.172 130.564
785.465 133.907
785.758 134.627
786.051 136.541
786.344 151.185
786.636 148.803
786.929 137.912
787.222 107.886
787.515 87.482
787.808 85.346
788.101 101.615
788.394 116.270
788.686 111.973
788.979 98.323
789.272 82.650
789.565 78.271
789.858 82.936
790.151 103.610
790.444 126.996
790.737 126.301
791.029 132.579
791.322 128.450
791.615 122.158
791.908 103.865
792.201 101.542
792.494 116.407
792.787 133.326
793.079 139.595
793.372 148.945
793.665 135.654
793.958 126.400
794.251 129.009
794.544 145.629
794.837 150.284
795.130 152.667
795.422 158.319
795.715 169.344
796.008 170.952
796.301 157.947
796.594 137.258
796.887 108.072
797.180 85.855
797.472 66.948
797.765 75.556
798.058 92.508
798.351 108.131
798.644 106.508
798.937 108.130
799.230 119.100
799.523 129.073
799.815 131.778
800.108 116.161
800.401 98.910
800.694 83.625
800.987 94.336
801.280 116.011
801.573 138.719
801.865 157.315
802.158 155.939
802.451 138.923
802.744 120.961
803.037 106.693
803.330 117.009
803.623 122.002
803.915 124.669
804.208 122.810
804.501 113.262
804.794 98.968
805.087 77.640
805.380 81.647
805.673 102.025
805.966 107.372
806.258 112.170
806.551 122.675
806.844 137.170
807.137 131.484
807.430 115.757
807.723 107.350
808.016 106.083
808.308 94.037
808.601 77.679
808.894 69.995
809.187 92.517
809.480 122.652
809.773 131.011
810.066 121.663
810.359 117.826
810.651 108.827
810.944 101.170
811.237 94.782
811.530 102.582
811.825 106.957
812.119 102.251
812.414 106.631
812.709 118.548
813.003 126.708
813.298 121.086
813.593 106.918
813.887 131.051
814.182 153.794
814.476 166.755
814.771 149.327
815.066 128.383
815.360 111.156
815.655 98.273
815.950 96.954
816.244 111.654
816.539 123.623
816.834 133.931
817.128 146.846
817.423 163.014
817.718 158.111
818.012 135.176
818.307 109.011
818.602 107.685
818.896 118.067
819.191 117.577
819.486 115.635
819.780 112.032
820.075 113.568
820.369 115.133
820.664 119.055
820.959 131.573
821.253 143.704
821.548 145.920
821.843 144.350
822.137 134.190
822.432 112.834
822.727 94.603
823.021 115.278
823.316 149.240
823.611 169.345
823.905 144.171
824.200 112.608
824.495 100.928
824.789 107.290
825.084 119.248
825.379 110.493
825.673 123.366
825.968 140.129
826.262 158.042
826.557 159.984
826.852 153.382
827.146 137.728
827.441 123.222
827.736 118.672
828.030 127.911
828.325 135.699
828.620 139.598
828.914 147.632
829.209 151.472
829.504 152.681
829.798 138.130
830.093 109.777
830.388 79.053
830.682 80.307
830.977 114.121
831.271 137.308
831.566 129.344
831.861 87.164
832.155 68.789
832.450 90.765
832.745 127.588
833.039 138.208
833.334 116.816
833.629 92.010
833.923 96.117
834.218 116.691
834.513 126.968
834.807 110.581
835.102 82.573
835.397 69.597
835.691 86.105
835.986 94.746
836.281 109.303
836.575 128.286
836.870 141.586
837.164 139.559
837.459 136.957
837.754 137.981
838.048 128.953
838.343 108.944
838.638 109.588
838.932 126.599
839.227 126.286
839.522 124.382
839.816 120.977
840.111 123.439
840.406 128.820
840.700 142.944
840.995 160.614
841.290 167.868
841.584 163.011
841.879 136.577
842.174 107.057
842.468 92.184
842.763 114.947
843.057 128.876
843.352 128.831
843.647 111.018
843.941 107.091
844.236 116.425
844.531 126.443
844.825 144.176
845.120 155.494
845.415 159.342
845.709 151.181
846.004 132.913
846.299 129.016
846.593 126.547
846.888 110.786
847.183 84.041
847.477 72.341
847.772 86.543
848.066 105.298
848.361 120.274
848.656 136.109
848.950 159.919
849.245 155.509
849.540 160.597
849.834 159.971
850.129 148.259
850.424 120.111
850.718 93.811
851.013 112.184
851.308 123.633
851.602 140.167
851.897 145.145
852.192 129.779
852.486 96.722
852.781 77.508
853.076 109.899
853.370 144.972
853.665 156.267
853.959 145.808
854.254 148.237
854.549 165.597
854.843 163.437
855.138 146.152
855.433 134.028
855.727 139.525
856.022 149.941
856.317 156.465
856.611 144.149
856.906 131.510
857.201 119.186
857.495 122.366
857.790 125.114
858.085 101.078
858.379 83.411
858.674 101.360
858.969 122.258
859.263 127.944
859.558 106.225
859.852 109.184
860.147 132.634
860.442 129.812
860.736 131.171
861.031 118.473
861.326 125.020
861.620 118.871
861.915 127.016
862.210 137.453
862.504 134.925
862.799 135.572
863.094 128.455
863.388 130.018
863.683 121.513
863.978 114.515
864.272 122.837
864.567 123.932
864.861 122.934
865.156 108.308
865.451 112.706
865.745 140.246
866.040 148.135
866.335 135.454
866.629 114.238
866.924 107.158
867.219 125.983
867.513 137.545
867.808 126.385
868.103 104.987
868.397 83.091
868.692 76.269
868.987 78.394
869.281 103.560
869.576 147.469
869.871 162.157
870.165 143.584
870.460 125.270
870.754 111.143
871.049 118.533
871.344 112.646
871.638 109.785
871.933 108.885
872.228 101.831
872.522 93.463
872.817 92.901
873.112 99.204
873.406 116.700
873.701 113.586
873.996 119.968
874.290 121.715
874.585 133.860
874.880 131.037
875.174 122.461
875.469 109.356
875.764 91.243
876.058 78.862
876.353 71.647
876.647 75.385
876.942 87.128
877.237 92.663
877.531 108.703
877.826 131.932
878.121 145.066
878.415 140.691
878.710 126.826
879.005 124.586
879.299 129.362
879.594 118.473
879.889 95.124
880.183 84.290
880.478 81.596
880.773 96.367
881.067 104.879
881.362 116.097
881.656 123.269
881.951 114.978
882.246 117.216
882.540 115.670
882.835 119.174
883.130 109.137
883.424 92.454
883.719 85.823
884.014 86.255
884.308 85.186
884.603 92.861
884.898 107.050
885.192 122.879
885.487 121.787
885.782 116.183
886.076 116.829
886.371 116.377
886.666 115.335
886.960 101.798
887.255 90.060
887.549 95.614
887.844 110.051
888.139 123.596
888.433 107.327
888.728 96.227
889.023 97.874
889.317 102.226
889.612 107.429
889.907 118.574
890.201 132.957
890.496 142.024
890.791 125.716
891.085 108.569
891.380 107.393
891.675 126.858
891.969 121.518
892.264 104.688
892.559 96.701
892.853 107.045
893.148 104.087
893.442 98.759
893.737 93.704
894.032 89.888
894.326 81.927
894.621 85.777
894.916 94.590
895.210 102.328
895.505 105.960
895.800 115.722
896.094 110.983
896.389 106.828
896.684 97.121
896.978 88.635
897.273 89.226
897.568 89.574
897.862 101.659
898.157 126.207
898.451 141.574
898.746 141.642
899.041 117.782
899.335 106.634
899.630 106.635
899.925 113.133
900.219 121.150
900.514 108.862
900.809 95.063
901.103 87.997
901.398 87.131
901.693 78.024
901.987 76.634
902.282 90.655
902.577 110.561
902.871 110.623
903.166 105.897
903.461 105.706
903.755 106.155
904.050 108.132
904.344 110.666
904.639 110.130
904.934 109.596
905.228 90.886
905.523 75.993
905.818 70.652
906.112 73.683
906.407 74.957
906.702 75.339
906.996 87.884
907.291 102.716
907.586 116.807
907.880 115.364
908.175 108.824
908.470 100.954
908.764 117.417
909.059 131.207
909.354 127.144
909.648 106.593
909.943 104.574
910.237 119.664
910.532 143.923
910.827 149.539
911.121 136.803
911.416 121.644
911.711 112.298
912.005 107.506
912.300 109.630
912.599 116.582
912.898 124.788
913.196 111.926
913.495 100.974
913.794 94.821
914.093 96.771
914.391 90.362
914.690 87.740
914.989 104.626
915.288 126.171
915.586 124.069
915.885 98.399
916.184 72.624
916.483 77.113
916.782 84.053
917.080 86.960
917.379 82.338
917.678 85.668
917.977 106.598
918.275 131.446
918.574 139.210
918.873 129.003
919.172 98.051
919.471 86.775
919.769 83.408
920.068 90.247
920.367 92.090
920.666 104.484
920.964 115.268
921.263 114.786
921.562 104.760
921.861 93.059
922.159 88.369
922.458 92.103
922.757 98.146
923.056 100.706
923.355 101.945
923.653 113.316
923.952 119.373
924.251 120.590
924.550 117.845
924.848 107.858
925.147 99.872
925.446 99.126
925.745 110.216
926.043 104.448
926.342 95.693
926.641 98.634
926.940 115.588
927.239 137.460
927.537 139.855
927.836 124.658
928.135 101.274
928.434 82.238
928.732 101.264
929.031 126.160
929.330 149.287
929.629 140.998
929.927 127.711
930.226 122.360
930.525 135.709
930.824 139.635
931.123 136.143
931.421 120.615
931.720 109.583
932.019 100.255
932.318 91.132
932.616 87.744
932.915 104.547
933.214 122.508
933.513 137.731
933.812 137.536
934.110 146.728
934.409 150.939
934.708 151.645
935.007 147.805
935.305 139.721
935.604 154.776
935.903 151.844
936.202 149.232
936.500 139.166
936.799 127.085
937.098 128.426
937.397 138.581
937.696 173.498
937.994 198.094
938.293 190.513
938.592 157.871
938.891 139.797
939.189 147.921
939.488 177.851
939.787 176.215
940.086 152.579
940.384 130.117
940.683 126.448
940.982 137.223
941.281 169.005
941.580 196.162
941.878 204.733
942.177 190.076
942.476 180.954
942.775 187.186
943.073 168.587
943.372 139.842
943.671 115.743
943.970 128.858
944.268 163.368
944.567 180.857
944.866 168.527
945.165 133.396
945.464 126.694
945.762 146.955
946.061 175.284
946.360 197.081
946.659 205.281
946.957 210.203
947.256 202.214
947.555 183.600
947.854 150.574
948.153 121.835
948.451 116.689
948.750 134.382
949.049 155.620
949.348 153.835
949.646 161.609
949.945 168.416
950.244 177.479
950.543 175.756
950.841 162.284
951.140 141.016
951.439 130.666
951.738 135.760
952.037 140.279
952.335 148.216
952.634 141.759
952.933 133.647
953.232 103.282
953.530 103.621
953.829 134.728
954.128 172.849
954.427 180.975
954.725 169.512
955.024 154.123
955.323 129.829
955.622 98.021
955.921 79.493
956.219 81.373
956.518 96.047
956.817 116.846
957.116 119.934
957.414 103.921
957.713 65.161
958.012 59.245
958.311 81.895
958.610 112.918
958.908 141.113
959.207 144.215
959.506 129.993
959.805 95.328
960.103 80.634
960.402 102.337
960.701 120.483
961.000 118.660
961.298 116.372
961.597 117.149
961.896 128.373
962.195 125.616
962.494 124.982
962.792 130.239
963.091 137.288
963.390 131.539
963.689 132.051
963.987 138.764
964.286 148.393
964.585 141.742
964.884 131.253
965.182 149.329
965.481 185.482
965.780 198.240
966.080 177.763
966.380 147.144
966.680 137.157
966.981 136.111
967.281 134.551
967.581 133.739
967.881 133.386
968.181 131.793
968.481 126.286
968.781 127.631
969.082 130.938
969.382 138.255
969.682 144.375
969.982 137.650
970.282 123.818
970.582 107.898
970.882 124.494
971.183 153.199
971.483 168.748
971.783 158.983
972.083 137.617
972.383 119.497
972.683 117.845
972.983 123.380
973.284 127.777
973.584 124.168
973.884 111.309
974.184 115.816
974.484 114.671
974.784 124.458
975.084 122.972
975.385 129.419
975.685 126.902
975.985 114.671
976.285 106.114
976.585 116.051
976.885 146.735
977.185 148.993
977.486 135.796
977.786 117.615
978.086 125.538
978.386 118.943
978.686 126.913
978.986 120.838
979.286 122.178
979.587 109.846
979.887 100.514
980.187 99.849
980.487 116.851
980.787 131.186
981.087 145.854
981.387 127.189
981.688 113.190
981.988 91.859
982.288 82.193
982.588 101.862
982.888 124.530
983.188 138.198
983.488 116.200
983.789 99.535
984.089 89.203
984.389 86.204
984.689 78.539
984.989 70.874
985.289 81.876
985.589 101.877
985.890 106.212
986.190 100.547
986.490 100.549
986.790 110.217
987.090 118.552
987.390 111.220
987.690 111.222
987.991 105.890
988.291 106.225
988.591 111.226
988.891 122.894
989.191 147.229
989.491 163.898
989.791 159.899
990.092 142.567
990.392 127.902
990.692 115.570
990.992 89.239
991.292 84.907
991.592 98.242
991.892 126.243
992.193 132.245
992.493 138.246
992.793 142.914
993.093 133.583
993.393 120.251
993.693 108.586
993.993 108.587
994.294 103.922
994.594 91.257
994.894 90.592
995.194 93.927
995.494 105.261
995.794 110.263
996.094 114.931
996.395 113.266
996.695 108.934
996.995 108.602
997.295 101.271
997.595 78.605
997.895 58.607
998.195 54.275
998.496 72.943
998.796 102.278
999.096 120.613
999.396 133.281
999.696 134.616
999.996 166.951
1000.296 186.619
1000.597 173.287
1000.897 145.955
1001.197 132.623
1001.497 137.291
1001.797 118.960
1002.097 109.294
1002.397 120.296
1002.698 125.297
1002.998 114.966
1003.298 99.967
1003.598 103.302
1003.898 117.637
1004.198 136.305
1004.498 143.306
1004.799 151.641
1005.099 137.643
1005.399 135.977
1005.699 129.645
1005.999 129.980
1006.299 148.648
1006.599 157.983
1006.900 145.985
1007.200 117.319
1007.500 103.321
1007.800 99.989
1008.100 94.324
1008.400 87.325
1008.700 97.660
1009.001 107.328
1009.301 122.330
1009.601 130.331
1009.901 115.999
1010.201 103.001
1010.501 115.669
1010.801 139.670
1011.102 138.672
1011.402 111.673
1011.702 95.341
1012.002 107.676
1012.302 134.011
1012.602 140.346
1012.902 137.014
1013.203 133.348
1013.503 145.016
1013.803 131.351
1014.103 126.019
1014.403 124.687
1014.703 124.022
1015.003 123.690
1015.304 129.358
1015.604 129.026
1015.904 114.028
1016.204 85.696
1016.504 85.031
1016.804 77.699
1017.104 73.367
1017.405 72.368
1017.705 83.370
1018.005 105.371
1018.305 113.373
1018.605 102.707
1018.905 89.042
1019.205 96.710
1019.506 128.045
1019.806 151.713
1020.106 148.048
1020.406 133.049
1020.706 116.384
1021.006 117.719
1021.306 116.053
1021.607 128.388
1021.907 146.723
1022.207 158.057
1022.507 149.059
1022.807 126.060
1023.107 109.395
1023.407 102.396
1023.708 101.731
1024.008 114.399
1024.308 116.734
1024.608 112.735
1024.908 113.737
1025.208 125.405
1025.508 142.073
1025.809 163.074
1026.109 171.409
1026.409 172.077
1026.709 141.078
1027.009 120.746
1027.309 97.081
1027.609 95.416
1027.910 107.417
1028.210 137.752
1028.510 157.420
1028.810 164.088
1029.110 170.423
1029.410 180.091
1029.710 189.092
1030.011 172.427
1030.311 146.761
1030.611 126.429
1030.911 120.097
1031.211 129.099
1031.511 142.433
1031.811 149.768
1032.112 138.436
1032.412 99.771
1032.712 85.106
1033.012 92.440
1033.312 103.775
1033.612 87.110
1033.912 75.778
1034.212 85.779
1034.513 112.447
1034.813 135.115
1035.113 134.450
1035.413 131.784
1035.713 123.452
1036.013 117.787
1036.313 119.122
1036.614 111.790
1036.914 107.124
1037.214 110.792
1037.514 110.460
1037.814 130.128
1038.114 128.796
1038.414 130.464
1038.715 110.799
1039.015 89.134
1039.315 79.802
1039.615 91.803
1039.915 114.804
1040.215 126.806
1040.515 149.140
1040.816 145.142
1041.116 119.810
1041.416 76.144
1041.716 74.146
1042.016 104.814
1042.316 118.148
1042.616 90.816
1042.917 55.484
1043.217 59.485
1043.517 78.820
1043.817 91.821
1044.117 89.489
1044.417 90.824
1044.717 85.492
1045.018 93.160
1045.318 116.161
1045.618 134.163
1045.918 123.164
1046.218 95.498
1046.518 92.166
1046.818 104.501
1047.119 119.836
1047.419 127.170
1047.719 123.838
1048.019 118.173
1048.319 113.841
1048.619 107.175
1048.919 99.177
1049.220 105.178
1049.520 107.179
1049.820 102.514
1050.120 105.515
1050.420 120.183
1050.720 137.851
1051.020 127.852
1051.321 116.187
1051.621 106.855
1051.921 107.190
1052.221 97.524
1052.521 99.525
1052.821 100.193
1053.121 113.528
1053.422 129.529
1053.722 136.531
1054.022 142.198
1054.322 128.866
1054.622 113.868
1054.922 105.536
1055.222 111.870
1055.523 124.205
1055.823 122.873
1056.123 119.207
1056.423 121.542
1056.723 133.210
1057.023 126.878
1057.323 109.546
1057.624 101.214
1057.924 108.215
1058.224 104.883
1058.524 96.217
1058.824 96.552
1059.124 112.887
1059.424 117.221
1059.725 97.222
1060.025 85.224
1060.325 78.558
1060.625 87.893
1060.925 88.561
1061.225 98.229
1061.525 105.896
1061.826 109.898
1062.126 122.566
1062.426 139.567
1062.726 147.568
1063.026 129.236
1063.326 120.904
1063.626 129.572
1063.927 134.906
1064.227 109.241
1064.527 99.909
1064.827 106.243
1065.127 122.245
1065.427 111.913
1065.727 114.580
1066.028 123.248
1066.328 116.916
1066.628 99.251
1066.928 78.585
1067.228 84.587
1067.528 92.254
1067.828 88.256
1068.129 89.924
1068.429 106.925
1068.729 135.259
1069.029 132.260
1069.329 97.262
1069.629 70.930
1069.929 81.264
1070.230 94.265
1070.530 103.933
1070.830 122.268
1071.130 156.602
1071.430 177.603
1071.730 156.271
1072.030 115.273
1072.331 92.607
1072.631 102.275
1072.931 136.610
1073.231 148.277
1073.531 147.945
1073.831 134.613
1074.131 130.948
1074.432 124.282
1074.732 103.950
1075.032 92.618
1075.332 72.619
1075.632 70.620
1075.932 86.621
1076.232 115.289
1076.533 118.624
1076.833 110.292
1077.133 102.960
1077.433 117.294
1077.733 127.629
1078.033 114.630
1078.333 100.631
1078.634 87.299
1078.934 85.300
1079.234 93.968
1079.534 106.302
1079.834 116.303
1080.134 123.971
1080.434 127.306
1080.735 131.307
1081.035 118.308
1081.335 102.309
1081.635 92.977
1081.935 95.645
1082.235 113.313
1082.535 125.981
1082.836 133.315
1083.136 146.983
1083.436 157.318
1083.736 147.985
1084.036 111.987
1084.336 92.654
1084.636 105.322
1084.937 118.990
1085.237 117.991
1085.537 117.992
1085.837 120.327
1086.137 138.328
1086.437 137.662
1086.737 119.997
1087.038 88.665
1087.338 83.333
1087.638 82.334
1087.938 91.002
1088.238 101.669
1088.538 141.337
1088.838 167.672
1089.139 146.006
1089.439 115.341
1089.739 94.342
1090.039 112.343
1090.339 129.344
1090.639 141.012
1090.939 124.346
1091.240 109.014
1091.540 107.349
1091.840 130.350
1092.140 139.018
1092.453 109.352
1092.766 73.686
1093.079 58.354
1093.392 79.022
1093.705 102.357
1094.018 113.691
1094.330 114.025
1094.643 115.693
1094.956 123.361
1095.269 134.029
1095.582 120.030
1095.895 110.698
1096.208 114.366
1096.521 144.367
1096.834 165.034
1097.147 163.369
1097.460 156.370
1097.773 134.371
1098.085 113.039
1098.398 86.373
1098.711 71.708
1099.024 73.376
1099.337 90.710
1099.650 110.378
1099.963 114.379
1100.276 100.713
1100.589 99.381
1100.902 109.716
1101.215 130.383
1101.528 118.051
1101.841 113.719
1102.153 127.387
1102.466 132.388
1102.779 124.389
1103.092 92.057
1103.405 88.391
1103.718 104.392
1104.031 128.060
1104.344 140.728
1104.657 151.729
1104.970 139.730
1105.283 135.731
1105.596 112.399
1105.909 115.733
1106.221 129.734
1106.534 146.402
1106.847 137.737
1107.160 113.071
1107.473 96.072
1107.786 99.740
1108.099 108.741
1108.412 119.075
1108.725 125.743
1109.038 136.744
1109.351 130.745
1109.664 112.413
1109.977 103.081
1110.289 108.415
1110.602 119.416
1110.915 104.417
1111.228 87.418
1111.541 81.086
1111.854 82.087
1112.167 79.088
1112.480 79.089
1112.793 86.757
1113.106 96.425
1113.419 105.426
1113.732 111.760
1114.044 122.761
1114.357 120.762
1114.670 97.430
1114.983 80.765
1115.296 92.099
1115.609 126.767
1115.922 142.101
1116.235 126.102
1116.548 111.770
1116.861 105.438
1117.174 100.772
1117.487 116.106
1117.800 128.107
1118.112 144.442
1118.425 138.443
1118.738 120.444
1119.051 112.445
1119.364 112.446
1119.677 119.114
1119.990 117.115
1120.303 118.783
1120.616 115.450
1120.929 113.451
1121.242 111.119
1121.555 118.120
1121.868 119.121
1122.180 93.789
1122.493 69.457
1122.806 70.124
1123.119 89.459
1123.432 108.793
1123.745 132.127
1124.058 146.128
1124.371 155.130
1124.684 133.464
1124.997 111.798
1125.310 102.799
1125.623 90.467
1125.935 95.801
1126.248 105.136
1126.561 132.470
1126.874 136.471
1127.187 130.472
1127.500 116.473
1127.813 122.808
1128.126 139.809
1128.439 150.810
1128.752 122.477
1129.065 76.812
1129.378 57.813
1129.691 72.814
1130.003 90.148
1130.316 81.816
1130.629 74.484
1130.942 80.151
1131.255 98.819
1131.568 125.153
1131.881 137.488
1132.194 146.155
1132.507 136.156
1132.820 134.157
1133.133 118.158
1133.446 116.159
1133.759 148.494
1134.071 177.828
1134.384 184.496
1134.697 152.830
1135.010 113.164
1135.323 89.832
1135.636 68.833
1135.949 84.167
1136.262 108.835
1136.575 124.169
1136.888 112.504
1137.201 85.505
1137.514 81.172
1137.826 89.507
1138.139 102.175
1138.452 111.842
1138.765 136.843
1139.078 161.511
1139.391 160.179
1139.704 158.180
1140.017 146.514
1140.330 142.515
1140.643 123.849
1140.956 130.517
1141.269 134.518
1141.582 129.519
1141.894 127.520
1142.207 115.521
1142.520 108.855
1142.833 79.523
1143.146 78.524
1143.459 84.858
1143.772 101.526
1144.085 107.193
1144.398 123.528
1144.711 132.529
1145.024 134.196
1145.337 135.197
1145.650 130.865
1145.962 124.199
1146.275 98.200
1146.588 98.535
1146.901 106.536
1147.214 117.870
1147.527 115.538
1147.840 119.205
1148.153 119.206
1148.466 109.207
1148.779 102.875
1149.092 103.876
1149.405 114.877
1149.718 129.211
1150.030 132.545
1150.343 126.213
1150.656 119.214
1150.969 130.882
1151.282 131.883
1151.595 113.884
1151.908 76.885
1152.221 66.219
1152.534 100.220
1152.847 144.887
1153.160 180.888
1153.473 166.556
1153.785 146.890
1154.098 139.225
1154.411 137.892
1154.724 152.560
1155.037 143.561
1155.350 144.895
1155.663 148.563
1155.976 160.230
1156.289 157.898
1156.602 131.232
1156.915 111.233
1157.228 117.901
1157.541 139.569
1157.853 146.903
1158.166 133.570
1158.479 122.905
1158.792 136.906
1159.105 150.240
1159.418 147.574
1159.731 137.909
1160.044 132.909
1160.357 132.577
1160.670 109.911
1160.983 105.579
1161.296 128.580
1161.609 148.248
1161.921 145.582
1162.234 116.583
1162.547 91.250
1162.860 80.585
1163.173 92.586
1163.486 124.587
1163.799 145.921
1164.112 139.922
1164.425 128.256
1164.738 115.257
1165.051 103.258
1165.364 99.925
1165.676 113.926
1165.989 116.261
1166.302 120.595
1166.615 110.263
1166.928 120.597
1167.241 126.598
1167.554 132.932
1167.867 141.600
1168.180 137.601
1168.493 137.268
1168.806 128.936
1169.119 125.270
1169.432 119.604
1169.744 109.605
1170.057 106.939
1170.370 101.940
1170.683 113.941
1170.996 124.942
1171.309 129.943
1171.622 115.277
1171.935 100.278
1172.248 100.946
1172.561 103.613
1172.874 108.614
1173.187 103.615
1173.500 118.283
1173.812 128.617
1174.125 142.285
1174.438 127.286
1174.751 112.287
1175.064 103.954
1175.377 104.622
1175.690 107.623
1176.003 102.624
1176.316 108.958
1176.629 125.625
1176.942 135.293
1177.255 129.294
1177.567 92.628
1177.880 62.629
1178.193 52.297
1178.506 86.964
1178.819 133.965
1179.132 140.633
1179.445 123.634
1179.758 101.634
1180.071 108.302
1180.384 124.303
1180.697 128.304
1181.010 146.638
1181.323 143.972
1181.635 145.306
1181.948 131.974
1182.261 125.975
1182.574 118.976
1182.887 128.977
1183.200 141.644
1183.513 149.312
1183.826 128.646
1184.139 110.647
1184.452 106.981
1184.765 104.982
1185.078 102.650
1185.391 110.317
1185.703 119.985
1186.016 129.986
1186.329 129.320
1186.642 138.987
1186.955 127.988
1187.268 119.323
1187.581 109.323
1187.894 124.324
1188.207 129.659
1188.520 128.993
1188.833 108.327
1189.146 91.994
1189.459 92.662
1189.771 109.330
1190.084 128.997
1190.397 131.331
1190.710 105.999
1191.023 78.000
1191.336 73.001
1191.649 98.668
1191.962 112.336
1192.275 117.003
1192.588 121.337
1192.901 137.338
1193.214 147.006
1193.526 141.340
1193.839 130.674
1194.152 135.342
1194.465 145.676
1194.778 158.010
1195.091 137.011
1195.404 121.345
1195.717 117.346
1196.030 127.347
1196.343 131.348
1196.656 122.015
1196.969 121.016
1197.282 124.684
1197.594 137.351
1197.907 143.352
1198.220 126.686
1198.533 100.687
1198.846 84.688
1199.159 93.689
1199.472 117.690
1199.785 125.357
1200.098 130.358
1200.411 130.026
1200.724 127.360
1201.037 121.027
1201.350 100.695
1201.662 99.363
1201.975 116.363
1202.288 112.698
1202.601 116.865
