165.028 -2.138
165.288 5.583
165.547 14.692
165.807 23.468
166.067 19.578
166.327 8.355
166.587 28.466
166.847 36.578
167.107 50.357
167.367 42.803
167.627 31.249
167.886 10.696
168.146 7.144
168.406 21.592
168.666 16.374
168.926 4.156
169.186 -6.727
169.446 5.722
169.706 19.173
169.966 26.957
170.225 46.409
170.485 66.860
170.745 70.313
171.005 64.766
171.265 41.219
171.525 33.006
171.785 33.126
172.045 55.248
172.305 68.369
172.564 49.825
172.824 34.947
173.084 17.403
173.344 17.193
173.604 10.650
173.864 9.107
174.124 2.232
174.384 -7.977
174.644 8.815
174.903 28.941
175.163 50.733
175.423 52.193
175.683 65.653
175.943 45.780
176.203 19.907
176.463 1.369
176.723 23.163
176.983 62.958
177.242 80.420
177.502 82.216
177.762 74.679
178.022 59.809
178.282 39.939
178.542 21.069
178.802 20.866
179.062 27.664
179.322 43.795
179.581 59.927
179.841 64.058
180.101 46.857
180.361 37.656
180.621 45.122
180.881 45.922
181.141 29.388
181.401 32.188
181.661 56.322
181.920 73.122
182.180 63.590
182.440 39.724
182.700 21.859
182.960 17.327
183.220 28.129
183.480 35.264
183.740 37.400
184.000 35.536
184.259 55.338
184.519 51.808
184.779 45.611
185.039 29.747
185.299 32.218
185.559 34.688
185.819 32.492
186.079 38.296
186.339 43.766
186.598 32.571
186.858 8.709
187.118 2.513
187.378 11.318
187.638 25.790
187.898 38.262
188.158 51.734
188.418 53.539
188.678 45.345
188.937 45.484
189.197 55.623
189.457 54.762
189.717 31.568
189.977 9.041
190.237 12.514
190.497 33.320
190.757 49.794
191.017 41.934
191.276 34.407
191.536 31.547
191.796 41.687
192.056 55.161
192.316 50.302
192.576 32.442
192.836 31.583
193.096 34.057
193.356 41.531
193.616 37.338
193.875 45.146
194.135 62.287
194.395 71.428
194.655 70.902
194.915 51.377
195.175 33.184
195.435 21.992
195.695 23.467
195.955 41.608
196.214 67.749
196.474 84.224
196.734 77.699
196.994 78.840
197.254 77.648
197.514 69.123
197.774 35.265
198.034 6.406
198.294 6.214
198.553 18.022
198.813 23.830
199.073 27.972
199.333 53.447
199.593 69.921
199.853 86.063
200.113 61.538
200.373 39.679
200.633 5.487
200.892 -1.705
201.152 29.436
201.412 59.244
201.672 96.386
201.932 107.194
202.192 97.668
202.452 68.476
202.712 53.284
202.972 47.092
203.231 54.566
203.491 57.707
203.751 60.514
204.011 74.989
204.271 66.463
204.531 54.604
204.791 30.411
205.051 23.218
205.311 40.692
205.570 51.166
205.830 56.973
206.090 53.447
206.350 63.920
206.610 73.727
206.870 72.201
207.130 54.007
207.390 43.480
207.650 49.620
207.909 64.093
208.169 83.233
208.429 84.706
208.689 77.845
208.949 61.318
209.209 36.791
209.469 15.596
209.729 9.735
209.989 14.541
210.248 34.347
210.508 47.485
210.768 60.290
211.028 61.429
211.288 53.234
211.548 47.705
211.808 47.844
212.068 61.648
212.328 77.119
212.587 57.924
212.847 35.395
213.107 43.865
213.367 77.003
213.627 91.806
213.887 54.610
214.147 26.080
214.407 17.550
214.667 39.354
214.926 54.490
215.186 64.293
215.446 61.096
215.706 60.899
215.966 50.368
216.226 53.170
216.486 58.639
216.746 70.441
217.006 50.243
217.265 29.045
217.525 19.846
217.785 45.314
218.045 69.116
218.305 79.583
218.565 77.717
218.825 81.185
219.085 79.319
219.345 64.786
219.604 50.253
219.864 34.719
220.124 19.186
220.384 12.652
220.644 2.785
220.904 23.918
221.164 18.717
221.424 20.182
221.684 14.648
221.943 29.113
222.203 46.912
222.463 48.043
222.723 32.174
222.983 37.972
223.243 62.103
223.503 75.567
223.763 77.698
224.023 76.495
224.282 85.292
224.542 77.088
224.802 51.885
225.062 33.681
225.322 45.144
225.582 65.273
225.842 73.402
226.102 60.198
226.362 52.326
226.621 49.788
226.881 40.583
227.141 37.711
227.401 46.172
227.661 66.299
227.921 62.427
228.181 53.554
228.441 58.347
228.701 75.141
228.960 83.934
229.220 73.060
229.480 78.186
229.740 99.312
230.000 96.438
230.260 78.230
230.520 57.022
230.780 64.480
231.040 62.271
231.299 54.063
231.559 52.520
231.819 65.644
232.079 67.102
232.339 51.559
232.599 45.682
232.859 53.472
233.119 51.595
233.379 36.718
233.638 52.173
233.898 73.296
234.158 81.085
234.418 71.206
234.678 70.328
234.938 64.116
235.198 42.237
235.458 32.692
235.718 50.146
235.978 78.266
236.237 99.720
236.497 95.173
236.757 89.960
237.017 92.079
237.277 95.532
237.537 80.651
237.797 64.103
238.057 63.555
238.317 56.007
238.576 51.125
238.836 59.910
239.096 87.694
239.356 86.145
239.616 71.262
239.876 60.379
240.136 79.163
240.396 85.279
240.656 83.395
240.915 73.845
241.175 74.961
241.435 61.076
241.695 44.525
241.955 54.973
242.215 78.755
242.475 95.203
242.735 92.651
242.995 77.765
243.254 63.545
243.514 35.659
243.774 40.772
244.034 68.886
244.294 90.332
244.554 90.445
244.814 85.891
245.074 91.003
245.334 87.115
245.593 69.227
245.853 58.338
246.113 62.116
246.373 56.561
246.633 47.671
246.893 37.782
247.153 36.226
247.413 51.002
247.673 70.112
247.932 91.222
248.192 96.665
248.452 91.107
248.712 78.549
248.972 86.658
249.232 97.766
249.492 105.875
249.752 101.983
250.012 97.424
250.271 98.198
250.531 106.638
250.791 112.745
251.051 100.519
251.311 56.625
251.571 41.732
251.831 49.504
252.091 73.277
252.351 79.049
252.610 89.821
252.870 95.259
253.130 87.364
253.390 80.136
253.650 77.573
253.911 73.011
254.172 63.781
254.433 51.885
254.694 50.655
254.955 51.425
255.216 73.194
255.477 82.297
255.738 79.733
255.999 66.168
256.261 52.937
256.522 55.706
256.783 50.474
257.044 47.575
257.305 37.676
257.566 31.444
257.827 56.544
258.088 73.644
258.349 92.411
258.610 83.511
258.871 91.277
259.132 91.043
259.393 77.809
259.654 46.242
259.915 41.340
260.176 66.105
260.437 85.870
260.698 79.635
260.959 65.733
261.221 57.163
261.482 43.594
261.743 30.691
262.004 56.455
262.265 94.218
262.526 112.648
262.787 94.744
263.048 75.173
263.309 84.935
263.570 101.697
263.831 102.459
264.092 74.221
264.353 50.316
264.614 48.744
264.875 63.838
265.136 90.265
265.397 112.026
265.658 125.786
265.919 117.546
266.181 92.306
266.442 76.399
266.703 61.491
266.964 57.584
267.225 49.010
267.486 46.435
267.747 66.193
268.008 94.952
268.269 114.376
268.530 101.801
268.791 93.558
269.052 73.649
269.313 60.406
269.574 42.496
269.835 55.253
270.096 86.676
270.357 107.432
270.618 88.188
270.879 53.611
271.141 32.366
271.402 44.122
271.663 62.543
271.924 78.632
272.185 81.720
272.446 76.474
272.707 62.562
272.968 70.649
273.229 82.403
273.490 77.490
273.751 74.243
274.012 59.996
274.273 58.749
274.534 55.502
274.795 66.921
275.056 75.007
275.317 62.425
275.578 54.511
275.839 59.596
276.101 63.014
276.362 68.098
276.623 68.182
276.884 81.933
277.145 92.017
277.406 91.101
277.667 86.184
277.928 93.268
278.189 106.017
278.450 104.100
278.711 87.850
278.972 64.599
279.233 72.681
279.494 86.763
279.755 98.845
280.016 92.926
280.277 75.008
280.538 86.089
280.799 95.170
281.061 88.251
281.322 65.665
281.583 54.412
281.844 61.825
282.105 76.572
282.366 86.318
282.627 98.064
282.888 108.477
283.149 106.223
283.410 102.302
283.671 89.381
283.932 76.792
284.193 55.871
284.454 48.949
284.715 60.360
284.976 90.771
285.237 114.182
285.498 138.259
285.759 139.670
286.021 127.414
286.282 95.824
286.543 77.567
286.804 63.977
287.065 66.719
287.326 65.795
287.587 71.538
287.848 75.280
288.109 75.689
288.370 62.764
288.631 58.506
288.892 53.914
289.153 64.988
289.414 72.396
289.675 90.804
289.936 103.211
290.197 97.285
290.458 78.358
290.719 68.765
290.981 74.839
291.242 84.578
291.503 83.651
291.764 68.057
292.025 56.463
292.286 62.869
292.547 77.608
292.808 96.346
293.069 103.085
293.330 90.156
293.591 64.228
293.852 35.632
294.113 33.370
294.374 53.107
294.635 76.845
294.896 85.249
295.157 89.986
295.418 91.056
295.679 104.126
295.941 107.195
296.202 99.598
296.463 93.334
296.724 86.404
296.985 92.473
297.246 82.541
297.507 68.943
297.768 74.012
298.029 104.747
298.290 133.482
298.551 130.550
298.812 100.618
299.073 82.019
299.334 77.753
299.595 84.487
299.856 102.887
300.117 115.954
300.378 120.687
300.639 86.087
300.901 56.487
301.162 50.220
301.423 76.619
301.684 95.685
301.945 100.084
302.206 99.816
302.467 103.548
302.728 109.614
302.989 103.012
303.250 89.410
303.511 94.142
303.772 98.873
304.033 108.604
304.294 92.001
304.555 92.732
304.816 103.796
305.077 97.526
305.338 84.590
305.599 59.653
305.861 71.383
306.122 79.446
306.383 95.176
306.644 93.238
306.905 105.634
307.166 118.363
307.427 115.092
307.688 92.154
307.949 63.883
308.210 57.945
308.471 46.340
308.732 41.734
308.993 51.796
309.254 72.523
309.515 93.251
309.776 102.645
310.037 110.706
310.298 117.433
310.559 114.493
310.821 107.887
311.082 89.614
311.343 71.007
311.604 60.066
311.865 64.793
312.126 79.852
312.387 82.911
312.648 97.970
312.909 104.363
313.170 116.421
313.434 92.813
313.698 74.205
313.963 59.597
314.227 55.988
314.491 68.713
314.755 96.104
315.019 113.162
315.284 116.553
315.548 99.277
315.812 103.668
316.076 109.725
316.340 110.448
316.604 98.505
316.869 78.895
317.133 85.285
317.397 106.008
317.661 121.731
317.925 116.787
318.190 102.510
318.454 91.566
318.718 85.288
318.982 74.344
319.246 85.399
319.511 103.788
319.775 113.176
320.039 108.231
320.303 111.619
320.567 124.007
320.832 117.062
321.096 106.116
321.360 95.170
321.624 94.224
321.888 73.945
322.153 59.332
322.417 54.053
322.681 69.773
322.945 83.493
323.209 78.546
323.473 69.933
323.738 78.652
324.002 109.039
324.266 113.425
324.530 94.477
324.794 71.530
325.059 58.249
325.323 69.634
325.587 66.020
325.851 89.072
326.115 92.123
326.380 110.842
326.644 114.227
326.908 122.611
327.172 118.663
327.436 108.714
327.701 100.098
327.965 97.482
328.229 93.866
328.493 94.917
328.757 105.634
329.022 115.351
329.286 100.735
329.550 85.452
329.814 84.835
330.078 101.551
330.342 118.601
330.607 111.317
330.871 125.033
331.135 137.749
331.399 160.132
331.663 144.181
331.928 114.563
332.192 95.279
332.456 87.328
332.720 84.376
332.984 80.091
333.249 80.473
333.513 80.855
333.777 75.569
334.041 83.951
334.305 100.999
334.570 119.046
334.834 120.094
335.098 112.475
335.362 98.855
335.626 84.569
335.891 71.950
336.155 73.663
336.419 79.710
336.683 81.424
336.947 86.137
337.211 85.184
337.476 84.897
337.740 74.943
338.004 58.989
338.268 48.369
338.532 37.748
338.797 55.794
339.061 72.173
339.325 106.552
339.589 127.264
339.853 140.643
340.118 135.355
340.382 119.733
340.646 98.111
340.910 89.823
341.174 71.868
341.439 59.246
341.703 44.290
341.967 62.335
342.231 92.379
342.495 107.757
342.759 105.468
343.024 109.178
343.288 114.222
343.552 95.266
343.816 79.310
344.080 71.020
344.345 60.730
344.609 55.107
344.873 61.483
345.137 88.860
345.401 80.236
345.666 70.612
345.930 77.989
346.194 92.698
346.458 86.741
346.722 77.116
346.987 92.492
347.251 110.201
347.515 116.577
347.779 104.619
348.043 80.994
348.308 76.369
348.572 61.411
348.836 68.119
349.100 63.494
349.364 72.536
349.628 78.244
349.893 92.285
350.157 107.326
350.421 107.034
350.685 95.741
350.949 81.115
351.214 77.156
351.478 88.197
351.742 93.904
352.006 102.611
352.270 103.985
352.535 113.692
352.799 120.398
353.063 108.105
353.327 107.478
353.591 107.852
353.856 122.891
354.120 128.931
354.384 128.637
354.648 126.677
354.912 128.049
355.177 128.755
355.441 123.461
355.705 113.167
355.969 105.206
356.233 90.245
356.497 90.283
356.762 91.655
357.026 105.694
357.290 109.066
357.554 107.771
357.818 118.142
358.083 137.514
358.347 136.885
358.611 121.590
358.875 98.628
359.139 96.999
359.404 107.037
359.668 117.075
359.932 118.779
360.196 109.816
360.460 95.854
360.725 103.224
360.989 118.595
361.253 117.298
361.517 97.335
361.781 75.039
362.046 76.076
362.310 100.779
362.574 115.482
362.838 115.852
363.102 95.222
363.366 87.259
363.631 87.628
363.895 93.331
364.159 98.700
364.423 112.736
364.687 140.439
364.952 165.475
365.216 169.511
365.480 131.213
365.747 87.249
366.013 56.617
366.280 69.319
366.546 73.021
366.813 92.723
367.079 105.092
367.346 128.127
367.612 129.495
367.879 125.197
368.145 113.898
368.412 91.933
368.678 69.968
368.945 63.336
369.211 80.703
369.478 94.404
369.744 105.772
370.011 106.806
370.278 97.174
370.544 80.208
370.811 68.242
371.077 57.609
371.344 63.310
371.610 78.343
371.877 110.710
372.143 125.744
372.410 127.777
372.676 134.811
372.943 136.177
373.209 123.544
373.476 89.244
373.742 80.277
374.009 95.310
374.276 120.010
374.542 125.709
374.809 107.409
375.075 91.441
375.342 78.141
375.608 85.506
375.875 110.539
376.141 116.905
376.408 106.604
376.674 70.969
376.941 56.335
377.207 87.367
377.474 137.065
377.740 164.431
378.007 144.129
378.273 128.494
378.540 107.193
378.807 89.224
379.073 74.923
379.340 82.621
379.606 100.319
379.873 107.017
380.139 118.715
380.406 132.413
380.672 120.110
380.939 83.141
381.205 42.172
381.472 43.537
381.738 75.234
382.005 96.265
382.271 92.962
382.538 85.993
382.804 89.690
383.071 86.720
383.338 82.751
383.604 90.448
383.871 102.478
384.137 111.175
384.404 102.872
384.670 90.568
384.937 84.598
385.203 97.961
385.470 122.991
385.736 119.354
386.003 106.717
386.269 77.414
386.536 82.110
386.802 80.139
387.069 104.502
387.336 126.531
387.602 130.227
387.869 108.590
388.135 65.952
388.402 49.981
388.668 58.677
388.935 89.373
389.201 104.402
389.468 114.430
389.734 114.126
390.001 113.488
390.267 104.183
390.534 107.545
390.800 121.573
391.067 124.602
391.333 118.297
391.600 116.658
391.867 119.353
392.133 115.048
392.400 97.076
392.666 102.771
392.933 110.799
393.199 109.493
393.466 110.521
393.732 115.215
393.999 116.243
394.265 106.937
394.532 88.965
394.798 77.659
395.065 82.020
395.331 89.380
395.598 104.741
395.864 102.102
396.131 100.129
396.398 105.489
396.664 105.850
396.931 127.543
397.197 148.570
397.464 179.264
397.730 192.624
397.997 189.651
398.263 187.011
398.530 205.704
398.796 228.731
399.063 240.757
399.329 252.450
399.596 268.810
399.862 306.836
400.129 329.196
400.396 325.555
400.662 309.581
400.929 285.607
401.195 288.967
401.462 287.993
401.728 293.352
401.995 293.378
402.261 288.070
402.528 286.096
402.794 300.788
403.061 324.814
403.327 334.840
403.594 337.865
403.860 314.890
404.127 319.583
404.393 344.608
404.660 389.300
404.931 406.325
405.202 407.683
405.473 418.375
405.745 451.067
406.016 501.092
406.287 525.784
406.558 539.475
406.829 534.833
407.100 550.191
407.371 556.883
407.642 569.907
407.914 570.599
408.185 578.956
408.456 581.648
408.727 591.005
408.998 612.030
409.269 639.054
409.540 636.078
409.811 617.769
410.083 600.127
410.354 602.817
410.625 608.841
410.896 584.865
411.167 565.889
411.438 545.580
411.709 540.604
411.981 514.294
412.252 471.651
412.523 455.342
412.794 463.699
413.065 463.055
413.336 423.079
413.607 380.102
413.878 350.792
414.150 322.816
414.421 287.839
414.692 260.529
414.963 251.219
415.234 267.242
415.505 286.265
415.776 287.955
416.047 256.645
416.319 213.334
416.590 194.024
416.861 197.713
417.132 198.069
417.403 172.759
417.674 128.782
417.945 107.137
418.217 114.827
418.488 132.849
418.759 125.872
419.030 99.894
419.301 82.583
419.572 85.606
419.843 90.295
420.114 89.317
420.386 97.006
420.657 98.361
420.928 94.717
421.199 88.405
421.470 84.094
421.741 87.116
422.012 79.805
422.283 82.826
422.555 89.182
422.826 98.870
423.097 104.225
423.368 98.580
423.639 90.268
423.910 88.957
424.181 104.312
424.453 122.333
424.724 124.688
424.995 107.709
425.266 95.731
425.537 112.752
425.808 139.440
426.079 150.794
426.350 137.816
426.622 118.503
426.893 96.858
427.164 95.879
427.435 101.233
427.706 119.587
427.977 119.275
428.248 115.962
428.519 118.650
428.791 127.337
429.062 126.358
429.333 115.379
429.604 125.066
429.875 144.420
430.146 152.107
430.417 135.128
430.689 116.148
430.960 109.835
431.231 107.522
431.502 106.209
431.773 123.896
432.044 143.250
432.315 150.936
432.586 147.290
432.858 137.977
433.129 144.330
433.400 144.350
433.671 158.703
433.942 151.057
434.213 126.743
434.484 94.096
434.755 82.116
435.027 108.136
435.298 126.489
435.569 124.842
435.840 104.862
436.116 98.548
436.391 127.567
436.667 148.254
436.942 164.273
437.218 164.626
437.493 157.645
437.769 137.665
438.045 124.017
438.320 119.370
438.596 116.056
438.871 113.075
439.147 116.761
439.422 113.113
439.698 106.465
439.974 99.485
440.249 104.170
440.525 107.189
440.800 98.875
441.076 97.560
441.351 116.246
441.627 144.264
441.903 145.617
442.178 120.969
442.454 114.321
442.729 119.339
443.005 134.691
443.281 136.710
443.556 152.395
443.832 150.413
444.107 134.432
444.383 118.117
444.658 118.135
444.934 128.487
445.210 148.838
445.485 151.190
445.761 146.875
446.036 142.893
446.312 159.244
446.587 178.263
446.863 173.947
447.139 157.299
447.414 144.983
447.690 154.668
447.965 172.352
448.241 196.370
448.516 196.721
448.792 193.739
449.068 184.424
449.343 170.108
449.619 155.459
449.894 143.810
450.170 171.494
450.445 199.512
450.721 193.196
450.997 177.547
451.272 159.231
451.548 172.248
451.823 186.599
452.099 182.617
452.375 175.967
452.650 177.984
452.926 192.668
453.201 223.352
453.477 225.703
453.752 229.053
454.028 221.070
454.304 212.087
454.579 209.104
454.855 191.455
455.130 195.472
455.406 197.822
455.681 198.172
455.957 200.189
456.233 195.539
456.508 194.889
456.784 188.239
457.059 197.256
457.335 206.940
457.610 182.956
457.886 146.306
458.162 106.323
458.437 115.673
458.713 129.356
458.988 147.039
459.264 144.722
459.539 137.072
459.815 143.755
460.091 133.105
460.366 129.454
460.642 107.804
460.917 94.487
461.193 95.170
461.468 110.186
461.744 137.202
462.020 160.885
462.295 159.234
462.571 140.917
462.846 112.600
463.122 106.616
463.397 90.280
463.673 76.941
463.949 71.925
464.224 99.247
464.500 131.284
464.775 146.571
465.051 149.584
465.327 139.180
465.602 135.912
465.878 121.907
466.153 132.622
466.429 154.550
466.704 176.969
466.980 184.705
467.256 183.583
467.531 201.082
467.807 204.227
468.082 197.235
468.358 196.397
468.633 197.211
468.909 191.429
469.185 183.880
469.460 190.136
469.736 188.577
470.011 183.227
470.287 198.100
470.562 227.143
470.838 230.099
471.114 207.057
471.389 196.785
471.665 189.507
471.940 179.867
472.216 166.851
472.491 168.333
472.767 185.361
473.043 191.181
473.318 176.409
473.594 155.278
473.869 139.205
474.145 129.769
474.421 123.681
474.696 118.651
474.972 130.288
475.247 140.191
475.523 136.170
475.798 127.992
476.074 116.126
476.350 117.160
476.625 123.669
476.901 128.436
477.176 120.236
477.452 110.327
477.727 90.261
478.003 91.261
478.279 101.065
478.554 121.792
478.830 134.635
479.105 131.179
479.381 114.147
479.656 112.722
479.932 116.366
480.208 139.544
480.483 144.192
480.759 150.851
481.034 130.273
481.310 117.713
481.585 112.584
481.861 119.549
482.137 143.974
482.412 156.857
482.688 166.407
482.963 171.864
483.239 154.727
483.514 133.259
483.790 107.773
484.066 106.957
484.341 123.171
484.617 117.061
484.892 119.939
485.168 118.165
485.443 119.140
485.719 120.347
485.995 126.181
486.270 138.228
486.546 125.581
486.821 104.673
487.097 90.088
487.373 101.427
487.648 118.704
487.924 120.233
488.199 92.001
488.475 65.086
488.750 61.796
489.026 77.823
489.302 87.313
489.577 97.064
489.853 122.481
490.128 151.143
490.404 160.902
490.679 166.344
490.955 160.437
491.231 144.468
491.506 115.219
491.782 89.188
492.057 94.420
492.333 98.314
492.608 118.223
492.884 109.429
493.160 99.056
493.435 88.370
493.711 93.961
493.986 108.026
494.262 110.326
494.537 113.351
494.813 103.947
495.089 103.374
495.364 93.600
495.640 81.825
495.915 87.155
496.191 105.970
496.467 121.474
496.742 118.643
497.018 112.825
497.293 121.833
497.569 116.346
497.844 115.820
498.120 114.352
498.396 114.790
498.671 121.543
498.947 126.278
499.222 130.003
499.498 134.753
499.773 142.216
500.049 161.299
500.325 184.570
500.600 213.162
500.876 257.248
501.151 290.360
501.427 319.852
501.702 339.159
501.978 350.576
502.254 350.030
502.529 364.044
502.805 403.828
503.080 441.515
503.356 444.958
503.631 426.048
503.907 428.201
504.183 448.732
504.458 455.005
504.734 463.964
505.009 461.614
505.285 478.141
505.560 473.593
505.836 453.699
506.112 418.451
506.387 371.120
506.663 345.718
506.938 344.589
507.214 354.592
507.490 352.366
507.765 308.395
508.041 275.660
508.316 253.973
508.592 261.112
508.867 256.423
509.143 249.228
509.419 229.911
509.694 195.992
509.970 157.321
510.245 132.453
510.521 145.928
510.796 162.844
511.072 170.362
511.348 154.632
511.623 147.076
511.899 163.425
512.174 173.794
512.450 160.482
512.725 129.962
513.001 100.820
513.277 104.316
513.552 103.476
513.828 114.851
514.103 129.250
514.379 150.511
514.654 177.588
514.930 186.498
515.206 177.828
515.481 166.222
515.757 152.352
516.032 142.673
516.308 147.029
516.583 165.307
516.859 187.592
517.135 195.153
517.410 196.655
517.686 202.696
517.961 201.287
518.237 205.230
518.513 232.950
518.788 267.402
519.064 300.124
519.339 303.164
519.615 306.937
519.890 308.251
520.166 331.712
520.442 377.082
520.717 414.344
520.993 421.412
521.268 412.440
521.544 407.875
521.819 424.143
522.095 444.715
522.371 458.841
522.646 457.612
522.922 458.108
523.197 468.671
523.473 467.266
523.748 455.640
524.024 446.081
524.300 445.134
524.575 445.782
524.851 432.261
525.126 441.840
525.402 439.617
525.677 438.034
525.953 414.634
526.229 403.798
526.504 419.105
526.780 442.205
527.055 454.974
527.331 466.454
527.606 470.610
527.882 482.895
528.158 498.257
528.433 499.679
528.709 495.198
528.984 477.286
529.260 484.493
529.535 504.505
529.811 508.201
530.087 483.962
530.362 454.475
530.638 434.876
530.913 448.029
531.189 436.558
531.465 407.544
531.740 377.872
532.016 370.406
532.291 390.138
532.567 376.824
532.842 346.491
533.118 301.136
533.394 273.370
533.669 265.557
533.945 261.855
534.220 262.596
534.496 252.383
534.771 241.920
535.047 234.691
535.323 231.200
535.598 239.750
535.874 244.722
536.149 236.148
536.425 217.736
536.700 210.798
536.976 234.231
537.252 263.323
537.527 295.897
537.803 350.821
538.078 424.672
538.354 507.900
538.629 573.669
538.905 646.834
539.181 717.241
539.456 805.075
539.732 904.043
540.007 1013.594
540.283 1085.667
540.558 1117.677
540.834 1134.263
541.110 1172.999
541.385 1218.264
541.661 1259.623
541.936 1265.985
542.212 1261.455
542.488 1258.161
542.763 1271.149
543.039 1274.547
543.314 1244.618
543.590 1202.683
543.865 1155.112
544.141 1122.350
544.417 1090.913
544.692 1079.667
544.968 1064.796
545.243 1057.523
545.519 1036.021
545.794 1024.765
546.070 993.958
546.348 950.230
546.627 925.035
546.905 918.124
547.183 918.833
547.461 902.333
547.740 887.741
548.018 893.708
548.296 904.310
548.575 923.554
548.853 939.783
549.131 957.345
549.409 974.568
549.688 1006.338
549.966 1045.368
550.244 1070.484
550.523 1081.681
550.801 1082.263
551.079 1106.291
551.357 1134.901
551.636 1146.985
551.914 1148.164
552.192 1151.737
552.471 1166.154
552.749 1160.159
553.027 1149.443
553.306 1149.997
553.584 1157.778
553.862 1161.012
554.140 1154.595
554.419 1172.408
554.697 1211.676
554.975 1250.035
555.254 1257.327
555.532 1249.587
555.810 1262.881
556.088 1271.105
556.367 1266.976
556.645 1224.408
556.923 1190.886
557.202 1164.849
557.480 1136.232
557.758 1089.584
558.036 1030.707
558.315 1005.809
558.593 986.769
558.871 964.565
559.150 921.763
559.428 862.539
559.706 806.589
559.984 754.881
560.263 715.069
560.541 666.105
560.819 602.586
561.098 539.562
561.376 468.670
561.654 405.971
561.932 364.522
562.211 341.990
562.489 311.586
562.767 269.648
563.046 231.164
563.324 225.813
563.602 229.270
563.880 229.597
564.159 211.549
564.437 199.401
564.715 182.454
564.994 178.685
565.272 169.363
565.550 167.771
565.828 171.236
566.107 178.715
566.385 172.005
566.663 145.239
566.942 129.237
567.220 146.958
567.498 157.579
567.776 156.030
568.055 150.268
568.333 156.149
568.611 162.025
568.890 162.250
569.168 174.010
569.446 182.862
569.725 172.940
570.003 144.965
570.281 138.906
570.559 149.330
570.838 162.654
571.116 162.444
571.394 162.886
571.673 165.582
571.951 162.134
572.229 152.536
572.507 144.218
572.786 131.715
573.064 125.649
573.342 124.164
573.621 134.652
573.899 142.921
574.177 150.509
574.455 141.200
574.734 141.958
575.012 154.474
575.290 152.924
575.569 139.670
575.847 126.064
576.125 110.756
576.403 101.988
576.682 96.613
576.960 130.129
577.243 159.093
577.527 159.429
577.810 146.726
578.093 118.908
578.377 107.852
578.660 103.992
578.944 118.580
579.227 132.566
579.510 133.060
579.794 128.156
580.077 126.227
580.360 118.330
580.644 109.178
580.927 105.965
581.210 117.356
581.494 127.675
581.777 122.457
582.061 114.199
582.344 109.636
582.627 117.657
582.911 112.377
583.194 107.098
583.477 100.830
583.761 114.477
584.044 122.840
584.327 126.218
584.611 134.260
584.894 150.252
585.178 148.927
585.461 148.934
585.744 122.330
586.028 110.046
586.311 90.105
586.594 96.778
586.878 110.119
587.161 118.459
587.444 132.800
587.728 147.807
588.011 139.814
588.295 129.448
588.578 125.401
588.861 139.075
589.145 144.166
589.428 120.561
589.711 103.539
589.995 100.460
590.278 122.134
590.562 131.465
590.845 138.417
591.128 123.017
591.412 108.372
591.695 95.072
591.978 88.789
592.262 94.399
592.545 110.374
592.828 125.940
593.112 147.216
593.395 144.133
593.679 145.422
593.962 133.721
594.245 105.156
594.529 78.230
594.812 77.242
595.095 111.635
595.379 143.451
595.662 146.694
595.945 129.452
596.229 118.030
596.512 125.555
596.796 131.100
597.079 132.757
597.362 127.063
597.646 124.720
597.929 113.114
598.212 99.575
598.496 108.716
598.779 130.081
599.062 141.905
599.346 125.098
599.629 112.851
599.913 116.389
600.196 131.425
600.479 146.866
600.763 145.802
601.046 142.528
601.329 133.576
601.613 146.365
601.896 158.401
602.179 164.583
602.463 166.826
602.746 166.833
603.030 156.974
603.313 137.950
603.596 126.082
603.880 128.661
604.163 129.897
604.446 123.983
604.730 123.249
605.013 133.376
605.296 148.727
605.580 152.694
605.863 139.968
606.147 131.812
606.430 127.205
606.713 135.373
606.997 143.163
607.280 144.474
607.563 146.997
607.847 132.690
608.130 134.979
608.414 137.968
608.697 143.198
608.980 153.429
609.264 144.997
609.547 134.229
609.830 107.081
610.114 103.496
610.397 115.864
610.680 136.161
610.964 137.187
611.247 133.729
611.531 112.522
611.814 119.438
612.097 139.991
612.381 175.653
612.664 175.005
612.947 161.333
613.231 137.828
613.514 144.429
613.797 148.740
614.081 155.622
614.364 151.372
614.648 135.988
614.931 119.622
615.214 111.810
615.498 114.516
615.781 117.866
616.064 115.288
616.348 120.589
616.631 140.280
616.914 166.268
617.198 179.739
617.481 181.498
617.765 181.632
618.048 174.845
618.331 158.825
618.615 149.672
618.898 156.647
619.181 168.893
619.465 162.360
619.748 147.302
620.031 127.923
620.315 129.729
620.598 147.412
620.882 173.695
621.165 170.821
621.448 160.669
621.732 144.814
622.015 152.608
622.298 155.431
622.582 149.954
622.865 139.749
623.148 143.590
623.432 143.007
623.715 138.515
623.999 120.961
624.282 128.202
624.565 136.045
624.849 140.586
625.132 152.109
625.415 167.399
625.699 182.251
625.982 176.701
626.265 172.731
626.549 161.687
626.832 149.857
627.116 122.926
627.399 113.087
627.682 117.337
627.966 126.598
628.249 137.204
628.532 160.770
628.816 162.609
629.099 137.388
629.383 108.485
629.666 110.880
629.949 134.568
630.233 148.141
630.516 144.854
630.799 142.502
631.083 137.882
631.366 127.698
631.649 114.652
631.933 122.044
632.216 156.550
632.500 168.884
632.783 164.963
633.066 161.222
633.350 172.545
633.633 180.490
633.916 181.281
634.200 179.572
634.483 178.863
634.766 164.784
635.050 155.540
635.333 153.630
635.617 165.084
635.900 189.740
636.183 207.122
636.467 221.612
636.750 209.467
637.033 189.997
637.317 189.399
637.600 208.534
637.883 235.278
638.167 237.806
638.450 237.593
638.734 249.618
639.017 276.153
639.300 297.601
639.584 304.690
639.867 296.489
640.150 305.849
640.434 310.433
640.717 306.609
641.000 299.036
641.284 306.935
641.567 334.864
641.851 366.145
642.134 372.275
642.417 386.227
642.701 395.454
642.984 417.841
643.267 429.833
643.551 423.050
643.834 425.864
644.117 427.569
644.401 442.569
644.684 463.950
644.968 484.108
645.251 531.157
645.534 576.035
645.818 628.781
646.101 674.041
646.384 729.642
646.668 808.833
646.951 910.882
647.235 1017.653
647.518 1120.698
647.801 1227.422
648.085 1345.535
648.368 1475.239
648.651 1630.001
648.935 1799.794
649.218 1979.756
649.501 2146.114
649.785 2331.642
650.068 2511.779
650.352 2681.684
650.635 2842.084
650.918 3022.484
651.202 3188.720
651.485 3340.530
651.768 3509.939
652.052 3703.494
652.335 3919.832
652.618 4126.208
652.902 4387.537
653.185 4633.436
653.469 4843.235
653.752 4957.765
654.035 5056.309
654.319 5149.679
654.602 5248.266
654.885 5336.868
655.169 5381.846
655.452 5396.105
655.735 5433.708
656.019 5515.750
656.302 5638.166
656.586 5685.779
656.869 5662.900
657.152 5623.006
657.436 5630.413
657.719 5686.592
658.002 5687.637
658.286 5623.106
658.569 5539.680
658.852 5509.602
659.136 5525.518
659.419 5540.068
659.703 5521.799
659.986 5505.564
660.269 5518.284
660.553 5570.957
660.836 5621.603
661.119 5647.455
661.403 5658.526
661.686 5664.858
661.969 5650.195
662.253 5633.036
662.536 5572.516
662.820 5540.671
663.103 5492.592
663.386 5439.183
663.670 5358.884
663.953 5278.689
664.236 5209.685
664.520 5140.209
664.803 5053.092
665.086 4998.723
665.370 4909.906
665.653 4795.286
665.937 4642.473
666.220 4507.858
666.503 4381.764
666.787 4224.931
667.070 4065.309
667.353 3920.621
667.637 3793.488
667.920 3645.277
668.204 3480.969
668.487 3304.674
668.770 3116.786
669.054 2900.902
669.337 2706.251
669.620 2538.231
669.904 2396.204
670.187 2250.815
670.470 2116.397
670.754 2005.202
671.037 1886.074
671.321 1753.152
671.604 1612.901
671.887 1473.533
672.171 1346.408
672.454 1225.337
672.737 1132.919
673.021 1068.879
673.304 1015.242
673.587 948.772
673.871 875.882
674.154 799.137
674.438 754.998
674.721 710.974
675.004 664.249
675.288 621.495
675.571 580.193
675.854 546.931
676.138 515.697
676.421 507.660
676.704 502.676
676.988 504.574
677.271 486.490
677.555 464.077
677.838 409.330
678.121 365.328
678.405 346.498
678.688 350.432
678.971 361.390
679.255 368.905
679.538 360.957
679.821 341.014
680.105 315.882
680.388 298.443
680.672 277.419
680.955 253.703
681.238 240.541
681.522 228.639
681.805 224.559
682.088 221.683
682.372 206.800
682.655 190.954
682.938 171.901
683.222 163.953
683.505 153.918
683.789 157.813
684.072 169.946
684.355 180.338
684.639 177.843
684.922 170.889
685.205 162.195
685.489 164.350
685.772 162.723
686.056 163.878
686.339 159.296
686.622 176.590
686.906 193.536
687.189 208.851
687.472 211.564
687.756 203.565
688.039 182.693
688.322 175.813
688.606 165.727
688.889 168.167
689.173 173.739
689.456 201.927
689.739 217.517
690.023 206.673
690.306 188.111
690.589 191.441
690.873 187.853
691.156 172.533
691.439 132.302
691.723 114.309
692.006 109.416
692.290 142.930
692.573 179.697
692.856 204.103
693.140 203.215
693.423 185.603
693.706 167.894
693.990 157.779
694.273 173.715
694.556 196.126
694.840 203.706
695.123 199.238
695.407 192.780
695.690 174.787
695.973 150.619
696.257 143.701
696.540 159.329
696.830 161.640
697.120 156.739
697.410 157.647
697.699 180.731
697.989 197.435
698.279 200.110
698.569 175.182
698.859 161.347
699.149 152.646
699.439 143.623
699.729 141.817
700.018 148.507
700.308 164.784
700.598 158.820
700.888 159.929
701.178 170.149
701.468 173.054
701.758 158.602
702.048 147.969
702.337 153.495
702.627 151.097
702.917 143.843
703.207 154.415
703.497 175.342
703.787 191.398
704.077 187.256
704.366 166.064
704.656 143.371
704.946 124.092
705.236 126.200
705.526 140.765
705.816 153.981
706.106 150.570
706.396 118.205
706.685 106.739
706.975 108.508
707.265 131.021
707.555 125.654
707.845 118.720
708.135 105.668
708.425 99.662
708.715 114.703
709.004 129.200
709.294 141.602
709.584 152.020
709.874 154.238
710.164 143.788
710.454 123.453
710.744 134.305
711.034 155.503
711.323 158.658
711.613 158.821
711.903 168.276
712.193 154.468
712.483 130.873
712.773 91.169
713.063 96.594
713.352 105.197
713.642 131.074
713.932 144.810
714.222 143.311
714.512 132.637
714.802 128.189
715.092 117.962
715.382 104.943
715.671 91.504
715.961 107.767
716.251 146.513
716.541 166.323
716.831 158.432
717.121 147.214
717.411 144.088
717.701 139.552
717.990 121.623
718.280 106.247
718.570 111.241
718.860 116.339
719.150 110.583
719.440 109.669
719.730 127.763
720.019 140.211
720.309 136.076
720.599 106.585
720.889 101.247
721.179 109.012
721.469 115.145
721.759 112.663
722.049 108.232
722.338 119.832
722.628 142.262
722.918 159.682
723.208 148.192
723.498 131.677
723.788 120.184
724.078 119.971
724.368 120.656
724.657 132.636
724.947 149.084
725.237 173.620
725.527 164.623
725.817 137.971
726.107 101.995
726.397 87.305
726.686 100.848
726.976 116.003
727.266 117.940
727.556 126.694
727.846 122.507
728.136 120.315
728.426 104.538
728.716 91.054
729.005 86.213
729.295 91.133
729.585 94.367
729.875 102.479
730.165 108.912
730.455 137.453
730.745 146.876
731.035 154.140
731.324 138.933
731.614 138.008
731.904 130.835
732.194 130.599
732.484 128.051
732.774 121.612
733.064 110.914
733.354 110.387
733.643 123.459
733.933 140.420
734.223 142.333
734.513 135.882
734.803 127.803
735.093 141.887
735.383 146.165
735.672 148.899
735.962 121.587
736.252 109.326
736.542 103.170
736.832 100.971
737.122 105.258
737.412 113.187
737.702 145.274
737.991 162.440
738.281 150.046
738.571 116.102
738.861 101.726
739.151 125.689
739.441 143.367
739.731 148.011
740.021 147.856
740.310 150.660
740.600 121.107
740.890 75.428
741.180 64.901
741.470 106.731
741.760 160.041
742.050 177.258
742.339 153.641
742.629 124.759
742.919 112.524
743.209 118.132
743.499 101.009
743.789 80.630
744.079 86.567
744.369 103.108
744.658 101.791
744.948 93.630
745.238 106.187
745.528 138.964
745.818 143.306
746.108 152.011
746.398 149.748
746.688 159.726
746.977 155.095
747.267 163.099
747.557 177.072
747.847 155.620
748.137 136.111
748.427 118.654
748.717 124.627
749.006 128.651
749.296 128.273
749.586 150.889
749.876 162.844
750.166 159.624
750.456 141.449
750.746 118.937
751.036 116.991
751.325 116.703
751.615 116.736
751.905 111.496
752.195 112.541
752.485 127.954
752.775 118.654
753.065 113.027
753.355 100.351
753.644 108.143
753.934 105.545
754.224 121.713
754.514 121.343
754.804 129.036
755.094 118.625
755.384 125.315
755.674 134.345
755.963 122.674
756.253 112.982
756.543 112.081
756.833 140.866
757.123 154.675
757.413 133.572
757.703 116.547
757.992 116.166
758.282 146.655
758.572 150.343
758.862 127.279
759.152 91.748
759.442 76.341
759.732 83.044
760.022 101.203
760.311 115.989
760.601 118.036
760.891 126.373
761.181 148.173
761.471 153.581
761.761 138.579
762.051 115.444
762.341 114.104
762.630 114.443
762.920 110.496
763.210 125.605
763.500 148.099
763.793 173.912
764.086 172.185
764.379 163.746
764.671 142.224
764.964 131.831
765.257 129.918
765.550 128.324
765.843 137.818
766.136 128.413
766.429 130.725
766.722 115.201
767.014 103.081
767.307 81.264
767.600 63.529
767.893 55.494
768.186 63.245
768.479 85.426
768.772 106.598
769.064 103.552
769.357 94.818
769.650 114.923
769.943 137.752
770.236 133.387
770.529 113.288
770.822 103.931
771.115 108.669
771.407 105.685
771.700 115.529
771.993 131.341
772.286 150.461
772.579 135.582
772.872 121.424
773.165 108.659
773.457 126.522
773.750 133.622
774.043 122.936
774.336 119.527
774.629 136.684
774.922 140.692
775.215 138.297
775.508 125.049
775.800 127.665
776.093 121.251
776.386 121.633
776.679 120.293
776.972 119.664
777.265 123.312
777.558 136.305
777.850 150.636
778.143 141.585
778.436 121.152
778.729 106.079
779.022 98.338
779.315 95.661
779.608 90.974
779.900 86.286
780.193 91.282
780.486 93.559
780.779 94.819
781.072 106.491
781.365 101.510
781.658 105.584
781.951 95.857
782.243 101.214
782.536 107.576
782.829 127.058
783.122 139.061
783.415 152.399
783.708 138.306
784.001 128.948
784.293 111.531
784.586 116.838
784.879 132.113
785.172 148.482
785.465 138.465
785.758 125.161
786.051 110.730
786.344 116.037
786.636 115.665
786.929 106.415
787.222 91.402
787.515 79.337
787.808 93.553
788.101 120.146
788.394 148.121
788.686 165.497
788.979 165.833
789.272 153.804
789.565 133.065
789.858 111.423
790.151 103.810
790.444 102.555
790.737 105.521
791.029 114.470
791.322 99.741
791.615 100.110
791.908 87.804
792.201 98.109
792.494 109.300
792.787 124.557
793.079 127.848
793.372 120.917
793.665 108.291
793.958 116.304
794.251 139.510
794.544 154.467
794.837 127.883
795.130 94.048
795.422 74.111
795.715 103.072
796.008 109.688
796.301 118.956
796.594 125.176
796.887 138.174
797.180 139.878
797.472 132.288
797.765 129.588
798.058 123.609
798.351 107.327
798.644 81.451
798.937 77.102
799.230 110.338
799.523 160.856
799.815 188.806
800.108 168.204
800.401 139.998
800.694 116.072
800.987 110.495
801.280 113.535
801.573 135.253
801.865 149.193
802.158 150.150
802.451 133.462
802.744 129.473
803.037 138.178
803.330 155.479
803.623 152.155
803.915 132.510
804.208 98.985
804.501 93.774
804.794 102.143
805.087 118.202
805.380 112.866
805.673 125.589
805.966 131.270
806.258 158.809
806.551 146.928
806.844 137.688
807.137 114.598
807.430 119.286
807.723 138.663
808.016 157.851
808.308 150.491
808.601 117.071
808.894 89.267
809.187 89.015
809.480 98.040
809.773 117.466
810.066 137.649
810.359 161.324
810.651 147.979
810.944 113.794
811.237 99.333
811.530 108.156
811.825 113.876
812.119 111.524
812.414 103.109
812.709 108.606
813.003 112.730
813.298 135.799
813.593 144.573
813.887 160.932
814.182 155.296
814.476 161.191
814.771 153.574
815.066 142.449
815.360 139.794
815.655 136.744
815.950 141.535
816.244 152.221
816.539 151.642
816.834 136.814
817.128 123.565
817.423 138.709
817.718 144.675
818.012 112.812
818.307 76.058
818.602 80.204
818.896 109.713
819.191 124.954
819.486 128.512
819.780 118.033
820.075 112.345
820.369 109.466
820.664 129.242
820.959 153.497
821.253 147.324
821.548 122.571
821.843 105.781
822.137 126.795
822.432 148.467
822.727 131.947
823.021 114.707
823.316 108.289
823.611 126.268
823.905 144.445
824.200 148.640
824.495 153.096
824.789 147.889
825.084 147.540
825.379 138.794
825.673 132.663
825.968 120.862
826.262 111.202
826.557 111.701
826.852 125.226
827.146 135.062
827.441 145.326
827.736 145.027
828.030 131.625
828.325 118.889
828.620 116.058
828.914 107.882
829.209 109.960
829.504 121.406
829.798 142.511
830.093 126.162
830.388 87.676
830.682 80.493
830.977 92.570
831.271 100.410
831.566 87.614
831.861 73.681
832.155 80.648
832.450 97.931
832.745 116.817
833.039 124.580
833.334 128.458
833.629 115.220
833.923 96.751
834.218 75.450
834.513 71.378
834.807 76.341
835.102 90.878
835.397 96.064
835.691 105.965
835.986 109.617
836.281 108.804
836.575 101.420
836.870 109.168
837.164 120.825
837.459 142.637
837.754 126.703
838.048 107.573
838.343 95.403
838.638 107.761
838.932 112.898
839.227 109.998
839.522 95.466
839.816 98.196
840.111 91.996
840.406 100.824
840.700 124.283
840.995 152.752
841.290 173.463
841.584 160.696
841.879 134.695
842.174 119.111
842.468 101.659
842.763 105.130
843.057 112.213
843.352 136.197
843.647 148.989
843.941 153.131
844.236 148.572
844.531 131.183
844.825 115.838
845.120 104.734
845.415 112.142
845.709 121.912
846.004 128.664
846.299 135.881
846.593 123.290
846.888 123.336
847.183 123.337
847.477 144.462
847.772 157.673
848.066 146.338
848.361 132.151
848.656 120.275
848.950 126.545
849.245 135.843
849.540 144.725
849.834 152.853
850.129 152.647
850.424 143.632
850.718 141.452
851.013 141.072
851.308 136.815
851.602 123.832
851.897 133.402
852.192 142.480
852.486 154.921
852.781 140.277
853.076 140.988
853.370 152.377
853.665 161.738
853.959 163.477
854.254 160.172
854.549 152.458
854.843 156.713
855.138 171.876
855.433 185.136
855.727 168.006
856.022 127.512
856.317 99.091
856.611 90.239
856.906 103.489
857.201 121.177
857.495 135.579
857.790 131.948
858.085 142.666
858.379 148.674
858.674 127.804
858.969 93.655
859.263 92.916
859.558 116.192
859.852 133.540
860.147 128.076
860.442 122.987
860.736 133.425
861.031 148.291
861.326 152.963
861.620 144.610
861.915 140.779
862.210 136.183
862.504 138.238
862.799 131.049
863.094 141.702
863.388 144.634
863.683 141.082
863.978 139.977
864.272 129.658
864.567 114.339
864.861 105.905
865.156 101.065
865.451 120.128
865.745 122.827
866.040 130.363
866.335 132.432
866.629 121.239
866.924 118.591
867.219 116.885
867.513 126.475
867.808 114.252
868.103 99.996
868.397 91.636
868.692 109.016
868.987 120.180
869.281 134.293
869.576 133.933
869.871 128.270
870.165 114.719
870.460 94.529
870.754 77.147
871.049 92.471
871.344 98.884
871.638 95.460
871.933 78.778
872.228 83.867
872.522 102.994
872.817 116.841
873.112 125.703
873.406 146.736
873.701 149.119
873.996 140.234
874.290 114.715
874.585 99.663
874.880 106.226
875.174 124.109
875.469 137.793
875.764 125.457
876.058 94.095
876.353 75.627
876.647 73.564
876.942 85.953
877.237 93.408
877.531 102.754
877.826 114.276
878.121 117.596
878.415 106.932
878.710 104.174
879.005 110.488
879.299 125.678
879.594 109.793
879.889 89.576
880.183 68.138
880.478 64.873
880.773 64.408
881.067 68.636
881.362 64.780
881.656 60.309
881.951 52.124
882.246 68.625
882.540 91.771
882.835 112.801
883.130 112.286
883.424 105.049
883.719 109.030
884.014 103.086
884.308 102.866
884.603 98.376
884.898 107.196
885.192 108.516
885.487 101.409
885.782 110.844
886.076 112.715
886.371 98.530
886.666 72.386
886.960 64.826
887.255 75.196
887.549 89.446
887.844 97.929
888.139 109.972
888.433 107.401
888.728 108.746
889.023 114.226
889.317 103.518
889.612 77.714
889.907 62.594
890.201 81.129
890.496 95.534
890.791 100.755
891.085 108.044
891.380 118.352
891.675 129.574
891.969 124.796
892.264 107.680
892.559 82.635
892.853 67.704
893.148 80.902
893.442 104.107
893.737 114.049
894.032 108.764
894.326 101.386
894.621 97.303
894.916 99.948
895.210 96.806
895.505 95.418
895.800 87.239
896.094 86.623
896.389 90.131
896.684 100.136
896.978 100.489
897.273 102.552
897.568 112.340
897.862 116.173
898.157 115.943
898.451 113.919
898.746 124.318
899.041 127.894
899.335 119.696
899.630 112.612
899.925 115.861
900.219 131.273
900.514 131.451
900.809 115.284
901.103 98.159
901.398 79.199
901.693 83.454
901.987 98.976
902.282 109.719
902.577 113.583
902.871 101.478
903.166 99.425
903.461 109.646
903.755 122.352
904.050 119.820
904.344 92.776
904.639 82.691
904.934 96.230
905.228 104.743
905.523 102.479
905.818 105.857
906.112 120.624
906.407 121.960
906.702 103.111
906.996 94.260
907.291 85.271
907.586 102.970
907.880 111.211
908.175 116.164
908.470 102.844
908.764 101.097
909.059 98.787
909.354 88.600
909.648 75.008
909.943 86.988
910.237 113.031
910.532 125.345
910.827 126.687
911.121 132.022
911.416 139.786
911.711 128.286
912.005 121.095
912.300 128.479
912.599 137.883
912.898 129.778
913.196 116.629
913.495 114.657
913.794 105.407
914.093 103.347
914.391 103.809
914.690 107.070
914.989 108.730
915.288 110.988
915.586 126.054
915.885 116.579
916.184 99.544
916.483 90.314
916.782 95.383
917.080 112.117
917.379 112.847
917.678 123.440
917.977 124.904
918.275 113.127
918.574 102.579
918.873 91.731
919.172 100.651
919.471 104.597
919.769 104.088
920.068 108.777
920.367 110.034
920.666 116.986
920.964 101.507
921.263 83.682
921.562 85.565
921.861 101.561
922.159 115.247
922.458 115.126
922.757 118.319
923.056 125.851
923.355 132.992
923.653 125.085
923.952 104.629
924.251 79.958
924.550 80.126
924.848 103.079
925.147 105.230
925.446 99.469
925.745 86.749
926.043 92.593
926.342 101.096
926.641 100.325
926.940 102.227
927.239 110.342
927.537 121.768
927.836 146.046
928.135 158.854
928.434 160.570
928.732 146.777
929.031 120.300
929.330 100.072
929.629 92.794
929.927 102.401
930.226 113.775
930.525 127.100
930.824 130.315
931.123 140.754
931.421 125.201
931.720 119.090
932.019 113.448
932.318 109.650
932.616 107.029
932.915 103.087
933.214 119.656
933.513 123.605
933.812 126.927
934.110 123.157
934.409 116.662
934.708 122.910
935.007 144.732
935.305 166.660
935.604 172.725
935.903 142.635
936.202 126.414
936.500 141.171
936.799 171.343
937.098 186.370
937.397 168.094
937.696 146.603
937.994 137.127
938.293 135.688
938.592 146.671
938.891 150.104
939.189 160.279
939.488 194.846
939.787 201.496
940.086 197.239
940.384 164.133
940.683 161.579
940.982 166.520
941.281 172.262
941.580 179.876
941.878 159.671
942.177 142.325
942.476 119.850
942.775 129.227
943.073 145.199
943.372 151.120
943.671 160.255
943.970 147.479
944.268 151.743
944.567 152.150
944.866 154.444
945.165 141.240
945.464 119.055
945.762 113.248
946.061 123.801
946.360 151.048
946.659 158.560
946.957 173.625
947.256 177.547
947.555 177.034
947.854 177.777
948.153 166.703
948.451 150.055
948.750 135.985
949.049 145.887
949.348 182.962
949.646 188.536
949.945 175.425
950.244 162.203
950.543 175.231
950.841 192.903
951.140 189.993
951.439 162.494
951.738 129.059
952.037 101.814
952.335 101.295
952.634 101.973
952.933 117.801
953.232 111.728
953.530 118.563
953.829 128.575
954.128 143.372
954.427 159.396
954.725 157.918
955.024 160.290
955.323 142.835
955.622 134.355
955.921 122.641
956.219 122.781
956.518 137.015
956.817 157.643
957.116 164.169
957.414 142.031
957.713 119.542
958.012 130.169
958.311 153.016
958.610 169.851
958.908 160.935
959.207 146.219
959.506 141.306
959.805 129.438
960.103 130.972
960.402 109.246
960.701 93.150
961.000 76.955
961.298 105.484
961.597 125.769
961.896 135.491
962.195 120.842
962.494 105.193
962.792 100.520
963.091 81.957
963.390 84.329
963.689 81.332
963.987 98.514
964.286 114.708
964.585 127.259
964.884 144.604
965.182 162.341
965.481 192.344
965.780 201.132
966.080 192.472
966.380 163.990
966.680 153.618
966.981 146.457
967.281 143.112
967.581 136.606
967.881 134.475
968.181 135.002
968.481 125.609
968.781 116.375
969.082 111.924
969.382 122.447
969.682 134.913
969.982 135.576
970.282 116.093
970.582 101.230
970.882 109.768
971.183 127.708
971.483 141.869
971.783 140.477
972.083 135.209
972.383 128.814
972.683 124.039
972.983 126.843
973.284 122.639
973.584 126.247
973.884 118.201
974.184 119.616
974.484 111.597
974.784 106.033
975.084 97.441
975.385 107.620
975.685 125.899
975.985 139.152
976.285 136.008
976.585 131.368
976.885 128.823
977.185 123.961
977.486 125.654
977.786 137.179
978.086 146.101
978.386 137.796
978.686 126.656
978.986 123.552
979.286 129.191
979.587 114.192
979.887 103.193
980.187 102.195
980.487 119.863
980.787 125.864
981.087 141.865
981.387 144.533
981.688 139.535
981.988 127.870
982.288 119.871
982.588 108.206
982.888 86.874
983.188 94.208
983.488 117.210
983.789 143.211
984.089 133.546
984.389 120.880
984.689 106.882
984.989 99.550
985.289 96.884
985.589 81.886
985.890 86.887
986.190 99.888
986.490 129.890
986.790 137.224
987.090 129.892
987.390 119.227
987.690 108.228
987.991 94.896
988.291 70.564
988.591 57.899
988.891 65.567
989.191 101.902
989.491 137.236
989.791 154.571
990.092 150.906
990.392 150.240
990.692 147.242
990.992 129.243
991.292 113.911
991.592 117.912
991.892 129.580
992.193 130.582
992.493 128.583
992.793 127.251
993.093 116.252
993.393 105.254
993.693 118.588
993.993 135.590
994.294 141.258
994.594 134.592
994.894 138.260
995.194 125.595
995.494 107.263
995.794 91.264
996.094 100.932
996.395 117.933
996.695 122.601
996.995 116.603
997.295 110.937
997.595 117.272
997.895 115.940
998.195 107.608
998.496 104.609
998.796 117.277
999.096 133.278
999.396 135.946
999.696 126.614
999.996 118.616
1000.296 130.617
1000.597 127.618
1000.897 115.286
1001.197 101.287
1001.497 96.622
1001.797 102.957
1002.097 107.291
1002.397 119.292
1002.698 120.294
1002.998 121.962
1003.298 121.963
1003.598 117.631
1003.898 116.299
1004.198 115.967
1004.498 117.968
1004.799 120.303
1005.099 119.971
1005.399 127.972
1005.699 126.640
1005.999 122.974
1006.299 139.642
1006.599 146.644
1006.900 153.311
1007.200 140.646
1007.500 125.314
1007.800 132.315
1008.100 122.650
1008.400 118.651
1008.700 104.652
1009.001 97.987
1009.301 110.655
1009.601 130.323
1009.901 147.991
1010.201 152.325
1010.501 153.993
1010.801 146.328
1011.102 131.996
1011.402 110.664
1011.702 106.331
1012.002 104.999
1012.302 94.334
1012.602 99.002
1012.902 122.336
1013.203 144.338
1013.503 146.339
1013.803 119.673
1014.103 117.675
1014.403 105.343
1014.703 99.344
1015.003 104.678
1015.304 140.013
1015.604 163.681
1015.904 156.015
1016.204 135.683
1016.504 126.018
1016.804 122.352
1017.104 112.687
1017.405 100.688
1017.705 105.356
1018.005 104.691
1018.305 114.692
1018.605 110.026
1018.905 120.694
1019.205 146.695
1019.506 162.697
1019.806 152.698
1020.106 125.699
1020.406 116.034
1020.706 122.035
1021.006 125.703
1021.306 112.371
1021.607 126.705
1021.907 131.706
1022.207 131.041
1022.507 113.042
1022.807 93.710
1023.107 98.044
1023.407 98.046
1023.708 93.713
1024.008 89.715
1024.308 96.049
1024.608 95.050
1024.908 109.718
1025.208 103.386
1025.508 122.387
1025.809 115.722
1026.109 123.390
1026.409 127.057
1026.709 120.392
1027.009 120.060
1027.309 120.061
1027.609 120.062
1027.910 105.730
1028.210 95.065
1028.510 116.399
1028.810 143.067
1029.110 153.735
1029.410 151.736
1029.710 150.404
1030.011 160.072
1030.311 147.406
1030.611 130.074
1030.911 110.742
1031.211 99.076
1031.511 105.744
1031.811 113.079
1032.112 129.080
1032.412 107.748
1032.712 97.749
1033.012 112.083
1033.312 142.418
1033.612 146.086
1033.912 121.420
1034.212 96.088
1034.513 107.422
1034.813 114.757
1035.113 120.091
1035.413 116.759
1035.713 110.427
1036.013 108.095
1036.313 121.096
1036.614 127.431
1036.914 121.765
1037.214 108.766
1037.514 112.101
1037.814 121.435
1038.114 114.436
1038.414 106.104
1038.715 110.772
1039.015 112.106
1039.315 111.774
1039.615 99.775
1039.915 94.110
1040.215 100.444
1040.515 104.112
1040.816 112.780
1041.116 127.781
1041.416 130.782
1041.716 119.450
1042.016 110.118
1042.316 122.786
1042.616 130.453
1042.917 108.788
1043.217 93.789
1043.517 103.457
1043.817 116.791
1044.117 124.126
1044.417 124.793
1044.717 127.461
1045.018 117.129
1045.318 100.797
1045.618 96.465
1045.918 98.466
1046.218 95.800
1046.518 84.135
1046.818 84.136
1047.119 119.137
1047.419 157.138
1047.719 173.139
1048.019 129.807
1048.319 93.808
1048.619 83.476
1048.919 93.810
1049.220 99.145
1049.520 100.812
1049.820 103.813
1050.120 116.148
1050.420 120.149
1050.720 123.150
1051.020 125.485
1051.321 138.819
1051.621 141.153
1051.921 120.488
1052.221 103.489
1052.521 109.490
1052.821 122.491
1053.121 120.159
1053.422 103.160
1053.722 87.494
1054.022 85.829
1054.322 98.163
1054.622 112.831
1054.922 118.832
1055.222 128.833
1055.523 144.501
1055.823 155.502
1056.123 143.503
1056.423 124.504
1056.723 113.839
1057.023 98.506
1057.323 100.507
1057.624 116.175
1057.924 149.843
1058.224 144.177
1058.524 133.845
1058.824 129.179
1059.124 129.181
1059.424 127.182
1059.725 114.183
1060.025 118.184
1060.325 123.185
1060.625 136.519
1060.925 145.520
1061.225 154.855
1061.525 150.856
1061.826 139.190
1062.126 122.858
1062.426 127.859
1062.726 144.193
1063.026 158.194
1063.326 158.529
1063.626 148.863
1063.927 117.198
1064.227 90.199
1064.527 105.200
1064.827 130.201
1065.127 139.202
1065.427 132.203
1065.727 136.871
1066.028 161.205
1066.328 149.539
1066.628 123.207
1066.928 104.542
1067.228 97.209
1067.528 105.210
1067.828 100.211
1068.129 116.879
1068.429 119.547
1068.729 118.548
1069.029 93.882
1069.329 91.883
1069.629 108.884
1069.929 146.885
1070.230 158.886
1070.530 139.221
1070.830 113.222
1071.130 96.890
1071.430 101.224
1071.730 110.558
1072.030 113.559
1072.331 108.894
1072.631 96.895
1072.931 96.896
1073.231 115.897
1073.531 122.231
1073.831 128.232
1074.131 125.233
1074.432 113.568
1074.732 102.569
1075.032 99.236
1075.332 120.571
1075.632 134.905
1075.932 139.239
1076.232 134.240
1076.533 122.575
1076.833 102.242
1077.133 85.243
1077.433 80.911
1077.733 91.579
1078.033 101.246
1078.333 109.914
1078.634 106.915
1078.934 98.916
1079.234 90.917
1079.534 101.252
1079.834 110.919
1080.134 120.254
1080.434 113.588
1080.735 127.256
1081.035 118.590
1081.335 110.258
1081.635 97.925
1081.935 90.593
1082.235 87.261
1082.535 95.928
1082.836 124.929
1083.136 133.930
1083.436 120.265
1083.736 111.599
1084.036 116.267
1084.336 132.601
1084.636 146.269
1084.937 156.603
1085.237 147.937
1085.537 135.938
1085.837 114.939
1086.137 117.607
1086.437 125.275
1086.737 141.276
1087.038 147.610
1087.338 143.278
1087.638 126.612
1087.938 99.613
1088.238 81.947
1088.538 85.948
1088.838 104.949
1089.139 117.617
1089.439 137.285
1089.739 150.952
1090.039 153.953
1090.339 138.954
1090.639 133.955
1090.939 124.956
1091.240 125.957
1091.540 126.291
1091.840 136.292
1092.140 143.627
1092.453 141.961
1092.766 148.629
1093.079 151.963
1093.392 132.297
1093.705 114.632
1094.018 116.633
1094.330 139.300
1094.643 146.301
1094.956 122.302
1095.269 105.970
1095.582 112.971
1095.895 129.638
1096.208 129.639
1096.521 115.640
1096.834 117.641
1097.147 126.309
1097.460 119.977
1097.773 105.644
1098.085 102.978
1098.398 123.646
1098.711 138.314
1099.024 144.315
1099.337 141.649
1099.650 145.317
1099.963 138.318
1100.276 116.318
1100.589 100.653
1100.902 101.987
1101.215 116.988
1101.528 124.322
1101.841 118.990
1102.153 118.324
1102.466 113.658
1102.779 112.659
1103.092 105.994
1103.405 105.995
1103.718 110.662
1104.031 131.997
1104.344 149.331
1104.657 162.332
1104.970 145.333
1105.283 123.334
1105.596 112.001
1105.909 114.669
1106.221 110.337
1106.534 95.004
1106.847 82.672
1107.160 95.339
1107.473 110.340
1107.786 110.675
1108.099 91.009
1108.412 77.010
1108.725 64.677
1109.038 80.345
1109.351 97.679
1109.664 126.013
1109.977 133.348
1110.289 124.682
1110.602 124.016
1110.915 126.351
1111.228 120.351
1111.541 103.686
1111.854 84.020
1112.167 84.688
1112.480 91.022
1112.793 106.023
1113.106 124.024
1113.419 131.358
1113.732 123.026
1114.044 111.360
1114.357 111.694
1114.670 95.695
1114.983 77.029
1115.296 74.030
1115.609 103.364
1115.922 141.365
1116.235 154.700
1116.548 148.367
1116.861 124.368
1117.174 105.036
1117.487 106.037
1117.800 118.037
1118.112 121.705
1118.425 114.373
1118.738 98.707
1119.051 102.041
1119.364 122.042
1119.677 124.710
1119.990 110.044
1120.303 103.711
1120.616 104.712
1120.929 115.713
1121.242 104.047
1121.555 115.382
1121.868 127.049
1122.180 120.717
1122.493 108.718
1122.806 85.719
1123.119 96.720
1123.432 113.387
1123.745 123.721
1124.058 121.722
1124.371 125.390
1124.684 144.391
1124.997 149.058
1125.310 129.726
1125.623 108.727
1125.935 97.061
1126.248 107.062
1126.561 119.729
1126.874 127.397
1127.187 119.731
1127.500 114.732
1127.813 127.733
1128.126 146.067
1128.439 166.068
1128.752 149.069
1129.065 120.403
1129.378 104.737
1129.691 110.738
1130.003 122.739
1130.316 125.740
1130.629 121.741
1130.942 130.408
1131.255 121.743
1131.568 126.077
1131.881 133.078
1132.194 142.079
1132.507 149.413
1132.820 139.747
1133.133 121.748
1133.446 115.082
1133.759 137.416
1134.071 152.084
1134.384 149.085
1134.697 130.086
1135.010 129.086
1135.323 115.754
1135.636 94.422
1135.949 91.089
1136.262 95.757
1136.575 99.424
1136.888 102.758
1137.201 118.093
1137.514 133.760
1137.826 124.761
1138.139 126.428
1138.452 131.096
1138.765 140.430
1139.078 133.098
1139.391 124.099
1139.704 118.433
1140.017 111.100
1140.330 109.101
1140.643 105.102
1140.956 99.103
1141.269 84.437
1141.582 86.771
1141.894 112.105
1142.207 127.106
1142.520 136.441
1142.833 132.108
1143.146 132.109
1143.459 125.110
1143.772 104.444
1144.085 88.111
1144.398 72.112
1144.711 80.113
1145.024 105.114
1145.337 120.782
1145.650 113.449
1145.962 111.117
1146.275 121.117
1146.588 144.785
1146.901 153.786
1147.214 135.453
1147.527 106.121
1147.840 83.455
1148.153 100.456
1148.466 118.457
1148.779 130.124
1149.092 128.792
1149.405 122.126
1149.718 116.460
1150.030 104.461
1150.343 101.462
1150.656 91.129
1150.969 92.130
1151.282 121.131
1151.595 145.132
1151.908 139.133
1152.221 99.800
1152.534 91.801
1152.847 106.802
1153.160 127.469
1153.473 147.803
1153.785 158.471
1154.098 162.138
1154.411 146.139
1154.724 151.140
1155.037 167.474
1155.350 172.808
1155.663 169.142
1155.976 165.477
1156.289 155.811
1156.602 128.812
1156.915 96.479
1157.228 84.813
1157.541 92.814
1157.853 114.815
1158.166 141.149
1158.479 152.817
1158.792 145.817
1159.105 132.818
1159.418 123.152
1159.731 128.486
1160.044 140.821
1160.357 148.821
1160.670 131.489
1160.983 124.823
1161.296 126.824
1161.609 132.825
1161.921 122.492
1162.234 106.160
1162.547 105.494
1162.860 95.828
1163.173 102.162
1163.486 123.496
1163.799 139.164
1164.112 137.831
1164.425 107.165
1164.738 94.166
1165.051 92.167
1165.364 109.501
1165.676 124.169
1165.989 136.169
1166.302 142.170
1166.615 144.171
1166.928 132.172
1167.241 126.173
1167.554 132.173
1167.867 139.174
1168.180 132.508
1168.493 108.509
1168.806 112.510
1169.119 140.511
1169.432 180.845
1169.744 187.846
1170.057 177.846
1170.370 154.847
1170.683 142.181
1170.996 121.515
1171.309 101.850
1171.622 97.850
1171.935 120.518
1172.248 151.852
1172.561 174.519
1172.874 167.520
1173.187 145.521
1173.500 137.522
1173.812 137.523
1174.125 145.190
1174.438 127.191
1174.751 110.858
1175.064 103.859
1175.377 103.527
1175.690 100.861
1176.003 91.861
1176.316 84.862
1176.629 80.530
1176.942 79.197
1177.255 89.198
1177.567 105.865
1177.880 126.199
1178.193 123.534
1178.506 123.868
1178.819 124.868
1179.132 135.536
1179.445 138.537
1179.758 131.871
1180.071 136.205
1180.384 136.206
1180.697 133.206
1181.010 134.541
1181.323 143.541
1181.635 153.542
1181.948 140.876
1182.261 117.877
1182.574 97.544
1182.887 101.545
1183.200 121.879
1183.513 132.880
1183.826 127.881
1184.139 112.548
1184.452 107.882
1184.765 105.216
1185.078 101.551
1185.391 103.218
1185.703 93.219
1186.016 79.886
1186.329 77.554
1186.642 109.221
1186.955 142.888
1187.268 160.889
1187.581 148.890
1187.894 134.557
1188.207 105.558
1188.520 83.226
1188.833 84.893
1189.146 100.894
1189.459 92.561
1189.771 81.229
1190.084 79.229
1190.397 121.230
1190.710 154.564
1191.023 158.232
1191.336 126.899
1191.649 94.900
1191.962 98.567
1192.275 114.901
1192.588 125.235
1192.901 129.903
1193.214 125.570
1193.526 119.238
1193.839 96.238
1194.152 86.906
1194.465 76.907
1194.778 90.241
1195.091 105.908
1195.404 125.576
1195.717 133.910
1196.030 129.244
1196.343 103.244
1196.656 75.912
1196.969 71.246
1197.282 87.913
1197.594 117.247
1197.907 147.915
1198.220 159.249
1198.533 139.250
1198.846 110.584
1199.159 113.918
1199.472 135.585
1199.785 142.253
1200.098 125.253
1200.411 109.587
1200.724 111.921
1201.037 117.256
1201.350 118.923
1201.662 128.590
1201.975 140.258
1202.288 121.258
1202.601 103.592
