165.028 35.726
165.288 30.610
165.547 26.377
165.807 29.144
166.067 29.912
166.327 26.680
166.587 19.782
166.847 9.218
167.107 15.988
167.367 31.425
167.627 45.529
167.886 43.633
168.146 34.072
168.406 36.177
168.666 28.283
168.926 25.056
169.186 21.830
169.446 24.604
169.706 27.711
169.966 28.486
170.225 35.261
170.485 25.370
170.745 31.146
171.005 38.589
171.265 38.033
171.525 12.810
171.785 0.254
172.045 22.032
172.305 58.144
172.564 68.923
172.824 65.702
173.084 44.148
173.344 27.595
173.604 12.709
173.864 11.156
174.124 9.604
174.384 22.052
174.644 47.500
174.903 68.616
175.163 82.398
175.423 65.181
175.683 52.964
175.943 28.414
176.203 30.198
176.463 36.315
176.723 38.433
176.983 30.218
177.242 27.003
177.502 54.788
177.762 79.240
178.022 74.359
178.282 35.146
178.542 9.932
178.802 21.385
179.062 42.839
179.322 55.626
179.581 51.081
179.841 45.535
180.101 39.656
180.361 30.111
180.621 19.900
180.881 15.689
181.141 9.811
181.401 13.934
181.661 29.390
181.920 50.513
182.180 57.303
182.440 46.093
182.700 31.884
182.960 19.341
183.220 18.465
183.480 27.590
183.740 36.381
184.000 21.839
184.259 -5.369
184.519 -15.244
184.779 2.548
185.039 32.674
185.299 41.466
185.559 42.925
185.819 44.718
186.079 39.177
186.339 22.304
186.598 15.430
186.858 31.890
187.118 66.017
187.378 86.144
187.638 95.271
187.898 76.399
188.158 41.193
188.418 -4.680
188.678 -14.219
188.937 5.576
189.197 33.704
189.457 38.832
189.717 31.960
189.977 21.422
190.237 25.883
190.497 27.345
190.757 29.140
191.017 22.602
191.276 21.398
191.536 20.860
191.796 20.655
192.056 24.451
192.316 11.247
192.576 2.709
192.836 3.839
193.096 10.635
193.356 10.764
193.616 17.560
193.875 39.023
194.135 68.819
194.395 71.949
194.655 68.745
194.915 52.208
195.175 42.005
195.435 27.801
195.695 9.264
195.955 11.394
196.214 49.191
196.474 83.654
196.734 86.117
196.994 62.247
197.254 48.377
197.514 46.174
197.774 38.970
198.034 35.434
198.294 32.564
198.553 41.361
198.813 35.157
199.073 30.954
199.333 32.417
199.593 45.214
199.853 61.344
200.113 57.807
200.373 53.271
200.633 44.067
200.892 44.864
201.152 34.327
201.412 30.457
201.672 48.254
201.932 74.717
202.192 76.846
202.452 43.310
202.712 26.106
202.972 31.902
203.231 48.032
203.491 55.828
203.751 64.291
204.011 66.754
204.271 67.550
204.531 55.679
204.791 53.809
205.051 47.605
205.311 19.734
205.570 -5.804
205.830 -17.675
206.090 6.454
206.350 27.917
206.610 32.712
206.870 34.508
207.130 50.636
207.390 52.098
207.650 43.893
207.909 51.022
208.169 80.150
208.429 80.612
208.689 49.407
208.949 39.201
209.209 51.329
209.469 58.457
209.729 60.252
209.989 52.713
210.248 63.507
210.508 64.635
210.768 83.762
211.028 88.223
211.288 83.016
211.548 72.143
211.808 70.604
212.068 75.730
212.328 91.857
212.587 81.984
212.847 70.110
213.107 56.570
213.367 59.363
213.627 60.822
213.887 51.948
214.147 47.741
214.407 32.533
214.667 32.658
214.926 34.117
215.186 51.243
215.446 60.701
215.706 65.159
215.966 62.951
216.226 56.409
216.486 61.534
216.746 80.658
217.006 90.782
217.265 87.906
217.525 62.030
217.785 54.821
218.045 53.611
218.305 54.401
218.565 49.192
218.825 49.981
219.085 53.104
219.345 46.227
219.604 35.017
219.864 47.806
220.124 63.595
220.384 68.051
220.644 52.173
220.904 46.295
221.164 59.750
221.424 62.538
221.684 55.326
221.943 65.114
222.203 66.235
222.463 60.689
222.723 42.143
222.983 35.597
223.243 46.051
223.503 46.505
223.763 47.958
224.023 62.078
224.282 60.198
224.542 69.984
224.802 60.436
225.062 66.889
225.322 66.341
225.582 61.460
225.842 46.245
226.102 40.363
226.362 42.148
226.621 41.266
226.881 43.384
227.141 45.168
227.401 54.952
227.661 61.070
227.921 59.853
228.181 53.970
228.441 54.087
228.701 73.870
228.960 86.320
229.220 81.769
229.480 67.218
229.740 58.001
230.000 64.116
230.260 67.231
230.520 72.346
230.780 68.128
231.040 64.576
231.299 70.357
231.559 83.471
231.819 91.919
232.079 91.366
232.339 65.480
232.599 57.260
232.859 72.040
233.119 94.820
233.379 104.266
233.638 94.378
233.898 101.491
234.158 111.603
234.418 115.048
234.678 91.493
234.938 64.938
235.198 45.716
235.458 48.828
235.718 60.939
235.978 78.383
236.237 88.160
236.497 86.270
236.757 85.380
237.017 84.824
237.277 88.933
237.537 75.376
237.797 65.819
238.057 73.928
238.317 82.037
238.576 85.145
238.836 66.920
239.096 49.695
239.356 44.470
239.616 55.911
239.876 54.352
240.136 64.459
240.396 62.900
240.656 77.673
240.915 73.447
241.175 50.886
241.435 41.993
241.695 46.099
241.955 65.871
242.215 83.977
242.475 69.415
242.735 55.521
242.995 52.292
243.254 71.730
243.514 86.501
243.774 90.272
244.034 99.376
244.294 101.147
244.554 84.917
244.814 50.021
245.074 48.124
245.334 47.560
245.593 59.663
245.853 56.765
246.113 86.201
246.373 112.303
246.633 116.738
246.893 96.840
247.153 75.275
247.413 74.043
247.673 81.477
247.932 88.244
248.192 89.345
248.452 88.445
248.712 85.879
248.972 85.312
249.232 66.078
249.492 46.178
249.752 40.944
250.012 55.043
250.271 78.808
250.531 99.573
250.791 120.338
251.051 136.436
251.311 120.868
251.571 97.299
251.831 73.730
252.091 71.160
252.351 77.590
252.610 73.354
252.870 49.451
253.130 35.547
253.390 48.976
253.650 78.072
253.911 87.835
254.172 83.930
254.433 93.692
254.694 110.121
254.955 111.215
255.216 108.310
255.477 100.071
255.738 87.165
255.999 71.926
256.261 67.686
256.522 81.780
256.783 79.206
257.044 56.966
257.305 33.059
257.566 21.485
257.827 35.578
258.088 58.003
258.349 81.095
258.610 84.520
258.871 89.945
259.132 79.370
259.393 57.461
259.654 24.885
259.915 9.309
260.176 31.733
260.437 54.823
260.698 71.914
260.959 80.337
261.221 97.093
261.482 122.182
261.743 115.605
262.004 105.027
262.265 89.449
262.526 84.205
262.787 74.293
263.048 62.715
263.309 66.802
263.570 83.890
263.831 98.978
264.092 98.398
264.353 101.152
264.614 92.239
264.875 77.992
265.136 72.079
265.397 81.498
265.658 109.584
265.919 113.337
266.181 109.756
266.442 80.175
266.703 62.260
266.964 64.011
267.225 90.430
267.486 105.181
267.747 114.599
268.008 114.349
268.269 101.767
268.530 89.184
268.791 88.934
269.052 81.351
269.313 63.434
269.574 58.517
269.835 74.933
270.096 105.349
270.357 109.431
270.618 101.513
270.879 92.262
271.141 85.677
271.402 92.092
271.663 91.839
271.924 99.921
272.185 112.001
272.446 109.416
272.707 98.163
272.968 89.576
273.229 83.990
273.490 83.403
273.751 79.149
274.012 68.562
274.273 57.975
274.534 47.387
274.795 62.799
275.056 74.878
275.317 77.957
275.578 85.368
275.839 86.446
276.101 78.191
276.362 55.602
276.623 55.013
276.884 73.090
277.145 101.834
277.406 109.244
277.667 106.988
277.928 96.731
278.189 100.474
278.450 117.883
278.711 129.293
278.972 113.368
279.233 93.777
279.494 81.186
279.755 83.595
280.016 78.336
280.277 82.078
280.538 91.152
280.799 91.894
281.061 81.968
281.322 70.375
281.583 59.782
281.844 32.856
282.105 29.596
282.366 44.336
282.627 87.076
282.888 111.816
283.149 124.888
283.410 134.628
283.671 117.033
283.932 81.105
284.193 58.844
284.454 70.916
284.715 96.988
284.976 94.059
285.237 100.464
285.498 112.868
285.759 121.939
286.021 101.010
286.282 74.080
286.543 60.484
286.804 51.221
287.065 48.624
287.326 37.361
287.587 38.097
287.848 57.166
288.109 66.236
288.370 69.972
288.631 54.707
288.892 40.109
289.153 18.511
289.414 32.913
289.675 64.648
289.936 102.716
290.197 118.117
290.458 132.185
290.719 147.252
290.981 135.986
291.242 118.720
291.503 88.454
291.764 60.521
292.025 52.587
292.286 66.654
292.547 79.387
292.808 73.120
293.069 69.186
293.330 93.251
293.591 116.650
293.852 93.382
294.113 66.114
294.374 55.846
294.635 74.578
294.896 89.976
295.157 95.041
295.418 112.772
295.679 123.503
295.941 115.900
296.202 90.964
296.463 75.695
296.724 73.758
296.985 79.155
297.246 65.218
297.507 56.615
297.768 61.011
298.029 77.740
298.290 98.803
298.551 114.532
298.812 108.595
299.073 89.657
299.334 68.719
299.595 63.114
299.856 78.842
300.117 86.570
300.378 83.632
300.639 68.026
300.901 69.421
301.162 96.148
301.423 128.876
301.684 148.936
301.945 133.330
302.206 98.057
302.467 63.450
302.728 74.177
302.989 91.903
303.250 117.963
303.511 113.689
303.772 106.082
304.033 90.141
304.294 83.867
304.555 84.259
304.816 84.984
305.077 104.376
305.338 124.101
305.599 128.159
305.861 116.884
306.122 98.609
306.383 106.667
306.644 101.724
306.905 93.448
307.166 82.839
307.427 81.563
307.688 86.287
307.949 94.344
308.210 103.734
308.471 115.124
308.732 98.180
308.993 71.570
309.254 49.626
309.515 58.349
309.776 77.738
310.037 83.460
310.298 68.516
310.559 71.238
310.821 88.293
311.082 89.348
311.343 69.070
311.604 35.125
311.865 39.513
312.126 53.568
312.387 79.289
312.648 96.343
312.909 97.064
313.170 100.451
313.434 95.839
313.698 94.226
313.963 84.946
314.227 85.333
314.491 90.053
314.755 100.106
315.019 92.492
315.284 90.879
315.548 87.265
315.812 88.651
316.076 83.703
316.340 85.756
316.604 98.475
316.869 112.860
317.133 111.579
317.397 112.630
317.661 107.349
317.925 93.734
318.190 81.118
318.454 81.836
318.718 95.221
318.982 106.939
319.246 135.990
319.511 139.707
319.775 125.424
320.039 94.142
320.303 96.192
320.567 104.576
320.832 89.959
321.096 76.009
321.360 71.059
321.624 67.775
321.888 57.492
322.153 38.874
322.417 41.590
322.681 53.640
322.945 83.022
323.209 111.404
323.473 118.120
323.738 114.835
324.002 109.884
324.266 106.599
324.530 86.647
324.794 68.696
325.059 74.410
325.323 97.458
325.587 110.840
325.851 114.887
326.115 100.602
326.380 94.649
326.644 84.030
326.908 86.744
327.172 97.791
327.436 117.505
327.701 119.551
327.965 111.598
328.229 89.645
328.493 76.691
328.757 71.071
329.022 75.117
329.286 78.164
329.550 76.876
329.814 71.256
330.078 73.301
330.342 69.347
330.607 69.393
330.871 93.438
331.135 115.150
331.399 131.862
331.663 122.241
331.928 114.619
332.192 115.330
332.456 140.709
332.720 165.420
332.984 175.131
333.249 148.509
333.513 110.220
333.777 71.264
334.041 40.308
334.305 43.019
334.570 60.063
334.834 94.440
335.098 107.150
335.362 106.527
335.626 102.904
335.891 97.947
336.155 96.657
336.419 79.367
336.683 66.743
336.947 54.119
337.211 59.162
337.476 70.871
337.740 79.247
338.004 77.290
338.268 63.332
338.532 59.374
338.797 74.750
339.061 101.792
339.325 127.167
339.589 136.542
339.853 135.251
340.118 142.626
340.382 146.000
340.646 126.708
340.910 85.083
341.174 45.791
341.439 28.165
341.703 38.206
341.967 66.914
342.231 97.955
342.495 110.329
342.759 101.036
343.024 93.410
343.288 97.450
343.552 83.490
343.816 63.197
344.080 49.237
344.345 64.277
344.609 76.984
344.873 73.023
345.137 67.730
345.401 56.103
345.666 69.475
345.930 95.515
346.194 114.221
346.458 99.927
346.722 61.632
346.987 49.005
347.251 54.043
347.515 68.416
347.779 90.788
348.043 95.159
348.308 102.198
348.572 97.570
348.836 83.275
349.100 58.313
349.364 43.684
349.628 62.056
349.893 90.760
350.157 109.798
350.421 126.836
350.685 130.540
350.949 115.244
351.214 101.282
351.478 95.319
351.742 92.690
352.006 85.727
352.270 81.097
352.535 102.467
352.799 128.504
353.063 140.874
353.327 143.245
353.591 122.281
353.856 104.318
354.120 98.354
354.384 114.724
354.648 134.427
354.912 119.130
355.177 88.832
355.441 78.202
355.705 83.904
355.969 97.607
356.233 94.976
356.497 93.345
356.762 87.714
357.026 79.082
357.290 83.451
357.554 88.153
357.818 102.521
358.083 95.223
358.347 88.258
358.611 74.293
358.875 78.661
359.139 84.696
359.404 97.064
359.668 108.099
359.932 119.133
360.196 108.501
360.460 92.535
360.725 87.903
360.989 95.604
361.253 107.305
361.517 109.005
361.781 111.706
362.046 117.740
362.310 112.107
362.574 111.140
362.838 109.841
363.102 106.208
363.366 85.908
363.631 61.608
363.895 64.641
364.159 90.674
364.423 116.374
364.687 120.074
364.952 136.107
365.216 135.473
365.480 122.839
365.747 101.872
366.013 88.238
366.280 82.937
366.546 60.303
366.813 65.335
367.079 91.034
367.346 118.733
367.612 121.765
367.879 116.130
368.145 101.829
368.412 80.528
368.678 65.226
368.945 67.925
369.211 82.290
369.478 78.321
369.744 77.686
370.011 83.051
370.278 93.082
370.544 84.780
370.811 80.145
371.077 83.843
371.344 86.874
371.610 72.905
371.877 68.936
372.143 79.633
372.410 106.331
372.676 123.028
372.943 127.059
373.209 119.089
373.476 100.453
373.742 73.150
374.009 55.847
374.276 44.878
374.542 51.574
374.809 58.271
375.075 65.968
375.342 70.331
375.608 78.028
375.875 101.724
376.141 111.421
376.408 110.784
376.674 93.480
376.941 94.510
377.207 122.872
377.474 150.235
377.740 144.265
378.007 118.961
378.273 102.990
378.540 115.352
378.807 104.715
379.073 69.410
379.340 52.773
379.606 52.801
379.873 74.164
380.139 85.859
380.406 90.221
380.672 90.916
380.939 79.611
381.205 77.973
381.472 72.335
381.738 73.697
382.005 72.725
382.271 68.753
382.538 82.448
382.804 79.809
383.071 93.504
383.338 92.532
383.604 106.893
383.871 116.921
384.137 115.949
384.404 106.310
384.670 83.337
384.937 92.698
385.203 104.392
385.470 120.753
385.736 118.780
386.003 122.808
386.269 116.168
386.536 101.195
386.802 94.556
387.069 118.916
387.336 149.276
387.602 147.970
387.869 132.997
388.135 112.690
388.402 111.384
388.668 109.410
388.935 118.437
389.201 137.130
389.468 144.156
389.734 124.516
390.001 105.209
390.267 100.236
390.534 113.595
390.800 116.955
391.067 109.647
391.333 110.007
391.600 120.366
391.867 128.059
392.133 124.084
392.400 107.777
392.666 107.136
392.933 110.495
393.199 117.521
393.466 125.880
393.732 126.905
393.999 133.264
394.265 131.956
394.532 123.648
394.798 105.340
395.065 102.032
395.331 117.057
395.598 133.082
395.864 137.107
396.131 128.465
396.398 125.490
396.664 128.182
396.931 141.540
397.197 146.231
397.464 162.923
397.730 187.614
397.997 236.972
398.263 254.996
398.530 265.354
398.796 266.379
399.063 279.403
399.329 307.427
399.596 325.451
399.862 339.809
400.129 344.833
400.396 344.857
400.662 368.215
400.929 383.572
401.195 379.262
401.462 345.620
401.728 328.310
401.995 339.667
402.261 351.358
402.528 361.381
402.794 379.071
403.061 422.762
403.327 445.785
403.594 441.809
403.860 411.832
404.127 387.522
404.393 384.212
404.660 382.902
404.931 385.258
405.202 390.948
405.473 410.638
405.745 433.328
406.016 454.684
406.287 479.040
406.558 503.063
406.829 523.086
407.100 556.108
407.371 580.131
407.642 594.154
407.914 571.843
408.185 551.866
408.456 558.221
408.727 575.577
408.998 592.600
409.269 590.622
409.540 568.978
409.811 541.667
410.083 527.689
410.354 531.711
410.625 561.066
410.896 601.422
411.167 603.777
411.438 563.466
411.709 528.154
411.981 505.176
412.252 480.198
412.523 427.886
412.794 396.908
413.065 384.596
413.336 368.285
413.607 362.640
413.878 356.661
414.150 327.349
414.421 305.371
414.692 277.059
414.963 266.747
415.234 251.768
415.505 254.123
415.776 270.810
416.047 261.165
416.319 229.853
416.590 178.207
416.861 152.561
417.132 144.916
417.403 139.603
417.674 110.291
417.945 98.312
418.217 122.999
418.488 120.020
418.759 103.374
419.030 95.394
419.301 126.748
419.572 138.102
419.843 109.123
420.114 98.810
420.386 110.830
420.657 126.517
420.928 114.871
421.199 112.225
421.470 109.911
421.741 109.932
422.012 91.618
422.283 73.638
422.555 85.992
422.826 104.012
423.097 128.032
423.368 128.052
423.639 121.072
423.910 112.758
424.181 116.111
424.453 117.131
424.724 119.151
424.995 112.170
425.266 104.190
425.537 101.210
425.808 109.229
426.079 128.582
426.350 137.935
426.622 151.621
426.893 139.640
427.164 111.660
427.435 77.012
427.706 74.698
427.977 90.051
428.248 112.736
428.519 115.089
428.791 119.775
429.062 103.127
429.333 99.479
429.604 90.498
429.875 92.517
430.146 91.869
430.417 90.888
430.689 90.907
430.960 96.259
431.231 109.945
431.502 126.630
431.773 123.982
432.044 126.667
432.315 113.686
432.586 113.371
432.858 105.723
433.129 111.074
433.400 115.426
433.671 108.445
433.942 96.129
434.213 87.481
434.484 93.499
434.755 98.851
435.027 106.869
435.298 112.887
435.569 114.239
435.840 113.923
436.116 111.275
436.391 113.626
436.667 130.644
436.942 144.328
437.218 160.013
437.493 159.031
437.769 147.382
438.045 136.400
438.320 123.417
438.596 132.435
438.871 145.453
439.147 143.470
439.422 127.488
439.698 103.505
439.974 104.523
440.249 115.874
440.525 108.224
440.800 109.242
441.076 121.259
441.351 158.610
441.627 185.960
441.903 179.311
442.178 153.661
442.454 127.012
442.729 113.029
443.005 111.379
443.281 118.063
443.556 140.080
443.832 159.764
444.107 148.114
444.383 118.464
444.658 95.814
444.934 102.498
445.210 122.848
445.485 151.532
445.761 149.215
446.036 146.898
446.312 135.248
446.587 132.598
446.863 138.281
447.139 141.965
447.414 155.648
447.690 156.331
447.965 153.014
448.241 147.364
448.516 142.047
448.792 148.730
449.068 171.413
449.343 186.763
449.619 205.112
449.894 203.795
450.170 214.811
450.445 197.161
450.721 174.844
450.997 162.193
451.272 160.542
451.548 170.225
451.823 173.908
452.099 172.590
452.375 167.273
452.650 161.955
452.926 155.971
453.201 173.987
453.477 181.003
453.752 187.352
454.028 200.034
454.304 228.717
454.579 256.066
454.855 250.081
455.130 239.097
455.406 231.112
455.681 223.795
455.957 211.144
456.233 209.826
456.508 211.841
456.784 201.190
457.059 201.872
457.335 201.887
457.610 201.236
457.886 189.584
458.162 175.266
458.437 165.282
458.713 151.297
458.988 150.312
459.264 153.327
459.539 164.675
459.815 164.024
460.091 162.706
460.366 137.387
460.642 130.402
460.917 133.751
461.193 148.765
461.468 145.114
461.744 127.795
462.020 118.143
462.295 117.158
462.571 117.506
462.846 141.188
463.122 158.869
463.397 155.182
463.673 130.494
463.949 110.136
464.224 121.473
464.500 138.190
464.775 146.815
465.051 149.160
465.327 155.057
465.602 153.787
465.878 128.803
466.153 108.896
466.429 120.840
466.704 157.235
466.980 197.288
467.256 231.178
467.531 256.697
467.807 265.219
468.082 253.889
468.358 250.393
468.633 230.837
468.909 218.447
469.185 209.571
469.460 218.518
469.736 222.363
470.011 210.976
470.287 188.554
470.562 167.523
470.838 172.500
471.114 191.479
471.389 216.876
471.665 215.000
471.940 200.993
472.216 176.846
472.491 167.864
472.767 176.112
473.043 195.787
473.318 196.592
473.594 173.075
473.869 134.992
474.145 109.292
474.421 107.610
474.696 106.640
474.972 114.532
475.247 125.791
475.523 150.643
475.798 160.800
476.074 154.025
476.350 135.350
476.625 137.453
476.901 134.751
477.176 124.511
477.452 120.690
477.727 118.920
478.003 132.793
478.279 140.211
478.554 154.509
478.830 174.784
479.105 172.996
479.381 157.623
479.656 137.245
479.932 138.838
480.208 148.500
480.483 151.796
480.759 145.975
481.034 144.590
481.310 149.167
481.585 139.338
481.861 123.423
482.137 107.908
482.412 116.467
482.688 135.067
482.963 143.956
483.239 148.216
483.514 154.738
483.790 172.600
484.066 164.755
484.341 153.293
484.617 135.479
484.892 141.331
485.168 136.895
485.443 136.863
485.719 143.672
485.995 163.709
486.270 159.216
486.546 141.916
486.821 111.736
487.097 106.699
487.373 99.957
487.648 103.773
487.924 113.799
488.199 118.332
488.475 125.753
488.750 127.356
489.026 109.668
489.302 91.706
489.577 77.262
489.853 101.069
490.128 125.492
490.404 141.128
490.679 153.437
490.955 161.546
491.231 160.253
491.506 149.273
491.782 139.883
492.057 145.114
492.333 146.386
492.608 141.506
492.884 119.339
493.160 102.773
493.435 108.754
493.711 121.201
493.986 137.879
494.262 126.779
494.537 119.676
494.813 92.600
495.089 79.591
495.364 80.292
495.640 108.790
495.915 142.646
496.191 160.496
496.467 165.573
496.742 154.246
497.018 144.490
497.293 123.576
497.569 101.290
497.844 86.909
498.120 100.603
498.396 108.307
498.671 123.632
498.947 134.667
499.222 156.969
499.498 172.657
499.773 175.495
500.049 187.984
500.325 194.629
500.600 203.218
500.876 218.286
501.151 238.646
501.427 267.404
501.702 292.375
501.978 333.603
502.254 367.245
502.529 401.716
502.805 433.442
503.080 452.010
503.356 455.823
503.631 449.397
503.907 453.570
504.183 462.652
504.458 462.844
504.734 481.238
505.009 490.696
505.285 489.359
505.560 475.036
505.836 477.071
506.112 473.525
506.387 444.055
506.663 392.666
506.938 357.474
507.214 339.175
507.490 317.760
507.765 300.387
508.041 297.597
508.316 287.010
508.592 268.286
508.867 250.450
509.143 255.316
509.419 253.755
509.694 243.224
509.970 225.527
510.245 205.642
510.521 164.050
510.796 134.946
511.072 113.187
511.348 124.092
511.623 140.790
511.899 170.124
512.174 183.128
512.450 173.431
512.725 147.877
513.001 115.755
513.277 105.359
513.552 117.015
513.828 139.219
514.103 164.464
514.379 162.079
514.654 158.340
514.930 182.240
515.206 219.729
515.481 214.053
515.757 163.901
516.032 141.361
516.308 166.903
516.583 185.552
516.859 185.055
517.135 194.849
517.410 203.819
517.686 217.961
517.961 214.267
518.237 218.540
518.513 234.300
518.788 268.066
519.064 303.367
519.339 318.321
519.615 322.729
519.890 339.454
520.166 380.862
520.442 425.894
520.717 442.281
520.993 447.745
521.268 448.075
521.544 466.578
521.819 466.464
522.095 470.989
522.371 481.244
522.646 495.966
522.922 497.737
523.197 493.917
523.473 502.059
523.748 520.733
524.024 524.251
524.300 517.562
524.575 508.001
524.851 504.027
525.126 500.208
525.402 497.347
525.677 500.861
525.953 500.074
526.229 488.281
526.504 484.466
526.780 485.271
527.055 510.480
527.331 545.602
527.606 575.914
527.882 582.164
528.158 586.711
528.433 582.167
528.709 572.301
528.984 555.391
529.260 554.944
529.535 565.370
529.811 562.991
530.087 550.065
530.362 548.192
530.638 548.232
530.913 541.185
531.189 500.551
531.465 460.012
531.740 440.365
532.016 430.663
532.291 416.228
532.567 389.076
532.842 380.107
533.118 372.921
533.394 358.174
533.669 315.429
533.945 273.196
534.220 247.346
534.496 251.094
534.771 266.617
535.047 278.916
535.323 280.963
535.598 277.808
535.874 271.068
536.149 255.361
536.425 237.609
536.700 237.554
536.976 278.019
537.252 320.555
537.527 362.325
537.803 406.808
538.078 484.938
538.354 565.257
538.629 651.053
538.905 714.752
539.181 777.965
539.456 854.055
539.732 933.620
540.007 1003.671
540.283 1050.406
540.558 1103.834
540.834 1159.971
541.110 1201.338
541.385 1231.106
541.661 1273.138
541.936 1286.767
542.212 1293.138
542.488 1280.593
542.763 1299.210
543.039 1294.351
543.314 1267.408
543.590 1238.726
543.865 1224.589
544.141 1197.454
544.417 1160.720
544.692 1154.770
544.968 1180.003
545.243 1162.137
545.519 1111.518
545.794 1063.481
546.070 1048.946
546.348 1023.109
546.627 999.921
546.905 985.343
547.183 976.421
547.461 974.780
547.740 969.152
548.018 963.864
548.296 960.562
548.575 975.144
548.853 1010.902
549.131 1053.246
549.409 1087.641
549.688 1107.146
549.966 1103.847
550.244 1104.147
550.523 1125.871
550.801 1134.360
551.079 1162.643
551.357 1184.611
551.636 1213.431
551.914 1216.195
552.192 1239.161
552.471 1259.792
552.749 1271.471
553.027 1281.575
553.306 1321.722
553.584 1368.719
553.862 1373.203
554.140 1339.078
554.419 1316.177
554.697 1328.784
554.975 1339.684
555.254 1320.174
555.532 1315.257
555.810 1353.476
556.088 1397.695
556.367 1398.319
556.645 1358.952
556.923 1320.155
557.202 1272.675
557.480 1224.528
557.758 1177.152
558.036 1153.385
558.315 1137.472
558.593 1109.963
558.871 1061.884
559.150 1000.320
559.428 939.101
559.706 891.808
559.984 837.834
560.263 770.635
560.541 690.124
560.819 627.527
561.098 587.576
561.376 537.502
561.654 488.292
561.932 430.487
562.211 389.996
562.489 356.631
562.767 321.416
563.046 276.844
563.324 243.018
563.602 224.385
563.880 230.470
564.159 250.140
564.437 256.865
564.715 236.399
564.994 203.232
565.272 182.710
565.550 170.561
565.828 165.392
566.107 162.627
566.385 165.513
566.663 167.239
566.942 175.251
567.220 185.290
567.498 170.934
567.776 145.040
568.055 132.547
568.333 133.932
568.611 145.891
568.890 139.003
569.168 129.815
569.446 117.724
569.725 111.974
570.003 106.217
570.281 108.838
570.559 119.239
570.838 133.525
571.116 154.280
571.394 157.285
571.673 159.652
571.951 158.157
572.229 173.160
572.507 190.452
572.786 189.007
573.064 175.505
573.342 152.949
573.621 130.628
573.899 120.364
574.177 118.506
574.455 132.314
574.734 149.032
575.012 155.982
575.290 161.966
575.569 162.139
575.847 163.554
576.125 141.402
576.403 114.316
576.682 102.379
576.960 111.964
577.243 130.420
577.527 127.799
577.810 110.466
578.093 100.404
578.377 94.924
578.660 106.178
578.944 109.230
579.227 131.138
579.510 154.766
579.794 161.750
580.077 154.867
580.360 146.988
580.644 156.747
580.927 148.896
581.210 129.468
581.494 111.290
581.777 110.712
582.061 112.413
582.344 113.163
582.627 110.217
582.911 125.893
583.194 131.928
583.477 135.963
583.761 136.302
584.044 145.679
584.327 137.068
584.611 125.803
584.894 105.496
585.178 92.849
585.461 98.183
585.744 98.892
586.028 121.584
586.311 130.301
586.594 137.975
586.878 134.315
587.161 119.655
587.444 124.661
587.728 147.001
588.011 157.008
588.295 153.968
588.578 154.581
588.861 162.254
589.145 152.675
589.428 124.076
589.711 98.386
589.995 96.988
590.278 104.995
590.562 108.997
590.845 122.276
591.128 137.837
591.412 147.834
591.695 136.862
591.978 131.929
592.262 136.168
592.545 144.491
592.828 124.788
593.112 113.163
593.395 105.111
593.679 129.322
593.962 154.795
594.245 165.046
594.529 136.446
594.812 102.953
595.095 96.907
595.379 106.522
595.662 118.057
595.945 111.078
596.229 117.210
596.512 122.092
596.796 135.561
597.079 151.409
597.362 163.525
597.646 164.473
597.929 164.693
598.212 155.091
598.496 156.646
598.779 152.974
599.062 151.617
599.346 144.670
599.629 136.029
599.913 139.885
600.196 142.430
600.479 137.182
600.763 123.979
601.046 111.846
601.329 120.293
601.613 128.165
601.896 139.237
602.179 139.194
602.463 143.413
602.746 154.879
603.030 153.201
603.313 147.925
603.596 141.284
603.880 150.721
604.163 158.476
604.446 164.637
604.730 176.924
605.013 188.357
605.296 195.872
605.580 185.172
605.863 163.957
606.147 152.209
606.430 154.767
606.713 161.302
606.997 167.128
607.280 154.087
607.563 143.246
607.847 115.558
608.130 110.997
608.414 125.064
608.697 144.985
608.980 152.920
609.264 159.832
609.547 178.773
609.830 181.667
610.114 173.510
610.397 157.467
610.680 153.605
610.964 157.581
611.247 154.144
611.531 133.264
611.814 115.658
612.097 113.981
612.381 137.539
612.664 142.452
612.947 143.158
613.231 139.942
613.514 146.864
613.797 155.431
614.081 162.313
614.364 163.301
614.648 141.368
614.931 131.550
615.214 142.420
615.498 164.148
615.781 173.433
616.064 157.094
616.348 142.048
616.631 147.959
616.914 161.144
617.198 166.404
617.481 169.163
617.765 185.405
618.048 194.058
618.331 188.593
618.615 180.436
618.898 179.179
619.181 166.056
619.465 136.781
619.748 125.343
620.031 111.896
620.315 119.284
620.598 136.629
620.882 157.940
621.165 159.026
621.448 150.859
621.732 138.647
622.015 136.126
622.298 142.275
622.582 165.760
622.865 183.164
623.148 189.350
623.432 160.792
623.715 140.975
623.999 131.469
624.282 146.752
624.565 147.212
624.849 139.710
625.132 139.485
625.415 153.065
625.699 162.537
625.982 162.027
626.265 157.709
626.549 150.701
626.832 141.563
627.116 124.733
627.399 124.638
627.682 134.921
627.966 148.210
628.249 145.720
628.532 144.844
628.816 141.661
629.099 133.469
629.383 124.608
629.666 136.313
629.949 131.739
630.233 135.035
630.516 139.941
630.799 149.208
631.083 150.205
631.366 146.748
631.649 150.045
631.933 146.381
632.216 147.630
632.500 173.762
632.783 183.482
633.066 174.352
633.350 168.464
633.633 179.275
633.916 197.450
634.200 202.368
634.483 215.951
634.766 209.167
635.050 200.128
635.333 173.415
635.617 168.084
635.900 184.445
636.183 223.275
636.467 266.423
636.750 284.441
637.033 300.328
637.317 303.102
637.600 297.954
637.883 286.091
638.167 304.137
638.450 341.335
638.734 370.502
639.017 390.482
639.300 398.784
639.584 420.812
639.867 427.860
640.150 440.961
640.434 451.422
640.717 468.425
641.000 484.488
641.284 480.585
641.567 478.571
641.851 501.494
642.134 531.887
642.417 559.318
642.701 553.849
642.984 569.488
643.267 583.089
643.551 601.419
643.834 612.035
644.117 629.722
644.401 661.592
644.684 709.758
644.968 764.064
645.251 817.134
645.534 867.867
645.818 941.367
646.101 1034.913
646.384 1153.203
646.668 1286.228
646.951 1437.593
647.235 1600.591
647.518 1771.159
647.801 1931.540
648.085 2089.752
648.368 2265.195
648.651 2483.102
648.935 2722.115
649.218 2976.417
649.501 3245.097
649.785 3529.666
650.068 3787.611
650.352 4034.356
650.635 4260.924
650.918 4500.038
651.202 4766.074
651.485 5071.990
651.768 5386.468
652.052 5643.863
652.335 5901.501
652.618 6182.604
652.902 6531.949
653.185 6841.419
653.469 7091.391
653.752 7257.083
654.035 7415.286
654.319 7500.706
654.602 7524.897
654.885 7556.614
655.169 7592.439
655.452 7657.882
655.735 7705.498
656.019 7810.621
656.302 7931.254
656.586 8038.394
656.869 8125.446
657.152 8194.865
657.436 8225.341
657.719 8232.896
658.002 8214.438
658.286 8227.833
658.569 8274.754
658.852 8323.114
659.136 8327.366
659.419 8371.276
659.703 8451.484
659.986 8590.714
660.269 8661.011
660.553 8717.439
660.836 8719.914
661.119 8750.953
661.403 8789.524
661.686 8805.369
661.969 8760.112
662.253 8701.225
662.536 8659.551
662.820 8612.449
663.103 8519.031
663.386 8421.672
663.670 8314.370
663.953 8221.368
664.236 8080.087
664.520 7933.590
664.803 7779.710
665.086 7649.353
665.370 7490.627
665.653 7308.516
665.937 7100.451
666.220 6908.532
666.503 6701.978
666.787 6488.842
667.070 6279.643
667.353 6026.774
667.637 5762.230
667.920 5492.682
668.204 5286.915
668.487 5070.656
668.770 4819.906
669.054 4518.252
669.337 4208.988
669.620 3892.631
669.904 3604.494
670.187 3338.136
670.470 3107.241
670.754 2895.596
671.037 2691.684
671.321 2495.291
671.604 2331.769
671.887 2185.396
672.171 2017.030
672.454 1809.457
672.737 1632.057
673.021 1520.550
673.304 1438.139
673.587 1359.110
673.871 1272.872
674.154 1188.719
674.438 1108.807
674.721 1047.219
675.004 982.783
675.288 923.423
675.571 859.237
675.854 809.000
676.138 769.003
676.421 736.108
676.704 713.666
676.988 697.740
677.271 670.761
677.555 639.176
677.838 607.500
678.121 584.951
678.405 580.327
678.688 554.530
678.971 540.753
679.255 522.827
679.538 521.448
679.821 509.521
680.105 463.668
680.388 405.817
680.672 350.206
680.955 319.951
681.238 309.906
681.522 298.783
681.805 279.097
682.088 250.923
682.372 226.326
682.655 221.967
682.938 218.570
683.222 212.034
683.505 199.227
683.789 190.946
684.072 179.398
684.355 178.644
684.639 177.190
684.922 192.155
685.205 215.820
685.489 235.046
685.772 235.199
686.056 216.896
686.339 193.503
686.622 177.353
686.906 180.006
687.189 205.758
687.472 226.212
687.756 237.351
688.039 215.086
688.322 210.994
688.606 205.082
688.889 212.741
689.173 215.181
689.456 222.492
689.739 224.162
690.023 224.089
690.306 226.010
690.589 236.273
690.873 226.758
691.156 203.438
691.439 181.589
691.723 172.980
692.006 181.932
692.290 202.235
692.573 230.622
692.856 230.762
693.140 227.069
693.423 222.927
693.706 224.860
693.990 218.853
694.273 218.528
694.556 228.873
694.840 229.910
695.123 216.498
695.407 192.831
695.690 188.221
695.973 187.746
696.257 200.038
696.540 208.402
696.830 209.984
697.120 215.323
697.410 219.960
697.699 246.397
697.989 260.001
698.279 249.336
698.569 238.410
698.859 238.488
699.149 246.793
699.439 236.256
699.729 204.449
700.018 195.121
700.308 187.236
700.598 204.969
700.888 227.033
701.178 255.109
701.468 253.539
701.758 218.747
702.048 180.048
702.337 177.408
702.627 179.374
702.917 181.512
703.207 172.588
703.497 177.724
703.787 185.384
704.077 192.295
704.366 187.160
704.656 160.783
704.946 133.146
705.236 130.537
705.526 146.102
705.816 143.037
706.106 131.312
706.396 130.392
706.685 143.824
706.975 133.706
707.265 121.462
707.555 115.090
707.845 115.424
708.135 107.657
708.425 106.256
708.715 115.385
709.004 134.493
709.294 145.220
709.584 157.962
709.874 161.810
710.164 142.813
710.454 106.016
710.744 70.188
711.034 79.574
711.323 103.147
711.613 126.693
711.903 145.992
712.193 163.982
712.483 173.818
712.773 148.838
713.063 123.797
713.352 100.034
713.642 101.120
713.932 108.712
714.222 121.224
714.512 126.134
714.802 137.562
715.092 142.809
715.382 131.062
715.671 105.709
715.961 95.258
716.251 96.774
716.541 99.288
716.831 97.522
717.121 109.456
717.411 129.409
717.701 142.426
717.990 130.245
718.280 112.005
718.570 112.828
718.860 128.749
719.150 148.442
719.440 145.307
719.730 150.353
720.019 150.406
720.309 151.364
720.599 142.909
720.889 133.442
721.179 142.197
721.469 147.721
721.759 147.166
722.049 149.778
722.338 151.160
722.628 157.281
722.918 162.257
723.208 158.143
723.498 163.739
723.788 158.669
724.078 146.597
724.368 126.099
724.657 103.711
724.947 108.897
725.237 117.973
725.527 117.655
725.817 115.159
726.107 109.764
726.397 87.622
726.686 67.316
726.976 67.319
727.266 92.789
727.556 106.363
727.846 106.366
728.136 113.225
728.426 114.551
728.716 119.471
729.005 123.673
729.295 117.592
729.585 111.135
729.875 120.885
730.165 148.019
730.455 156.182
730.745 128.733
731.035 123.383
731.324 135.360
731.614 159.688
731.904 159.968
732.194 140.624
732.484 128.359
732.774 117.709
733.064 111.552
733.354 111.355
733.643 115.657
733.933 128.389
734.223 128.675
734.513 125.468
734.803 116.082
735.093 110.310
735.383 106.120
735.672 113.722
735.962 122.234
736.252 126.259
736.542 109.325
736.832 82.012
737.122 68.328
737.412 77.211
737.702 96.532
737.991 116.277
738.281 122.534
738.571 111.821
738.861 107.932
739.151 124.362
739.441 135.482
739.731 143.408
740.021 146.534
740.310 147.017
740.600 116.806
740.890 95.808
741.180 93.178
741.470 116.254
741.760 143.239
742.050 155.842
742.339 158.897
742.629 149.137
742.919 143.163
743.209 121.735
743.499 94.399
743.789 88.546
744.079 107.672
744.369 130.497
744.658 127.200
744.948 126.959
745.238 130.265
745.528 150.176
745.818 149.229
746.108 139.740
746.398 120.266
746.688 121.966
746.977 127.265
747.267 147.182
747.557 170.423
747.847 174.836
748.137 161.626
748.427 122.254
748.717 83.119
749.006 74.530
749.296 84.456
749.586 107.714
749.876 112.365
750.166 108.455
750.456 110.530
750.746 111.936
751.036 127.941
751.325 134.644
751.615 137.016
751.905 133.118
752.195 126.835
752.485 122.247
752.775 124.298
753.065 146.030
753.355 165.719
753.644 174.568
753.934 153.632
754.224 155.141
754.514 124.663
754.804 93.907
755.094 54.735
755.384 74.798
755.674 117.262
755.963 153.762
756.253 167.472
756.543 163.227
756.833 143.484
757.123 120.157
757.413 111.785
757.703 120.533
757.992 124.849
758.282 130.882
758.572 134.235
758.862 152.370
759.152 145.632
759.442 138.600
759.732 119.843
760.022 117.242
760.311 99.177
760.601 88.154
760.891 95.489
761.181 118.631
761.471 124.034
761.761 115.063
762.051 111.042
762.341 112.723
762.630 108.362
762.920 109.455
763.210 125.906
763.500 140.008
763.793 140.640
764.086 121.810
764.379 122.773
764.671 115.691
764.964 116.365
765.257 109.068
765.550 97.382
765.843 84.014
766.136 83.680
766.429 98.093
766.722 111.467
767.014 95.990
767.307 76.187
767.600 48.370
767.893 51.420
768.186 80.339
768.479 110.920
768.772 112.939
769.064 96.781
769.357 93.088
769.650 120.588
769.943 140.732
770.236 144.095
770.529 117.608
770.822 96.157
771.115 91.152
771.407 108.002
771.700 126.247
771.993 136.004
772.286 138.984
772.579 136.874
772.872 140.867
773.165 121.716
773.457 98.556
773.750 73.715
774.043 86.572
774.336 95.624
774.629 110.427
774.922 107.023
775.215 114.379
775.508 117.626
775.800 125.606
776.093 125.234
776.386 117.891
776.679 103.795
776.972 110.551
777.265 119.240
777.558 133.581
777.850 138.853
778.143 137.179
778.436 137.851
778.729 132.829
779.022 143.177
779.315 133.465
779.608 120.067
779.900 105.999
780.193 95.923
780.486 108.231
780.779 120.152
781.072 151.888
781.365 151.601
781.658 132.957
781.951 109.853
782.243 109.521
782.536 111.531
782.829 112.947
783.122 124.273
783.415 144.305
783.708 154.968
784.001 145.609
784.293 138.213
784.586 131.486
784.879 126.725
785.172 113.034
785.465 101.680
785.758 99.720
786.051 117.331
786.344 138.657
786.636 137.952
786.929 135.087
787.222 129.751
787.515 120.685
787.808 101.864
788.101 97.110
788.394 114.096
788.686 140.124
788.979 152.447
789.272 154.732
789.565 153.967
789.858 136.986
790.151 116.391
790.444 93.495
790.737 83.480
791.029 90.773
791.322 95.013
791.615 115.023
791.908 141.306
792.201 151.943
792.494 135.867
792.787 116.200
793.079 110.184
793.372 123.179
793.665 128.499
793.958 131.861
794.251 123.519
794.544 115.546
794.837 115.216
795.130 120.572
795.422 120.574
795.715 120.283
796.008 107.296
796.301 96.635
796.594 95.895
796.887 98.585
797.180 95.957
797.472 89.019
797.765 104.927
798.058 132.845
798.351 153.452
798.644 132.232
798.937 98.316
799.230 94.995
799.523 108.623
799.815 118.616
800.108 106.987
800.401 124.993
800.694 149.256
800.987 166.981
801.280 163.378
801.573 149.170
801.865 133.815
802.158 119.792
802.451 120.086
802.744 116.097
803.037 108.147
803.330 111.809
803.623 118.464
803.915 119.466
804.208 110.926
804.501 120.731
804.794 139.100
805.087 130.788
805.380 107.767
805.673 92.139
805.966 94.479
806.258 97.246
806.551 98.360
806.844 117.883
807.137 126.921
807.430 130.939
807.723 123.530
808.016 129.986
808.308 135.008
808.601 132.412
808.894 129.441
809.187 122.493
809.480 125.471
809.773 123.752
810.066 128.157
810.359 118.912
810.651 99.175
810.944 88.165
811.237 97.585
811.530 103.358
811.825 99.323
812.119 76.117
812.414 82.180
812.709 97.450
813.003 118.388
813.298 137.070
813.593 128.976
813.887 156.145
814.182 159.640
814.476 179.378
814.771 152.119
815.066 137.612
815.360 117.007
815.655 94.968
815.950 70.259
816.244 69.008
816.539 96.230
816.834 137.783
817.128 153.076
817.423 158.329
817.718 139.148
818.012 117.542
818.307 99.888
818.602 97.536
818.896 118.519
819.191 124.183
819.486 123.615
819.780 130.351
820.075 146.369
820.369 148.289
820.664 150.877
820.959 147.883
821.253 135.145
821.548 106.250
821.843 102.255
822.137 118.367
822.432 132.043
822.727 120.066
823.021 116.370
823.316 118.294
823.611 118.133
823.905 112.806
824.200 105.750
824.495 115.784
824.789 118.983
825.084 104.569
825.379 98.987
825.673 103.730
825.968 109.830
826.262 113.629
826.557 119.778
826.852 145.319
827.146 153.359
827.441 153.361
827.736 130.396
828.030 102.499
828.325 94.716
828.620 102.866
828.914 89.046
829.209 84.411
829.504 90.243
829.798 120.880
830.093 122.885
830.388 106.600
830.682 105.028
830.977 119.503
831.271 140.850
831.566 139.831
831.861 115.735
832.155 97.963
832.450 108.492
832.745 121.202
833.039 114.670
833.334 107.884
833.629 99.116
833.923 105.709
834.218 84.397
834.513 72.693
834.807 59.029
835.102 65.988
835.397 73.585
835.691 81.933
835.986 71.273
836.281 79.296
836.575 93.461
836.870 103.532
837.164 88.491
837.459 90.771
837.754 108.412
838.048 119.247
838.343 108.015
838.638 106.681
838.932 127.001
839.227 142.852
839.522 145.559
839.816 133.230
840.111 113.782
840.406 112.123
840.700 122.146
840.995 137.290
841.290 139.679
841.584 153.270
841.879 171.311
842.174 185.821
842.468 166.589
842.763 138.497
843.057 112.969
843.352 99.516
843.647 98.274
843.941 103.980
844.236 113.200
844.531 136.690
844.825 144.598
845.120 144.061
845.415 117.829
845.709 94.016
846.004 76.264
846.299 96.793
846.593 107.203
846.888 121.699
847.183 103.665
847.477 97.560
847.772 111.102
848.066 131.142
848.361 141.921
848.656 131.918
848.950 114.998
849.245 104.460
849.540 116.388
849.834 144.760
850.129 165.531
850.424 160.344
850.718 139.038
851.013 124.497
851.308 112.201
851.602 113.403
851.897 133.688
852.192 156.523
852.486 144.488
852.781 123.743
853.076 116.053
853.370 125.172
853.665 123.149
853.959 105.121
854.254 103.419
854.549 96.890
854.843 97.853
855.138 107.070
855.433 138.563
855.727 161.057
856.022 166.539
856.317 155.391
856.611 143.432
856.906 139.334
857.201 150.204
857.495 179.441
857.790 210.290
858.085 210.579
858.379 175.700
858.674 137.651
858.969 123.397
859.263 119.448
859.558 119.075
859.852 122.757
860.147 133.804
860.442 111.288
860.736 94.172
861.031 104.329
861.326 130.388
861.620 143.041
861.915 137.103
862.210 125.341
862.504 116.396
862.799 111.382
863.094 125.249
863.388 121.533
863.683 105.000
863.978 89.160
864.272 88.138
864.567 98.419
864.861 106.810
865.156 112.460
865.451 123.828
865.745 134.420
866.040 145.385
866.335 143.671
866.629 141.649
866.924 137.953
867.219 137.285
867.513 129.089
867.808 106.367
868.103 92.122
868.397 103.957
868.692 129.104
868.987 140.947
869.281 136.519
869.576 130.486
869.871 124.827
870.165 126.865
870.460 127.256
870.754 122.443
871.049 116.206
871.344 111.327
871.638 111.761
871.933 107.894
872.228 110.672
872.522 120.559
872.817 137.611
873.112 154.267
873.406 153.493
873.701 133.093
873.996 129.045
874.290 114.280
874.585 100.236
874.880 78.348
875.174 85.947
875.469 109.327
875.764 124.676
876.058 121.884
876.353 113.018
876.647 106.093
876.942 115.891
877.237 161.918
877.531 180.384
877.826 159.107
878.121 127.465
878.415 101.809
878.710 107.606
879.005 112.702
879.299 109.648
879.594 90.631
879.889 81.387
880.183 84.325
880.478 106.913
880.773 110.146
881.067 97.858
881.362 75.916
881.656 77.872
881.951 79.550
882.246 83.736
882.540 88.086
882.835 106.623
883.130 114.399
883.424 101.090
883.719 94.395
884.014 94.520
884.308 109.805
884.603 110.481
884.898 124.365
885.192 122.945
885.487 114.337
885.782 108.432
886.076 110.285
886.371 102.983
886.666 74.761
886.960 55.555
887.255 57.864
887.549 94.769
887.844 129.138
888.139 145.642
888.433 130.236
888.728 113.166
889.023 103.273
889.317 88.716
889.612 71.767
889.907 81.450
890.201 105.584
890.496 119.682
890.791 117.224
891.085 108.910
891.380 95.072
891.675 87.451
891.969 79.166
892.264 85.890
892.559 88.807
892.853 94.741
893.148 102.354
893.442 109.969
893.737 119.310
894.032 112.850
894.326 99.894
894.621 70.539
894.916 75.239
895.210 85.914
895.505 105.698
895.800 109.291
896.094 98.373
896.389 78.028
896.684 67.732
896.978 75.445
897.273 96.059
897.568 102.299
897.862 107.311
898.157 111.501
898.451 115.663
898.746 118.097
899.041 113.998
899.335 114.363
899.630 109.050
899.925 114.662
900.219 121.204
900.514 121.371
900.809 101.346
901.103 92.507
901.398 90.167
901.693 97.367
901.987 93.903
902.282 88.317
902.577 99.311
902.871 105.913
903.166 103.857
903.461 95.916
903.755 89.822
904.050 95.056
904.344 99.349
904.639 112.875
904.934 113.235
905.228 105.603
905.523 100.368
905.818 104.933
906.112 111.878
906.407 107.810
906.702 96.772
906.996 90.601
907.291 83.424
907.586 103.248
907.880 132.086
908.175 160.380
908.470 161.895
908.764 140.444
909.059 111.462
909.354 100.157
909.648 94.469
909.943 100.041
910.237 120.952
910.532 144.278
910.827 140.096
911.121 111.456
911.416 96.282
911.711 117.576
912.005 137.979
912.300 139.759
912.599 122.118
912.898 117.136
913.196 129.304
913.495 143.407
913.794 138.807
914.093 136.779
914.391 129.500
914.690 119.764
914.989 111.816
915.288 116.880
915.586 124.144
915.885 117.182
916.184 97.033
916.483 88.401
916.782 93.792
917.080 104.251
917.379 102.448
917.678 102.671
917.977 111.992
918.275 130.829
918.574 133.233
918.873 132.547
919.172 130.100
919.471 126.447
919.769 116.435
920.068 110.982
920.367 118.641
920.666 134.586
920.964 139.016
921.263 127.333
921.562 119.939
921.861 107.939
922.159 92.263
922.458 85.021
922.757 92.389
923.056 107.587
923.355 112.086
923.653 122.177
923.952 125.296
924.251 123.571
924.550 124.795
924.848 131.658
925.147 123.998
925.446 114.349
925.745 109.255
926.043 117.805
926.342 110.041
926.641 109.643
926.940 112.612
927.239 128.754
927.537 128.764
927.836 131.147
928.135 136.518
928.434 130.708
928.732 138.296
929.031 139.810
929.330 150.663
929.629 146.189
929.927 117.710
930.226 104.691
930.525 100.439
930.824 114.657
931.123 131.681
931.421 139.641
931.720 159.635
932.019 166.068
932.318 161.449
932.616 153.081
932.915 142.499
933.214 129.942
933.513 126.516
933.812 134.008
934.110 145.950
934.409 132.184
934.708 141.688
935.007 152.540
935.305 155.556
935.604 153.500
935.903 143.714
936.202 160.514
936.500 179.494
936.799 208.125
937.098 208.416
937.397 174.917
937.696 128.720
937.994 115.409
938.293 118.133
938.592 148.060
938.891 172.843
939.189 184.310
939.488 173.915
939.787 157.181
940.086 149.660
940.384 155.770
940.683 149.805
940.982 162.254
941.281 177.056
941.580 205.665
941.878 199.515
942.177 186.693
942.476 178.092
942.775 172.557
943.073 159.304
943.372 162.331
943.671 182.195
943.970 195.308
944.268 177.085
944.567 170.162
944.866 163.667
945.165 166.032
945.464 150.575
945.762 151.979
946.061 162.766
946.360 186.979
946.659 215.303
946.957 218.311
947.256 209.847
947.555 201.509
947.854 209.216
948.153 186.534
948.451 157.475
948.750 142.696
949.049 175.696
949.348 200.800
949.646 194.461
949.945 165.920
950.244 151.849
950.543 156.439
950.841 156.978
951.140 122.163
951.439 97.903
951.738 93.535
952.037 113.382
952.335 131.367
952.634 151.559
952.933 172.356
953.232 160.594
953.530 148.971
953.829 122.377
954.128 116.346
954.427 111.310
954.725 130.675
955.024 159.299
955.323 156.616
955.622 144.903
955.921 145.934
956.219 150.847
956.518 150.494
956.817 132.378
957.116 146.305
957.414 149.387
957.713 133.292
958.012 108.058
958.311 113.398
958.610 122.640
958.908 119.424
959.207 112.858
959.506 128.236
959.805 141.520
960.103 135.513
960.402 132.964
960.701 148.671
961.000 164.302
961.298 171.704
961.597 147.039
961.896 119.190
962.195 104.127
962.494 106.526
962.792 104.889
963.091 108.282
963.390 128.787
963.689 154.231
963.987 143.603
964.286 142.616
964.585 150.411
964.884 155.550
965.182 138.720
965.481 140.318
965.780 162.774
966.080 168.817
966.380 138.264
966.680 117.572
966.981 100.508
967.281 108.594
967.581 116.681
967.881 116.683
968.181 114.408
968.481 105.001
968.781 96.607
969.082 107.693
969.382 112.227
969.682 121.595
969.982 105.375
970.282 97.153
970.582 92.481
970.882 93.031
971.183 88.888
971.483 102.372
971.783 117.438
972.083 136.527
972.383 147.067
972.683 154.384
972.983 150.582
973.284 153.910
973.584 139.265
973.884 117.513
974.184 95.578
974.484 84.160
974.784 87.837
975.084 93.582
975.385 110.999
975.685 123.157
975.985 133.352
976.285 131.233
976.585 122.904
976.885 99.356
977.185 96.531
977.486 107.023
977.786 134.114
978.086 153.134
978.386 149.550
978.686 133.077
978.986 118.564
979.286 109.169
979.587 101.170
979.887 84.838
980.187 86.840
980.487 100.508
980.787 111.176
981.087 124.177
981.387 126.845
981.688 135.180
981.988 131.181
982.288 121.516
982.588 107.851
982.888 93.852
983.188 93.853
983.488 106.855
983.789 141.523
984.089 144.524
984.389 126.526
984.689 93.860
984.989 74.862
985.289 93.863
985.589 117.864
985.890 136.199
986.190 133.200
986.490 139.868
986.790 155.203
987.090 156.204
987.390 145.873
987.690 130.541
987.991 121.875
988.291 98.877
988.591 76.545
988.891 57.546
989.191 63.881
989.491 92.882
989.791 125.883
990.092 151.885
990.392 142.553
990.692 120.554
990.992 107.555
991.292 123.890
991.592 134.558
991.892 133.893
992.193 137.227
992.493 151.229
992.793 159.563
993.093 146.898
993.393 129.566
993.693 121.901
993.993 127.235
994.294 137.570
994.594 143.238
994.894 150.906
995.194 138.907
995.494 125.242
995.794 99.910
996.094 96.578
996.395 95.246
996.695 103.247
996.995 104.915
997.295 105.916
997.595 107.584
997.895 111.919
998.195 101.254
998.496 92.588
998.796 94.923
999.096 102.924
999.396 102.259
999.696 100.927
999.996 120.928
1000.296 146.263
1000.597 154.931
1000.897 139.265
1001.197 141.933
1001.497 132.935
1001.797 122.936
1002.097 94.937
1002.397 84.605
1002.698 94.606
1002.998 101.274
1003.298 116.276
1003.598 121.277
1003.898 141.278
1004.198 147.613
1004.498 144.947
1004.799 131.282
1005.099 124.617
1005.399 132.285
1005.699 137.953
1005.999 127.287
1006.299 109.622
1006.599 91.956
1006.900 92.958
1007.200 96.626
1007.500 107.294
1007.800 113.628
1008.100 109.629
1008.400 98.297
1008.700 90.299
1009.001 93.300
1009.301 114.301
1009.601 145.636
1009.901 162.637
1010.201 170.972
1010.501 157.306
1010.801 139.974
1011.102 115.309
1011.402 107.977
1011.702 115.978
1012.002 122.646
1012.302 134.314
1012.602 141.315
1012.902 140.650
1013.203 119.317
1013.503 103.985
1013.803 85.987
1014.103 85.321
1014.403 83.656
1014.703 103.657
1015.003 124.325
1015.304 135.659
1015.604 127.661
1015.904 109.662
1016.204 97.663
1016.504 89.331
1016.804 89.999
1017.104 106.000
1017.405 113.001
1017.705 105.669
1018.005 93.671
1018.305 103.338
1018.605 109.006
1018.905 110.674
1019.205 123.675
1019.506 140.010
1019.806 127.011
1020.106 107.679
1020.406 98.347
1020.706 124.015
1021.006 136.016
1021.306 128.351
1021.607 128.352
1021.907 136.020
1022.207 147.021
1022.507 135.689
1022.807 119.357
1023.107 109.691
1023.407 105.359
1023.708 107.027
1024.008 119.028
1024.308 138.363
1024.608 137.697
1024.908 132.032
1025.208 124.033
1025.508 128.034
1025.809 120.702
1026.109 110.370
1026.409 97.705
1026.709 91.706
1027.009 93.707
1027.309 91.375
1027.609 86.376
1027.910 80.711
1028.210 85.378
1028.510 109.713
1028.810 124.381
1029.110 144.382
1029.410 150.716
1029.710 147.718
1030.011 146.719
1030.311 144.387
1030.611 136.721
1030.911 113.389
1031.211 101.390
1031.511 120.058
1031.811 136.726
1032.112 132.727
1032.412 107.062
1032.712 87.396
1033.012 100.397
1033.312 107.065
1033.612 120.400
1033.912 114.067
1034.212 105.402
1034.513 80.403
1034.813 80.738
1035.113 98.405
1035.413 120.740
1035.713 123.408
1036.013 109.409
1036.313 109.743
1036.614 96.078
1036.914 85.746
1037.214 91.414
1037.514 97.415
1037.814 107.416
1038.114 102.750
1038.414 110.752
1038.715 111.419
1039.015 91.087
1039.315 77.755
1039.615 71.756
1039.915 77.091
1040.215 87.758
1040.515 114.760
1040.816 131.427
1041.116 125.762
1041.416 99.430
1041.716 87.431
1042.016 89.765
1042.316 97.767
1042.616 105.101
1042.917 101.102
1043.217 101.437
1043.517 110.104
1043.817 129.106
1044.117 144.440
1044.417 146.441
1044.717 139.109
1045.018 133.110
1045.318 128.778
1045.618 116.779
1045.918 104.780
1046.218 93.448
1046.518 109.449
1046.818 114.117
1047.119 141.451
1047.419 154.119
1047.719 166.120
1048.019 146.121
1048.319 118.789
1048.619 105.457
1048.919 98.125
1049.220 105.126
1049.520 105.794
1049.820 100.461
1050.120 109.463
1050.420 119.464
1050.720 119.465
1051.020 88.799
1051.321 83.467
1051.621 100.135
1051.921 122.803
1052.221 122.470
1052.521 107.138
1052.821 104.473
1053.121 109.474
1053.422 119.141
1053.722 107.476
1054.022 107.810
1054.322 108.145
1054.622 118.479
1054.922 114.480
1055.222 114.815
1055.523 119.482
1055.823 124.484
1056.123 125.818
1056.423 128.486
1056.723 117.153
1057.023 107.488
1057.323 105.489
1057.624 110.490
1057.924 107.158
1058.224 98.826
1058.524 101.160
1058.824 110.161
1059.124 113.496
1059.424 104.830
1059.725 107.831
1060.025 119.832
1060.325 123.833
1060.625 112.834
1060.925 94.169
1061.225 85.836
1061.525 81.838
1061.826 89.839
1062.126 110.506
1062.426 136.174
1062.726 135.175
1063.026 131.510
1063.326 119.511
1063.626 118.512
1063.927 118.513
1064.227 120.847
1064.527 123.515
1064.827 130.183
1065.127 127.184
1065.427 103.518
1065.727 97.853
1066.028 123.187
1066.328 150.521
1066.628 145.856
1066.928 123.190
1067.228 96.858
1067.528 78.526
1067.828 59.193
1068.129 94.528
1068.429 116.862
1068.729 141.863
1069.029 139.198
1069.329 147.865
1069.629 165.533
1069.929 175.201
1070.230 165.202
1070.530 132.869
1070.830 112.537
1071.130 107.872
1071.430 117.539
1071.730 141.207
1072.030 146.208
1072.331 152.209
1072.631 138.210
1072.931 143.544
1073.231 135.546
1073.531 119.213
1073.831 101.214
1074.131 107.215
1074.432 118.883
1074.732 117.217
1075.032 111.218
1075.332 121.553
1075.632 138.887
1075.932 142.555
1076.232 123.556
1076.533 109.224
1076.833 112.891
1077.133 129.559
1077.433 133.227
1077.733 135.561
1078.033 118.895
1078.333 116.563
1078.634 106.231
1078.934 96.232
1079.234 86.566
1079.534 91.901
1079.834 98.235
1080.134 110.569
1080.434 112.570
1080.735 111.905
1081.035 90.906
1081.335 73.907
1081.635 68.574
1081.935 80.242
1082.235 84.243
1082.535 93.244
1082.836 118.912
1083.136 149.246
1083.436 153.580
1083.736 128.248
1084.036 113.916
1084.336 107.917
1084.636 107.918
1084.937 92.586
1085.237 103.920
1085.537 126.588
1085.837 145.589
1086.137 155.256
1086.437 149.924
1086.737 132.592
1087.038 112.593
1087.338 103.260
1087.638 95.928
1087.938 91.262
1088.238 86.930
1088.538 96.931
1088.838 107.599
1089.139 96.600
1089.439 96.601
1089.739 105.268
1090.039 108.603
1090.339 106.937
1090.639 96.271
1090.939 102.272
1091.240 114.273
1091.540 111.941
1091.840 115.608
1092.140 104.943
1092.453 109.944
1092.766 120.611
1093.079 121.946
1093.392 117.613
1093.705 111.281
1094.018 114.949
1094.330 126.950
1094.643 132.951
1094.956 127.952
1095.269 126.619
1095.582 131.287
1095.895 129.621
1096.208 111.622
1096.521 97.957
1096.834 109.624
1097.147 131.958
1097.460 153.626
1097.773 163.960
1098.085 148.961
1098.398 124.296
1098.711 101.297
1099.024 99.298
1099.337 109.299
1099.650 119.633
1099.963 106.634
1100.276 93.968
1100.589 85.302
1100.902 111.303
1101.215 140.638
1101.528 152.305
1101.841 149.973
1102.153 143.974
1102.466 129.975
1102.779 122.309
1103.092 124.310
1103.405 129.978
1103.718 124.979
1104.031 114.980
1104.344 107.314
1104.657 114.315
1104.970 110.316
1105.283 106.317
1105.596 84.318
1105.909 76.319
1106.221 99.986
1106.534 125.321
1106.847 135.988
1107.160 129.656
1107.473 119.657
1107.786 90.324
1108.099 68.325
1108.412 56.660
1108.725 76.661
1109.038 88.662
1109.351 114.996
1109.664 130.997
1109.977 117.998
1110.289 95.332
1110.602 71.666
1110.915 80.667
1111.228 74.668
1111.541 63.336
1111.854 42.003
1112.167 51.338
1112.480 80.339
1112.793 123.006
1113.106 146.340
1113.419 136.008
1113.732 105.342
1114.044 84.343
1114.357 83.344
1114.670 109.345
1114.983 125.679
1115.296 138.680
1115.609 143.681
1115.922 144.349
1116.235 145.350
1116.548 137.017
1116.861 118.352
1117.174 103.352
1117.487 108.353
1117.800 122.021
1118.112 126.022
1118.425 119.023
1118.738 110.357
1119.051 111.691
1119.364 105.359
1119.677 100.693
1119.990 111.361
1120.303 123.695
1120.616 120.029
1120.929 101.697
1121.242 89.031
1121.555 105.365
1121.868 121.366
1122.180 127.367
1122.493 119.701
1122.806 113.036
1123.119 110.703
1123.432 115.037
1123.745 115.372
1124.058 114.039
1124.371 121.040
1124.684 133.374
1124.997 139.375
1125.310 119.710
1125.623 79.044
1125.935 51.378
1126.248 58.046
1126.561 88.046
1126.874 124.714
1127.187 146.715
1127.500 158.049
1127.813 163.717
1128.126 154.384
1128.439 160.719
1128.752 151.053
1129.065 122.054
1129.378 92.388
1129.691 93.722
1130.003 110.723
1130.316 112.391
1130.629 110.058
1130.942 117.726
1131.255 109.060
1131.568 79.727
1131.881 69.728
1132.194 82.729
1132.507 110.730
1132.820 134.064
1133.133 145.065
1133.446 152.733
1133.759 180.067
1134.071 187.401
1134.384 184.402
1134.697 161.736
1135.010 148.071
1135.323 127.405
1135.636 101.739
1135.949 95.073
1136.262 104.741
1136.575 109.742
1136.888 112.076
1137.201 107.077
1137.514 96.411
1137.826 91.078
1138.139 88.079
1138.452 102.080
1138.765 114.414
1139.078 139.415
1139.391 153.749
1139.704 158.750
1140.017 144.085
1140.330 125.752
1140.643 109.086
1140.956 104.087
1141.269 112.088
1141.582 113.756
1141.894 114.090
1142.207 100.091
1142.520 113.758
1142.833 112.426
1143.146 90.426
1143.459 67.094
1143.772 82.095
1144.085 120.762
1144.398 128.430
1144.711 108.431
1145.024 112.098
1145.337 135.433
1145.650 136.100
1145.962 121.101
1146.275 97.768
1146.588 93.436
1146.901 86.437
1147.214 84.104
1147.527 89.438
1147.840 88.439
1148.153 89.107
1148.466 86.108
1148.779 105.442
1149.092 109.443
1149.405 119.444
1149.718 119.444
1150.030 110.445
1150.343 93.446
1150.656 76.780
1150.969 96.781
1151.282 118.115
1151.595 119.783
1151.908 94.117
1152.221 83.118
1152.534 92.119
1152.847 99.453
1153.160 86.120
1153.473 84.788
1153.785 110.455
1154.098 138.123
1154.411 139.124
1154.724 129.458
1155.037 118.792
1155.350 125.460
1155.663 119.127
1155.976 115.461
1156.289 90.795
1156.602 81.796
1156.915 83.130
1157.228 89.465
1157.541 89.799
1157.853 86.800
1158.166 89.467
1158.479 100.135
1158.792 115.469
1159.105 123.803
1159.418 132.804
1159.731 130.138
1160.044 130.139
1160.357 129.140
1160.670 122.807
1160.983 119.141
1161.296 110.475
1161.609 104.143
1161.921 96.810
1162.234 100.478
1162.547 104.812
1162.860 107.479
1163.173 106.814
1163.486 110.481
1163.799 119.815
1164.112 121.816
1164.425 119.817
1164.738 113.818
1165.051 98.818
1165.364 103.819
1165.676 117.153
1165.989 115.154
1166.302 112.488
1166.615 110.823
1166.928 128.490
1167.241 131.824
1167.554 135.158
1167.867 143.159
1168.180 134.160
1168.493 123.494
1168.806 113.162
1169.119 120.496
1169.432 121.830
1169.744 122.164
1170.057 128.831
1170.370 122.166
1170.683 119.166
1170.996 105.500
1171.309 92.835
1171.622 89.169
1171.935 116.503
1172.248 151.170
1172.561 156.504
1172.874 122.172
1173.187 102.173
1173.500 100.840
1173.812 116.508
1174.125 118.508
1174.438 116.509
1174.751 119.510
1175.064 141.178
1175.377 158.845
1175.690 156.179
1176.003 137.180
1176.316 119.847
1176.629 122.181
1176.942 118.849
1177.255 107.183
1177.567 98.851
1177.880 100.518
1178.193 116.519
1178.506 133.186
1178.819 144.854
1179.132 145.188
1179.445 126.522
1179.758 110.856
1180.071 105.857
1180.384 105.858
1180.697 114.525
1181.010 134.859
1181.323 144.860
1181.635 141.527
1181.948 126.861
1182.261 133.196
1182.574 118.196
1182.887 104.864
1183.200 103.198
1183.513 118.865
1183.826 124.866
1184.139 120.534
1184.452 113.868
1184.765 100.868
1185.078 78.536
1185.391 79.203
1185.703 95.204
1186.016 105.872
1186.329 98.872
1186.642 111.206
1186.955 117.541
1187.268 131.875
1187.581 125.542
1187.894 120.543
1188.207 99.877
1188.520 87.878
1188.833 94.878
1189.146 104.879
1189.459 100.213
1189.771 96.214
1190.084 100.548
1190.397 109.216
1190.710 105.883
1191.023 107.884
1191.336 104.551
1191.649 111.885
1191.962 116.219
1192.275 132.887
1192.588 152.554
1192.901 157.888
1193.214 164.223
1193.526 149.223
1193.839 139.224
1194.152 131.891
1194.465 113.226
1194.778 103.893
1195.091 90.227
1195.404 103.894
1195.717 113.229
1196.030 113.896
1196.343 109.897
1196.656 110.564
1196.969 120.565
1197.282 124.899
1197.594 132.900
1197.907 140.234
1198.220 130.901
1198.533 112.235
1198.846 89.569
1199.159 88.903
1199.472 94.571
1199.785 95.572
1200.098 97.906
1200.411 103.240
1200.724 112.907
1201.037 99.908
1201.350 79.575
1201.662 69.243
1201.975 91.577
1202.288 93.578
1202.601 96.578
