165.028 -15.171
165.288 -21.123
165.547 -15.695
165.807 -12.600
166.067 -6.505
166.327 -4.075
166.587 -1.645
166.847 4.118
167.107 -3.118
167.367 -5.020
167.627 -9.255
167.886 -4.156
168.146 20.943
168.406 46.710
168.666 55.810
168.926 48.244
169.186 44.678
169.446 37.112
169.706 32.548
169.966 35.650
170.225 46.419
170.485 59.189
170.745 72.625
171.005 78.062
171.265 64.833
171.525 45.604
171.785 38.043
172.045 36.481
172.305 21.253
172.564 6.359
172.824 3.132
173.084 5.906
173.344 10.013
173.604 13.787
173.864 16.561
174.124 31.336
174.384 17.778
174.644 7.220
174.903 0.996
175.163 20.438
175.423 24.882
175.683 13.992
175.943 8.769
176.203 22.879
176.463 27.323
176.723 29.101
176.983 28.213
177.242 49.991
177.502 52.770
177.762 32.549
178.022 0.995
178.282 -15.558
178.542 -0.112
178.802 4.668
179.062 24.115
179.322 32.563
179.581 41.010
179.841 35.458
180.101 24.906
180.361 33.021
180.621 39.803
180.881 41.918
181.141 44.701
181.401 57.817
181.661 65.599
181.920 56.049
182.180 26.832
182.440 -0.384
182.700 -16.934
182.960 -14.483
183.220 7.967
183.480 25.418
183.740 40.203
184.000 30.987
184.259 25.439
184.519 5.224
184.779 8.675
185.039 39.127
185.299 68.246
185.559 91.032
185.819 65.484
186.079 46.937
186.339 32.723
186.598 31.509
186.858 28.296
187.118 15.082
187.378 9.869
187.638 21.322
187.898 39.776
188.158 52.230
188.418 50.350
188.678 33.804
188.937 24.592
189.197 11.713
189.457 21.167
189.717 19.288
189.977 17.076
190.237 26.531
190.497 40.652
190.757 55.440
191.017 43.562
191.276 34.684
191.536 26.139
191.796 38.927
192.056 46.049
192.316 53.171
192.576 36.293
192.836 15.082
193.096 5.204
193.356 17.326
193.616 29.782
193.875 40.238
194.135 41.360
194.395 46.816
194.655 36.605
194.915 17.061
195.175 15.184
195.435 11.973
195.695 16.429
195.955 23.552
196.214 44.008
196.474 65.797
196.734 66.920
196.994 66.710
197.254 58.166
197.514 62.289
197.774 50.078
198.034 36.201
198.294 22.324
198.553 12.780
198.813 1.236
199.073 -16.974
199.333 -15.518
199.593 19.938
199.853 56.061
200.113 81.518
200.373 71.640
200.633 54.097
200.892 34.886
201.152 35.342
201.412 37.798
201.672 52.254
201.932 59.044
202.192 59.833
202.452 46.622
202.712 30.745
202.972 39.867
203.231 49.990
203.491 59.446
203.751 51.568
204.011 42.024
204.271 40.146
204.531 39.935
204.791 48.724
205.051 36.513
205.311 26.302
205.570 28.757
205.830 46.546
206.090 52.001
206.350 55.123
206.610 41.911
206.870 37.033
207.130 28.488
207.390 37.276
207.650 53.731
207.909 61.852
208.169 64.973
208.429 62.095
208.689 62.883
208.949 52.337
209.209 28.791
209.469 16.245
209.729 33.366
209.989 52.820
210.248 70.274
210.508 68.728
210.768 68.848
211.028 65.635
211.288 65.089
211.548 63.875
211.808 48.662
212.068 52.449
212.328 76.235
212.587 95.355
212.847 92.474
213.107 66.927
213.367 44.713
213.627 23.832
213.887 13.618
214.147 16.070
214.407 31.522
214.667 46.974
214.926 58.426
215.186 68.211
215.446 66.996
215.706 57.114
215.966 38.565
216.226 35.017
216.486 35.468
216.746 38.585
217.006 38.036
217.265 38.487
217.525 40.937
217.785 54.054
218.045 59.171
218.305 66.288
218.565 74.404
218.825 79.854
219.085 68.304
219.345 65.420
219.604 64.869
219.864 59.985
220.124 44.768
220.384 50.550
220.644 45.665
220.904 39.780
221.164 22.229
221.424 30.344
221.684 33.458
221.943 47.240
222.203 65.021
222.463 55.468
222.723 36.583
222.983 18.363
223.243 36.477
223.503 29.590
223.763 18.704
224.023 8.150
224.282 29.264
224.542 45.377
224.802 43.489
225.062 50.269
225.322 66.714
225.582 81.493
225.842 82.939
226.102 57.717
226.362 42.495
226.621 21.274
226.881 25.718
227.141 31.829
227.401 31.940
227.661 38.718
227.921 38.828
228.181 49.272
228.441 56.716
228.701 69.493
228.960 65.602
229.220 42.712
229.480 27.155
229.740 37.264
230.000 59.707
230.260 57.149
230.520 36.258
230.780 32.700
231.040 49.141
231.299 61.916
231.559 51.691
231.819 44.132
232.079 50.240
232.339 58.347
232.599 51.788
232.859 56.895
233.119 49.335
233.379 50.442
233.638 54.215
233.898 60.988
234.158 60.760
234.418 58.200
234.678 61.305
234.938 52.077
235.198 31.516
235.458 25.621
235.718 31.059
235.978 40.497
236.237 35.268
236.497 45.706
236.757 43.810
237.017 49.914
237.277 55.018
237.537 47.454
237.797 47.224
238.057 45.327
238.317 47.764
238.576 44.866
238.836 39.302
239.096 42.071
239.356 39.840
239.616 37.941
239.876 47.376
240.136 74.145
240.396 101.579
240.656 101.013
240.915 76.114
241.175 42.882
241.435 27.982
241.695 32.082
241.955 49.182
242.215 61.615
242.475 47.382
242.735 32.148
242.995 25.913
243.254 39.012
243.514 33.778
243.774 23.543
244.034 29.975
244.294 52.740
244.554 80.171
244.814 92.269
245.074 96.033
245.334 87.463
245.593 68.561
245.853 54.657
246.113 52.087
246.373 56.184
246.633 59.614
246.893 62.376
247.153 73.472
247.413 79.234
247.673 73.663
247.932 61.425
248.192 60.520
248.452 76.282
248.712 70.710
248.972 72.804
249.232 62.565
249.492 55.659
249.752 55.753
250.012 53.513
250.271 66.940
250.531 66.699
250.791 80.126
251.051 83.218
251.311 57.978
251.571 31.737
251.831 29.495
252.091 46.921
252.351 63.346
252.610 70.104
252.870 75.195
253.130 65.953
253.390 67.044
253.650 78.801
253.911 90.225
254.172 67.982
254.433 48.738
254.694 54.828
254.955 67.918
255.216 82.007
255.477 68.096
255.738 56.519
255.999 60.274
256.261 76.696
256.522 105.451
256.783 93.539
257.044 55.961
257.305 29.715
257.566 13.136
257.827 33.890
258.088 44.311
258.349 61.064
258.610 55.818
258.871 61.238
259.132 64.657
259.393 75.743
259.654 62.829
259.915 59.915
260.176 65.334
260.437 68.419
260.698 59.171
260.959 46.589
261.221 46.674
261.482 52.425
261.743 60.843
262.004 79.260
262.265 71.344
262.526 48.428
262.787 25.511
263.048 22.595
263.309 46.011
263.570 71.761
263.831 79.843
264.092 60.593
264.353 49.675
264.614 57.424
264.875 62.839
265.136 61.921
265.397 55.335
265.658 76.083
265.919 83.831
266.181 79.912
266.442 49.993
266.703 12.407
266.964 9.154
267.225 37.234
267.486 71.314
267.747 91.394
268.008 90.140
268.269 86.886
268.530 85.298
268.791 89.044
269.052 92.789
269.313 101.868
269.574 99.946
269.835 97.024
270.096 100.436
270.357 95.514
270.618 76.591
270.879 54.335
271.141 62.412
271.402 83.156
271.663 95.900
271.924 101.976
272.185 103.719
272.446 92.129
272.707 72.872
272.968 64.948
273.229 58.357
273.490 59.099
273.751 57.841
274.012 76.249
274.273 83.324
274.534 92.066
274.795 83.140
275.056 79.214
275.317 54.622
275.578 45.029
275.839 33.436
276.101 46.510
276.362 54.584
276.623 75.657
276.884 98.730
277.145 122.803
277.406 120.209
277.667 81.281
277.928 48.354
278.189 45.093
278.450 63.831
278.711 73.903
278.972 64.641
279.233 66.379
279.494 73.117
279.755 87.188
280.016 89.593
280.277 69.663
280.538 53.067
280.799 63.471
281.061 77.541
281.322 84.611
281.583 62.347
281.844 64.417
282.105 77.487
282.366 92.222
282.627 99.292
282.888 86.027
283.149 68.096
283.410 63.831
283.671 75.900
283.932 84.634
284.193 73.369
284.454 67.104
284.715 81.505
284.976 90.239
285.237 114.973
285.498 136.040
285.759 149.441
286.021 122.841
286.282 92.241
286.543 74.641
286.804 78.040
287.065 104.440
287.326 105.506
287.587 87.572
287.848 50.970
288.109 42.369
288.370 40.101
288.631 40.500
288.892 45.231
289.153 47.963
289.414 63.694
289.675 85.759
289.936 111.490
290.197 95.554
290.458 61.951
290.719 54.015
290.981 86.079
291.242 113.475
291.503 100.205
291.764 61.602
292.025 33.332
292.286 30.728
292.547 31.124
292.808 42.853
293.069 50.249
293.330 66.644
293.591 68.373
293.852 61.435
294.113 51.830
294.374 59.558
294.635 87.953
294.896 110.014
295.157 101.408
295.418 81.136
295.679 60.197
295.941 70.591
296.202 76.984
296.463 99.711
296.724 108.105
296.985 127.831
297.246 126.225
297.507 102.951
297.768 85.010
298.029 83.070
298.290 100.462
298.551 118.188
298.812 116.914
299.073 102.972
299.334 88.698
299.595 91.423
299.856 115.148
300.117 115.539
300.378 102.597
300.639 77.655
300.901 52.046
301.162 50.103
301.423 85.494
301.684 133.551
301.945 136.275
302.206 91.999
302.467 39.722
302.728 30.779
302.989 54.835
303.250 90.558
303.511 103.948
303.772 92.337
304.033 80.060
304.294 75.782
304.555 82.171
304.816 76.893
305.077 69.616
305.338 73.004
305.599 84.392
305.861 89.781
306.122 79.835
306.383 81.223
306.644 81.278
306.905 89.666
307.166 88.720
307.427 91.107
307.688 85.828
307.949 68.548
308.210 66.935
308.471 79.655
308.732 96.709
308.993 108.429
309.254 91.482
309.515 88.535
309.776 71.921
310.037 60.640
310.298 45.693
310.559 54.745
310.821 85.131
311.082 100.516
311.343 95.568
311.604 74.287
311.865 61.338
312.126 54.390
312.387 55.775
312.648 60.159
312.909 70.877
313.170 80.928
313.434 87.979
313.698 79.697
313.963 65.414
314.227 72.131
314.491 74.515
314.755 68.899
315.019 36.949
315.284 41.999
315.548 52.049
315.812 80.098
316.076 86.815
316.340 103.864
316.604 118.247
316.869 127.963
317.133 125.345
317.397 96.061
317.661 69.443
317.925 62.159
318.190 77.207
318.454 89.589
318.718 98.637
318.982 97.019
319.246 86.067
319.511 80.782
319.775 72.163
320.039 68.877
320.303 56.258
320.567 59.306
320.832 74.353
321.096 82.067
321.360 85.448
321.624 82.161
321.888 70.208
322.153 39.588
322.417 20.968
322.681 27.681
322.945 56.395
323.209 79.774
323.473 80.820
323.738 71.533
324.002 71.579
324.266 94.958
324.530 114.004
324.794 102.049
325.059 75.095
325.323 59.807
325.587 70.185
325.851 79.897
326.115 82.942
326.380 84.320
326.644 85.032
326.908 81.077
327.172 73.121
327.436 72.499
327.701 79.543
327.965 84.587
328.229 85.298
328.493 93.009
328.757 101.719
329.022 89.430
329.286 75.473
329.550 63.183
329.814 66.894
330.078 72.270
330.342 77.980
330.607 93.690
330.871 100.733
331.135 104.109
331.399 113.152
331.663 126.528
331.928 121.570
332.192 102.946
332.456 86.655
332.720 82.031
332.984 91.073
333.249 90.781
333.513 94.157
333.777 91.865
334.041 87.573
334.305 99.282
334.570 98.990
334.834 96.364
335.098 84.406
335.362 84.447
335.626 86.155
335.891 85.862
336.155 79.903
336.419 66.277
336.683 68.318
336.947 76.692
337.211 79.399
337.476 59.106
337.740 46.812
338.004 56.853
338.268 66.226
338.532 72.266
338.797 89.972
339.061 115.012
339.325 132.718
339.589 124.425
339.853 107.797
340.118 102.837
340.382 119.876
340.646 123.248
340.910 101.621
341.174 76.993
341.439 76.698
341.703 87.070
341.967 83.776
342.231 64.481
342.495 67.519
342.759 80.891
343.024 92.596
343.288 83.301
343.552 70.339
343.816 74.377
344.080 80.748
344.345 72.786
344.609 50.490
344.873 34.528
345.137 52.565
345.401 67.269
345.666 64.306
345.930 46.344
346.194 28.714
346.458 32.751
346.722 41.455
346.987 60.825
347.251 79.195
347.515 88.565
347.779 103.601
348.043 96.305
348.308 84.341
348.572 69.377
348.836 63.413
349.100 67.449
349.364 69.819
349.628 67.855
349.893 66.891
350.157 67.260
350.421 59.962
350.685 60.997
350.949 62.033
351.214 66.068
351.478 56.437
351.742 50.806
352.006 60.841
352.270 61.876
352.535 70.911
352.799 83.945
353.063 98.980
353.327 92.682
353.591 77.383
353.856 75.084
354.120 88.452
354.384 102.486
354.648 115.520
354.912 113.221
355.177 99.255
355.441 88.623
355.705 93.990
355.969 107.024
356.233 110.058
356.497 99.425
356.762 82.458
357.026 89.492
357.290 88.858
357.554 93.558
357.818 77.925
358.083 66.958
358.347 69.325
358.611 74.358
358.875 83.057
359.139 89.090
359.404 81.790
359.668 78.156
359.932 77.855
360.196 82.554
360.460 82.253
360.725 79.952
360.989 88.985
361.253 107.683
361.517 121.716
361.781 131.414
362.046 129.113
362.310 122.145
362.574 111.177
362.838 105.208
363.102 106.573
363.366 100.272
363.631 109.970
363.895 121.001
364.159 133.033
364.423 133.064
364.687 123.095
364.952 135.460
365.216 133.157
365.480 122.188
365.747 105.553
366.013 101.583
366.280 112.281
366.546 108.645
366.813 111.009
367.079 115.039
367.346 112.403
367.612 118.434
367.879 111.464
368.145 115.827
368.412 111.524
368.678 109.554
368.945 83.584
369.211 79.281
369.478 87.978
369.744 97.674
370.011 72.037
370.278 34.400
370.544 33.763
370.811 62.126
371.077 83.822
371.344 88.851
371.610 85.881
371.877 89.577
372.143 105.272
372.410 110.635
372.676 119.997
372.943 113.026
373.209 100.388
373.476 86.417
373.742 75.446
374.009 62.475
374.276 69.503
374.542 71.532
374.809 67.560
375.075 44.255
375.342 54.284
375.608 84.979
375.875 117.674
376.141 120.035
376.408 104.396
376.674 78.424
376.941 60.452
377.207 82.814
377.474 92.841
377.740 94.869
378.007 76.897
378.273 93.924
378.540 104.285
378.807 106.646
379.073 96.673
379.340 108.368
379.606 117.728
379.873 108.755
380.139 97.449
380.406 95.810
380.672 97.503
380.939 92.197
381.205 85.557
381.472 89.584
381.738 81.944
382.005 62.304
382.271 54.331
382.538 61.024
382.804 77.384
383.071 85.077
383.338 83.770
383.604 90.463
383.871 87.156
384.137 93.182
384.404 96.542
384.670 98.568
384.937 95.594
385.203 81.620
385.470 74.312
385.736 71.671
386.003 73.697
386.269 86.723
386.536 103.749
386.802 122.774
387.069 133.466
387.336 127.159
387.602 98.517
387.869 74.543
388.135 59.568
388.402 68.260
388.668 88.618
388.935 126.977
389.201 153.669
389.468 165.694
389.734 151.052
390.001 124.744
390.267 107.435
390.534 100.793
390.800 103.485
391.067 99.509
391.333 90.200
391.600 92.892
391.867 91.250
392.133 95.607
392.400 94.632
392.666 95.656
392.933 94.014
393.199 85.704
393.466 82.729
393.732 84.753
393.999 79.777
394.265 75.801
394.532 87.158
394.798 112.515
395.065 115.539
395.331 97.230
395.598 90.253
395.864 91.944
396.131 100.300
396.398 102.991
396.664 106.014
396.931 122.704
397.197 134.061
397.464 142.751
397.730 146.108
397.997 156.798
398.263 184.821
398.530 208.511
398.796 238.867
399.063 253.557
399.329 266.580
399.596 285.269
399.862 322.292
400.129 343.648
400.396 322.338
400.662 292.027
400.929 268.716
401.195 286.072
401.462 294.761
401.728 296.451
401.995 282.806
402.261 288.162
402.528 296.851
402.794 311.540
403.061 329.896
403.327 349.918
403.594 366.273
403.860 355.629
404.127 340.984
404.393 328.339
404.660 330.695
404.931 355.050
405.202 364.072
405.473 379.427
405.745 391.782
406.016 414.470
406.287 422.159
406.558 423.514
406.829 429.535
407.100 459.557
407.371 487.578
407.642 509.600
407.914 500.954
408.185 485.976
408.456 477.997
408.727 471.685
408.998 479.706
409.269 499.060
409.540 499.748
409.811 485.436
410.083 460.457
410.354 454.478
410.625 462.165
410.896 457.853
411.167 447.540
411.438 417.228
411.709 401.915
411.981 373.936
412.252 354.290
412.523 337.977
412.794 340.331
413.065 332.351
413.336 303.372
413.607 278.725
413.878 276.746
414.150 264.766
414.421 266.120
414.692 250.473
414.963 243.493
415.234 217.513
415.505 200.533
415.776 192.220
416.047 195.907
416.319 186.927
416.590 168.947
416.861 153.633
417.132 147.653
417.403 147.339
417.674 123.359
417.945 100.379
418.217 108.065
418.488 115.085
418.759 105.104
419.030 88.457
419.301 100.143
419.572 121.496
419.843 114.515
420.114 91.535
420.386 80.220
420.657 79.573
420.928 71.259
421.199 61.945
421.470 59.964
421.741 78.316
422.012 94.335
422.283 98.688
422.555 99.373
422.826 102.059
423.097 100.078
423.368 88.430
423.639 73.782
423.910 76.134
424.181 80.153
424.453 97.171
424.724 111.857
424.995 118.875
425.266 115.227
425.537 107.579
425.808 118.264
426.079 122.616
426.350 114.968
426.622 117.653
426.893 117.338
427.164 111.023
427.435 86.041
427.706 73.059
427.977 72.744
428.248 75.095
428.519 85.113
428.791 115.131
429.062 129.816
429.333 125.501
429.604 121.185
429.875 143.536
430.146 162.888
430.417 165.905
430.689 136.257
430.960 121.274
431.231 115.625
431.502 132.976
431.773 131.661
432.044 123.678
432.315 121.362
432.586 126.046
432.858 120.397
433.129 113.415
433.400 102.099
433.671 98.116
433.942 90.133
434.213 98.151
434.484 114.835
434.755 120.185
435.027 114.536
435.298 108.886
435.569 107.903
435.840 106.587
436.116 93.937
436.391 88.954
436.667 92.638
436.942 93.988
437.218 96.672
437.493 102.022
437.769 106.372
438.045 105.055
438.320 102.072
438.596 88.422
438.871 75.772
439.147 75.455
439.422 87.472
439.698 103.822
439.974 111.838
440.249 120.855
440.525 127.871
440.800 131.554
441.076 139.904
441.351 137.254
441.627 113.270
441.903 100.953
442.178 112.969
442.454 140.652
442.729 135.335
443.005 129.018
443.281 141.367
443.556 162.383
443.832 152.066
444.107 128.749
444.383 109.431
444.658 105.781
444.934 105.797
445.210 114.479
445.485 136.162
445.761 153.177
446.036 164.527
446.312 151.209
446.587 116.558
446.863 83.574
447.139 80.256
447.414 101.938
447.690 137.287
447.965 141.969
448.241 131.652
448.516 115.667
448.792 123.016
449.068 133.031
449.343 136.380
449.619 141.062
449.894 140.077
450.170 146.759
450.445 166.441
450.721 177.457
450.997 174.472
451.272 148.154
451.548 127.502
451.823 117.850
452.099 103.532
452.375 113.214
452.650 123.229
452.926 136.244
453.201 158.926
453.477 178.607
453.752 184.622
454.028 172.970
454.304 156.652
454.579 155.333
454.855 148.348
455.130 156.363
455.406 188.711
455.681 220.725
455.957 228.073
456.233 209.755
456.508 190.769
456.784 158.784
457.059 142.132
457.335 129.146
457.610 143.827
457.886 142.842
458.162 145.856
458.437 165.204
458.713 185.885
458.988 187.899
459.264 151.580
459.539 116.594
459.815 96.609
460.091 96.290
460.366 94.970
460.642 105.651
460.917 109.999
461.193 98.346
461.468 79.693
461.744 71.041
462.020 86.055
462.295 85.069
462.571 83.416
462.846 92.097
463.122 110.111
463.397 129.745
463.673 138.041
463.949 152.000
464.224 155.677
464.500 138.742
464.775 111.422
465.051 96.451
465.327 106.044
465.602 121.403
465.878 133.025
466.153 148.733
466.429 173.987
466.704 191.760
466.980 196.833
467.256 197.718
467.531 193.852
467.807 188.985
468.082 181.658
468.358 182.462
468.633 183.934
468.909 184.195
469.185 199.087
469.460 209.019
469.736 199.422
470.011 186.357
470.287 171.657
470.562 161.685
470.838 146.128
471.114 146.592
471.389 150.735
471.665 161.978
471.940 164.806
472.216 163.224
472.491 143.749
472.767 144.897
473.043 155.097
473.318 149.771
473.594 127.589
473.869 113.527
474.145 122.052
474.421 133.256
474.696 138.741
474.972 137.482
475.247 118.876
475.523 108.403
475.798 107.356
476.074 114.836
476.350 125.383
476.625 132.912
476.901 133.943
477.176 138.270
477.452 140.898
477.727 137.442
478.003 129.273
478.279 145.495
478.554 165.890
478.830 193.271
479.105 178.273
479.381 157.491
479.656 135.748
479.932 146.452
480.208 174.667
480.483 187.052
480.759 155.626
481.034 125.944
481.310 117.708
481.585 127.403
481.861 128.654
482.137 132.249
482.412 148.832
482.688 152.713
482.963 133.129
483.239 98.624
483.514 79.851
483.790 90.410
484.066 121.269
484.341 149.800
484.617 150.951
484.892 148.150
485.168 140.725
485.443 120.477
485.719 97.190
485.995 82.541
486.270 84.723
486.546 83.004
486.821 88.174
487.097 106.505
487.373 133.621
487.648 153.171
487.924 138.912
488.199 101.491
488.475 65.076
488.750 45.754
489.026 37.245
489.302 37.910
489.577 57.154
489.853 101.553
490.128 125.016
490.404 119.123
490.679 108.932
490.955 118.354
491.231 141.196
491.506 145.206
491.782 124.391
492.057 123.749
492.333 128.935
492.608 151.125
492.884 142.329
493.160 128.060
493.435 124.248
493.711 121.362
493.986 108.954
494.262 84.129
494.537 78.000
494.813 94.430
495.089 117.404
495.364 120.721
495.640 108.944
495.915 92.967
496.191 74.693
496.467 88.252
496.742 110.066
497.018 130.513
497.293 146.458
497.569 146.289
497.844 134.202
498.120 108.318
498.396 89.280
498.671 114.194
498.947 131.167
499.222 146.829
499.498 152.247
499.773 161.710
500.049 171.509
500.325 184.801
500.600 192.386
500.876 223.775
501.151 246.823
501.427 272.894
501.702 275.762
501.978 299.551
502.254 323.463
502.529 352.190
502.805 375.840
503.080 396.720
503.356 416.959
503.631 420.235
503.907 430.108
504.183 441.198
504.458 442.075
504.734 440.926
505.009 440.262
505.285 442.968
505.560 427.269
505.836 418.508
506.112 399.099
506.387 376.059
506.663 348.626
506.938 330.981
507.214 322.129
507.490 315.854
507.765 312.616
508.041 306.809
508.316 281.090
508.592 253.280
508.867 228.799
509.143 213.568
509.419 190.272
509.694 190.480
509.970 178.877
510.245 177.387
510.521 155.814
510.796 133.069
511.072 117.630
511.348 112.230
511.623 111.746
511.899 115.575
512.174 130.593
512.450 142.774
512.725 133.120
513.001 117.507
513.277 124.258
513.552 142.186
513.828 157.104
514.103 167.861
514.379 167.114
514.654 159.757
514.930 158.155
515.206 162.597
515.481 166.057
515.757 160.997
516.032 164.647
516.308 184.293
516.583 194.095
516.859 181.601
517.135 160.279
517.410 177.978
517.686 220.659
517.961 257.752
518.237 260.345
518.513 272.500
518.788 298.796
519.064 333.745
519.339 339.352
519.615 356.609
519.890 385.173
520.166 433.320
520.442 454.573
520.717 461.325
520.993 455.560
521.268 452.681
521.544 454.483
521.819 463.982
522.095 497.297
522.371 521.932
522.646 565.700
522.922 580.540
523.197 584.029
523.473 564.068
523.748 546.025
524.024 551.138
524.300 554.336
524.575 554.983
524.851 542.062
525.126 549.407
525.402 571.745
525.677 585.456
525.953 585.281
526.229 570.298
526.504 562.977
526.780 574.014
527.055 578.808
527.331 598.007
527.606 598.015
527.882 614.491
528.158 629.285
528.433 633.397
528.709 644.682
528.984 648.315
529.260 652.044
529.535 625.046
529.811 585.165
530.087 572.296
530.362 587.433
530.638 610.614
530.913 612.613
531.189 585.552
531.465 545.377
531.740 513.535
532.016 506.801
532.291 483.063
532.567 439.470
532.842 395.690
533.118 383.028
533.394 367.957
533.669 335.919
533.945 315.425
534.220 314.566
534.496 307.293
534.771 292.658
535.047 269.873
535.323 256.311
535.598 248.598
535.874 247.713
536.149 249.578
536.425 231.815
536.700 236.648
536.976 264.040
537.252 297.386
537.527 310.668
537.803 346.612
538.078 411.616
538.354 478.429
538.629 538.288
538.905 588.755
539.181 648.928
539.456 715.674
539.732 805.400
540.007 886.561
540.283 929.675
540.558 946.445
540.834 973.802
541.110 1010.381
541.385 1060.214
541.661 1101.852
541.936 1137.224
542.212 1126.700
542.488 1125.717
542.763 1109.241
543.039 1106.632
543.314 1061.382
543.590 1009.124
543.865 979.035
544.141 970.437
544.417 961.839
544.692 951.916
544.968 928.722
545.243 904.235
545.519 874.408
545.794 873.091
546.070 892.897
546.348 881.639
546.627 877.966
546.905 866.120
547.183 871.809
547.461 879.171
547.740 882.118
548.018 854.320
548.296 825.861
548.575 826.902
548.853 861.997
549.131 881.241
549.409 901.129
549.688 938.877
549.966 964.017
550.244 974.285
550.523 979.581
550.801 996.771
551.079 1025.481
551.357 1048.542
551.636 1060.042
551.914 1048.158
552.192 1033.004
552.471 1030.040
552.749 1053.327
553.027 1079.191
553.306 1115.226
553.584 1135.147
553.862 1138.066
554.140 1132.332
554.419 1128.598
554.697 1154.223
554.975 1183.471
555.254 1214.265
555.532 1227.419
555.810 1197.932
556.088 1161.360
556.367 1130.663
556.645 1121.549
556.923 1094.265
557.202 1050.816
557.480 1021.950
557.758 1004.471
558.036 991.240
558.315 962.519
558.593 910.580
558.871 861.332
559.150 810.571
559.428 782.988
559.706 741.225
559.984 704.338
560.263 655.578
560.541 614.997
560.819 560.518
561.098 514.818
561.376 457.406
561.654 417.471
561.932 383.387
562.211 344.840
562.489 309.931
562.767 277.597
563.046 272.074
563.324 274.412
563.602 262.816
563.880 255.465
564.159 228.444
564.437 203.179
564.715 175.675
564.994 169.029
565.272 167.707
565.550 156.837
565.828 150.393
566.107 154.341
566.385 157.227
566.663 147.413
566.942 139.094
567.220 136.307
567.498 128.023
567.776 129.998
568.055 129.043
568.333 137.792
568.611 133.397
568.890 134.536
569.168 127.911
569.446 117.741
569.725 104.264
570.003 93.025
570.281 97.256
570.559 102.485
570.838 111.267
571.116 122.007
571.394 146.009
571.673 166.151
571.951 158.163
572.229 126.864
572.507 105.256
572.786 107.655
573.064 121.675
573.342 118.857
573.621 121.225
573.899 143.493
574.177 157.573
574.455 146.952
574.734 120.341
575.012 96.606
575.290 81.976
575.569 84.713
575.847 121.074
576.125 150.263
576.403 153.956
576.682 137.118
576.960 130.005
577.243 129.443
577.527 119.926
577.810 102.595
578.093 97.462
578.377 123.586
578.660 147.359
578.944 144.473
579.227 131.439
579.510 124.698
579.794 122.097
580.077 117.519
580.360 122.533
580.644 132.912
580.927 128.361
581.210 106.266
581.494 93.049
581.777 99.768
582.061 102.127
582.344 89.898
582.627 75.990
582.911 92.990
583.194 136.262
583.477 154.594
583.761 158.925
584.044 146.672
584.327 131.741
584.611 128.800
584.894 111.157
585.178 97.510
585.461 92.522
585.744 98.227
586.028 109.585
586.311 105.633
586.594 97.639
586.878 103.645
587.161 107.985
587.444 101.991
587.728 85.664
588.011 56.337
588.295 59.982
588.578 91.603
588.861 119.609
589.145 128.346
589.428 104.404
589.711 102.038
589.995 116.291
590.278 129.297
590.562 129.970
590.845 121.276
591.128 123.862
591.412 119.872
591.695 116.551
591.978 114.603
592.262 122.848
592.545 141.151
592.828 136.754
593.112 124.131
593.395 93.479
593.679 78.176
593.962 81.438
594.245 103.309
594.529 120.833
594.812 124.156
595.095 121.418
595.379 122.418
595.662 127.316
595.945 111.073
596.229 111.910
596.512 114.145
596.796 112.443
597.079 111.129
597.362 128.192
597.646 152.570
597.929 155.132
598.212 140.914
598.496 142.463
598.779 153.615
599.062 151.929
599.346 130.515
599.629 109.725
599.913 111.941
600.196 118.117
600.479 135.200
600.763 132.818
601.046 134.136
601.329 129.455
601.613 128.478
601.896 138.557
602.179 141.465
602.463 151.905
602.746 171.885
603.030 171.843
603.313 155.439
603.596 132.760
603.880 132.392
604.163 135.261
604.446 133.262
604.730 139.371
605.013 149.497
605.296 140.035
605.580 141.399
605.863 156.749
606.147 178.302
606.430 167.816
606.713 150.192
606.997 160.579
607.280 180.806
607.563 171.267
607.847 130.855
608.130 113.900
608.414 153.409
608.697 189.980
608.980 182.890
609.264 138.898
609.547 111.153
609.830 119.606
610.114 128.427
610.397 135.247
610.680 122.882
610.964 112.799
611.247 108.350
611.531 99.886
611.814 97.635
612.097 105.446
612.381 135.219
612.664 152.889
612.947 156.210
613.231 151.033
613.514 151.742
613.797 151.468
614.081 151.145
614.364 142.637
614.648 120.377
614.931 107.284
615.214 121.752
615.498 148.712
615.781 161.918
616.064 174.774
616.348 191.909
616.631 211.927
616.914 212.985
617.198 198.540
617.481 178.965
617.765 161.010
618.048 143.686
618.331 145.114
618.615 162.956
618.898 181.116
619.181 179.527
619.465 149.927
619.748 136.183
620.031 123.410
620.315 131.139
620.598 140.211
620.882 156.572
621.165 150.707
621.448 145.510
621.732 127.993
622.015 117.488
622.298 119.630
622.582 135.443
622.865 147.165
623.148 146.984
623.432 140.092
623.715 148.963
623.999 155.809
624.282 165.781
624.565 158.900
624.849 144.682
625.132 131.027
625.415 136.886
625.699 142.988
625.982 143.128
626.265 136.450
626.549 147.951
626.832 172.490
627.116 184.280
627.399 199.286
627.682 190.691
627.966 168.003
628.249 121.217
628.532 97.911
628.816 105.130
629.099 126.380
629.383 143.552
629.666 156.596
629.949 168.521
630.233 178.667
630.516 188.522
630.799 177.200
631.083 156.419
631.366 130.702
631.649 114.697
631.933 117.570
632.216 129.003
632.500 141.985
632.783 154.270
633.066 174.186
633.350 187.114
633.633 192.114
633.916 187.755
634.200 193.371
634.483 185.945
634.766 168.376
635.050 150.822
635.333 156.519
635.617 185.369
635.900 204.026
636.183 197.121
636.467 201.170
636.750 224.258
637.033 250.970
637.317 265.398
637.600 258.412
637.883 264.439
638.167 266.275
638.450 278.533
638.734 303.654
639.017 338.615
639.300 368.153
639.584 384.890
639.867 378.847
640.150 386.647
640.434 399.614
640.717 407.913
641.000 422.436
641.284 429.434
641.567 437.094
641.851 445.655
642.134 459.538
642.417 488.493
642.701 518.259
642.984 531.367
643.267 543.078
643.551 534.229
643.834 536.106
644.117 561.898
644.401 611.887
644.684 675.305
644.968 736.792
645.251 789.228
645.534 841.538
645.818 890.621
646.101 970.386
646.384 1083.656
646.668 1207.604
646.951 1334.824
647.235 1456.452
647.518 1610.067
647.801 1772.996
648.085 1956.271
648.368 2132.654
648.651 2346.353
648.935 2580.593
649.218 2823.748
649.501 3051.624
649.785 3276.056
650.068 3449.838
650.352 3632.600
650.635 3846.903
650.918 4131.802
651.202 4425.913
651.485 4715.773
651.768 4962.713
652.052 5134.700
652.335 5311.299
652.618 5542.314
652.902 5824.532
653.185 6044.150
653.469 6216.694
653.752 6377.093
654.035 6560.210
654.319 6676.542
654.602 6755.589
654.885 6786.255
655.169 6888.877
655.452 6973.138
655.735 7043.742
656.019 7092.944
656.302 7185.769
656.586 7273.644
656.869 7329.508
657.152 7367.533
657.436 7402.075
657.719 7489.000
658.002 7581.304
658.286 7661.364
658.569 7707.442
658.852 7764.135
659.136 7876.948
659.419 7973.903
659.703 8068.662
659.986 8136.834
660.269 8234.073
660.553 8342.192
660.836 8414.616
661.119 8459.649
661.403 8498.134
661.686 8534.909
661.969 8550.183
662.253 8526.611
662.536 8487.860
662.820 8435.458
663.103 8375.269
663.386 8315.098
663.670 8252.450
663.953 8165.542
664.236 8061.443
664.520 7929.115
664.803 7797.511
665.086 7644.189
665.370 7475.669
665.653 7255.044
665.937 7067.921
666.220 6846.918
666.503 6631.912
666.787 6358.485
667.070 6131.590
667.353 5883.791
667.637 5668.045
667.920 5439.468
668.204 5199.025
668.487 4950.486
668.770 4695.307
669.054 4442.452
669.337 4175.281
669.620 3888.795
669.904 3635.995
670.187 3400.251
670.470 3165.293
670.754 2918.264
671.037 2659.226
671.321 2459.776
671.604 2283.956
671.887 2141.631
672.171 1989.284
672.454 1863.650
672.737 1732.023
673.021 1611.350
673.304 1489.695
673.587 1373.713
673.871 1284.052
674.154 1203.341
674.438 1138.854
674.721 1053.615
675.004 971.708
675.288 923.688
675.571 881.110
675.854 845.653
676.138 792.619
676.421 754.569
676.704 735.239
676.988 733.436
677.271 732.997
677.555 707.313
677.838 672.193
678.121 639.662
678.405 630.578
678.688 597.580
678.971 562.050
679.255 528.952
679.538 516.162
679.821 499.382
680.105 464.611
680.388 439.322
680.672 416.616
680.955 406.860
681.238 379.144
681.522 337.500
681.805 294.588
682.088 281.741
682.372 278.011
682.655 273.681
682.938 253.610
683.222 239.075
683.505 229.416
683.789 219.753
684.072 209.592
684.355 187.247
684.639 173.606
684.922 177.437
685.205 191.359
685.489 201.525
685.772 202.013
686.056 213.666
686.339 212.207
686.622 211.031
686.906 195.558
687.189 203.216
687.472 214.971
687.756 229.589
688.039 220.894
688.322 219.585
688.606 216.110
688.889 211.938
689.173 207.767
689.456 206.379
689.739 220.917
690.023 223.975
690.306 207.852
690.589 198.679
690.873 197.836
691.156 208.532
691.439 203.680
691.723 202.717
692.006 193.294
692.290 201.822
692.573 208.018
692.856 216.817
693.140 207.630
693.423 190.017
693.706 194.360
693.990 206.634
694.273 227.029
694.556 238.408
694.840 230.492
695.123 210.888
695.407 199.216
695.690 197.366
695.973 187.975
696.257 206.080
696.540 221.302
696.830 241.070
697.120 220.354
697.410 200.366
697.699 208.005
697.989 228.108
698.279 246.835
698.569 241.716
698.859 223.720
699.149 227.911
699.439 233.396
699.729 234.953
700.018 226.974
700.308 200.733
700.598 186.210
700.888 182.867
701.178 194.096
701.468 194.595
701.758 193.568
702.048 194.387
702.337 198.187
702.627 191.056
702.917 167.300
703.207 145.650
703.497 120.611
703.787 113.866
704.077 110.774
704.366 107.358
704.656 112.154
704.946 125.618
705.236 151.066
705.526 175.608
705.816 148.588
706.106 130.213
706.396 113.679
706.685 122.520
706.975 116.703
707.265 130.940
707.555 151.689
707.845 158.630
708.135 129.343
708.425 104.510
708.715 111.634
709.004 121.190
709.294 125.378
709.584 112.464
709.874 111.398
710.164 126.290
710.454 140.150
710.744 144.427
711.034 153.096
711.323 139.827
711.613 137.731
711.903 129.155
712.193 131.416
712.483 136.008
712.773 136.243
713.063 154.048
713.352 162.569
713.642 157.406
713.932 133.706
714.222 114.629
714.512 104.967
714.802 102.870
715.092 102.980
715.382 117.008
715.671 141.877
715.961 149.123
716.251 142.891
716.541 129.965
716.831 110.899
717.121 107.152
717.411 127.043
717.701 145.498
717.990 143.518
718.280 110.289
718.570 88.538
718.860 85.358
719.150 90.421
719.440 102.543
719.730 118.100
720.019 131.508
720.309 129.919
720.599 108.691
720.889 94.113
721.179 100.915
721.469 105.445
721.759 111.905
722.049 114.183
722.338 110.726
722.628 104.369
722.918 106.416
723.208 116.062
723.498 124.825
723.788 138.024
724.078 153.245
724.368 152.968
724.657 142.152
724.947 144.137
725.237 159.988
725.527 154.848
725.817 140.774
726.107 128.317
726.397 122.959
726.686 124.574
726.976 124.577
727.266 130.060
727.556 141.076
727.846 139.789
728.136 127.275
728.426 99.876
728.716 86.399
729.005 93.508
729.295 96.476
729.585 88.081
729.875 87.471
730.165 99.408
730.455 119.520
730.745 123.764
731.035 121.943
731.324 110.943
731.614 102.237
731.904 102.202
732.194 105.833
732.484 114.297
732.774 119.851
733.064 114.665
733.354 108.279
733.643 102.197
733.933 102.909
734.223 103.530
734.513 115.278
734.803 123.766
735.093 128.392
735.383 132.025
735.672 137.689
735.962 130.560
736.252 113.747
736.542 104.326
736.832 94.615
737.122 92.695
737.412 96.366
737.702 115.362
737.991 116.782
738.281 113.877
738.571 113.342
738.861 116.990
739.151 110.801
739.441 93.066
739.731 88.183
740.021 110.630
740.310 135.069
740.600 130.802
740.890 109.469
741.180 94.993
741.470 97.691
741.760 107.895
742.050 110.268
742.339 105.394
742.629 105.809
742.919 104.131
743.209 103.474
743.499 107.479
743.789 126.028
744.079 136.911
744.369 126.719
744.658 97.349
744.948 97.100
745.238 101.397
745.528 118.970
745.818 112.398
746.108 100.564
746.398 92.661
746.688 113.220
746.977 124.477
747.267 125.174
747.557 100.048
747.847 89.184
748.137 91.540
748.427 84.628
748.717 68.710
749.006 68.747
749.296 79.010
749.586 104.258
749.876 94.965
750.166 87.720
750.456 77.486
750.746 65.895
751.036 74.239
751.325 94.916
751.615 117.576
751.905 127.311
752.195 114.029
752.485 104.762
752.775 85.121
753.065 87.161
753.355 106.182
753.644 121.984
753.934 129.751
754.224 134.243
754.514 128.523
754.804 114.484
755.094 78.996
755.384 69.972
755.674 78.667
755.963 97.427
756.253 109.800
756.543 97.487
756.833 92.470
757.123 98.911
757.413 113.654
757.703 118.040
757.992 107.625
758.282 104.613
758.572 94.900
758.862 79.190
759.152 70.117
759.442 97.926
759.732 123.389
760.022 131.165
760.311 113.446
760.601 101.083
760.891 95.018
761.181 96.697
761.471 104.115
761.761 110.560
762.051 115.928
762.341 126.001
762.630 106.198
762.920 90.826
763.210 83.108
763.500 94.859
763.793 93.494
764.086 84.738
764.379 95.776
764.671 117.888
764.964 125.603
765.257 128.713
765.550 122.760
765.843 118.808
766.136 97.977
766.429 83.841
766.722 72.037
767.014 72.016
767.307 66.647
767.600 76.105
767.893 76.131
768.186 86.571
768.479 100.686
768.772 103.377
769.064 100.327
769.357 82.185
769.650 96.260
769.943 96.934
770.236 87.527
770.529 83.874
770.822 92.642
771.115 126.636
771.407 152.912
771.700 169.825
771.993 159.064
772.286 141.530
772.579 117.902
772.872 110.805
773.165 107.448
773.457 127.663
773.750 123.664
774.043 112.640
774.336 106.543
774.629 117.309
774.922 116.271
775.215 112.536
775.508 104.365
775.800 100.615
776.093 89.845
776.386 91.224
776.679 104.989
776.972 123.821
777.265 132.842
777.558 131.424
777.850 115.583
778.143 114.244
778.436 122.287
778.729 117.599
779.022 95.448
779.315 79.370
779.608 87.413
779.900 93.111
780.193 94.421
780.486 91.676
780.779 91.600
781.072 111.296
781.365 119.699
781.658 128.790
781.951 126.069
782.243 128.749
782.536 136.449
782.829 124.501
783.122 114.094
783.415 107.032
783.708 105.660
784.001 120.039
784.293 138.710
784.586 153.707
784.879 149.607
785.172 130.906
785.465 115.878
785.758 97.889
786.051 95.153
786.344 105.798
786.636 118.453
786.929 108.524
787.222 83.835
787.515 72.770
787.808 84.668
788.101 111.934
788.394 125.922
788.686 141.626
788.979 127.310
789.272 121.282
789.565 97.563
789.858 81.249
790.151 73.295
790.444 88.018
790.737 114.283
791.029 130.891
791.322 131.433
791.615 134.810
791.908 124.499
792.201 115.196
792.494 111.736
792.787 125.662
793.079 133.600
793.372 136.970
793.665 134.645
793.958 145.988
794.251 144.615
794.544 136.309
794.837 123.018
795.130 114.093
795.422 114.095
795.715 124.116
796.008 119.765
796.301 113.422
796.594 114.655
796.887 133.965
797.180 140.313
797.472 127.737
797.765 118.723
798.058 126.369
798.351 118.395
798.644 96.506
798.937 75.879
799.230 101.139
799.523 113.105
799.815 98.509
800.108 58.964
800.401 63.324
800.694 94.898
800.987 112.913
801.280 110.955
801.573 105.047
801.865 116.992
802.158 115.295
802.451 102.620
802.744 85.656
803.037 85.359
803.330 103.991
803.623 117.300
803.915 118.967
804.208 112.756
804.501 105.209
804.794 92.913
805.087 76.251
805.380 64.241
805.673 75.277
805.966 85.300
806.258 93.735
806.551 87.481
806.844 97.957
807.137 101.975
807.430 101.642
807.723 92.234
808.016 95.324
808.308 92.983
808.601 96.735
808.894 98.118
809.187 120.303
809.480 114.241
809.773 106.156
810.066 94.793
810.359 109.034
810.651 103.051
810.944 74.198
811.237 50.319
811.530 47.341
811.825 75.598
812.119 88.382
812.414 99.158
812.709 108.715
813.003 122.598
813.298 121.349
813.593 106.506
813.887 124.563
814.182 136.473
814.476 142.658
814.771 111.995
815.066 101.201
815.360 94.804
815.655 97.179
815.950 107.049
816.244 133.306
816.539 145.611
816.834 142.682
817.128 128.413
817.423 135.376
817.718 147.205
818.012 134.102
818.307 119.529
818.602 113.424
818.896 116.598
819.191 106.847
819.486 100.124
819.780 110.922
820.075 114.838
820.369 117.800
820.664 109.999
820.959 113.525
821.253 118.406
821.548 134.439
821.843 141.140
822.137 126.454
822.432 104.771
822.727 91.038
823.021 99.499
823.316 104.161
823.611 98.375
823.905 88.848
824.200 89.804
824.495 103.999
824.789 101.926
825.084 78.721
825.379 59.053
825.673 72.580
825.968 94.877
826.262 116.607
826.557 115.682
826.852 122.834
827.146 124.164
827.441 125.581
827.736 120.668
828.030 110.807
828.325 104.025
828.620 101.902
828.914 99.716
829.209 105.341
829.504 113.998
829.798 125.564
830.093 134.965
830.388 121.844
830.682 105.177
830.977 92.988
831.271 92.667
831.566 109.507
831.861 101.539
832.155 89.458
832.450 83.096
832.745 92.061
833.039 108.155
833.334 110.357
833.629 109.095
833.923 95.384
834.218 79.466
834.513 84.024
834.807 89.636
835.102 91.965
835.397 84.565
835.691 85.940
835.986 87.710
836.281 84.628
836.575 79.564
836.870 79.841
837.164 77.837
837.459 86.953
837.754 91.547
838.048 79.217
838.343 74.485
838.638 85.211
838.932 110.322
839.227 120.868
839.522 115.611
839.816 96.773
840.111 73.885
840.406 80.495
840.700 117.279
840.995 152.667
841.290 149.234
841.584 145.401
841.879 145.601
842.174 146.392
842.468 110.193
842.763 83.706
843.057 80.147
843.352 111.064
843.647 112.581
843.941 96.309
844.236 97.124
844.531 115.450
844.825 127.090
845.120 118.219
845.415 110.683
845.709 130.768
846.004 145.011
846.299 161.178
846.593 149.397
846.888 140.541
847.183 131.579
847.477 142.166
847.772 139.488
848.066 138.399
848.361 138.254
848.656 132.398
848.950 129.558
849.245 119.057
849.540 127.923
849.834 141.020
850.129 153.791
850.424 138.238
850.718 115.380
851.013 99.692
851.308 113.821
851.602 134.191
851.897 149.119
852.192 159.331
852.486 161.761
852.781 176.534
853.076 180.289
853.370 168.786
853.665 152.956
853.959 138.700
854.254 144.195
854.549 134.208
854.843 122.252
855.138 117.442
855.433 128.474
855.727 122.722
856.022 103.384
856.317 106.152
856.611 127.684
856.906 144.703
857.201 139.114
857.495 141.142
857.790 151.623
858.085 143.099
858.379 125.020
858.674 90.418
858.969 78.451
859.263 93.269
859.558 101.166
859.852 84.861
860.147 72.859
860.442 76.260
860.736 101.832
861.031 121.104
861.326 126.569
861.620 122.651
861.915 92.045
862.210 78.934
862.504 82.868
862.799 98.285
863.094 115.083
863.388 117.355
863.683 113.173
863.978 99.863
864.272 84.047
864.567 73.334
864.861 74.484
865.156 64.565
865.451 71.588
865.745 76.128
866.040 93.825
866.335 108.360
866.629 118.083
866.924 130.848
867.219 145.516
867.513 139.079
867.808 115.991
868.103 76.322
868.397 65.977
868.692 70.933
868.987 86.546
869.281 96.706
869.576 95.487
869.871 74.608
870.165 54.814
870.460 60.267
870.754 85.332
871.049 112.969
871.344 118.675
871.638 121.692
871.933 129.646
872.228 127.499
872.522 118.408
872.817 120.071
873.112 132.515
873.406 141.526
873.701 129.590
873.996 134.316
874.290 140.264
874.585 132.674
874.880 111.417
875.174 102.170
875.469 116.172
875.764 125.084
876.058 114.590
876.353 98.358
876.647 93.049
876.942 99.031
877.237 97.240
877.531 106.225
877.826 117.090
878.121 123.288
878.415 110.058
878.710 102.243
879.005 93.501
879.299 93.929
879.594 84.323
879.889 78.262
880.183 74.036
880.478 93.466
880.773 113.841
881.067 118.655
881.362 93.904
881.656 76.360
881.951 73.051
882.246 90.135
882.540 115.705
882.835 121.979
883.130 111.045
883.424 82.141
883.719 64.267
884.014 49.846
884.308 62.742
884.603 74.716
884.898 83.036
885.192 82.260
885.487 88.414
885.782 113.196
886.076 126.464
886.371 131.392
886.666 112.109
886.960 97.666
887.255 89.185
887.549 96.858
887.844 124.650
888.139 142.900
888.433 148.602
888.728 117.314
889.023 96.454
889.317 77.746
889.612 72.343
889.907 82.913
890.201 93.485
890.496 105.522
890.791 104.243
891.085 107.422
891.380 103.890
891.675 100.097
891.969 99.154
892.264 93.812
892.559 83.192
892.853 69.428
893.148 67.645
893.442 79.384
893.737 79.641
894.032 74.063
894.326 64.635
894.621 73.180
894.916 86.397
895.210 95.301
895.505 92.730
895.800 92.197
896.094 86.872
896.389 86.554
896.684 87.733
896.978 89.849
897.273 95.151
897.568 93.439
897.862 81.946
898.157 76.105
898.451 82.327
898.746 99.489
899.041 98.923
899.335 95.146
899.630 91.605
899.925 99.282
900.219 116.467
900.514 114.542
900.809 101.904
901.103 81.522
901.398 71.163
901.693 66.190
901.987 64.784
902.282 79.393
902.577 94.249
902.871 104.409
903.166 101.169
903.461 94.402
903.755 97.857
904.050 98.633
904.344 102.010
904.639 91.013
904.934 91.674
905.228 97.837
905.523 100.048
905.818 110.321
906.112 108.849
906.407 106.857
906.702 91.320
906.996 89.079
907.291 80.378
907.586 85.684
907.880 94.528
908.175 112.486
908.470 109.157
908.764 101.033
909.059 90.229
909.354 74.569
909.648 64.305
909.943 73.534
910.237 108.727
910.532 139.968
910.827 148.942
911.121 137.746
911.416 128.700
911.711 114.447
912.005 108.443
912.300 101.629
912.599 104.865
912.898 110.616
913.196 109.172
913.495 122.970
913.794 132.912
914.093 140.141
914.391 119.805
914.690 97.982
914.989 96.857
915.288 114.670
915.586 121.301
915.885 107.148
916.184 92.003
916.483 99.650
916.782 109.726
917.080 118.636
917.379 98.962
917.678 90.979
917.977 83.920
918.275 105.887
918.574 129.449
918.873 133.449
919.172 108.184
919.471 84.235
919.769 92.339
920.068 114.792
920.367 116.932
920.666 91.280
920.964 73.573
921.263 58.599
921.562 54.219
921.861 52.114
922.159 61.889
922.458 75.262
922.757 81.591
923.056 84.125
923.355 94.447
923.653 94.308
923.952 94.118
924.251 104.205
924.550 127.397
924.848 128.911
925.147 102.470
925.446 87.862
925.745 82.364
926.043 93.183
926.342 93.065
926.641 116.635
926.940 125.930
927.239 131.005
927.537 116.591
927.836 106.463
928.135 101.970
928.434 101.558
928.732 103.570
929.031 104.931
929.330 93.174
929.629 81.378
929.927 72.412
930.226 82.004
930.525 99.329
930.824 117.412
931.123 142.124
931.421 143.696
931.720 130.202
932.019 114.040
932.318 118.198
932.616 137.055
932.915 151.507
933.214 133.829
933.513 112.482
933.812 98.792
934.110 105.379
934.409 109.554
934.708 115.023
935.007 121.721
935.305 115.073
935.604 119.113
935.903 120.213
936.202 145.109
936.500 146.370
936.799 156.291
937.098 139.012
937.397 123.389
937.696 120.603
937.994 138.127
938.293 145.794
938.592 140.654
938.891 130.147
939.189 130.225
939.488 146.236
939.787 150.894
940.086 156.835
940.384 134.176
940.683 120.146
940.982 114.540
941.281 127.600
941.580 156.999
941.878 187.168
942.177 210.388
942.476 189.929
942.775 133.731
943.073 92.736
943.372 99.643
943.671 141.568
943.970 176.660
944.268 172.132
944.567 151.580
944.866 135.810
945.165 143.532
945.464 149.064
945.762 142.268
946.061 140.555
946.360 151.934
946.659 155.623
946.957 172.494
947.256 168.496
947.555 168.476
947.854 148.522
948.153 153.005
948.451 159.043
948.750 153.475
949.049 152.871
949.348 145.524
949.646 159.726
949.945 154.866
950.244 154.087
950.543 140.817
950.841 135.980
951.140 142.924
951.439 148.924
951.738 137.210
952.037 117.298
952.335 108.036
952.634 112.172
952.933 114.750
953.232 106.512
953.530 129.229
953.829 148.136
954.128 160.838
954.427 140.434
954.725 122.152
955.024 136.718
955.323 133.713
955.622 133.923
955.921 126.923
956.219 119.980
956.518 103.485
956.817 83.570
957.116 93.797
957.414 105.697
957.713 106.104
958.012 104.816
958.311 124.985
958.610 137.226
958.908 142.383
959.207 155.542
959.506 171.551
959.805 166.185
960.103 133.568
960.402 116.278
960.701 115.182
961.000 113.679
961.298 113.666
961.597 121.186
961.896 138.654
962.195 140.341
962.494 127.597
962.792 114.403
963.091 109.346
963.390 113.871
963.689 140.229
963.987 169.144
964.286 197.277
964.585 188.395
964.884 152.637
965.182 145.060
965.481 146.324
965.780 160.914
966.080 139.371
966.380 127.369
966.680 134.543
966.981 136.410
967.281 124.188
967.581 111.635
967.881 121.231
968.181 124.283
968.481 126.228
968.781 114.164
969.082 116.094
969.382 113.924
969.682 124.643
969.982 134.099
970.282 131.504
970.582 130.266
970.882 132.124
971.183 122.011
971.483 108.998
971.783 108.303
972.083 115.991
972.383 118.040
972.683 114.298
972.983 115.062
973.284 127.696
973.584 119.270
973.884 106.454
974.184 101.004
974.484 99.527
974.784 101.840
975.084 99.004
975.385 108.202
975.685 117.303
975.985 132.255
976.285 146.736
976.585 148.244
976.885 134.155
977.185 114.057
977.486 107.628
977.786 110.757
978.086 105.899
978.386 109.445
978.686 117.068
978.986 121.445
979.286 119.429
979.587 87.763
979.887 77.764
980.187 87.766
980.487 107.433
980.787 122.101
981.087 129.436
981.387 128.104
981.688 118.772
981.988 111.440
982.288 111.441
982.588 123.442
982.888 123.110
983.188 133.778
983.488 143.112
983.789 144.113
984.089 131.781
984.389 107.116
984.689 84.450
984.989 77.118
985.289 81.786
985.589 101.121
985.890 104.455
986.190 97.123
986.490 96.124
986.790 111.125
987.090 142.460
987.390 160.461
987.690 150.462
987.991 121.130
988.291 93.131
988.591 82.799
988.891 83.134
989.191 83.135
989.491 90.136
989.791 95.137
990.092 106.472
990.392 120.806
990.692 125.474
990.992 102.142
991.292 87.810
991.592 84.478
991.892 104.479
992.193 99.813
992.493 97.148
992.793 99.816
993.093 113.150
993.393 116.151
993.693 101.153
993.993 102.820
994.294 103.822
994.594 113.823
994.894 119.491
995.194 119.158
995.494 112.493
995.794 100.494
996.094 98.162
996.395 102.163
996.695 94.831
996.995 91.832
997.295 80.166
997.595 69.168
997.895 61.835
998.195 74.170
998.496 91.504
998.796 122.839
999.096 138.507
999.396 148.174
999.696 140.842
999.996 138.510
1000.296 124.845
1000.597 102.512
1000.897 98.847
1001.197 120.848
1001.497 138.516
1001.797 121.184
1002.097 101.518
1002.397 100.186
1002.698 115.187
1002.998 122.855
1003.298 115.189
1003.598 108.857
1003.898 112.858
1004.198 117.526
1004.498 117.860
1004.799 119.195
1005.099 129.863
1005.399 150.197
1005.699 146.865
1005.999 129.199
1006.299 123.534
1006.599 125.535
1006.900 119.203
1007.200 94.204
1007.500 73.538
1007.800 70.206
1008.100 70.541
1008.400 80.542
1008.700 90.209
1009.001 89.544
1009.301 99.878
1009.601 117.546
1009.901 124.881
1010.201 109.548
1010.501 100.216
1010.801 100.551
1011.102 117.885
1011.402 119.553
1011.702 107.554
1012.002 86.555
1012.302 90.889
1012.602 117.224
1012.902 139.225
1013.203 142.226
1013.503 127.560
1013.803 106.228
1014.103 93.563
1014.403 94.564
1014.703 103.898
1015.003 115.566
1015.304 138.900
1015.604 148.235
1015.904 123.569
1016.204 92.570
1016.504 71.905
1016.804 71.906
1017.104 68.240
1017.405 58.241
1017.705 57.909
1018.005 69.910
1018.305 86.578
1018.605 79.579
1018.905 68.247
1019.205 78.914
1019.506 101.582
1019.806 112.583
1020.106 111.918
1020.406 110.252
1020.706 121.920
1021.006 127.921
1021.306 122.922
1021.607 124.923
1021.907 123.257
1022.207 124.925
1022.507 118.260
1022.807 112.594
1023.107 120.928
1023.407 117.929
1023.708 109.264
1024.008 105.932
1024.308 105.266
1024.608 102.267
1024.908 86.935
1025.208 95.269
1025.508 106.270
1025.809 105.605
1026.109 92.939
1026.409 72.273
1026.709 86.274
1027.009 100.942
1027.309 118.610
1027.609 118.611
1027.910 103.612
1028.210 124.613
1028.510 151.281
1028.810 172.615
1029.110 153.616
1029.410 132.284
1029.710 116.285
1030.011 119.619
1030.311 122.954
1030.611 123.621
1030.911 111.289
1031.211 97.290
1031.511 99.624
1031.811 107.959
1032.112 118.627
1032.412 110.294
1032.712 118.295
1033.012 133.963
1033.312 144.631
1033.612 135.632
1033.912 117.299
1034.212 114.967
1034.513 120.968
1034.813 120.302
1035.113 113.637
1035.413 101.971
1035.713 100.639
1036.013 103.307
1036.313 105.641
1036.614 96.309
1036.914 77.976
1037.214 67.644
1037.514 70.312
1037.814 87.979
1038.114 91.647
1038.414 97.315
1038.715 94.649
1039.015 99.650
1039.315 97.318
1039.615 91.652
1039.915 98.986
1040.215 104.654
1040.515 123.655
1040.816 117.323
1041.116 99.990
1041.416 73.325
1041.716 64.659
1042.016 81.327
1042.316 104.995
1042.616 120.662
1042.917 110.997
1043.217 102.331
1043.517 113.332
1043.817 133.666
1044.117 149.001
1044.417 137.668
1044.717 114.003
1045.018 94.670
1045.318 98.338
1045.618 105.672
1045.918 100.340
1046.218 91.341
1046.518 106.008
1046.818 114.009
1047.119 112.010
1047.419 92.678
1047.719 75.346
1048.019 82.680
1048.319 98.014
1048.619 119.682
1048.919 110.350
1049.220 103.017
1049.520 108.018
1049.820 108.019
1050.120 105.687
1050.420 88.355
1050.720 76.356
1051.020 80.023
1051.321 99.358
1051.621 113.359
1051.921 93.360
1052.221 64.027
1052.521 66.028
1052.821 85.029
1053.121 108.030
1053.422 124.031
1053.722 127.032
1054.022 130.366
1054.322 117.367
1054.622 98.035
1054.922 82.036
1055.222 71.370
1055.523 88.371
1055.823 97.039
1056.123 102.706
1056.423 107.041
1056.723 113.708
1057.023 106.709
1057.323 94.710
1057.624 103.045
1057.924 128.379
1058.224 132.380
1058.524 130.381
1058.824 128.048
1059.124 135.716
1059.424 134.050
1059.725 126.718
1060.025 126.052
1060.325 117.387
1060.625 105.721
1060.925 119.055
1061.225 142.723
1061.525 155.057
1061.826 129.058
1062.126 91.059
1062.426 82.060
1062.726 89.061
1063.026 102.728
1063.326 110.396
1063.626 111.730
1063.927 123.065
1064.227 127.399
1064.527 131.400
1064.827 119.067
1065.127 102.068
1065.427 94.403
1065.727 108.404
1066.028 126.071
1066.328 107.739
1066.628 90.073
1066.928 86.074
1067.228 97.408
1067.528 88.409
1067.828 76.077
1068.129 89.744
1068.429 112.745
1068.729 125.413
1069.029 110.747
1069.329 99.081
1069.629 112.416
1069.929 149.750
1070.230 159.751
1070.530 156.752
1070.830 152.753
1071.130 163.754
1071.430 165.421
1071.730 157.755
1072.030 149.090
1072.331 141.424
1072.631 135.758
1072.931 126.092
1073.231 100.427
1073.531 65.761
1073.831 51.095
1074.131 72.763
1074.432 95.430
1074.732 95.098
1075.032 84.099
1075.332 102.433
1075.632 119.767
1075.932 112.102
1076.232 80.103
1076.533 60.437
1076.833 64.438
1077.133 81.439
1077.433 89.106
1077.733 98.107
1078.033 103.775
1078.333 114.442
1078.634 120.443
1078.934 97.111
1079.234 88.445
1079.534 93.779
1079.834 125.447
1080.134 138.781
1080.434 128.782
1080.735 109.449
1081.035 91.117
1081.335 91.451
1081.635 90.119
1081.935 86.786
1082.235 70.454
1082.535 78.788
1082.836 98.789
1083.136 120.123
1083.436 125.124
1083.736 114.125
1084.036 103.126
1084.336 84.127
1084.636 89.794
1084.937 98.462
1085.237 94.463
1085.537 85.464
1085.837 79.465
1086.137 98.799
1086.437 108.133
1086.737 114.467
1087.038 121.468
1087.338 128.136
1087.638 121.803
1087.938 104.471
1088.238 87.138
1088.538 88.139
1088.838 108.140
1089.139 117.141
1089.439 112.142
1089.739 102.143
1090.039 120.144
1090.339 119.144
1090.639 102.812
1090.939 74.480
1091.240 78.814
1091.540 84.148
1091.840 84.149
1092.140 81.483
1092.453 89.484
1092.766 107.151
1093.079 111.486
1093.392 97.820
1093.705 92.821
1094.018 100.488
1094.330 111.822
1094.643 116.823
1094.956 108.491
1095.269 112.492
1095.582 104.826
1095.895 93.160
1096.208 92.161
1096.521 101.162
1096.834 117.496
1097.147 120.163
1097.460 126.831
1097.773 132.499
1098.085 136.833
1098.398 141.167
1098.711 133.834
1099.024 120.169
1099.337 106.836
1099.650 109.837
1099.963 115.504
1100.276 104.505
1100.589 88.173
1100.902 77.840
1101.215 81.508
1101.528 91.175
1101.841 119.843
1102.153 135.510
1102.466 129.845
1102.779 102.179
1103.092 80.513
1103.405 76.180
1103.718 85.515
1104.031 103.515
1104.344 123.183
1104.657 149.517
1104.970 144.851
1105.283 136.185
1105.596 105.520
1105.909 105.187
1106.221 105.855
1106.534 91.189
1106.847 55.190
1107.160 58.857
1107.473 88.191
1107.786 111.859
1108.099 99.860
1108.412 88.194
1108.725 88.528
1109.038 96.862
1109.351 101.530
1109.664 105.530
1109.977 99.865
1110.289 89.865
1110.602 98.866
1110.915 102.200
1111.228 99.201
1111.541 89.535
1111.854 94.203
1112.167 89.537
1112.480 85.538
1112.793 81.205
1113.106 103.206
1113.419 128.540
1113.732 126.208
1114.044 108.875
1114.357 92.543
1114.670 97.877
1114.983 97.211
1115.296 93.879
1115.609 105.879
1115.922 144.880
1116.235 156.214
1116.548 129.882
1116.861 98.216
1117.174 95.550
1117.487 112.884
1117.800 120.885
1118.112 124.219
1118.425 128.553
1118.738 141.221
1119.051 136.222
1119.364 122.556
1119.677 106.223
1119.990 99.891
1120.303 112.558
1120.616 110.892
1120.929 112.560
1121.242 96.227
1121.555 109.895
1121.868 123.562
1122.180 114.230
1122.493 85.897
1122.806 67.565
1123.119 80.899
1123.432 91.900
1123.745 93.567
1124.058 82.568
1124.371 78.902
1124.684 80.236
1124.997 91.904
1125.310 93.904
1125.623 84.239
1125.935 80.906
1126.248 79.240
1126.561 90.908
1126.874 95.242
1127.187 89.242
1127.500 88.243
1127.813 98.577
1128.126 121.912
1128.439 138.246
1128.752 134.913
1129.065 120.914
1129.378 98.581
1129.691 85.249
1130.003 83.250
1130.316 86.917
1130.629 97.251
1130.942 114.252
1131.255 109.253
1131.568 90.920
1131.881 83.254
1132.194 98.588
1132.507 106.923
1132.820 108.590
1133.133 96.591
1133.446 107.925
1133.759 134.926
1134.071 150.593
1134.384 160.261
1134.697 132.928
1135.010 128.929
1135.323 118.929
1135.636 108.597
1135.949 101.264
1136.262 105.932
1136.575 119.266
1136.888 124.600
1137.201 113.934
1137.514 96.935
1137.826 81.269
1138.139 79.603
1138.452 107.271
1138.765 131.271
1139.078 154.939
1139.391 144.273
1139.704 124.940
1140.017 97.274
1140.330 82.275
1140.643 88.943
1140.956 100.943
1141.269 109.611
1141.582 101.612
1141.894 103.279
1142.207 112.280
1142.520 138.280
1142.833 144.615
1143.146 129.949
1143.459 111.949
1143.772 114.950
1144.085 120.284
1144.398 111.952
1144.711 80.286
1145.024 59.620
1145.337 67.287
1145.650 81.955
1145.962 103.955
1146.275 100.623
1146.588 105.624
1146.901 104.291
1147.214 93.958
1147.527 78.959
1147.840 66.627
1148.153 76.627
1148.466 82.961
1148.779 91.296
1149.092 99.296
1149.405 125.297
1149.718 151.631
1150.030 162.965
1150.343 150.299
1150.656 124.300
1150.969 119.634
1151.282 127.968
1151.595 132.969
1151.908 122.636
1152.221 108.637
1152.534 119.638
1152.847 133.639
1153.160 124.639
1153.473 104.307
1153.785 85.974
1154.098 101.975
1154.411 110.642
1154.724 121.643
1155.037 123.977
1155.350 122.644
1155.663 113.312
1155.976 106.646
1156.289 111.647
1156.602 125.981
1156.915 122.981
1157.228 119.982
1157.541 110.650
1157.853 118.650
1158.166 121.318
1158.479 123.652
1158.792 112.319
1159.105 95.987
1159.418 81.987
1159.731 84.988
1160.044 110.322
1160.357 132.656
1160.670 135.657
1160.983 133.658
1161.296 130.992
1161.609 123.992
1161.921 106.993
1162.234 97.327
1162.547 99.661
1162.860 99.995
1163.173 94.996
1163.486 93.663
1163.799 93.664
1164.112 89.331
1164.425 93.332
1164.738 93.000
1165.051 96.667
1165.364 110.334
1165.676 129.335
1165.989 131.669
1166.302 124.336
1166.615 115.337
1166.928 127.005
1167.241 117.339
1167.554 106.673
1167.867 88.340
1168.180 70.341
1168.493 56.675
1168.806 65.675
1169.119 91.676
1169.432 103.010
1169.744 97.344
1170.057 100.012
1170.370 115.346
1170.683 121.346
1170.996 110.014
1171.309 94.681
1171.622 88.682
1171.935 98.349
1172.248 93.350
1172.561 96.684
1172.874 105.018
1173.187 118.685
1173.500 127.019
1173.812 125.020
1174.125 136.021
1174.438 132.021
1174.751 122.689
1175.064 117.690
1175.377 118.024
1175.690 109.358
1176.003 96.358
1176.316 94.359
1176.629 94.693
1176.942 98.027
1177.255 86.361
1177.567 88.362
1177.880 106.696
1178.193 128.363
1178.506 158.031
1178.819 159.698
1179.132 147.032
1179.445 123.699
1179.758 110.700
1180.071 107.367
1180.384 111.035
1180.697 106.369
1181.010 115.036
1181.323 130.370
1181.635 152.704
1181.948 160.038
1182.261 141.372
1182.574 123.373
1182.887 121.707
1183.200 132.041
1183.513 141.375
1183.826 135.709
1184.139 111.376
1184.452 95.710
1184.765 80.711
1185.078 75.712
1185.391 76.046
1185.703 83.713
1186.016 90.714
1186.329 97.048
1186.642 117.715
1186.955 128.049
1187.268 127.716
1187.581 113.717
1187.894 107.384
1188.207 97.052
1188.520 83.719
1188.833 78.053
1189.146 87.720
1189.459 104.388
1189.771 125.722
1190.084 131.722
1190.397 127.390
1190.710 112.390
1191.023 98.724
1191.336 96.058
1191.649 108.059
1191.962 118.726
1192.275 123.394
1192.588 124.394
1192.901 117.062
1193.214 109.729
1193.526 103.730
1193.839 95.397
1194.152 98.064
1194.465 99.065
1194.778 119.399
1195.091 112.733
1195.404 106.400
1195.717 102.734
1196.030 111.402
1196.343 110.069
1196.656 107.403
1196.969 100.737
1197.282 98.071
1197.594 100.405
1197.907 106.406
1198.220 110.740
1198.533 120.407
1198.846 131.408
1199.159 139.742
1199.472 133.742
1199.785 119.076
1200.098 113.077
1200.411 96.744
1200.724 91.078
1201.037 87.079
1201.350 89.413
1201.662 110.747
1201.975 125.081
1202.288 114.748
1202.601 101.749
