165.028 22.203
165.288 8.746
165.547 10.939
165.807 9.789
166.067 1.917
166.327 3.331
166.587 3.031
166.847 -4.555
167.107 -5.570
167.367 -16.870
167.627 -23.314
167.886 -17.186
168.146 -23.058
168.406 -22.644
168.666 -11.660
168.926 -13.389
169.186 -15.976
169.446 -20.134
169.706 -21.435
169.966 -6.736
170.225 -7.466
170.485 -11.339
170.745 6.503
171.005 21.773
171.265 25.186
171.525 27.313
171.785 13.297
172.045 5.281
172.305 2.694
172.564 -13.180
172.824 -19.338
173.084 -15.640
173.344 -13.228
173.604 -8.673
173.864 -10.118
174.124 -12.420
174.384 5.564
174.644 20.119
174.903 31.388
175.163 25.800
175.423 29.926
175.683 35.196
175.943 38.322
176.203 27.019
176.463 4.717
176.723 -19.871
176.983 -25.031
177.242 -24.477
177.502 -17.208
177.762 -23.653
178.022 -32.385
178.282 -24.545
178.542 1.581
178.802 11.421
179.062 6.118
179.322 6.387
179.581 13.941
179.841 22.066
180.101 23.478
180.361 18.032
180.621 14.014
180.881 2.711
181.141 -8.449
181.401 -11.181
181.661 -8.913
181.920 -2.931
182.180 2.195
182.440 6.320
182.700 12.017
182.960 12.999
183.220 18.267
183.480 17.106
183.740 12.660
184.000 -1.358
184.259 -8.662
184.519 1.035
184.779 17.303
185.039 28.570
185.299 43.267
185.559 51.106
185.819 51.231
186.079 46.784
186.339 37.480
186.598 3.605
186.858 -30.842
187.118 -52.003
187.378 -63.021
187.638 -56.610
187.898 -50.343
188.158 -49.075
188.418 -32.236
188.678 -22.683
188.937 -33.844
189.197 -45.434
189.457 -57.166
189.717 -56.613
189.977 -47.632
190.237 -52.364
190.497 -49.240
190.757 -28.115
191.017 -12.991
191.276 -5.724
191.536 -9.170
191.796 -18.189
192.056 -13.064
192.316 -1.940
192.576 -7.387
192.836 -14.120
193.096 -18.567
193.356 -21.585
193.616 -16.175
193.875 -13.194
194.135 -17.355
194.395 -14.231
194.655 -16.535
194.915 -10.696
195.175 -3.429
195.435 -7.591
195.695 -3.609
195.955 -0.056
196.214 2.068
196.474 11.335
196.734 12.745
196.994 16.727
197.254 28.565
197.514 22.547
197.774 17.385
198.034 17.081
198.294 18.491
198.553 15.329
198.813 6.168
199.073 -7.708
199.333 -8.583
199.593 0.112
199.853 -2.049
200.113 -10.068
200.373 -2.372
200.633 5.324
200.892 16.305
201.152 19.144
201.412 7.697
201.672 3.250
201.932 7.517
202.192 9.212
202.452 15.908
202.712 7.032
202.972 2.443
203.231 4.138
203.491 11.548
203.751 3.244
204.011 -3.631
204.271 1.064
204.531 14.046
204.791 9.027
205.051 2.723
205.311 3.133
205.570 19.686
205.830 38.954
206.090 40.649
206.350 30.202
206.610 40.898
206.870 54.880
207.130 52.433
207.390 42.415
207.650 23.539
207.909 1.378
208.169 -1.212
208.429 -2.087
208.689 -13.677
208.949 -22.410
209.209 -19.571
209.469 -29.589
209.729 -33.036
209.989 -34.197
210.248 -28.215
210.508 -16.805
210.768 -2.823
211.028 -8.413
211.288 -0.574
211.548 12.122
211.808 14.676
212.068 8.086
212.328 -2.075
212.587 -10.093
212.847 -0.397
213.107 10.728
213.367 13.282
213.627 8.406
213.887 6.960
214.147 9.513
214.407 11.352
214.667 17.477
214.926 16.602
215.186 7.013
215.446 10.709
215.706 8.692
215.966 23.388
216.226 26.799
216.486 9.210
216.746 11.620
217.006 33.174
217.265 42.013
217.525 52.996
217.785 43.549
218.045 33.532
218.305 40.371
218.565 39.211
218.825 32.336
219.085 28.176
219.345 21.729
219.604 17.283
219.864 28.266
220.124 30.820
220.384 17.945
220.644 7.071
220.904 8.482
221.164 6.464
221.424 5.161
221.684 -3.999
221.943 -13.731
222.203 -7.748
222.463 -1.908
222.723 -4.640
222.983 -2.657
223.243 -6.102
223.503 -25.548
223.763 -45.280
224.023 -56.868
224.282 -57.600
224.542 -53.760
224.802 -56.205
225.062 -47.651
225.322 -15.668
225.582 13.030
225.842 17.156
226.102 -1.147
226.362 -19.021
226.621 -18.038
226.881 -12.341
227.141 -5.072
227.401 4.054
227.661 8.895
227.921 17.021
228.181 26.433
228.441 17.273
228.701 3.400
228.960 -10.331
229.220 -16.776
229.480 -13.222
229.740 -7.810
230.000 -14.112
230.260 -6.128
230.520 -6.002
230.780 -15.161
231.040 -24.606
231.299 -27.622
231.559 -37.924
231.819 -38.084
232.079 -31.957
232.339 -18.830
232.599 -9.275
232.859 -12.291
233.119 -21.879
233.379 -21.038
233.638 -19.054
233.898 -22.356
234.158 -33.658
234.418 -35.674
234.678 -17.118
234.938 -1.420
235.198 6.564
235.458 3.691
235.718 -6.467
235.978 -3.340
236.237 5.930
236.497 6.057
236.757 5.041
237.017 6.311
237.277 27.010
237.537 46.994
237.797 52.978
238.057 40.677
238.317 32.804
238.576 29.932
238.836 29.916
239.096 16.901
239.356 11.314
239.616 19.441
239.876 25.426
240.136 24.411
240.396 23.967
240.656 25.809
240.915 29.079
241.175 25.635
241.435 12.334
241.695 9.605
241.955 14.447
242.215 21.432
242.475 22.988
242.735 15.973
242.995 7.530
243.254 1.943
243.514 0.643
243.774 -3.658
244.034 -9.530
244.294 -16.116
244.554 -2.845
244.814 6.854
245.074 4.554
245.334 -9.747
245.593 -24.047
245.853 -30.062
246.113 -15.648
246.373 -13.948
246.633 -10.534
246.893 1.451
247.153 22.866
247.413 29.137
247.673 24.837
247.932 10.394
248.192 2.094
248.452 -7.921
248.712 -10.792
248.972 -5.521
249.232 14.179
249.492 21.165
249.752 19.294
250.012 15.280
250.271 6.266
250.531 0.109
250.791 -8.048
251.051 -23.205
251.311 -25.076
251.571 -0.805
251.831 17.753
252.091 35.025
252.351 40.440
252.610 36.854
252.870 44.698
253.130 45.112
253.390 27.099
253.650 25.656
253.911 21.357
254.172 26.058
254.433 31.473
254.694 18.745
254.955 15.017
255.216 6.861
255.477 -15.439
255.738 -13.309
255.999 -9.037
256.261 -10.479
256.522 -2.349
256.783 3.780
257.044 4.338
257.305 18.325
257.566 26.312
257.827 14.298
258.088 0.571
258.349 -9.299
258.610 -6.170
258.871 -2.468
259.132 -15.196
259.393 -25.066
259.654 -25.079
259.915 -16.663
260.176 -20.248
260.437 -27.975
260.698 -26.559
260.959 -23.000
261.221 -25.442
261.482 -28.597
261.743 -35.467
262.004 -28.051
262.265 -24.207
262.526 -19.363
262.787 -10.375
263.048 -8.959
263.309 -5.400
263.570 0.444
263.831 2.575
264.092 4.705
264.353 5.835
264.614 3.680
264.875 5.525
265.136 5.370
265.397 10.215
265.658 5.202
265.919 -2.667
266.181 -7.537
266.442 -13.977
266.703 -15.132
266.964 -18.716
267.225 -25.728
267.486 -20.740
267.747 -17.895
268.008 -12.478
268.269 -1.633
268.530 4.926
268.791 17.629
269.052 27.331
269.313 24.319
269.574 16.021
269.835 6.724
270.096 -11.716
270.357 -22.157
270.618 -31.168
270.879 -39.180
271.141 -32.192
271.402 -21.775
271.663 -9.358
271.924 14.916
272.185 17.905
272.446 18.036
272.707 13.882
272.968 9.584
273.229 18.859
273.490 13.419
273.751 -1.164
274.012 -12.318
274.273 -18.330
274.534 -12.055
274.795 -15.209
275.056 -28.792
275.317 -34.375
275.578 -41.957
275.839 -33.683
276.101 -26.551
276.362 -25.276
276.623 -21.430
276.884 -13.156
277.145 -7.167
277.406 -2.035
277.667 -0.189
277.928 1.229
278.189 0.361
278.450 1.350
278.711 -5.375
278.972 -12.814
279.233 -13.397
279.494 -11.550
279.755 -9.418
280.016 -14.572
280.277 -17.582
280.538 -10.022
280.799 5.253
281.061 12.100
281.322 8.089
281.583 5.364
281.844 12.068
282.105 2.772
282.366 -11.667
282.627 -24.535
282.888 -26.545
283.149 -21.555
283.410 -22.423
283.671 -27.862
283.932 -22.158
284.193 -14.311
284.454 -7.464
284.715 -2.760
284.976 -11.770
285.237 -20.638
285.498 -17.933
285.759 -13.515
286.021 -3.382
286.282 -1.821
286.543 -9.688
286.804 -4.127
287.065 -1.994
287.326 -5.004
287.587 -2.728
287.848 -15.024
288.109 -21.319
288.370 -14.615
288.631 -19.339
288.892 -17.492
289.153 -11.216
289.414 -15.368
289.675 -16.950
289.936 -27.388
290.197 -36.540
290.458 -32.407
290.719 -16.988
290.981 -22.284
291.242 -20.579
291.503 -11.874
291.764 -3.455
292.025 5.392
292.286 9.097
292.547 -11.055
292.808 -4.493
293.069 -2.788
293.330 -15.226
293.591 -16.093
293.852 -21.674
294.113 -20.683
294.374 -4.549
294.635 1.298
294.896 8.575
295.157 18.994
295.418 17.842
295.679 15.262
295.941 13.681
296.202 11.243
296.463 9.948
296.724 6.654
296.985 9.645
297.246 13.493
297.507 23.912
297.768 17.903
298.029 1.180
298.290 -10.829
298.551 -19.838
298.812 -34.418
299.073 -27.284
299.334 -28.722
299.595 -19.016
299.856 -4.168
300.117 -1.748
300.378 0.386
300.639 17.092
300.901 21.083
301.162 17.074
301.423 8.065
301.684 0.342
301.945 -0.380
302.206 15.468
302.467 14.602
302.728 11.451
302.989 10.157
303.250 14.005
303.511 12.997
303.772 5.417
304.033 -19.163
304.294 -29.886
304.555 -38.466
304.816 -38.188
305.077 -39.625
305.338 -35.348
305.599 -18.642
305.861 5.207
306.122 22.770
306.383 25.191
306.644 20.897
306.905 16.317
307.166 17.452
307.427 11.158
307.688 2.721
307.949 -8.430
308.210 -10.438
308.471 2.697
308.732 13.546
308.993 16.681
309.254 22.958
309.515 24.665
309.776 24.799
310.037 16.077
310.298 6.498
310.559 11.490
310.821 5.053
311.082 -2.812
311.343 -2.962
311.604 -4.113
311.865 3.879
312.126 6.014
312.387 1.149
312.648 9.713
312.909 13.134
313.170 10.555
313.434 20.833
313.698 35.539
313.963 29.674
314.227 22.095
314.491 17.659
314.755 11.366
315.019 12.644
315.284 5.351
315.548 -4.800
315.812 2.764
316.076 11.185
316.340 17.892
316.604 17.456
316.869 12.449
317.133 14.298
317.397 10.434
317.661 0.855
317.925 -9.010
318.190 -15.445
318.454 -12.739
318.718 -6.460
318.982 -9.325
319.246 -10.189
319.511 -12.625
319.775 -14.918
320.039 -17.211
320.303 -7.075
320.567 -3.796
320.832 -7.804
321.096 -11.239
321.360 -3.532
321.624 1.604
321.888 2.454
322.153 -16.839
322.417 -34.846
322.681 -30.710
322.945 -15.860
323.209 -2.439
323.473 4.411
323.738 5.547
324.002 18.969
324.266 29.248
324.530 28.241
324.794 14.520
325.059 0.084
325.323 -3.637
325.587 -0.072
325.851 -0.508
326.115 1.914
326.380 4.479
326.644 15.472
326.908 12.179
327.172 2.173
327.436 4.309
327.701 6.588
327.965 -3.276
328.229 -19.854
328.493 -30.718
328.757 -29.153
329.022 -21.445
329.286 -23.452
329.550 -25.316
329.814 -21.322
330.078 -16.186
330.342 -10.621
330.607 -1.913
330.871 -0.348
331.135 -5.783
331.399 -2.504
331.663 14.061
331.928 24.483
332.192 15.762
332.456 10.756
332.720 10.178
332.984 20.457
333.249 23.594
333.513 15.731
333.777 21.581
334.041 29.432
334.305 29.854
334.570 25.562
334.834 17.556
335.098 3.693
335.362 -3.456
335.626 -15.605
335.891 -32.897
336.155 -40.189
336.419 -35.338
336.683 -36.059
336.947 -36.493
337.211 -36.785
337.476 -36.363
337.740 -17.940
338.004 -6.946
338.268 -9.095
338.532 -8.815
338.797 -3.679
339.061 -1.970
339.325 -2.405
339.589 -12.982
339.853 -17.845
340.118 -5.566
340.382 -7.714
340.646 -8.577
340.910 -4.440
341.174 2.125
341.439 13.548
341.703 4.828
341.967 -10.321
342.231 -9.755
342.495 -14.475
342.759 -27.481
343.024 -32.344
343.288 -33.779
343.552 -21.784
343.816 -18.933
344.080 -28.510
344.345 -24.087
344.609 -1.093
344.873 -1.241
345.137 -9.676
345.401 -13.967
345.666 -13.544
345.930 0.307
346.194 7.588
346.458 -5.275
346.722 -0.424
346.987 4.428
347.251 -4.006
347.515 -4.297
347.779 -5.589
348.043 -5.166
348.308 -1.314
348.572 2.681
348.836 8.104
349.100 15.098
349.364 19.664
349.628 16.802
349.893 3.368
350.157 -10.638
350.421 -21.786
350.685 -26.077
350.949 -24.368
351.214 -29.088
351.478 -20.950
351.742 -8.527
352.006 3.468
352.270 10.319
352.535 6.314
352.799 4.452
353.063 13.161
353.327 8.870
353.591 2.007
353.856 5.717
354.120 1.854
354.384 2.849
354.648 -0.585
354.912 -8.590
355.177 -8.595
355.441 -9.172
355.705 -14.748
355.969 -8.753
356.233 -1.473
356.497 7.237
356.762 8.803
357.026 0.512
357.290 -4.350
357.554 -12.355
357.818 -23.217
358.083 -18.508
358.347 -10.799
358.611 -9.947
358.875 -6.523
359.139 -6.242
359.404 -1.676
359.668 14.034
359.932 17.171
360.196 9.024
360.460 3.162
360.725 4.585
360.989 15.009
361.253 24.861
361.517 19.285
361.781 11.709
362.046 13.847
362.310 12.842
362.574 7.266
362.838 9.404
363.102 5.542
363.366 -0.320
363.631 -1.611
363.895 -8.758
364.159 -13.334
364.423 4.804
364.687 7.656
364.952 7.794
365.216 1.504
365.480 0.785
365.747 8.352
366.013 12.918
366.280 2.342
366.546 5.195
366.813 10.762
367.079 22.471
367.346 27.610
367.612 22.748
367.879 30.743
368.145 37.739
368.412 28.163
368.678 12.587
368.945 11.868
369.211 3.435
369.478 -0.713
369.744 -5.717
370.011 -14.007
370.278 -28.440
370.544 -18.730
370.811 -14.306
371.077 -8.454
371.344 -3.458
371.610 -4.748
371.877 -10.753
372.143 -5.329
372.410 -17.047
372.676 -28.909
372.943 -38.627
373.209 -47.918
373.476 -45.922
373.742 -39.783
374.009 -39.645
374.276 -28.649
374.542 -15.796
374.809 -9.658
375.075 1.195
375.342 4.048
375.608 3.187
375.875 4.611
376.141 -8.393
376.408 -15.826
376.674 -23.830
376.941 -37.406
377.207 -48.267
377.474 -63.843
377.740 -56.990
378.007 -40.851
378.273 -43.856
378.540 -37.146
378.807 -22.435
379.073 -9.868
379.340 7.699
379.606 -7.019
379.873 -8.166
380.139 -4.456
380.406 -13.460
380.672 -24.464
380.939 -32.040
381.205 -29.329
381.472 -5.048
381.738 -8.623
382.005 -13.770
382.271 0.511
382.538 8.507
382.804 3.503
383.071 -5.072
383.338 -13.790
383.604 -8.651
383.871 -4.941
384.137 -14.374
384.404 -27.378
384.670 -26.524
384.937 -27.100
385.203 -41.675
385.470 -48.536
385.736 -41.826
386.003 -33.115
386.269 -14.548
386.536 -2.123
386.802 0.444
387.069 8.155
387.336 6.437
387.602 3.576
387.869 -3.857
388.135 -10.432
388.402 -16.579
388.668 -8.868
388.935 -4.015
389.201 -7.161
389.468 -11.879
389.734 -14.740
390.001 -13.173
390.267 -10.748
390.534 -18.180
390.800 -22.327
391.067 -13.902
391.333 -15.049
391.600 -18.767
391.867 -16.770
392.133 -19.060
392.400 -26.920
392.666 -25.067
392.933 -28.928
393.199 -23.503
393.466 -5.935
393.732 -5.653
393.999 -4.228
394.265 0.911
394.532 -0.521
394.798 -5.953
395.065 -16.243
395.331 -31.246
395.598 -28.535
395.864 -10.111
396.131 8.886
396.398 18.454
396.664 37.736
396.931 50.732
397.197 55.872
397.464 44.297
397.730 30.293
397.997 27.290
398.263 28.715
398.530 32.283
398.796 44.994
399.063 69.847
399.329 93.272
399.596 108.697
399.862 117.837
400.129 124.976
400.396 135.830
400.662 144.684
400.929 159.823
401.195 193.677
401.462 233.102
401.728 284.670
401.995 347.381
402.261 413.663
402.528 504.946
402.794 593.514
403.061 686.939
403.327 778.078
403.594 880.361
403.860 1017.500
404.127 1139.211
404.393 1243.779
404.660 1370.490
404.931 1494.344
405.202 1632.912
405.473 1760.480
405.745 1852.620
406.016 1955.331
406.287 2061.328
406.558 2132.896
406.829 2194.750
407.100 2246.032
407.371 2290.457
407.642 2318.026
407.914 2329.880
408.185 2329.305
408.456 2330.445
408.727 2322.156
408.998 2285.010
409.269 2236.292
409.540 2194.432
409.811 2166.143
410.083 2126.140
410.354 2083.851
410.625 2025.705
410.896 1975.130
411.167 1934.270
411.438 1886.124
411.709 1813.407
411.981 1755.689
412.252 1682.829
412.523 1612.969
412.794 1544.966
413.065 1457.677
413.336 1384.245
413.607 1304.956
413.878 1209.239
414.150 1127.664
414.421 1054.947
414.692 979.658
414.963 916.370
415.234 843.081
415.505 764.221
415.776 692.789
416.047 621.500
416.319 544.640
416.590 472.780
416.861 394.634
417.132 323.774
417.403 281.485
417.674 240.054
417.945 200.765
418.217 171.476
418.488 142.045
418.759 124.470
419.030 102.039
419.301 85.893
419.572 75.604
419.843 78.459
420.114 67.027
420.386 56.024
420.657 45.450
420.928 43.304
421.199 44.587
421.470 35.727
421.741 9.724
422.012 5.578
422.283 13.290
422.555 21.144
422.826 15.570
423.097 -2.147
423.368 -5.722
423.639 -4.153
423.910 1.558
424.181 1.698
424.453 -11.019
424.724 -2.879
424.995 10.119
425.266 5.401
425.537 8.684
425.808 3.682
426.079 -1.607
426.350 0.247
426.622 -7.755
426.893 -15.330
427.164 -8.904
427.435 -9.621
427.706 -9.766
427.977 -9.055
428.248 -7.200
428.519 -10.060
428.791 -7.634
429.062 -2.066
429.333 -0.926
429.604 -5.071
429.875 -0.360
430.146 16.781
430.417 22.921
430.689 15.918
430.960 -0.942
431.231 -1.230
431.502 8.339
431.773 9.336
432.044 2.762
432.315 8.902
432.586 3.328
432.858 3.040
433.129 -1.677
433.400 -10.966
433.671 -27.254
433.942 -37.542
434.213 -40.831
434.484 -36.119
434.755 -28.407
435.027 -25.553
435.298 -22.698
435.569 -9.272
435.840 -6.132
436.116 -14.992
436.391 -15.423
436.667 -8.140
436.942 6.144
437.218 18.855
437.493 21.567
437.769 30.707
438.045 41.705
438.320 47.131
438.596 42.128
438.871 32.983
439.147 18.552
439.422 8.121
439.698 -7.167
439.974 -14.884
440.249 -11.887
440.525 -1.461
440.800 6.394
441.076 14.963
441.351 11.532
441.627 4.672
441.903 -2.044
442.178 -12.761
442.454 -22.906
442.729 -27.766
443.005 -21.483
443.281 -5.771
443.556 16.798
443.832 34.367
444.107 39.793
444.383 29.791
444.658 8.360
444.934 -13.214
445.210 -14.074
445.485 -17.933
445.761 -17.507
446.036 -4.795
446.312 14.488
446.587 45.915
446.863 74.626
447.139 74.910
447.414 75.336
447.690 91.477
447.965 92.617
448.241 102.472
448.516 118.327
448.792 123.039
449.068 142.608
449.343 161.748
449.619 155.889
449.894 158.744
450.170 163.741
450.445 154.168
450.721 140.022
450.997 135.591
451.272 131.161
451.548 130.730
451.823 133.299
452.099 126.439
452.375 121.866
452.650 137.006
452.926 140.576
453.201 142.288
453.477 140.428
453.752 149.140
454.028 160.567
454.304 171.136
454.579 173.848
454.855 173.417
455.130 186.272
455.406 200.698
455.681 187.982
455.957 167.551
456.233 146.406
456.508 133.975
456.784 127.116
457.059 109.685
457.335 98.111
457.610 95.966
457.886 100.536
458.162 111.105
458.437 108.674
458.713 94.386
458.988 82.527
459.264 69.239
459.539 57.523
459.815 49.235
460.091 34.947
460.366 28.230
460.642 24.657
460.917 12.798
461.193 0.795
461.468 -1.635
461.744 -0.495
462.020 5.075
462.295 5.501
462.571 10.642
462.846 17.496
463.122 28.774
463.397 38.908
463.673 45.323
463.949 43.035
464.224 34.039
464.500 24.185
464.775 22.185
465.051 27.178
465.327 28.167
465.602 21.885
465.878 21.014
466.153 24.006
466.429 37.427
466.704 36.278
466.980 28.290
467.256 25.745
467.531 30.187
467.807 40.407
468.082 59.338
468.358 68.709
468.633 79.045
468.909 83.656
469.185 89.725
469.460 91.785
469.736 73.561
470.011 53.185
470.287 43.891
470.562 41.470
470.838 33.550
471.114 15.390
471.389 3.604
471.665 19.659
471.940 40.514
472.216 51.556
472.491 49.695
472.767 63.188
473.043 75.361
473.318 73.180
473.594 67.715
473.869 61.087
474.145 53.744
474.421 49.103
474.696 46.362
474.972 55.255
475.247 55.396
475.523 33.436
475.798 9.141
476.074 -4.246
476.350 -7.011
476.625 -17.922
476.901 -38.155
477.176 -32.491
477.452 -4.302
477.727 14.169
478.003 10.101
478.279 10.690
478.554 2.289
478.830 3.318
479.105 5.475
479.381 -2.396
479.656 -8.644
479.932 -3.557
480.208 5.835
480.483 29.683
480.759 42.524
481.034 35.004
481.310 30.793
481.585 32.656
481.861 34.953
482.137 27.883
482.412 14.743
482.688 9.108
482.963 10.405
483.239 3.813
483.514 -7.901
483.790 -10.906
484.066 -7.351
484.341 -4.515
484.617 -1.699
484.892 9.377
485.168 24.990
485.443 47.704
485.719 51.810
485.995 50.800
486.270 49.219
486.546 48.609
486.821 47.938
487.097 56.258
487.373 49.680
487.648 40.256
487.924 33.373
488.199 41.070
488.475 46.651
488.750 40.868
489.026 32.531
489.302 28.730
489.577 40.216
489.853 59.514
490.128 63.105
490.404 51.471
490.679 51.461
490.955 46.702
491.231 50.751
491.506 50.190
491.782 31.038
492.057 18.050
492.333 20.284
492.608 5.025
492.884 -6.735
493.160 -18.762
493.435 -35.842
493.711 -44.396
493.986 -50.565
494.262 -44.388
494.537 -23.221
494.813 -9.759
495.089 11.836
495.364 33.579
495.640 50.543
495.915 55.585
496.191 45.607
496.467 31.412
496.742 26.806
497.018 15.198
497.293 15.816
497.569 22.502
497.844 27.601
498.120 41.203
498.396 59.066
498.671 58.953
498.947 51.444
499.222 50.228
499.498 58.131
499.773 70.731
500.049 75.250
500.325 74.658
500.600 88.608
500.876 114.571
501.151 127.128
501.427 114.490
501.702 103.811
501.978 100.019
502.254 99.652
502.529 109.113
502.805 118.322
503.080 130.470
503.356 154.645
503.631 176.514
503.907 183.493
504.183 187.720
504.458 176.091
504.734 177.856
505.009 182.047
505.285 180.889
505.560 170.188
505.836 162.386
506.112 161.951
506.387 170.600
506.663 155.123
506.938 137.854
507.214 127.386
507.490 132.522
507.765 135.785
508.041 119.747
508.316 113.853
508.592 117.201
508.867 114.499
509.143 111.092
509.419 104.761
509.694 104.375
509.970 113.074
510.245 100.258
510.521 82.130
510.796 79.318
511.072 82.733
511.348 70.829
511.623 65.899
511.899 70.793
512.174 74.141
512.450 77.079
512.725 64.667
513.001 58.886
513.277 74.896
513.552 86.535
513.828 97.529
514.103 109.654
514.379 125.569
514.654 147.563
514.930 155.591
515.206 169.149
515.481 179.272
515.757 190.058
516.032 211.568
516.308 245.326
516.583 269.663
516.859 303.377
517.135 328.551
517.410 360.488
517.686 392.845
517.961 436.349
518.237 471.980
518.513 509.931
518.788 547.345
519.064 589.869
519.339 630.735
519.615 673.099
519.890 709.805
520.166 744.720
520.442 809.283
520.717 874.464
520.993 925.260
521.268 980.113
521.544 1024.201
521.819 1064.680
522.095 1103.765
522.371 1108.377
522.646 1101.733
522.922 1107.574
523.197 1124.343
523.473 1140.313
523.748 1135.077
524.024 1131.362
524.300 1126.420
524.575 1123.548
524.851 1102.220
525.126 1057.528
525.402 1018.303
525.677 989.047
525.953 951.332
526.229 913.881
526.504 881.343
526.780 853.285
527.055 844.659
527.331 821.374
527.606 791.446
527.882 764.917
528.158 755.919
528.433 749.602
528.709 747.032
528.984 729.659
529.260 731.004
529.535 738.542
529.811 752.575
530.087 757.898
530.362 754.592
530.638 749.726
530.913 749.639
531.189 740.497
531.465 727.508
531.740 713.044
532.016 707.206
532.291 703.143
532.567 693.191
532.842 676.251
533.118 662.940
533.394 662.652
533.669 648.385
533.945 630.332
534.220 613.920
534.496 608.874
534.771 616.375
535.047 629.131
535.323 644.390
535.598 682.121
535.874 740.185
536.149 821.271
536.425 921.652
536.700 1022.359
536.976 1145.596
537.252 1297.241
537.527 1482.977
537.803 1673.926
538.078 1872.693
538.354 2098.465
538.629 2362.126
538.905 2627.082
539.181 2893.234
539.456 3139.388
539.732 3361.785
540.007 3569.748
540.283 3759.075
540.558 3926.380
540.834 4065.877
541.110 4174.009
541.385 4246.870
541.661 4310.383
541.936 4376.220
542.212 4417.804
542.488 4430.667
542.763 4442.892
543.039 4435.781
543.314 4405.672
543.590 4388.461
543.865 4334.401
544.141 4277.584
544.417 4217.933
544.692 4147.426
544.968 4091.246
545.243 4057.615
545.519 4016.455
545.794 3999.000
546.070 3991.921
546.348 3991.912
546.627 4021.560
546.905 4054.755
547.183 4101.332
547.461 4171.997
547.740 4245.061
548.018 4322.501
548.296 4417.407
548.575 4509.499
548.853 4638.008
549.131 4786.174
549.409 4927.693
549.688 5098.730
549.966 5298.334
550.244 5495.183
550.523 5692.085
550.801 5900.084
551.079 6123.975
551.357 6359.600
551.636 6591.483
551.914 6802.322
552.192 7012.037
552.471 7207.949
552.749 7351.094
553.027 7457.958
553.306 7563.727
553.584 7643.284
553.862 7683.743
554.140 7711.781
554.419 7757.789
554.697 7776.883
554.975 7781.854
555.254 7754.131
555.532 7701.947
555.810 7654.380
556.088 7565.637
556.367 7414.940
556.645 7244.157
556.923 7055.307
557.202 6838.531
557.480 6600.119
557.758 6331.260
558.036 6056.648
558.315 5761.805
558.593 5494.682
558.871 5222.586
559.150 4922.600
559.428 4620.589
559.706 4325.353
559.984 4040.449
560.263 3791.690
560.541 3524.569
560.819 3245.155
561.098 3002.888
561.376 2777.714
561.654 2544.840
561.932 2330.978
562.211 2129.515
562.489 1950.658
562.767 1804.853
563.046 1666.395
563.324 1547.648
563.602 1473.864
563.880 1401.201
564.159 1318.304
564.437 1239.060
564.715 1158.947
564.994 1090.808
565.272 1024.747
565.550 948.398
565.828 881.493
566.107 823.177
566.385 768.007
566.663 735.405
566.942 705.007
567.220 667.028
567.498 628.262
567.776 589.589
568.055 554.349
568.333 521.664
568.611 486.784
568.890 452.031
569.168 422.888
569.446 403.286
569.725 383.518
570.003 359.872
570.281 350.246
570.559 337.959
570.838 311.992
571.116 291.720
571.394 268.215
571.673 246.656
571.951 241.262
572.229 226.029
572.507 203.306
572.786 196.380
573.064 185.527
573.342 177.060
573.621 172.891
573.899 158.941
574.177 152.365
574.455 151.669
574.734 141.703
575.012 128.230
575.290 120.070
575.569 108.115
575.847 102.147
576.125 91.875
576.403 92.835
576.682 100.083
576.960 105.181
577.243 95.672
577.527 86.422
577.810 90.417
578.093 103.717
578.377 99.620
578.660 98.615
578.944 107.776
579.227 112.614
579.510 115.173
579.794 113.108
580.077 94.221
580.360 74.421
580.644 56.737
580.927 40.740
581.210 45.912
581.494 53.768
581.777 49.964
582.061 51.688
582.344 59.246
582.627 53.406
582.911 42.161
583.194 33.208
583.477 27.381
583.761 24.968
584.044 22.411
584.327 25.844
584.611 39.969
584.894 49.668
585.178 59.965
585.461 66.971
585.744 70.689
586.028 82.120
586.311 90.988
586.594 86.142
586.878 78.717
587.161 76.430
587.444 71.858
587.728 70.279
588.011 63.697
588.295 53.125
588.578 49.413
588.861 55.697
589.145 53.827
589.428 64.663
589.711 78.526
589.995 77.954
590.278 79.501
590.562 83.912
590.845 82.623
591.128 70.776
591.412 54.934
591.695 48.035
591.978 58.291
592.262 61.127
592.545 68.668
592.828 72.359
593.112 74.491
593.395 69.925
593.679 65.064
593.962 64.705
594.245 64.675
594.529 64.616
594.812 75.111
595.095 93.119
595.379 111.544
595.662 118.006
595.945 110.729
596.229 112.212
596.512 117.685
596.796 126.504
597.079 125.997
597.362 119.996
597.646 119.401
597.929 119.356
598.212 111.974
598.496 105.991
598.779 90.136
599.062 78.374
599.346 83.263
599.629 90.657
599.913 95.560
600.196 104.235
600.479 112.769
600.763 128.192
601.046 139.412
601.329 139.362
601.613 128.793
601.896 130.429
602.179 132.375
602.463 128.383
602.746 125.529
603.030 119.028
603.313 107.229
603.596 106.075
603.880 114.278
604.163 121.470
604.446 124.231
604.730 118.171
605.013 134.947
605.296 144.596
605.580 147.673
605.863 138.841
606.147 136.208
606.430 133.390
606.713 127.223
606.997 114.875
607.280 118.792
607.563 125.348
607.847 127.304
608.130 124.785
608.414 136.865
608.697 160.380
608.980 165.171
609.264 166.709
609.547 165.749
609.830 166.307
610.114 158.204
610.397 154.982
610.680 150.560
610.964 150.183
611.247 150.782
611.531 164.666
611.814 173.835
612.097 181.978
612.381 168.125
612.664 160.856
612.947 169.577
613.231 182.928
613.514 186.781
613.797 181.195
614.081 182.197
614.364 198.067
614.648 206.937
614.931 198.139
615.214 186.113
615.498 169.311
615.781 177.401
616.064 182.647
616.348 170.911
616.631 166.888
616.914 175.102
617.198 183.628
617.481 208.506
617.765 210.716
618.048 212.376
618.331 232.615
618.615 230.882
618.898 218.677
619.181 209.998
619.465 192.901
619.748 186.372
620.031 184.530
620.315 174.674
620.598 182.748
620.882 203.466
621.165 220.063
621.448 222.080
621.732 218.248
622.015 224.690
622.298 226.400
622.582 219.194
622.865 197.260
623.148 172.779
623.432 168.398
623.715 183.386
623.999 192.677
624.282 198.131
624.565 206.520
624.849 226.547
625.132 249.984
625.415 267.208
625.699 261.877
625.982 249.785
626.265 250.577
626.549 250.934
626.832 258.816
627.116 256.438
627.399 253.062
627.682 277.161
627.966 299.009
628.249 313.749
628.532 308.290
628.816 304.748
629.099 318.308
629.383 328.632
629.666 308.446
629.949 298.811
630.233 303.504
630.516 330.296
630.799 334.712
631.083 323.408
631.366 335.312
631.649 365.689
631.933 379.731
632.216 387.899
632.500 396.260
632.783 423.412
633.066 459.130
633.350 475.601
633.633 480.257
633.916 509.071
634.200 520.225
634.483 528.490
634.766 537.763
635.050 555.411
635.333 576.138
635.617 596.253
635.900 617.030
636.183 657.024
636.467 698.674
636.750 742.671
637.033 780.584
637.317 809.770
637.600 856.662
637.883 898.933
638.167 937.666
638.450 988.094
638.734 1041.761
639.017 1108.765
639.300 1196.071
639.584 1271.846
639.867 1350.606
640.150 1452.054
640.434 1560.424
640.717 1683.368
641.000 1815.322
641.284 1964.192
641.567 2154.645
641.851 2346.091
642.134 2549.963
642.417 2784.020
642.701 3033.902
642.984 3337.043
643.267 3674.195
643.551 4015.137
643.834 4420.930
644.117 4866.410
644.401 5348.599
644.684 5886.354
644.968 6441.622
645.251 7014.220
645.534 7636.948
645.818 8281.689
646.101 8933.063
646.384 9573.885
646.668 10228.592
646.951 10891.670
647.235 11578.322
647.518 12273.620
647.801 13011.440
648.085 13808.543
648.368 14670.772
648.651 15581.185
648.935 16529.784
649.218 17510.189
649.501 18554.737
649.785 19570.362
650.068 20558.920
650.352 21521.180
650.635 22432.955
650.918 23279.890
651.202 24099.778
651.485 24849.826
651.768 25590.027
652.052 26300.863
652.335 26958.078
652.618 27529.296
652.902 28070.539
653.185 28550.867
653.469 28966.260
653.752 29277.278
654.035 29533.960
654.319 29751.078
654.602 29989.035
654.885 30184.873
655.169 30332.604
655.452 30445.765
655.735 30582.974
656.019 30712.340
656.302 30809.824
656.586 30842.458
656.869 30883.574
657.152 30893.229
657.436 30937.765
657.719 30957.175
658.002 30928.354
658.286 30909.469
658.569 30887.078
658.852 30796.524
659.136 30724.838
659.419 30571.538
659.703 30347.387
659.986 30056.823
660.269 29747.422
660.553 29416.481
660.836 29090.896
661.119 28730.856
661.403 28410.451
661.686 28134.173
661.969 27921.529
662.253 27736.600
662.536 27637.418
662.820 27578.139
663.103 27571.511
663.386 27599.283
663.670 27694.587
663.953 27853.894
664.236 28058.667
664.520 28292.898
664.803 28608.481
665.086 28941.057
665.370 29300.358
665.653 29626.376
665.937 29968.227
666.220 30302.184
666.503 30574.105
666.787 30762.288
667.070 30939.193
667.353 31080.631
667.637 31210.175
667.920 31217.070
668.204 31117.030
668.487 30948.355
668.770 30720.131
669.054 30374.210
669.337 29913.282
669.620 29298.283
669.904 28611.373
670.187 27862.007
670.470 27050.408
670.754 26183.285
671.037 25276.474
671.321 24341.061
671.604 23441.138
671.887 22536.917
672.171 21641.773
672.454 20744.864
672.737 19826.407
673.021 18870.731
673.304 17896.088
673.587 16897.238
673.871 15909.759
674.154 14898.273
674.438 13899.770
674.721 12949.524
675.004 12082.204
675.288 11274.726
675.571 10523.303
675.854 9821.893
676.138 9189.076
676.421 8600.444
676.704 8044.621
676.988 7518.549
677.271 7009.887
677.555 6534.368
677.838 6073.391
678.121 5632.401
678.405 5211.083
678.688 4779.333
678.971 4363.538
679.255 3993.114
679.538 3626.930
679.821 3284.169
680.105 2959.058
680.388 2651.210
680.672 2392.076
680.955 2151.470
681.238 1926.619
681.522 1725.142
681.805 1555.928
682.088 1401.187
682.372 1251.865
682.655 1128.475
682.938 1028.005
683.222 924.897
683.505 862.745
683.789 807.123
684.072 776.702
684.355 776.850
684.639 777.026
684.922 785.086
685.205 809.249
685.489 831.448
685.772 872.455
686.056 908.243
686.339 945.225
686.622 982.206
686.906 1006.685
687.189 1039.230
687.472 1064.153
687.756 1070.714
688.039 1068.924
688.322 1059.827
688.606 1052.370
688.889 1048.344
689.173 1022.706
689.456 987.981
689.739 953.881
690.023 937.074
690.306 924.720
690.589 905.977
690.873 895.879
691.156 896.634
691.439 901.594
691.723 901.074
692.006 892.101
692.290 871.999
692.573 854.477
692.856 838.841
693.140 815.867
693.423 803.707
693.706 798.107
693.990 781.756
694.273 773.724
694.556 763.652
694.840 748.825
695.123 740.827
695.407 728.991
695.690 721.440
695.973 719.333
696.257 719.516
696.540 729.121
696.830 737.799
697.120 752.542
697.410 762.077
697.699 767.206
697.989 794.558
698.279 802.334
698.569 788.347
698.859 777.886
699.149 765.311
699.439 750.197
699.729 745.118
700.018 716.777
700.308 691.882
700.598 697.141
700.888 695.873
701.178 677.940
701.468 666.163
701.758 644.627
702.048 628.637
702.337 620.572
702.627 591.444
702.917 556.790
703.207 534.599
703.497 511.181
703.787 481.874
704.077 457.971
704.366 431.625
704.656 413.940
704.946 411.659
705.236 400.689
705.526 388.372
705.816 388.680
706.106 368.540
706.396 340.487
706.685 318.228
706.975 298.139
707.265 283.950
707.555 265.475
707.845 244.203
708.135 240.897
708.425 240.532
708.715 246.508
709.004 241.668
709.294 230.065
709.584 227.665
709.874 224.354
710.164 222.872
710.454 228.669
710.744 219.876
711.034 219.635
711.323 229.809
711.613 237.385
711.903 229.679
712.193 214.784
712.483 212.102
712.773 226.005
713.063 240.794
713.352 239.458
713.642 237.383
713.932 248.266
714.222 257.002
714.512 250.124
714.802 228.621
715.092 209.572
715.382 203.549
715.671 198.493
715.961 199.059
716.251 202.720
716.541 209.169
716.831 214.039
717.121 208.784
717.411 213.303
717.701 223.982
717.990 221.403
718.280 218.411
718.570 210.555
718.860 202.590
719.150 199.930
719.440 187.513
719.730 170.867
720.019 163.028
720.309 149.141
720.599 151.552
720.889 161.896
721.179 165.559
721.469 166.328
721.759 157.139
722.049 150.626
722.338 169.522
722.628 176.348
722.918 163.397
723.208 155.106
723.498 146.833
723.788 148.943
724.078 148.750
724.368 138.267
724.657 137.561
724.947 143.102
725.237 143.183
725.527 148.751
725.817 147.299
726.107 150.250
726.397 151.540
726.686 151.185
726.976 162.193
727.266 165.508
727.556 157.795
727.846 164.194
728.136 171.707
728.426 158.191
728.716 140.972
729.005 130.206
729.295 130.125
729.585 132.077
729.875 125.324
730.165 113.172
730.455 124.615
730.745 135.433
731.035 140.910
731.324 145.392
731.614 155.994
731.904 158.387
732.194 156.332
732.484 151.468
732.774 146.846
733.064 137.040
733.354 134.466
733.643 127.413
733.933 130.811
734.223 142.139
734.513 144.584
734.803 139.859
735.093 135.594
735.383 125.185
735.672 117.716
735.962 114.303
736.252 105.319
736.542 96.720
736.832 96.932
737.122 106.083
737.412 122.024
737.702 130.754
737.991 120.861
738.281 113.611
738.571 113.086
738.861 117.189
739.151 119.106
739.441 104.958
739.731 95.321
740.021 91.670
740.310 90.284
740.600 89.909
740.890 80.817
741.180 63.800
741.470 55.786
741.760 59.054
742.050 71.507
742.339 72.502
742.629 56.275
742.919 44.423
743.209 48.263
743.499 61.828
743.789 72.896
744.079 66.548
744.369 58.501
744.658 73.358
744.948 89.369
745.238 94.209
745.528 86.907
745.818 76.456
746.108 80.460
746.398 97.625
746.688 104.898
746.977 106.488
747.267 98.433
747.557 91.917
747.847 91.387
748.137 85.162
748.427 85.213
748.717 81.392
749.006 77.439
749.296 86.837
749.586 106.787
749.876 107.953
750.166 104.699
750.456 99.316
750.746 99.371
751.036 106.542
751.325 107.896
751.615 106.400
751.905 117.452
752.195 124.904
752.485 131.660
752.775 128.399
753.065 122.756
753.355 118.656
753.644 99.101
753.934 75.938
754.224 71.092
754.514 62.818
754.804 64.272
755.094 69.560
755.384 65.701
755.674 59.822
755.963 55.805
756.253 51.223
756.543 53.540
756.833 51.985
757.123 33.501
757.413 30.058
757.703 43.407
757.992 53.169
758.282 55.613
758.572 47.425
758.862 36.226
759.152 36.369
759.442 38.826
759.732 36.250
760.022 27.778
760.311 27.491
760.601 29.080
760.891 33.538
761.181 41.595
761.471 32.252
761.761 22.478
762.051 25.930
762.341 29.403
762.630 30.847
762.920 31.710
763.210 21.207
763.500 24.369
763.793 26.956
764.086 29.971
764.379 27.940
764.671 15.563
764.964 12.687
765.257 16.284
765.550 21.332
765.843 39.891
766.136 53.257
766.429 59.594
766.722 67.367
767.014 59.590
767.307 58.582
767.600 61.893
767.893 38.440
768.186 23.501
768.479 25.227
768.772 42.510
769.064 61.218
769.357 62.656
769.650 53.583
769.943 54.735
770.236 47.822
770.529 39.491
770.822 24.231
771.115 17.776
771.407 14.896
771.700 -1.953
771.993 9.423
772.286 32.320
772.579 30.441
772.872 20.926
773.165 7.801
773.457 15.159
773.750 41.656
774.043 36.908
774.336 27.270
774.629 28.991
774.922 28.429
775.215 25.565
775.508 13.036
775.800 -2.226
776.093 3.087
776.386 -1.538
776.679 -1.833
776.972 5.782
777.265 16.282
777.558 24.904
777.850 35.965
778.143 27.043
778.436 18.847
778.729 12.810
779.022 10.226
779.315 4.913
779.608 4.191
779.900 5.750
780.193 14.049
780.486 24.370
780.779 28.529
781.072 24.226
781.365 28.533
781.658 31.688
781.951 21.084
782.243 14.074
782.536 4.903
782.829 4.039
783.122 7.768
783.415 0.174
783.708 -1.840
784.001 8.610
784.293 13.608
784.586 18.762
784.879 12.603
785.172 12.460
785.465 16.054
785.758 15.622
786.051 -2.692
786.344 -26.893
786.636 -22.893
786.929 -7.901
787.222 -3.903
787.515 7.233
787.808 4.088
788.101 0.811
788.394 16.433
788.686 9.709
788.979 1.997
789.272 1.283
789.565 -6.852
789.858 -9.282
790.151 -4.126
790.444 -3.554
790.737 -7.686
791.029 -5.541
791.322 -8.253
791.615 -9.960
791.908 -6.817
792.201 3.017
792.494 7.998
792.787 14.977
793.079 1.147
793.372 -4.266
793.665 -17.211
793.958 -23.479
794.251 -18.209
794.544 -17.208
794.837 -23.048
795.130 -18.493
795.422 -9.808
795.715 13.242
796.008 27.619
796.301 25.482
796.594 20.640
796.887 20.212
797.180 19.220
797.472 10.250
797.765 4.559
798.058 -2.554
798.351 -9.248
798.644 -7.540
798.937 -5.831
799.230 2.142
799.523 7.554
799.815 -2.710
800.108 -12.538
800.401 -21.531
800.694 -16.960
800.987 -13.109
801.280 -25.793
801.573 -22.943
801.865 -6.690
802.158 6.132
802.451 13.125
802.744 4.421
803.037 -1.143
803.330 1.846
803.623 -2.581
803.915 -9.565
804.208 -13.558
804.501 -13.995
804.794 -13.000
805.087 -6.430
805.380 3.861
805.673 13.033
805.966 18.055
806.258 21.213
806.551 35.693
806.844 48.455
807.137 39.432
807.430 28.817
807.723 30.538
808.016 26.237
808.308 29.984
808.601 22.677
808.894 12.638
809.187 20.245
809.480 18.513
809.773 8.898
810.066 20.997
810.359 26.345
810.651 34.862
810.944 37.180
811.237 35.025
811.530 40.921
811.825 40.343
812.119 27.094
812.414 18.885
812.709 14.160
813.003 12.433
813.298 13.015
813.593 20.404
813.887 31.709
814.182 35.778
814.476 33.475
814.771 34.661
815.066 36.853
815.360 40.780
815.655 40.076
815.950 36.621
816.244 37.071
816.539 34.163
816.834 14.500
817.128 7.211
817.423 11.932
817.718 16.497
818.012 14.342
818.307 10.264
818.602 14.959
818.896 29.596
819.191 27.072
819.486 7.368
819.780 -10.719
820.075 -19.262
820.369 -19.109
820.664 -23.529
820.959 -17.709
821.253 -7.501
821.548 -3.853
821.843 8.750
822.137 14.081
822.432 13.192
822.727 29.487
823.021 35.138
823.316 39.410
823.611 51.387
823.905 48.426
824.200 49.036
824.495 50.542
824.789 38.603
825.084 24.676
825.379 10.056
825.673 15.260
825.968 22.397
826.262 23.167
826.557 24.083
826.852 19.096
827.146 12.271
827.441 21.359
827.736 1.784
828.030 -25.534
828.325 -45.364
828.620 -65.664
828.914 -65.357
829.209 -72.277
829.504 -70.783
829.798 -57.614
830.093 -32.174
830.388 -11.619
830.682 -0.467
830.977 -0.300
831.271 9.849
831.566 -3.865
831.861 -13.105
832.155 -9.009
832.450 -2.225
832.745 11.035
833.039 8.474
833.334 8.248
833.629 16.251
833.923 26.374
834.218 13.667
834.513 4.865
834.807 4.374
835.102 12.755
835.397 22.883
835.691 37.291
835.986 25.042
836.281 22.273
836.575 18.355
836.870 7.014
837.164 10.909
837.459 12.728
837.754 0.291
838.048 6.424
838.343 9.904
838.638 21.754
838.932 31.456
839.227 18.930
839.522 -2.625
839.816 -10.945
840.111 -4.010
840.406 -3.610
840.700 -2.867
840.995 -6.536
841.290 -13.067
841.584 -11.753
841.879 -4.382
842.174 -15.901
842.468 -15.321
842.763 -20.095
843.057 -11.927
843.352 1.855
843.647 12.772
843.941 8.577
844.236 16.222
844.531 21.573
844.825 13.531
845.120 5.571
845.415 -5.805
845.709 -10.109
846.004 -9.896
846.299 -20.944
846.593 -29.526
846.888 -27.662
847.183 -20.988
847.477 -1.954
847.772 -3.978
848.066 -4.034
848.361 11.038
848.656 12.300
848.950 7.706
849.245 8.103
849.540 0.810
849.834 8.973
850.129 13.550
850.424 -3.158
850.718 0.607
851.013 3.704
851.308 -16.297
851.602 -21.706
851.897 -35.133
852.192 -28.428
852.486 -17.115
852.781 -34.447
853.076 -41.275
853.370 -37.120
853.665 -41.503
853.959 -38.512
854.254 -50.415
854.549 -48.485
854.843 -33.279
855.138 -30.438
855.433 -33.099
855.727 -21.286
856.022 -12.832
856.317 -3.336
856.611 -14.080
856.906 -19.342
857.201 -18.609
857.495 -12.725
857.790 -16.454
858.085 -18.518
858.379 -17.806
858.674 -9.190
858.969 -4.387
859.263 -0.693
859.558 0.940
859.852 0.281
860.147 8.691
860.442 10.284
860.736 5.797
861.031 13.965
861.326 37.159
861.620 47.469
861.915 39.674
862.210 27.987
862.504 14.934
862.799 20.752
863.094 13.825
863.388 -20.557
863.683 -37.640
863.978 -33.785
864.272 -25.196
864.567 -26.576
864.861 -28.995
865.156 -35.342
865.451 -30.196
865.745 -33.825
866.040 -38.167
866.335 -36.333
866.629 -22.492
866.924 -24.668
867.219 -22.822
867.513 -14.437
867.808 -4.524
868.103 4.381
868.397 -4.189
868.692 -9.620
868.987 -0.858
869.281 4.620
869.576 -1.926
869.871 -8.402
870.165 -16.938
870.460 -17.741
870.754 -25.381
871.049 -37.726
871.344 -35.493
871.638 -38.772
871.933 -33.304
872.228 -21.891
872.522 -22.671
872.817 -21.904
873.112 -14.322
873.406 -9.917
873.701 0.044
873.996 -3.935
874.290 -17.669
874.585 -16.795
874.880 -5.019
875.174 -0.626
875.469 -12.113
875.764 -14.311
876.058 -15.043
876.353 -12.626
876.647 -14.487
876.942 -23.829
877.237 -23.235
877.531 -17.501
877.826 -19.096
878.121 -20.036
878.415 -26.939
878.710 -31.563
879.005 -36.223
879.299 -54.133
879.594 -62.318
879.889 -64.269
880.183 -63.327
880.478 -58.900
880.773 -52.922
881.067 -49.505
881.362 -41.808
881.656 -38.166
881.951 -34.403
882.246 -31.774
882.540 -21.430
882.835 -10.794
883.130 -12.034
883.424 -15.627
883.719 -22.211
884.014 -31.761
884.308 -29.459
884.603 -35.156
884.898 -45.543
885.192 -45.087
885.487 -35.365
885.782 -31.025
886.076 -28.855
886.371 -41.222
886.666 -50.240
886.960 -51.740
887.255 -56.026
887.549 -67.741
887.844 -65.794
888.139 -62.033
888.433 -44.140
888.728 -26.940
889.023 -18.036
889.317 -12.662
889.612 -8.310
889.907 -8.044
890.201 -9.272
890.496 -13.060
890.791 -16.604
891.085 -23.551
891.380 -17.619
891.675 -1.355
891.969 13.273
892.264 11.885
892.559 11.890
892.853 8.236
893.148 10.888
893.442 1.826
893.737 -20.463
894.032 -37.984
894.326 -26.265
894.621 -15.798
894.916 -7.849
895.210 -7.851
895.505 -13.411
895.800 -14.324
896.094 -15.463
896.389 -22.903
896.684 -34.261
896.978 -33.882
897.273 -29.842
897.568 -14.199
897.862 -0.946
898.157 4.725
898.451 8.894
898.746 13.314
899.041 -0.976
899.335 -11.346
899.630 -19.451
899.925 -23.129
900.219 -20.213
900.514 -17.802
900.809 -23.649
901.103 -24.472
901.398 -28.836
901.693 -29.117
901.987 -25.811
902.282 -32.683
902.577 -42.107
902.871 -48.380
903.166 -46.899
903.461 -40.710
903.755 -43.941
904.050 -52.910
904.344 -45.240
904.639 -37.319
904.934 -25.312
905.228 -11.588
905.523 -6.590
905.818 -4.462
906.112 -2.448
906.407 -12.792
906.702 -16.797
906.996 -18.088
907.291 -24.017
907.586 -23.241
907.880 -21.842
908.175 -17.597
908.470 -13.467
908.764 -9.184
909.059 -10.491
909.354 -18.208
909.648 -22.789
909.943 -16.942
910.237 -12.367
910.532 -8.189
910.827 -2.402
911.121 5.871
911.416 24.249
911.711 33.196
912.005 28.183
912.300 24.372
912.599 29.549
912.898 20.471
913.196 3.944
913.495 -11.655
913.794 -20.411
914.093 -20.583
914.391 -21.521
914.690 -29.619
914.989 -29.097
915.288 -17.810
915.586 -8.210
915.885 -8.912
916.184 0.995
916.483 7.435
916.782 7.956
917.080 -0.697
917.379 -8.390
917.678 -16.073
917.977 -15.987
918.275 -13.878
918.574 -6.909
918.873 -7.198
919.172 -4.436
919.471 -6.834
919.769 -11.137
920.068 -1.306
920.367 -9.053
920.666 -24.181
920.964 -19.782
921.263 -6.174
921.562 7.700
921.861 28.719
922.159 36.472
922.458 38.991
922.757 40.338
923.056 38.694
923.355 29.933
923.653 23.960
923.952 11.740
924.251 -9.873
924.550 -22.878
924.848 -20.213
925.147 -19.346
925.446 -13.671
925.745 -10.114
926.043 -6.236
926.342 10.016
926.641 19.927
926.940 11.549
927.239 4.484
927.537 5.560
927.836 0.219
928.135 -8.170
928.434 -19.306
928.732 -27.390
929.031 -22.527
929.330 -21.451
929.629 -23.575
929.927 -15.143
930.226 -9.850
930.525 -5.138
930.824 9.711
931.123 17.801
931.421 24.833
931.720 20.929
932.019 5.725
932.318 -0.576
932.616 -8.010
932.915 -14.037
933.214 -15.558
933.513 -17.809
933.812 -21.747
934.110 -19.805
934.409 -20.244
934.708 -24.971
935.007 -35.700
935.305 -37.140
935.604 -36.917
935.903 -37.692
936.202 -28.851
936.500 -29.883
936.799 -19.124
937.098 -5.077
937.397 -28.701
937.696 -39.450
937.994 -31.681
938.293 -27.931
938.592 -20.911
938.891 -13.900
939.189 -7.667
939.488 13.932
939.787 30.865
940.086 16.808
940.384 14.474
940.683 18.598
940.982 -1.217
941.281 -15.252
941.580 -21.280
941.878 -32.284
942.177 -12.394
942.476 -10.007
942.775 -30.626
943.073 -21.216
943.372 -16.246
943.671 -11.260
943.970 1.903
944.268 1.651
944.567 -2.960
944.866 5.494
945.165 -3.335
945.464 -15.063
945.762 -28.552
946.061 -35.298
946.360 -35.491
946.659 -36.113
946.957 -35.712
947.256 -12.287
947.555 3.400
947.854 17.334
948.153 17.244
948.451 0.166
948.750 -21.822
949.049 -25.781
949.348 -48.957
949.646 -59.676
949.945 -62.513
950.244 -64.684
950.543 -57.139
950.841 -36.071
951.140 -27.842
951.439 -13.847
951.738 -10.843
952.037 -13.446
952.335 -19.104
952.634 -30.927
952.933 -35.906
953.232 -27.579
953.530 -19.302
953.829 -9.498
954.128 11.427
954.427 20.893
954.725 17.655
955.024 12.015
955.323 11.985
955.622 5.458
955.921 -4.619
956.219 -24.423
956.518 -40.051
956.817 -29.579
957.116 -15.175
957.414 -20.026
957.713 -32.069
958.012 -21.102
958.311 -17.512
958.610 -10.619
958.908 -6.657
959.207 -1.062
959.506 1.021
959.805 8.840
960.103 0.456
960.402 -3.834
960.701 -8.384
961.000 -6.255
961.298 -14.209
961.597 -11.903
961.896 -20.056
962.195 -31.696
962.494 -21.546
962.792 -16.328
963.091 -20.965
963.390 -29.823
963.689 -37.835
963.987 -23.300
964.286 -10.550
964.585 -14.182
964.884 -9.049
965.182 -1.609
965.481 12.608
965.780 26.562
966.080 26.477
966.380 21.752
966.680 12.453
966.981 4.525
967.281 2.530
967.581 -5.271
967.881 -17.941
968.181 -13.178
968.481 -10.874
968.781 -7.155
969.082 2.101
969.382 -4.226
969.682 -0.593
969.982 15.884
970.282 14.470
970.582 13.586
970.882 16.155
971.183 15.239
971.483 21.127
971.783 18.141
972.083 -5.246
972.383 -24.253
972.683 -23.908
972.983 -27.270
973.284 -26.852
973.584 -19.483
973.884 -17.863
974.184 -10.163
974.484 -0.584
974.784 0.318
975.084 22.967
975.385 38.972
975.685 30.601
975.985 24.653
976.285 23.789
976.585 25.095
976.885 30.901
977.185 16.871
977.486 0.977
977.786 9.500
978.086 26.587
978.386 40.040
978.686 46.173
978.986 53.826
979.286 48.654
979.587 47.635
979.887 36.424
980.187 27.567
980.487 30.281
980.787 41.566
981.087 29.280
981.387 24.137
981.688 26.994
981.988 40.137
982.288 39.851
982.588 25.565
982.888 -5.292
983.188 -16.435
983.488 -10.864
983.789 -13.293
984.089 -22.579
984.389 -24.007
984.689 -23.436
984.989 -13.008
985.289 3.849
985.589 -1.437
985.890 -8.580
986.190 -7.294
986.490 3.563
986.790 6.420
987.090 5.277
987.390 -3.152
987.690 5.276
987.991 21.133
988.291 17.276
988.591 -8.153
988.891 -30.581
989.191 -33.296
989.491 -25.153
989.791 -19.296
990.092 -19.296
990.392 -9.582
990.692 -1.011
990.992 26.274
991.292 36.560
991.592 25.131
991.892 13.845
992.193 15.560
992.493 16.416
992.793 16.131
993.093 4.130
993.393 -4.441
993.693 -3.156
993.993 4.701
994.294 -6.442
994.594 -10.728
994.894 -4.442
995.194 -2.442
995.494 2.986
995.794 3.843
996.094 -8.443
996.395 -14.300
996.695 -19.586
996.995 -24.443
997.295 -26.158
997.595 -20.872
997.895 -9.444
998.195 -1.158
998.496 12.842
998.796 19.127
999.096 25.270
999.396 34.841
999.696 26.555
999.996 11.984
1000.296 24.555
1000.597 22.983
1000.897 18.412
1001.197 17.983
1001.497 21.126
1001.797 36.983
1002.097 45.982
1002.397 29.411
1002.698 15.268
1002.998 14.125
1003.298 15.982
1003.598 1.267
1003.898 -15.447
1004.198 -17.019
1004.498 -5.590
1004.799 -4.162
1005.099 -14.448
1005.399 -22.877
1005.699 -27.162
1005.999 -34.020
1006.299 -32.877
1006.599 -42.020
1006.900 -37.020
1007.200 -29.878
1007.500 -33.735
1007.800 -23.021
1008.100 -14.164
1008.400 -29.164
1008.700 -34.593
1009.001 -31.593
1009.301 -26.164
1009.601 -26.736
1009.901 -38.165
1010.201 -41.736
1010.501 -21.308
1010.801 -19.879
1011.102 -32.594
1011.402 -33.166
1011.702 -24.451
1012.002 -14.023
1012.302 -7.309
1012.602 -11.738
1012.902 -10.309
1013.203 -3.167
1013.503 -3.167
1013.803 6.262
1014.103 10.690
1014.403 -4.881
1014.703 -13.310
1015.003 -8.453
1015.304 -4.882
1015.604 -4.168
1015.904 -15.597
1016.204 -14.740
1016.504 6.689
1016.804 13.546
1017.104 11.831
1017.405 0.974
1017.705 -13.883
1018.005 -11.455
1018.305 -10.598
1018.605 -21.027
1018.905 -27.455
1019.205 -24.170
1019.506 -11.741
1019.806 3.830
1020.106 10.687
1020.406 4.258
1020.706 -2.599
1021.006 3.258
1021.306 9.686
1021.607 10.400
1021.907 11.972
1022.207 -0.314
1022.507 -14.743
1022.807 -5.743
1023.107 -2.600
1023.407 -4.458
1023.708 -5.029
1024.008 5.399
1024.308 13.542
1024.608 32.113
1024.908 35.256
1025.208 31.256
1025.508 19.256
1025.809 12.970
1026.109 -9.459
1026.409 -15.316
1026.709 -11.031
1027.009 -9.745
1027.309 -8.317
1027.609 -11.746
1027.910 -8.174
1028.210 -1.317
1028.510 2.111
1028.810 0.254
1029.110 11.111
1029.410 19.682
1029.710 31.396
1030.011 34.110
1030.311 29.253
1030.611 22.539
1030.911 17.681
1031.211 -1.033
1031.511 -15.462
1031.811 -20.319
1032.112 -25.034
1032.412 -12.605
1032.712 -10.034
1033.012 -19.463
1033.312 -31.177
1033.612 -40.177
1033.912 -42.892
1034.212 -43.892
1034.513 -47.035
1034.813 -47.035
1035.113 -42.178
1035.413 -18.607
1035.713 -4.178
1036.013 7.679
1036.313 15.964
1036.614 8.536
1036.914 -2.750
1037.214 -4.036
1037.514 -3.608
1037.814 -10.036
1038.114 -20.751
1038.414 -19.322
1038.715 -16.465
1039.015 -3.323
1039.315 0.249
1039.615 -13.323
1039.915 -11.180
1040.215 -16.323
1040.515 -20.466
1040.816 -20.609
1041.116 -20.895
1041.416 -15.181
1041.716 -8.896
1042.016 -5.467
1042.316 1.533
1042.616 -4.753
1042.917 -15.182
1043.217 -23.039
1043.517 -37.182
1043.817 -39.325
1044.117 -37.468
1044.417 -44.754
1044.717 -56.897
1045.018 -50.754
1045.318 -40.469
1045.618 -24.183
1045.918 -34.898
1046.218 -45.041
1046.518 -33.755
1046.818 -5.327
1047.119 2.673
1047.419 -9.613
1047.719 -25.184
1048.019 -22.327
1048.319 -18.042
1048.619 -29.327
1048.919 -44.613
1049.220 -48.042
1049.520 -44.042
1049.820 -37.042
1050.120 -27.614
1050.420 -23.328
1050.720 -21.043
1051.020 -27.757
1051.321 -33.186
1051.621 -23.615
1051.921 -16.615
1052.221 -12.186
1052.521 -10.044
1052.821 -1.472
1053.121 6.099
1053.422 16.670
1053.722 19.384
1054.022 8.098
1054.322 -8.759
1054.622 -8.473
1054.922 -9.616
1055.222 -6.759
1055.523 -1.045
1055.823 -4.331
1056.123 4.240
1056.423 17.954
1056.723 16.954
1057.023 15.526
1057.323 16.811
1057.624 16.097
1057.924 25.811
1058.224 19.239
1058.524 6.382
1058.824 -5.190
1059.124 -14.475
1059.424 -25.618
1059.725 -32.047
1060.025 -38.047
1060.325 -32.619
1060.625 -22.476
1060.925 -19.191
1061.225 -5.333
1061.525 13.952
1061.826 18.095
1062.126 11.380
1062.426 4.666
1062.726 11.666
1063.026 23.951
1063.326 20.666
1063.626 13.237
1063.927 5.522
1064.227 -4.049
1064.527 -6.906
1064.827 -18.335
1065.127 -26.907
1065.427 -35.050
1065.727 -50.050
1066.028 -56.907
1066.328 -46.907
1066.628 -40.765
1066.928 -32.765
1067.228 -27.479
1067.528 -16.479
1067.828 -10.908
1068.129 -20.337
1068.429 -29.051
1068.729 -18.337
1069.029 -20.480
1069.329 -27.337
1069.629 -34.480
1069.929 -32.195
1070.230 -12.052
1070.530 3.662
1070.830 -5.052
1071.130 -6.481
1071.430 -3.767
1071.730 2.090
1072.030 3.376
1072.331 -11.767
1072.631 -24.053
1072.931 -26.053
1073.231 -27.339
1073.531 -29.911
1073.831 -42.482
1074.131 -48.339
1074.432 -41.625
1074.732 -28.911
1075.032 -22.054
1075.332 -27.769
1075.632 -36.769
1075.932 -37.483
1076.232 -37.340
1076.533 -43.483
1076.833 -58.483
1077.133 -65.769
1077.433 -65.198
1077.733 -52.627
1078.033 -40.198
1078.333 -40.484
1078.634 -33.770
1078.934 -27.627
1079.234 -31.056
1079.534 -38.485
1079.834 -46.628
1080.134 -52.056
1080.434 -46.771
1080.735 -40.628
1081.035 -36.914
1081.335 -28.771
1081.635 -18.771
1081.935 -8.057
1082.235 -0.914
1082.535 -8.200
1082.836 -13.343
1083.136 -16.201
1083.436 -22.486
1083.736 -18.772
1084.036 -13.772
1084.336 -7.487
1084.636 8.656
1084.937 11.513
1085.237 3.656
1085.537 7.370
1085.837 12.655
1086.137 2.227
1086.437 -15.488
1086.737 -31.488
1087.038 -31.774
1087.338 -23.060
1087.638 -33.488
1087.938 -51.060
1088.238 -50.060
1088.538 -46.631
1088.838 -46.060
1089.139 -54.060
1089.439 -55.203
1089.739 -41.918
1090.039 -29.632
1090.339 -29.775
1090.639 -28.347
1090.939 -11.490
1091.240 10.510
1091.540 24.939
1091.840 25.367
1092.140 38.081
1092.453 44.367
1092.766 42.367
1093.079 36.081
1093.392 25.366
1093.705 9.081
1094.018 1.938
1094.330 -5.777
1094.643 -6.777
1094.956 -8.063
1095.269 -7.634
1095.582 -4.349
1095.895 6.223
1096.208 9.080
1096.521 -4.921
1096.834 -10.064
1097.147 -12.207
1097.460 -11.207
1097.773 -12.350
1098.085 -13.493
1098.398 -18.350
1098.711 -14.207
1099.024 -9.064
1099.337 5.221
1099.650 -2.779
1099.963 -13.636
1100.276 -18.779
1100.589 -11.922
1100.902 -7.494
1101.215 -6.494
1101.528 -10.065
1101.841 -3.637
1102.153 0.649
1102.466 -1.066
1102.779 -1.494
1103.092 -2.209
1103.405 -1.923
1103.718 -2.495
1104.031 -3.209
1104.344 5.219
1104.657 12.648
1104.970 20.076
1105.283 16.362
1105.596 -1.781
1105.909 -2.067
1106.221 -1.782
1106.534 -8.353
1106.847 -9.353
1107.160 -18.925
1107.473 -20.925
1107.786 -12.211
1108.099 -24.925
1108.412 -36.068
1108.725 -41.354
1109.038 -52.640
1109.351 -61.069
1109.664 -60.497
1109.977 -56.497
1110.289 -40.926
1110.602 -25.783
1110.915 -34.355
1111.228 -38.784
1111.541 -29.069
1111.854 -27.927
1112.167 -38.498
1112.480 -54.070
1112.793 -62.213
1113.106 -46.213
1113.419 -34.213
1113.732 -42.927
1114.044 -36.356
1114.357 -13.499
1114.670 -1.499
1114.983 -8.214
1115.296 -3.785
1115.609 -2.357
1115.922 -2.928
1116.235 -10.643
1116.548 -26.786
1116.861 -36.071
1117.174 -39.643
1117.487 -57.357
1117.800 -63.929
1118.112 -53.786
1118.425 -40.501
1118.738 -28.215
1119.051 -23.644
1119.364 -2.501
1119.677 21.642
1119.990 30.356
1120.303 35.784
1120.616 25.784
1120.929 5.927
1121.242 11.641
1121.555 11.784
1121.868 -2.359
1122.180 -1.216
1122.493 0.355
1122.806 5.212
1123.119 5.783
1123.432 -5.645
1123.745 -23.931
1124.058 -29.360
1124.371 -38.789
1124.684 -48.932
1124.997 -53.932
1125.310 -39.932
1125.623 -28.503
1125.935 -18.218
1126.248 -24.932
1126.561 -40.361
1126.874 -54.361
1127.187 -62.075
1127.500 -69.790
1127.813 -72.076
1128.126 -67.219
1128.439 -54.219
1128.752 -43.076
1129.065 -31.219
1129.378 -24.505
1129.691 -20.648
1130.003 -22.791
1130.316 -17.791
1130.629 -6.934
1130.942 2.923
1131.255 5.352
1131.568 -2.220
1131.881 -7.648
1132.194 -10.934
1132.507 -22.220
1132.820 -34.077
1133.133 -34.935
1133.446 -32.078
1133.759 -24.935
1134.071 -19.649
1134.384 -19.078
1134.697 -20.078
1135.010 -10.935
1135.323 -12.364
1135.636 -12.936
1135.949 -6.364
1136.262 -7.079
1136.575 -11.079
1136.888 -10.507
1137.201 -7.650
1137.514 -2.936
1137.826 1.064
1138.139 -3.508
1138.452 -11.079
1138.765 0.492
1139.078 2.349
1139.391 -8.366
1139.704 -11.223
1140.017 -17.080
1140.330 -28.223
1140.643 -27.080
1140.956 -33.938
1141.269 -28.080
1141.582 -22.366
1141.894 -26.509
1142.207 -24.081
1142.520 -10.795
1142.833 -4.510
1143.146 6.919
1143.459 2.204
1143.772 0.633
1144.085 9.919
1144.398 8.347
1144.711 10.918
1145.024 5.632
1145.337 -3.082
1145.650 3.632
1145.962 5.346
1146.275 -1.797
1146.588 -2.225
1146.901 -6.225
1147.214 3.917
1147.527 5.203
1147.840 -7.369
1148.153 -14.654
1148.466 -14.369
1148.779 -15.369
1149.092 -12.655
1149.405 -8.798
1149.718 4.202
1150.030 8.488
1150.343 3.916
1150.656 0.345
1150.969 4.773
1151.282 5.202
1151.595 10.344
1151.908 6.773
1152.221 10.487
1152.534 14.630
1152.847 9.773
1153.160 6.201
1153.473 0.772
1153.785 -16.371
1154.098 -17.942
1154.411 -16.514
1154.724 -12.228
1155.037 7.058
1155.350 12.343
1155.663 22.629
1155.976 26.771
1156.289 13.057
1156.602 13.486
1156.915 14.914
1157.228 0.342
1157.541 -12.515
1157.853 -32.372
1158.166 -32.944
1158.479 -16.944
1158.792 -17.801
1159.105 -28.658
1159.418 -30.373
1159.731 -22.230
1160.044 -10.659
1160.357 -9.516
1160.670 -24.373
1160.983 -32.087
1161.296 -21.802
1161.609 -23.516
1161.921 -28.373
1162.234 -22.231
1162.547 -20.802
1162.860 -23.945
1163.173 -23.088
1163.486 -20.660
1163.799 -14.803
1164.112 -12.517
1164.425 -16.517
1164.738 -17.374
1165.051 -16.374
1165.364 -8.946
1165.676 -11.232
1165.989 -13.661
1166.302 -13.661
1166.615 -21.946
1166.928 -28.518
1167.241 -20.804
1167.554 -22.232
1167.867 -24.518
1168.180 -15.090
1168.493 -18.947
1168.806 -16.233
1169.119 -5.233
1169.432 -6.947
1169.744 -16.948
1170.057 -14.376
1170.370 -11.376
1170.683 -8.805
1170.996 -16.234
1171.309 -28.519
1171.622 -29.948
1171.935 -26.091
1172.248 -38.091
1172.561 -46.377
1172.874 -37.663
1173.187 -24.663
1173.500 -14.377
1173.812 -20.092
1174.125 -16.092
1174.438 -3.378
1174.751 8.622
1175.064 7.051
1175.377 4.908
1175.690 6.765
1176.003 17.908
1176.316 15.907
1176.629 11.622
1176.942 -5.664
1177.255 -10.664
1177.567 -13.379
1177.880 -14.664
1178.193 -13.093
1178.506 -11.379
1178.819 1.478
1179.132 7.478
1179.445 3.906
1179.758 -1.522
1180.071 -14.094
1180.384 -27.808
1180.697 -28.665
1181.010 -44.951
1181.323 -50.523
1181.635 -55.094
1181.948 -50.809
1182.261 -41.237
1182.574 -25.809
1182.887 -24.523
1183.200 -20.095
1183.513 -17.809
1183.826 -12.666
1184.139 -5.095
1184.452 -1.809
1184.765 -10.952
1185.078 -12.238
1185.391 -21.524
1185.703 -21.953
1186.016 -15.953
1186.329 -20.953
1186.642 -25.239
1186.955 -25.239
1187.268 -26.239
1187.581 -19.382
1187.894 -21.811
1188.207 -23.382
1188.520 -17.811
1188.833 -19.811
1189.146 -20.811
1189.459 -21.668
1189.771 -22.383
1190.084 -17.954
1190.397 -34.383
1190.710 -50.240
1191.023 -49.526
1191.336 -37.812
1191.649 -36.669
1191.962 -39.098
1192.275 -46.526
1192.588 -34.526
1192.901 -19.526
1193.214 -18.527
1193.526 -37.384
1193.839 -40.241
1194.152 -29.527
1194.465 -15.527
1194.778 -6.670
1195.091 -11.099
1195.404 -17.242
1195.717 -8.670
1196.030 -2.242
1196.343 -5.099
1196.656 -15.385
1196.969 -27.671
1197.282 -27.099
1197.594 -21.671
1197.907 -16.957
1198.220 -9.242
1198.533 -7.385
1198.846 0.186
1199.159 14.329
1199.472 15.043
1199.785 16.614
1200.098 15.328
1200.411 1.614
1200.724 -4.100
1201.037 -6.243
1201.350 -14.958
1201.662 -13.672
1201.975 -12.982
1202.288 -15.615
1202.601 -11.315
