165.028 40.682
165.288 29.963
165.547 28.977
165.807 28.838
166.067 19.513
166.327 12.617
166.587 10.435
166.847 -2.747
167.107 -11.501
167.367 -22.541
167.627 -25.010
167.886 -15.478
168.146 -17.090
168.406 -15.416
168.666 0.257
168.926 1.502
169.186 1.175
169.446 -7.438
169.706 -12.622
169.966 -8.235
170.225 -3.991
170.485 -5.033
170.745 12.354
171.005 32.312
171.265 35.269
171.525 28.084
171.785 19.327
172.045 19.998
172.305 25.955
172.564 13.198
172.824 7.155
173.084 17.540
173.344 21.639
173.604 31.881
173.864 35.266
174.124 36.222
174.384 49.321
174.644 56.276
174.903 53.089
175.163 51.616
175.423 52.000
175.683 49.241
175.943 47.339
176.203 40.722
176.463 22.677
176.723 10.918
176.983 12.586
177.242 7.541
177.502 3.210
177.762 -6.265
178.022 -12.882
178.282 -4.214
178.542 12.169
178.802 15.551
179.062 18.076
179.322 17.316
179.581 24.126
179.841 32.937
180.101 31.747
180.361 27.986
180.621 20.654
180.881 7.892
181.141 4.274
181.401 13.512
181.661 9.894
181.920 5.846
182.180 3.228
182.440 9.751
182.700 15.418
182.960 11.085
183.220 -6.963
183.480 -4.439
183.740 -3.773
184.000 -9.392
184.259 -17.441
184.519 -17.917
184.779 -5.823
185.039 16.272
185.299 31.081
185.559 47.461
185.819 53.555
186.079 54.935
186.339 50.315
186.598 24.838
186.858 -7.639
187.118 -26.831
187.378 -43.165
187.638 -44.214
187.898 -39.835
188.158 -34.884
188.418 -14.076
188.678 -0.839
188.937 -7.888
189.197 -14.080
189.457 -22.415
189.717 -19.465
189.977 -5.228
190.237 -5.277
190.497 -5.184
190.757 17.767
191.017 36.431
191.276 54.667
191.536 53.332
191.796 35.711
192.056 24.804
192.316 19.612
192.576 2.848
192.836 -2.630
193.096 -11.966
193.356 -17.301
193.616 -13.494
193.875 -5.258
194.135 3.549
194.395 7.785
194.655 -13.407
194.915 -23.600
195.175 -18.079
195.435 -23.414
195.695 -23.893
195.955 -25.657
196.214 -21.421
196.474 -7.186
196.734 -5.378
196.994 -8.714
197.254 5.522
197.514 10.900
197.774 6.707
198.034 -2.628
198.294 -1.964
198.553 8.557
198.813 6.507
199.073 -9.114
199.333 -17.878
199.593 -5.500
199.853 2.307
200.113 3.686
200.373 3.350
200.633 6.729
200.892 19.393
201.152 30.200
201.412 23.722
201.672 12.100
201.932 1.908
202.192 3.286
202.452 13.951
202.712 14.901
202.972 5.422
203.231 2.087
203.491 26.180
203.751 40.130
204.011 39.509
204.271 44.887
204.531 54.266
204.791 55.502
205.051 55.881
205.311 47.260
205.570 53.496
205.830 76.303
206.090 83.111
206.350 65.776
206.610 65.298
206.870 68.819
207.130 55.341
207.390 40.863
207.650 15.814
207.909 -13.378
208.169 -12.856
208.429 -20.334
208.689 -30.383
208.949 -24.147
209.209 -17.625
209.469 -32.674
209.729 -35.009
209.989 -28.344
210.248 -9.536
210.508 0.701
210.768 3.224
211.028 5.175
211.288 27.840
211.548 35.648
211.808 28.314
212.068 28.122
212.328 20.359
212.587 15.168
212.847 19.262
213.107 10.070
213.367 8.593
213.627 1.545
213.887 -7.647
214.147 -7.124
214.407 -14.315
214.667 -29.792
214.926 -33.268
215.186 -37.888
215.446 -41.222
215.706 -52.841
215.966 -42.318
216.226 -31.937
216.486 -27.128
216.746 -7.747
217.006 16.919
217.265 33.014
217.525 46.109
217.785 35.776
218.045 30.157
218.305 35.252
218.565 28.062
218.825 16.443
219.085 12.396
219.345 11.777
219.604 18.301
219.864 27.111
220.124 30.350
220.384 23.303
220.644 25.256
220.904 35.495
221.164 38.162
221.424 33.401
221.684 29.640
221.943 18.022
222.203 13.833
222.463 13.358
222.723 8.597
222.983 -2.307
223.243 -3.781
223.503 -12.685
223.763 -22.302
224.023 -29.777
224.282 -38.252
224.542 -36.440
224.802 -31.486
225.062 -33.961
225.322 -19.007
225.582 4.234
225.842 15.331
226.102 7.857
226.362 -7.760
226.621 -3.948
226.881 8.578
227.141 12.104
227.401 4.916
227.661 3.156
227.921 12.969
228.181 27.924
228.441 23.307
228.701 13.834
228.960 15.218
229.220 13.173
229.480 4.986
229.740 -2.916
230.000 -15.103
230.260 -13.147
230.520 -12.620
230.780 -30.379
231.040 -39.280
231.299 -38.324
231.559 -36.797
231.819 -28.983
232.079 -13.741
232.339 -2.357
232.599 4.314
232.859 13.413
233.119 20.513
233.379 22.184
233.638 13.140
233.898 9.240
234.158 3.483
234.418 -2.561
234.678 -0.746
234.938 -0.218
235.198 -3.832
235.458 -9.732
235.718 -23.060
235.978 -30.103
236.237 -27.574
236.497 -27.331
236.757 -24.945
237.017 -20.844
237.277 2.685
237.537 13.643
237.797 16.315
238.057 19.130
238.317 12.803
238.576 13.047
238.836 17.719
239.096 -6.465
239.356 -16.364
239.616 -9.977
239.876 -12.161
240.136 -5.631
240.396 -2.958
240.656 1.001
240.915 15.532
241.175 27.491
241.435 28.307
241.695 30.552
241.955 26.226
242.215 21.471
242.475 17.430
242.735 17.961
242.995 6.206
243.254 0.595
243.514 -1.160
243.774 0.372
244.034 -1.668
244.294 2.149
244.554 5.395
244.814 4.783
245.074 -7.399
245.334 -16.582
245.593 -20.335
245.853 -24.946
246.113 -24.986
246.373 -21.311
246.633 -9.778
246.893 5.040
247.153 22.715
247.413 23.533
247.673 26.637
247.932 27.741
248.192 27.417
248.452 20.807
248.712 20.054
248.972 19.159
249.232 18.263
249.492 18.939
249.752 14.472
250.012 5.863
250.271 2.396
250.531 -9.642
250.791 -30.108
251.051 -33.431
251.311 -27.183
251.571 -14.221
251.831 -10.401
252.091 -3.010
252.351 7.524
252.610 24.772
252.870 46.592
253.130 46.698
253.390 26.233
253.650 28.767
253.911 27.159
254.172 32.836
254.433 34.228
254.694 13.335
254.955 0.441
255.216 -4.310
255.477 -13.917
255.738 -18.668
255.999 -22.561
256.261 -28.597
256.522 -22.490
256.783 -12.098
257.044 -3.133
257.305 7.688
257.566 19.224
257.827 19.474
258.088 14.296
258.349 9.832
258.610 10.511
258.871 6.475
259.132 -5.274
259.393 -14.880
259.654 -15.630
259.915 -6.522
260.176 -6.128
260.437 -15.591
260.698 -14.912
260.959 -7.375
261.221 -4.838
261.482 -8.015
261.743 -11.764
262.004 -5.512
262.265 12.739
262.526 28.562
262.787 26.671
263.048 12.923
263.309 -1.825
263.570 -8.859
263.831 -17.035
264.092 -29.783
264.353 -35.674
264.614 -36.850
264.875 -24.455
265.136 -5.059
265.397 -0.664
265.658 1.874
265.919 14.127
266.181 17.237
266.442 20.775
266.703 18.028
266.964 6.710
267.225 7.963
267.486 8.931
267.747 1.612
268.008 -4.706
268.269 -8.452
268.530 -5.342
268.791 10.483
269.052 22.880
269.313 24.848
269.574 15.245
269.835 6.784
270.096 -3.819
270.357 -11.422
270.618 -18.168
270.879 -28.771
271.141 -24.374
271.402 -22.691
271.663 -13.008
271.924 11.533
272.185 14.930
272.446 -0.958
272.707 -7.561
272.968 -17.877
273.229 -13.622
273.490 -2.796
273.751 -3.969
274.012 2.429
274.273 15.112
274.534 26.082
274.795 35.194
275.056 38.879
275.317 23.134
275.578 10.675
275.839 5.645
276.101 10.615
276.362 10.728
276.623 1.413
276.884 -6.331
277.145 -2.218
277.406 -1.676
277.667 -0.849
277.928 -5.164
278.189 -8.336
278.450 -3.794
278.711 -8.394
278.972 -14.709
279.233 -5.738
279.494 -2.767
279.755 0.489
280.016 4.318
280.277 6.003
280.538 4.117
280.799 3.517
281.061 -8.940
281.322 -16.540
281.583 -18.140
281.844 -17.454
282.105 -19.911
282.366 -19.510
282.627 -21.538
282.888 -24.281
283.149 -30.023
283.410 -32.479
283.671 -39.364
283.932 -40.678
284.193 -22.563
284.454 -12.590
284.715 0.668
284.976 11.069
285.237 12.327
285.498 5.729
285.759 1.130
286.021 -11.183
286.282 -9.496
286.543 -9.523
286.804 -5.121
287.065 -8.148
287.326 -5.318
287.587 7.512
287.848 14.486
288.109 9.745
288.370 0.289
288.631 -3.023
288.892 4.379
289.153 19.210
289.414 10.041
289.675 6.158
289.936 1.560
290.197 0.248
290.458 3.079
290.719 -2.375
290.981 -9.973
291.242 -4.284
291.503 1.690
291.764 8.807
292.025 19.067
292.286 15.756
292.547 12.302
292.808 14.991
293.069 8.394
293.330 -4.774
293.591 -6.942
293.852 -18.253
294.113 -16.278
294.374 -0.875
294.635 -0.900
294.896 8.361
295.157 17.622
295.418 14.169
295.679 9.572
295.941 -2.167
296.202 -15.620
296.463 -18.501
296.724 -12.669
296.985 -13.122
297.246 -9.289
297.507 12.401
297.768 14.663
298.029 6.067
298.290 0.900
298.551 -14.981
298.812 -24.434
299.073 -22.458
299.334 -36.767
299.595 -26.362
299.856 -13.386
300.117 -16.124
300.378 -22.291
300.639 -6.600
300.901 2.805
301.162 2.639
301.423 -4.813
301.684 -16.550
301.945 -12.859
302.206 7.832
302.467 4.380
302.728 -8.643
302.989 -10.666
303.250 -3.832
303.511 2.002
303.772 -8.306
304.033 -19.757
304.294 -24.066
304.555 -21.803
304.816 -13.682
305.077 -19.705
305.338 -23.299
305.599 -12.607
305.861 -10.772
306.122 -13.366
306.383 -24.102
306.644 -32.982
306.905 -34.718
307.166 -41.026
307.427 -44.762
307.688 -45.927
307.949 -36.092
308.210 -21.685
308.471 -6.278
308.732 13.129
308.993 37.250
309.254 45.942
309.515 50.207
309.776 47.471
310.037 39.878
310.298 30.142
310.559 25.407
310.821 14.957
311.082 8.079
311.343 6.486
311.604 5.322
311.865 9.587
312.126 9.994
312.387 -3.884
312.648 -4.762
312.909 5.646
313.170 11.196
313.434 9.461
313.698 5.726
313.963 -7.008
314.227 -7.743
314.491 -2.621
314.755 -0.356
315.019 -5.376
315.284 -4.539
315.548 15.012
315.812 33.706
316.076 40.114
316.340 44.094
316.604 37.931
316.869 38.483
317.133 43.605
317.397 26.871
317.661 9.137
317.925 -1.740
318.190 0.383
318.454 3.078
318.718 2.058
318.982 -2.533
319.246 1.162
319.511 9.428
319.775 13.980
320.039 -4.468
320.303 -10.202
320.567 -2.364
320.832 0.474
321.096 -7.117
321.360 -6.993
321.624 -6.441
321.888 -4.460
322.153 -16.622
322.417 -32.641
322.681 -34.803
322.945 -27.964
323.209 -18.126
323.473 -11.002
323.738 -12.164
324.002 -5.897
324.266 8.228
324.530 11.066
324.794 8.619
325.059 -3.114
325.323 -13.132
325.587 -6.008
325.851 -5.455
326.115 -2.902
326.380 4.080
326.644 16.490
326.908 23.901
327.172 31.168
327.436 38.293
327.701 51.561
327.965 40.829
328.229 15.668
328.493 -5.493
328.757 -6.511
329.022 -8.957
329.286 -12.975
329.550 -18.278
329.814 -15.439
330.078 -6.171
330.342 0.669
330.607 -3.920
330.871 -6.795
331.135 -15.241
331.399 -20.544
331.663 -22.418
331.928 -22.150
332.192 -25.739
332.456 -30.470
332.720 -30.059
332.984 -19.790
333.249 -12.522
333.513 -5.253
333.777 2.587
334.041 6.142
334.305 15.125
334.570 18.822
334.834 22.234
335.098 7.931
335.362 -8.800
335.626 -18.531
335.891 -19.119
336.155 -20.850
336.419 -23.723
336.683 -29.740
336.947 -17.614
337.211 -3.344
337.476 -3.361
337.740 -3.520
338.004 -6.965
338.268 -10.410
338.532 -10.855
338.797 -4.728
339.061 -5.315
339.325 -6.332
339.589 -14.633
339.853 -17.364
340.118 -0.665
340.382 0.604
340.646 -8.840
340.910 -11.999
341.174 5.985
341.439 21.255
341.703 17.097
341.967 0.224
342.231 -7.078
342.495 -11.379
342.759 -24.823
343.024 -42.410
343.288 -50.569
343.552 -42.584
343.816 -33.171
344.080 -31.901
344.345 -28.916
344.609 -16.217
344.873 -17.375
345.137 -26.105
345.401 -30.977
345.666 -45.564
345.930 -47.865
346.194 -45.451
346.458 -44.323
346.722 -38.624
346.987 -35.068
347.251 -39.654
347.515 -36.669
347.779 -36.684
348.043 -44.270
348.308 -45.142
348.572 -44.300
348.836 -48.171
349.100 -48.329
349.364 -38.058
349.628 -39.073
349.893 -35.230
350.157 -38.816
350.421 -35.831
350.685 -12.416
350.949 1.712
351.214 -1.588
351.478 7.540
351.742 17.097
352.006 20.083
352.270 26.212
352.535 16.912
352.799 17.183
353.063 16.884
353.327 12.298
353.591 6.570
353.856 11.984
354.120 -2.887
354.384 -9.901
354.648 -21.772
354.912 -20.072
355.177 -26.800
355.441 -32.957
355.705 -31.828
355.969 -11.984
356.233 -2.426
356.497 7.417
356.762 8.118
357.026 15.961
357.290 18.805
357.554 7.362
357.818 -18.080
358.083 -31.665
358.347 -35.535
358.611 -39.977
358.875 -38.991
359.139 -34.861
359.404 -32.160
359.668 -19.888
359.932 -6.044
360.196 -3.057
360.460 -0.356
360.725 11.345
360.989 17.618
361.253 23.033
361.517 30.163
361.781 33.864
362.046 41.423
362.310 34.410
362.574 8.111
362.838 9.098
363.102 18.942
363.366 10.072
363.631 8.059
363.895 5.047
364.159 15.891
364.423 37.021
364.687 32.723
364.952 20.710
365.216 14.554
365.480 6.685
365.747 12.815
366.013 12.374
366.280 6.219
366.546 6.206
366.813 18.479
367.079 38.895
367.346 40.312
367.612 26.014
367.879 34.858
368.145 48.989
368.412 53.834
368.678 46.536
368.945 35.666
369.211 28.226
369.478 27.213
369.744 18.487
370.011 5.046
370.278 -4.823
370.544 -4.263
370.811 -5.847
371.077 3.284
371.344 2.843
371.610 -1.168
371.877 0.534
372.143 3.093
372.410 -3.490
372.676 -7.073
372.943 -19.228
373.209 -28.668
373.476 -35.108
373.742 -41.834
374.009 -32.417
374.276 -13.572
374.542 -2.441
374.809 4.691
375.075 13.679
375.342 26.525
375.608 37.513
375.875 29.787
376.141 15.205
376.408 11.193
376.674 8.896
376.941 4.170
377.207 -16.698
377.474 -33.709
377.740 -39.864
378.007 -42.018
378.273 -48.743
378.540 -46.754
378.807 -27.194
379.073 -4.063
379.340 1.641
379.606 -12.370
379.873 -14.524
380.139 -14.250
380.406 -28.975
380.672 -41.700
380.939 -44.283
381.205 -35.579
381.472 -6.305
381.738 5.970
382.005 10.245
382.271 33.234
382.538 36.366
382.804 31.641
383.071 31.488
383.338 19.477
383.604 14.466
383.871 16.455
384.137 11.159
384.404 3.577
384.670 -4.005
384.937 -15.873
385.203 -21.883
385.470 -29.751
385.736 -28.762
386.003 -20.344
386.269 -3.925
386.536 6.636
386.802 7.911
387.069 5.615
387.336 12.890
387.602 9.451
387.869 -11.845
388.135 -21.569
388.402 -22.865
388.668 -4.019
388.935 2.543
389.201 -10.325
389.468 -14.192
389.734 -8.631
390.001 -8.784
390.267 -18.508
390.534 -30.090
390.800 -25.385
391.067 -8.110
391.333 -1.691
391.600 -4.273
391.867 -2.425
392.133 9.422
392.400 2.412
392.666 -9.741
392.933 -27.179
393.199 -25.761
393.466 -5.628
393.732 -5.923
393.999 -9.219
394.265 0.057
394.532 12.190
394.798 20.895
395.065 4.885
395.331 -15.982
395.598 -9.420
395.864 1.713
396.131 4.704
396.398 14.266
396.664 32.399
396.931 56.961
397.197 76.237
397.464 77.228
397.730 76.218
397.997 81.209
398.263 85.914
398.530 94.761
398.796 110.323
399.063 126.885
399.329 142.590
399.596 161.152
399.862 184.429
400.129 201.134
400.396 208.125
400.662 219.115
400.929 238.820
401.195 267.240
401.462 295.945
401.728 343.221
401.995 416.784
402.261 502.346
402.528 599.337
402.794 714.471
403.061 846.462
403.327 994.738
403.594 1137.301
403.860 1294.720
404.127 1455.711
404.393 1621.417
404.660 1778.836
404.931 1930.685
405.202 2073.390
405.473 2199.524
405.745 2305.944
406.016 2420.506
406.287 2523.355
406.558 2610.632
406.829 2672.194
407.100 2735.900
407.371 2811.462
407.642 2857.168
407.914 2873.302
408.185 2876.008
408.456 2861.856
408.727 2850.419
408.998 2830.268
409.269 2791.259
409.540 2745.393
409.811 2712.813
410.083 2667.376
410.354 2642.653
410.625 2612.788
410.896 2563.494
411.167 2504.914
411.438 2443.477
411.709 2356.754
411.981 2262.745
412.252 2155.737
412.523 2050.014
412.794 1937.863
413.065 1814.569
413.336 1713.561
413.607 1612.981
413.878 1511.687
414.150 1422.393
414.421 1330.956
414.692 1243.234
414.963 1163.226
415.234 1064.217
415.505 967.352
415.776 885.630
416.047 795.050
416.319 696.328
416.590 592.177
416.861 504.740
417.132 436.875
417.403 381.724
417.674 328.716
417.945 283.422
418.217 246.700
418.488 216.692
418.759 191.398
419.030 168.105
419.301 150.525
419.572 123.803
419.843 94.938
420.114 71.787
420.386 64.494
420.657 58.629
420.928 40.478
421.199 26.756
421.470 27.177
421.741 17.883
422.012 19.733
422.283 17.582
422.555 18.289
422.826 27.995
423.097 29.988
423.368 30.694
423.639 37.687
423.910 50.393
424.181 67.529
424.453 66.521
424.724 60.371
424.995 52.934
425.266 50.927
425.537 55.062
425.808 36.483
426.079 14.476
426.350 2.468
426.622 0.318
426.893 3.168
427.164 0.732
427.435 -1.419
427.706 12.717
427.977 17.995
428.248 25.416
428.519 22.695
428.791 22.973
429.062 27.252
429.333 17.959
429.604 4.380
429.875 7.087
430.146 15.365
430.417 19.215
430.689 13.065
430.960 8.344
431.231 20.765
431.502 28.043
431.773 32.608
432.044 34.315
432.315 43.165
432.586 44.158
432.858 36.436
433.129 22.572
433.400 12.279
433.671 -15.728
433.942 -33.449
434.213 -33.170
434.484 -24.749
434.755 -19.184
435.027 -13.334
435.298 3.945
435.569 31.795
435.840 41.216
436.116 31.781
436.391 33.202
436.667 44.338
436.942 51.760
437.218 43.182
437.493 36.318
437.769 34.882
438.045 36.018
438.320 39.869
438.596 39.576
438.871 33.570
439.147 17.277
439.422 3.842
439.698 -6.594
439.974 -3.743
440.249 -12.178
440.525 -22.185
440.800 -27.906
441.076 -13.627
441.351 1.366
441.627 4.931
441.903 -8.076
442.178 -11.225
442.454 -6.660
442.729 4.762
443.005 18.469
443.281 30.320
443.556 43.456
443.832 64.164
444.107 63.015
444.383 50.580
444.658 36.430
444.934 31.138
445.210 26.560
445.485 28.697
445.761 27.262
446.036 37.398
446.312 59.677
446.587 93.814
446.863 104.950
447.139 108.373
447.414 115.081
447.690 128.788
447.965 141.211
448.241 153.204
448.516 143.912
448.792 132.049
449.068 143.043
449.343 151.036
449.619 147.744
449.894 153.310
450.170 160.589
450.445 168.726
450.721 182.005
450.997 196.571
451.272 199.564
451.548 206.701
451.823 208.981
452.099 199.546
452.375 199.540
452.650 216.677
452.926 208.956
453.201 199.236
453.477 201.515
453.752 211.224
454.028 221.503
454.304 230.497
454.579 222.348
454.855 219.914
455.130 240.765
455.406 246.902
455.681 235.896
455.957 221.318
456.233 207.170
456.508 197.307
456.784 199.443
457.059 191.580
457.335 180.289
457.610 171.569
457.886 170.848
458.162 161.271
458.437 147.551
458.713 126.688
458.988 105.254
459.264 88.819
459.539 69.813
459.815 50.808
460.091 39.802
460.366 34.225
460.642 26.933
460.917 11.356
461.193 -7.221
461.468 -17.798
461.744 -23.804
462.020 -29.953
462.295 -31.530
462.571 -34.821
462.846 -28.826
463.122 -23.115
463.397 -17.261
463.673 -3.133
463.949 3.432
464.224 -7.266
464.500 -13.693
464.775 -10.133
465.051 -2.432
465.327 4.408
465.602 3.403
465.878 11.380
466.153 23.211
466.429 44.626
466.704 50.492
466.980 54.796
467.256 62.254
467.531 63.552
467.807 67.758
468.082 82.244
468.358 82.307
468.633 82.633
468.909 82.244
469.185 85.321
469.460 97.723
469.736 104.106
470.011 103.892
470.287 106.841
470.562 107.162
470.838 105.604
471.114 100.616
471.389 99.008
471.665 100.258
471.940 106.562
472.216 113.578
472.491 108.975
472.767 115.105
473.043 117.914
473.318 99.845
473.594 81.758
473.869 67.286
474.145 46.719
474.421 44.118
474.696 43.849
474.972 44.745
475.247 43.141
475.523 31.791
475.798 18.986
476.074 22.334
476.350 29.309
476.625 26.383
476.901 16.322
477.176 24.736
477.452 55.672
477.727 84.284
478.003 83.830
478.279 69.003
478.554 55.347
478.830 53.012
479.105 45.019
479.381 32.489
479.656 17.489
479.932 17.882
480.208 38.107
480.483 49.659
480.759 53.964
481.034 53.954
481.310 42.823
481.585 27.255
481.861 23.764
482.137 6.175
482.412 -6.780
482.688 -13.262
482.963 -8.846
483.239 -12.120
483.514 -14.918
483.790 -17.079
484.066 -10.380
484.341 -9.784
484.617 -11.347
484.892 -9.253
485.168 1.689
485.443 16.196
485.719 13.642
485.995 15.452
486.270 20.556
486.546 25.780
486.821 27.811
487.097 38.850
487.373 39.228
487.648 29.975
487.924 17.176
488.199 22.212
488.475 26.818
488.750 22.434
489.026 14.108
489.302 15.208
489.577 36.914
489.853 58.869
490.128 51.020
490.404 42.467
490.679 52.936
490.955 56.709
491.231 49.431
491.506 41.458
491.782 29.712
492.057 32.921
492.333 34.733
492.608 18.933
492.884 13.198
493.160 17.390
493.435 19.071
493.711 20.053
493.986 27.904
494.262 38.568
494.537 45.019
494.813 46.431
495.089 59.205
495.364 64.560
495.640 62.746
495.915 53.489
496.191 48.324
496.467 53.145
496.742 59.401
497.018 56.124
497.293 52.075
497.569 52.370
497.844 61.729
498.120 74.389
498.396 80.142
498.671 72.420
498.947 63.521
499.222 69.395
499.498 83.806
499.773 98.867
500.049 97.015
500.325 93.007
500.600 102.816
500.876 110.599
501.151 115.711
501.427 113.270
501.702 105.078
501.978 105.754
502.254 113.591
502.529 134.140
502.805 159.155
503.080 176.620
503.356 203.293
503.631 228.113
503.907 246.526
504.183 247.307
504.458 237.728
504.734 245.127
505.009 244.544
505.285 238.756
505.560 236.438
505.836 235.423
506.112 238.019
506.387 236.253
506.663 210.664
506.938 190.954
507.214 186.374
507.490 182.072
507.765 167.826
508.041 154.910
508.316 157.335
508.592 163.989
508.867 160.320
509.143 147.235
509.419 129.938
509.694 120.071
509.970 120.560
510.245 100.693
510.521 74.855
510.796 73.652
511.072 68.235
511.348 53.057
511.623 51.688
511.899 57.131
512.174 63.291
512.450 74.469
512.725 73.963
513.001 80.202
513.277 104.250
513.552 127.715
513.828 150.356
514.103 165.520
514.379 186.177
514.654 206.023
514.930 220.864
515.206 237.595
515.481 247.449
515.757 251.278
516.032 270.906
516.308 294.590
516.583 323.883
516.859 364.298
517.135 407.318
517.410 438.751
517.686 472.984
517.961 520.588
518.237 573.064
518.513 622.554
518.788 668.109
519.064 703.536
519.339 755.602
519.615 815.648
519.890 881.450
520.166 945.375
520.442 1021.407
520.717 1096.681
520.993 1165.650
521.268 1234.395
521.544 1305.771
521.819 1365.683
522.095 1424.496
522.371 1452.899
522.646 1455.469
522.922 1468.955
523.197 1480.420
523.473 1474.822
523.748 1451.562
524.024 1435.071
524.300 1423.874
524.575 1418.266
524.851 1401.174
525.126 1361.912
525.402 1326.068
525.677 1290.794
525.953 1232.680
526.229 1174.221
526.504 1122.270
526.780 1076.194
527.055 1057.622
527.331 1023.047
527.606 976.628
527.882 932.936
528.158 912.502
528.433 913.307
528.709 917.002
528.984 904.397
529.260 900.634
529.535 918.838
529.811 948.717
530.087 962.661
530.362 949.273
530.638 925.972
530.913 914.890
531.189 913.992
531.465 898.626
531.740 879.784
532.016 861.610
532.291 852.385
532.567 844.902
532.842 827.966
533.118 806.200
533.394 799.117
533.669 790.111
533.945 785.919
534.220 787.720
534.496 797.031
534.771 816.160
535.047 827.734
535.323 842.110
535.598 879.563
535.874 946.398
536.149 1028.213
536.425 1128.209
536.700 1242.471
536.976 1397.810
537.252 1594.515
537.527 1827.026
537.803 2076.959
538.078 2323.390
538.354 2592.025
538.629 2904.191
538.905 3218.470
539.181 3512.513
539.456 3782.895
539.732 4031.097
540.007 4282.284
540.283 4520.012
540.558 4698.441
540.834 4854.356
541.110 4999.379
541.385 5117.700
541.661 5200.236
541.936 5276.941
542.212 5343.435
542.488 5386.268
542.763 5394.723
543.039 5375.524
543.314 5337.332
543.590 5310.324
543.865 5252.279
544.141 5145.958
544.417 5053.773
544.692 4992.343
544.968 4931.875
545.243 4864.013
545.519 4801.645
545.794 4763.304
546.070 4749.036
546.348 4748.780
546.627 4774.171
546.905 4800.868
547.183 4871.442
547.461 4963.736
547.740 5070.166
548.018 5199.621
548.296 5327.153
548.575 5440.385
548.853 5599.399
549.131 5759.500
549.409 5927.957
549.688 6102.384
549.966 6305.225
550.244 6546.328
550.523 6812.904
550.801 7086.567
551.079 7378.667
551.357 7656.751
551.636 7948.684
551.914 8207.899
552.192 8434.301
552.471 8648.368
552.749 8822.826
553.027 8980.235
553.306 9125.773
553.584 9218.940
553.862 9316.013
554.140 9401.183
554.419 9470.441
554.697 9505.096
554.975 9482.800
555.254 9449.497
555.532 9410.476
555.810 9328.509
556.088 9214.797
556.367 9035.850
556.645 8837.123
556.923 8627.671
557.202 8367.862
557.480 8063.909
557.758 7743.085
558.036 7401.950
558.315 7061.517
558.593 6700.310
558.871 6335.338
559.150 5989.751
559.428 5649.196
559.706 5289.733
559.984 4945.140
560.263 4613.668
560.541 4294.683
560.819 3973.496
561.098 3656.010
561.376 3368.025
561.654 3101.874
561.932 2845.526
562.211 2601.843
562.489 2399.259
562.767 2227.855
563.046 2063.418
563.324 1906.078
563.602 1781.340
563.880 1670.150
564.159 1564.308
564.437 1464.223
564.715 1362.372
564.994 1276.682
565.272 1207.714
565.550 1133.051
565.828 1068.474
566.107 1001.401
566.385 937.338
566.663 891.765
566.942 845.758
567.220 799.340
567.498 748.369
567.776 691.483
568.055 652.029
568.333 616.551
568.611 579.395
568.890 535.860
569.168 488.588
569.446 473.189
569.725 451.508
570.003 414.932
570.281 385.443
570.559 362.533
570.838 346.272
571.116 330.164
571.394 293.399
571.673 263.389
571.951 252.722
572.229 239.847
572.507 213.654
572.786 193.278
573.064 181.054
573.342 170.780
573.621 173.565
573.899 170.915
574.177 164.903
574.455 164.616
574.734 162.485
575.012 153.800
575.290 152.224
575.569 146.595
575.847 135.887
576.125 116.056
576.403 104.916
576.682 102.623
576.960 101.139
577.243 91.518
577.527 75.542
577.810 69.951
578.093 87.462
578.377 101.955
578.660 106.027
578.944 112.507
579.227 110.153
579.510 114.277
579.794 131.329
580.077 121.225
580.360 93.777
580.644 79.089
580.927 63.231
581.210 64.553
581.494 72.710
581.777 56.421
582.061 50.467
582.344 53.738
582.627 47.478
582.911 42.503
583.194 38.529
583.477 29.283
583.761 23.443
584.044 22.450
584.327 27.445
584.611 38.575
584.894 59.695
585.178 73.562
585.461 82.138
585.744 92.994
586.028 101.567
586.311 113.714
586.594 103.867
586.878 84.172
587.161 81.741
587.444 89.024
587.728 99.000
588.011 103.837
588.295 93.263
588.578 90.976
588.861 99.973
589.145 107.660
589.428 109.632
589.711 108.366
589.995 105.081
590.278 106.630
590.562 110.475
590.845 105.609
591.128 85.336
591.412 68.351
591.695 59.313
591.978 57.444
592.262 61.419
592.545 66.967
592.828 64.100
593.112 61.099
593.395 63.623
593.679 66.867
593.962 73.066
594.245 76.305
594.529 88.463
594.812 102.512
595.095 121.797
595.379 131.968
595.662 134.720
595.945 134.240
596.229 139.527
596.512 145.258
596.796 160.146
597.079 162.038
597.362 160.259
597.646 168.268
597.929 177.646
598.212 172.359
598.496 159.723
598.779 148.212
599.062 136.155
599.346 127.793
599.629 127.971
599.913 122.426
600.196 123.620
600.479 129.619
600.763 135.595
601.046 151.444
601.329 168.531
601.613 162.022
601.896 159.993
602.179 161.937
602.463 166.358
602.746 166.583
603.030 161.880
603.313 154.540
603.596 152.662
603.880 152.184
604.163 153.220
604.446 147.571
604.730 138.280
605.013 143.293
605.296 142.991
605.580 145.368
605.863 154.852
606.147 150.953
606.430 145.201
606.713 148.815
606.997 152.251
607.280 156.166
607.563 158.101
607.847 163.830
608.130 178.659
608.414 191.150
608.697 197.885
608.980 186.890
609.264 187.447
609.547 193.763
609.830 182.438
610.114 170.563
610.397 177.003
610.680 175.094
610.964 181.439
611.247 185.971
611.531 192.579
611.814 203.579
612.097 207.382
612.381 200.403
612.664 194.954
612.947 196.942
613.231 193.039
613.514 183.001
613.797 185.839
614.081 188.527
614.364 189.252
614.648 198.261
614.931 198.032
615.214 199.205
615.498 202.626
615.781 206.672
616.064 223.034
616.348 223.393
616.631 226.968
616.914 233.502
617.198 240.488
617.481 256.505
617.765 258.034
618.048 257.498
618.331 267.458
618.615 260.523
618.898 251.297
619.181 247.151
619.465 244.067
619.748 243.098
620.031 240.046
620.315 240.976
620.598 245.934
620.882 253.190
621.165 264.278
621.448 267.512
621.732 262.624
622.015 262.146
622.298 246.636
622.582 234.128
622.865 227.600
623.148 212.016
623.432 195.974
623.715 194.395
623.999 196.250
624.282 216.327
624.565 228.556
624.849 234.962
625.132 253.417
625.415 275.426
625.699 291.581
625.982 293.044
626.265 284.181
626.549 295.931
626.832 306.409
627.116 304.018
627.399 301.608
627.682 308.242
627.966 319.691
628.249 342.033
628.532 336.067
628.816 343.672
629.099 359.161
629.383 361.002
629.666 355.672
629.949 353.792
630.233 357.974
630.516 389.130
630.799 407.237
631.083 412.316
631.366 427.699
631.649 444.311
631.933 462.904
632.216 482.612
632.500 493.642
632.783 504.304
633.066 525.573
633.350 546.636
633.633 563.304
633.916 591.489
634.200 611.202
634.483 638.403
634.766 664.528
635.050 695.444
635.333 734.712
635.617 773.683
635.900 805.622
636.183 841.471
636.467 879.913
636.750 923.130
637.033 969.547
637.317 1016.731
637.600 1070.006
637.883 1116.777
638.167 1161.104
638.450 1213.661
638.734 1285.663
639.017 1369.788
639.300 1457.635
639.584 1552.750
639.867 1659.359
640.150 1789.461
640.434 1938.623
640.717 2090.298
641.000 2254.574
641.284 2455.962
641.567 2675.598
641.851 2915.873
642.134 3189.302
642.417 3479.944
642.701 3798.509
642.984 4154.169
643.267 4529.265
643.551 4953.596
643.834 5446.209
644.117 5992.207
644.401 6576.220
644.684 7219.969
644.968 7904.549
645.251 8614.752
645.534 9363.487
645.818 10123.679
646.101 10865.059
646.384 11637.224
646.668 12423.162
646.951 13229.857
647.235 14042.733
647.518 14876.332
647.801 15761.056
648.085 16721.546
648.368 17760.138
648.651 18835.204
648.935 19973.832
649.218 21166.094
649.501 22373.359
649.785 23555.751
650.068 24723.758
650.352 25853.845
650.635 26979.057
650.918 28013.081
651.202 28990.136
651.485 29918.682
651.768 30810.504
652.052 31615.539
652.335 32393.406
652.618 33094.337
652.902 33754.259
653.185 34332.121
653.469 34848.439
653.752 35292.129
654.035 35724.560
654.319 36022.868
654.602 36265.699
654.885 36462.607
655.169 36641.390
655.452 36793.532
655.735 36914.945
656.019 37005.727
656.302 37084.791
656.586 37131.433
656.869 37221.525
657.152 37305.138
657.436 37346.817
657.719 37385.135
658.002 37400.304
658.286 37406.231
658.569 37389.808
658.852 37243.122
659.136 37024.922
659.419 36757.939
659.703 36429.415
659.986 36065.040
660.269 35649.571
660.553 35180.583
660.836 34765.408
661.119 34374.347
661.403 34036.142
661.686 33739.537
661.969 33463.427
662.253 33265.554
662.536 33186.138
662.820 33125.709
663.103 33102.917
663.386 33147.562
663.670 33272.614
663.953 33459.482
664.236 33696.621
664.520 33953.643
664.803 34271.304
665.086 34677.463
665.370 35093.644
665.653 35474.094
665.937 35888.353
666.220 36277.654
666.503 36630.885
666.787 36915.220
667.070 37127.476
667.353 37247.836
667.637 37320.589
667.920 37282.254
668.204 37158.265
668.487 36917.909
668.770 36610.991
669.054 36162.919
669.337 35630.588
669.620 34975.506
669.904 34178.815
670.187 33303.988
670.470 32367.116
670.754 31351.485
671.037 30328.932
671.321 29259.342
671.604 28201.340
671.887 27150.711
672.171 26091.235
672.454 25015.445
672.737 23922.292
673.021 22794.717
673.304 21620.632
673.587 20394.274
673.871 19194.122
674.154 17970.846
674.438 16787.635
674.721 15646.941
675.004 14585.781
675.288 13621.900
675.571 12744.985
675.854 11906.379
676.138 11123.413
676.421 10411.157
676.704 9761.332
676.988 9120.838
677.271 8521.535
677.555 7943.155
677.838 7378.573
678.121 6862.198
678.405 6352.538
678.688 5847.219
678.971 5387.255
679.255 4928.622
679.538 4497.061
679.821 4106.030
680.105 3716.004
680.388 3333.464
680.672 2965.034
680.955 2622.691
681.238 2342.925
681.522 2088.203
681.805 1854.211
682.088 1660.835
682.372 1497.194
682.655 1358.456
682.938 1243.445
683.222 1134.787
683.505 1055.377
683.789 1004.376
684.072 973.357
684.355 967.242
684.639 972.616
684.922 990.677
685.205 1014.277
685.489 1047.129
685.772 1084.854
686.056 1125.712
686.339 1153.745
686.622 1181.181
686.906 1192.621
687.189 1216.297
687.472 1230.266
687.756 1229.221
688.039 1221.912
688.322 1227.876
688.606 1232.199
688.889 1228.197
689.173 1207.449
689.456 1195.343
689.739 1179.649
690.023 1165.129
690.306 1140.632
690.589 1115.860
690.873 1106.278
691.156 1089.591
691.439 1054.467
691.723 1035.278
692.006 1028.395
692.290 1004.655
692.573 985.105
692.856 957.371
693.140 940.663
693.423 947.518
693.706 946.943
693.990 923.726
694.273 924.939
694.556 924.540
694.840 922.871
695.123 921.738
695.407 910.714
695.690 902.786
695.973 909.031
696.257 903.794
696.540 901.374
696.830 897.049
697.120 887.633
697.410 883.005
697.699 879.536
697.989 873.554
698.279 885.461
698.569 889.486
698.859 892.075
699.149 904.131
699.439 903.085
699.729 897.333
700.018 885.965
700.308 866.696
700.598 858.095
700.888 861.125
701.178 841.202
701.468 815.223
701.758 796.831
702.048 768.745
702.337 737.562
702.627 701.661
702.917 659.005
703.207 639.736
703.497 622.851
703.787 589.554
704.077 576.878
704.366 554.328
704.656 534.113
704.946 516.417
705.236 485.838
705.526 458.740
705.816 440.586
706.106 418.336
706.396 401.949
706.685 377.507
706.975 364.162
707.265 364.373
707.555 357.466
707.845 351.180
708.135 348.221
708.425 341.718
708.715 342.140
709.004 319.055
709.294 292.413
709.584 291.988
709.874 287.665
710.164 272.907
710.454 265.984
710.744 256.622
711.034 263.134
711.323 272.868
711.613 269.697
711.903 262.225
712.193 254.186
712.483 245.889
712.773 248.463
713.063 255.147
713.352 238.314
713.642 225.638
713.932 224.442
714.222 231.537
714.512 236.702
714.802 228.273
715.092 209.291
715.382 207.912
715.671 215.441
715.961 222.189
716.251 224.946
716.541 230.877
716.831 233.387
717.121 238.010
717.411 244.346
717.701 235.060
717.990 217.440
718.280 200.777
718.570 188.530
718.860 187.247
719.150 184.710
719.440 186.073
719.730 187.846
720.019 190.643
720.309 192.874
720.599 192.157
720.889 193.218
721.179 199.369
721.469 189.493
721.759 184.307
722.049 185.064
722.338 192.328
722.628 192.430
722.918 190.887
723.208 186.885
723.498 189.356
723.788 179.927
724.078 172.062
724.368 175.359
724.657 183.045
724.947 181.029
725.237 182.822
725.527 187.038
725.817 196.073
726.107 196.539
726.397 181.410
726.686 169.732
726.976 170.794
727.266 158.773
727.556 142.910
727.846 144.200
728.136 153.094
728.426 153.687
728.716 152.804
729.005 157.119
729.295 164.098
729.585 177.966
729.875 179.954
730.165 173.211
730.455 181.075
730.745 200.630
731.035 206.270
731.324 209.788
731.614 207.504
731.904 204.914
732.194 203.842
732.484 197.170
732.774 177.581
733.064 164.456
733.354 160.779
733.643 156.371
733.933 159.506
734.223 159.563
734.513 152.535
734.803 150.882
735.093 148.732
735.383 140.704
735.672 136.046
735.962 125.098
736.252 122.113
736.542 129.736
736.832 134.040
737.122 136.763
737.412 150.346
737.702 163.442
737.991 175.332
738.281 179.616
738.571 177.436
738.861 180.292
739.151 173.767
739.441 153.850
739.731 139.748
740.021 125.137
740.310 121.532
740.600 123.730
740.890 116.222
741.180 115.125
741.470 115.579
741.760 118.151
742.050 127.812
742.339 128.675
742.629 110.350
742.919 99.093
743.209 99.421
743.499 100.974
743.789 96.901
744.079 82.213
744.369 69.100
744.658 87.089
744.948 101.136
745.238 96.064
745.528 93.559
745.818 97.982
746.108 104.532
746.398 116.316
746.688 113.402
746.977 108.333
747.267 111.207
747.557 118.617
747.847 118.100
748.137 112.301
748.427 105.806
748.717 92.605
749.006 83.248
749.296 80.557
749.586 82.442
749.876 74.206
750.166 75.516
750.456 86.942
750.746 101.953
751.036 112.681
751.325 113.580
751.615 107.780
751.905 108.378
752.195 109.123
752.485 106.185
752.775 93.358
753.065 95.317
753.355 99.220
753.644 90.524
753.934 87.676
754.224 84.689
754.514 78.851
754.804 81.734
755.094 81.282
755.384 73.551
755.674 76.268
755.963 77.716
756.253 67.683
756.543 55.218
756.833 41.888
757.123 20.105
757.413 21.968
757.703 30.597
757.992 32.175
758.282 42.653
758.572 48.962
758.862 52.407
759.152 52.693
759.442 45.382
759.732 29.875
760.022 9.189
760.311 -5.170
760.601 -10.187
760.891 -1.552
761.181 10.098
761.471 10.528
761.761 11.391
762.051 22.312
762.341 37.415
762.630 42.308
762.920 40.724
763.210 36.263
763.500 37.699
763.793 37.553
764.086 49.193
764.379 49.317
764.671 43.274
764.964 38.674
765.257 35.799
765.550 44.015
765.843 59.841
766.136 65.157
766.429 67.180
766.722 62.431
767.014 46.300
767.307 43.419
767.600 39.530
767.893 15.929
768.186 0.409
768.479 5.875
768.772 26.031
769.064 47.909
769.357 55.388
769.650 53.515
769.943 54.522
770.236 42.424
770.529 21.123
770.822 2.831
771.115 -18.784
771.407 -29.581
771.700 -37.358
771.993 -20.798
772.286 7.139
772.579 12.182
772.872 5.694
773.165 8.443
773.457 8.440
773.750 15.495
774.043 11.325
774.336 1.683
774.629 2.112
774.922 11.766
775.215 23.004
775.508 12.235
775.800 -0.863
776.093 -2.605
776.386 -6.793
776.679 -3.634
776.972 6.414
777.265 9.423
777.558 27.962
777.850 36.589
778.143 28.107
778.436 19.484
778.729 11.439
779.022 -1.053
779.315 -10.100
779.608 -7.529
779.900 -0.225
780.193 10.519
780.486 21.132
780.779 31.892
781.072 35.047
781.365 43.502
781.658 36.473
781.951 30.744
782.243 25.307
782.536 23.014
782.829 23.436
783.122 23.719
783.415 18.278
783.708 28.869
784.001 34.587
784.293 38.441
784.586 39.869
784.879 38.142
785.172 37.280
785.465 40.852
785.758 37.694
786.051 23.670
786.344 18.666
786.636 27.526
786.929 33.073
787.222 28.930
787.515 23.074
787.808 15.636
788.101 8.498
788.394 3.498
788.686 -6.523
788.979 -10.955
789.272 2.744
789.565 11.449
789.858 16.449
790.151 27.022
790.444 27.453
790.737 17.764
791.029 19.340
791.322 16.191
791.615 16.605
791.908 12.741
792.201 10.748
792.494 14.311
792.787 21.432
793.079 13.153
793.372 6.308
793.665 -5.225
793.958 -2.661
794.251 14.430
794.544 19.841
794.837 13.573
795.130 14.143
795.422 13.857
795.715 26.092
796.008 15.274
796.301 -9.795
796.594 -17.914
796.887 -10.082
797.180 -6.243
797.472 -1.258
797.765 -0.824
798.058 11.274
798.351 33.482
798.644 42.169
798.937 34.620
799.230 29.923
799.523 21.377
799.815 4.132
800.108 -8.545
800.401 -22.929
800.694 -19.921
800.987 -9.086
801.280 -9.086
801.573 8.589
801.865 31.969
802.158 47.929
802.451 47.928
802.744 44.354
803.037 45.774
803.330 46.486
803.623 37.520
803.915 19.400
804.208 9.559
804.501 14.843
804.794 11.140
805.087 10.303
805.380 4.578
805.673 -1.716
805.966 2.859
806.258 4.145
806.551 11.031
806.844 24.805
807.137 20.377
807.430 23.517
807.723 21.508
808.016 17.915
808.308 19.641
808.601 2.985
808.894 -24.710
809.187 -35.486
809.480 -40.524
809.773 -40.538
810.066 -34.786
810.359 -29.017
810.651 -16.213
810.944 -4.299
811.237 2.881
811.530 6.758
811.825 9.929
812.119 12.251
812.414 2.155
812.709 1.014
813.003 7.953
813.298 21.997
813.593 31.840
813.887 37.789
814.182 37.375
814.476 35.620
814.771 31.855
815.066 29.998
815.360 15.211
815.655 9.413
815.950 7.546
816.244 2.456
816.539 10.014
816.834 3.730
817.128 -3.998
817.423 1.838
817.718 8.576
818.012 5.822
818.307 5.227
818.602 7.174
818.896 19.336
819.191 15.925
819.486 5.319
819.780 -6.728
820.075 -9.523
820.369 3.344
820.664 1.155
820.959 -0.581
821.253 1.896
821.548 9.432
821.843 27.126
822.137 33.829
822.432 24.519
822.727 35.620
823.021 43.004
823.316 41.599
823.611 35.574
823.905 17.495
824.200 5.206
824.495 4.924
824.789 2.177
825.084 -4.986
825.379 -1.390
825.673 7.220
825.968 9.010
826.262 11.084
826.557 17.758
826.852 2.956
827.146 -19.648
827.441 -24.354
827.736 -41.950
828.030 -56.831
828.325 -69.686
828.620 -90.290
828.914 -86.199
829.209 -81.722
829.504 -76.863
829.798 -54.309
830.093 -31.585
830.388 -9.082
830.682 1.691
830.977 4.513
831.271 14.104
831.566 2.011
831.861 -21.151
832.155 -35.365
832.450 -47.191
832.745 -35.104
833.039 -35.077
833.334 -29.613
833.629 -12.572
833.923 16.417
834.218 26.374
834.513 26.882
834.807 14.311
835.102 0.599
835.397 0.996
835.691 20.630
835.986 16.303
836.281 11.125
836.575 11.190
836.870 13.852
837.164 31.923
837.459 33.881
837.754 11.797
838.048 2.730
838.343 3.532
838.638 13.353
838.932 14.219
839.227 4.108
839.522 -5.278
839.816 -3.669
840.111 11.262
840.406 13.031
840.700 7.890
840.995 -6.788
841.290 -21.854
841.584 -22.106
841.879 -29.204
842.174 -52.581
842.468 -57.820
842.763 -53.756
843.057 -29.723
843.352 -5.867
843.647 -0.225
843.941 -1.356
844.236 0.848
844.531 9.715
844.825 1.278
845.120 -13.278
845.415 -16.100
845.709 -13.405
846.004 -9.396
846.299 -6.498
846.593 -6.136
846.888 2.147
847.183 9.051
847.477 1.482
847.772 -4.185
848.066 -12.704
848.361 -10.135
848.656 -16.645
848.950 -28.568
849.245 -27.063
849.540 -23.322
849.834 -28.279
850.129 -15.695
850.424 -15.862
850.718 -16.206
851.013 -12.468
851.308 -19.188
851.602 -19.516
851.897 -24.233
852.192 -24.078
852.486 -15.904
852.781 -4.283
853.076 3.425
853.370 -4.545
853.665 -16.096
853.959 -9.187
854.254 -20.875
854.549 -27.747
854.843 -27.988
855.138 -22.683
855.433 -12.265
855.727 0.737
856.022 6.443
856.317 17.116
856.611 11.355
856.906 10.474
857.201 7.661
857.495 9.553
857.790 15.719
858.085 19.054
858.379 17.138
858.674 20.992
858.969 11.321
859.263 -4.729
859.558 -12.887
859.852 -27.495
860.147 -39.492
860.442 -39.019
860.736 -39.302
861.031 -28.766
861.326 0.142
861.620 6.680
861.915 9.424
862.210 17.669
862.504 17.365
862.799 21.935
863.094 21.048
863.388 -5.298
863.683 -23.905
863.978 -32.202
864.272 -38.733
864.567 -54.336
864.861 -58.995
865.156 -65.459
865.451 -57.618
865.745 -42.869
866.040 -33.229
866.335 -21.535
866.629 -3.004
866.924 -4.718
867.219 -1.811
867.513 1.532
867.808 7.790
868.103 21.824
868.397 16.727
868.692 22.688
868.987 37.613
869.281 39.429
869.576 31.566
869.871 21.998
870.165 6.226
870.460 1.574
870.754 -10.963
871.049 -29.444
871.344 -30.058
871.638 -28.719
871.933 -25.267
872.228 -23.243
872.522 -24.134
872.817 -19.350
873.112 -12.871
873.406 -14.301
873.701 -9.398
873.996 -20.182
874.290 -30.234
874.585 -32.931
874.880 -33.216
875.174 -34.728
875.469 -42.570
875.764 -40.519
876.058 -27.626
876.353 -19.151
876.647 -9.220
876.942 -8.275
877.237 -8.112
877.531 -6.152
877.826 -8.761
878.121 -11.587
878.415 -10.846
878.710 -22.681
879.005 -38.009
879.299 -46.831
879.594 -43.565
879.889 -47.436
880.183 -56.175
880.478 -61.973
880.773 -50.817
881.067 -38.047
881.362 -27.460
881.656 -34.429
881.951 -35.947
882.246 -24.617
882.540 -11.648
882.835 -6.946
883.130 -6.539
883.424 -9.532
883.719 -9.681
884.014 -14.911
884.308 -21.091
884.603 -32.494
884.898 -46.975
885.192 -51.977
885.487 -37.187
885.782 -26.327
886.076 -22.247
886.371 -19.498
886.666 -11.115
886.960 -1.844
887.255 -3.322
887.549 -22.110
887.844 -31.402
888.139 -25.383
888.433 -20.022
888.728 -23.063
889.023 -23.942
889.317 -24.398
889.612 -25.366
889.907 -26.848
890.201 -31.511
890.496 -30.759
890.791 -31.132
891.085 -29.110
891.380 -14.225
891.675 1.542
891.969 12.014
892.264 8.861
892.559 7.976
892.853 13.650
893.148 16.669
893.442 9.116
893.737 8.228
894.032 11.122
894.326 23.849
894.621 29.277
894.916 24.736
895.210 21.716
895.505 20.454
895.800 4.192
896.094 -10.052
896.389 -22.415
896.684 -30.366
896.978 -27.335
897.273 -23.419
897.568 -17.861
897.862 -12.695
898.157 -7.538
898.451 -3.377
898.746 2.189
899.041 7.126
899.335 3.210
899.630 -8.695
899.925 -12.022
900.219 -6.957
900.514 -1.258
900.809 -4.040
901.103 -7.313
901.398 -9.982
901.693 -1.997
901.987 4.738
902.282 -1.118
902.577 -11.822
902.871 -20.499
903.166 -22.277
903.461 -26.527
903.755 -34.214
904.050 -38.709
904.344 -35.532
904.639 -23.123
904.934 -8.127
905.228 -3.360
905.523 -0.301
905.818 1.832
906.112 3.863
906.407 -0.555
906.702 -11.149
906.996 -21.988
907.291 -27.390
907.586 -25.727
907.880 -20.043
908.175 -18.899
908.470 -13.455
908.764 -1.771
909.059 -9.487
909.354 -24.778
909.648 -28.197
909.943 -22.957
910.237 -13.537
910.532 -9.073
910.827 -8.649
911.121 0.335
911.416 17.079
911.711 36.062
912.005 35.054
912.300 22.944
912.599 15.298
912.898 3.407
913.196 -1.254
913.495 -9.080
913.794 -32.951
914.093 -43.714
914.391 -37.478
914.690 -34.699
914.989 -25.119
915.288 -13.932
915.586 -0.180
915.885 13.842
916.184 25.615
916.483 25.628
916.782 22.797
917.080 17.828
917.379 7.863
917.678 -4.654
917.977 -10.446
918.275 -15.816
918.574 -11.321
918.873 -10.406
919.172 -13.430
919.471 -21.833
919.769 -32.871
920.068 -35.367
920.367 -34.265
920.666 -45.481
920.964 -57.272
921.263 -55.412
921.562 -35.649
921.861 -11.113
922.159 5.142
922.458 5.161
922.757 6.203
923.056 24.663
923.355 35.863
923.653 33.139
923.952 24.525
924.251 13.942
924.550 10.698
924.848 12.480
925.147 7.840
925.446 -0.889
925.745 -14.843
926.043 -15.702
926.342 -17.981
926.641 -23.213
926.940 -26.872
927.239 -24.705
927.537 -24.138
927.836 -19.258
928.135 -24.538
928.434 -21.772
928.732 -15.439
929.031 -15.988
929.330 -22.013
929.629 -22.314
929.927 -13.508
930.226 -11.101
930.525 -8.814
930.824 -1.146
931.123 -5.737
931.421 -9.356
931.720 -5.853
932.019 -4.375
932.318 1.380
932.616 -2.815
932.915 -4.900
933.214 12.629
933.513 30.579
933.812 26.071
934.110 14.478
934.409 23.434
934.708 23.764
935.007 10.496
935.305 8.578
935.604 -1.446
935.903 -8.507
936.202 -3.519
936.500 -23.590
936.799 -28.626
937.098 -13.135
937.397 -22.712
937.696 -33.344
937.994 -31.095
938.293 -26.510
938.592 -23.365
938.891 -35.082
939.189 -50.725
939.488 -50.335
939.787 -36.465
940.086 -37.298
940.384 -42.647
940.683 -44.625
940.982 -46.120
941.281 -32.868
941.580 -30.383
941.878 -41.330
942.177 -44.739
942.476 -53.004
942.775 -54.037
943.073 -28.182
943.372 -31.686
943.671 -31.488
943.970 -31.060
944.268 -32.667
944.567 -23.859
944.866 -17.343
945.165 -34.788
945.464 -49.400
945.762 -59.182
946.061 -52.284
946.360 -34.506
946.659 -33.216
946.957 -43.041
947.256 -29.733
947.555 -21.952
947.854 -14.242
948.153 -9.125
948.451 -19.698
948.750 -24.519
949.049 -17.437
949.348 -27.225
949.646 -22.204
949.945 -20.138
950.244 -26.755
950.543 -29.559
950.841 -23.524
951.140 -21.284
951.439 -18.440
951.738 -28.323
952.037 -48.880
952.335 -57.378
952.634 -57.808
952.933 -62.288
953.232 -67.189
953.530 -66.539
953.829 -57.472
954.128 -25.528
954.427 -17.063
954.725 -21.418
955.024 -30.221
955.323 -22.360
955.622 -20.216
955.921 -16.429
956.219 -23.013
956.518 -30.370
956.817 -21.240
957.116 -4.947
957.414 -13.434
957.713 -21.720
958.012 -15.025
958.311 -11.177
958.610 -2.895
958.908 2.083
959.207 2.805
959.506 12.092
959.805 11.196
960.103 0.852
960.402 -11.140
960.701 -17.683
961.000 -18.509
961.298 -18.909
961.597 -16.719
961.896 -7.823
962.195 -4.172
962.494 6.291
962.792 15.211
963.091 16.124
963.390 17.764
963.689 9.629
963.987 3.130
964.286 -11.557
964.585 -17.810
964.884 -16.456
965.182 -22.467
965.481 -26.822
965.780 -15.430
966.080 -7.387
966.380 4.486
966.680 12.873
966.981 9.957
967.281 8.623
967.581 10.738
967.881 12.207
968.181 24.415
968.481 22.761
968.781 14.702
969.082 16.805
969.382 18.673
969.682 26.513
969.982 29.248
970.282 18.822
970.582 19.737
970.882 20.489
971.183 14.665
971.483 11.312
971.783 -0.880
972.083 -14.607
972.383 -29.234
972.683 -32.447
972.983 -38.484
973.284 -38.577
973.584 -39.410
973.884 -33.677
974.184 -26.916
974.484 -6.395
974.784 4.566
975.084 25.183
975.385 48.656
975.685 61.835
975.985 55.548
976.285 51.022
976.585 52.128
976.885 51.673
977.185 48.918
977.486 38.917
977.786 48.697
978.086 62.016
978.386 77.457
978.686 82.474
978.986 90.528
979.286 79.565
979.587 63.621
979.887 54.757
980.187 47.470
980.487 39.613
980.787 32.612
981.087 20.183
981.387 23.183
981.688 36.039
981.988 34.896
982.288 37.896
982.588 38.752
982.888 28.323
983.188 17.180
983.488 14.608
983.789 12.750
984.089 10.750
984.389 3.464
984.689 -3.680
984.989 7.606
985.289 27.891
985.589 22.462
985.890 5.747
986.190 -10.111
986.490 -9.111
986.790 -6.112
987.090 -12.541
987.390 -23.255
987.690 -30.542
987.991 -21.685
988.291 -9.400
988.591 -14.829
988.891 -32.972
989.191 -42.544
989.491 -49.687
989.791 -43.545
990.092 -27.545
990.392 -19.974
990.692 -15.975
990.992 1.739
991.292 4.739
991.592 2.167
991.892 4.309
992.193 4.166
992.493 10.165
992.793 17.450
993.093 11.450
993.393 9.021
993.693 16.735
993.993 16.163
994.294 -4.838
994.594 -18.267
994.894 -21.410
995.194 -22.125
995.494 -17.697
995.794 -22.697
996.094 -23.269
996.395 -7.412
996.695 -5.127
996.995 -6.556
997.295 -3.128
997.595 11.300
997.895 27.014
998.195 25.156
998.496 20.727
998.796 31.013
999.096 32.012
999.396 38.155
999.696 20.868
999.996 6.297
1000.296 16.868
1000.597 19.581
1000.897 8.581
1001.197 8.009
1001.497 11.580
1001.797 38.008
1002.097 53.293
1002.397 39.579
1002.698 26.721
1002.998 27.578
1003.298 29.006
1003.598 14.577
1003.898 -10.709
1004.198 -19.281
1004.498 0.290
1004.799 6.147
1005.099 -5.283
1005.399 -7.426
1005.699 -10.569
1005.999 -16.427
1006.299 -25.284
1006.599 -41.999
1006.900 -44.714
1007.200 -43.000
1007.500 -52.429
1007.800 -49.001
1008.100 -45.573
1008.400 -50.002
1008.700 -53.859
1009.001 -56.574
1009.301 -51.289
1009.601 -44.432
1009.901 -46.432
1010.201 -46.004
1010.501 -30.290
1010.801 -29.720
1011.102 -27.434
1011.402 -20.720
1011.702 -24.435
1012.002 -21.578
1012.302 -14.007
1012.602 -16.294
1012.902 -18.008
1013.203 -18.866
1013.503 -14.438
1013.803 3.276
1014.103 13.419
1014.403 5.561
1014.703 -0.011
1015.003 14.274
1015.304 25.560
1015.604 15.416
1015.904 3.273
1016.204 0.416
1016.504 11.415
1016.804 13.700
1017.104 5.843
1017.405 -10.015
1017.705 -11.587
1018.005 -6.016
1018.305 -0.159
1018.605 -4.731
1018.905 -4.160
1019.205 4.840
1019.506 18.268
1019.806 27.839
1020.106 23.267
1020.406 13.981
1020.706 16.980
1021.006 15.694
1021.306 12.837
1021.607 7.551
1021.907 4.265
1022.207 0.264
1022.507 -7.308
1022.807 -11.308
1023.107 -7.451
1023.407 -6.452
1023.708 -6.024
1024.008 -12.596
1024.308 -19.596
1024.608 -13.025
1024.908 -7.883
1025.208 1.831
1025.508 2.402
1025.809 -3.027
1026.109 -6.170
1026.409 -7.885
1026.709 -12.742
1027.009 -15.886
1027.309 -19.315
1027.609 -13.743
1027.910 1.256
1028.210 4.399
1028.510 6.112
1028.810 10.969
1029.110 22.254
1029.410 27.254
1029.710 17.968
1030.011 6.682
1030.311 5.824
1030.611 5.824
1030.911 9.966
1031.211 -3.177
1031.511 -30.035
1031.811 -34.749
1032.112 -36.178
1032.412 -24.464
1032.712 -11.036
1033.012 -13.751
1033.312 -23.751
1033.612 -19.037
1033.912 -13.895
1034.212 -6.610
1034.513 -15.039
1034.813 -21.611
1035.113 -17.754
1035.413 -2.469
1035.713 3.817
1036.013 1.531
1036.313 3.530
1036.614 2.530
1036.914 -3.613
1037.214 -13.471
1037.514 -20.329
1037.814 -21.615
1038.114 -28.615
1038.414 -34.473
1038.715 -30.330
1039.015 -26.473
1039.315 -25.331
1039.615 -27.474
1039.915 -25.475
1040.215 -16.618
1040.515 -14.618
1040.816 -17.619
1041.116 -23.333
1041.416 -25.762
1041.716 -23.191
1042.016 -16.049
1042.316 -9.192
1042.616 -10.050
1042.917 -18.907
1043.217 -12.479
1043.517 -8.622
1043.817 -13.766
1044.117 -23.909
1044.417 -42.052
1044.717 -61.338
1045.018 -58.339
1045.318 -48.339
1045.618 -47.196
1045.918 -50.054
1046.218 -44.769
1046.518 -23.626
1046.818 -0.055
1047.119 6.944
1047.419 -6.342
1047.719 -15.485
1048.019 -15.628
1048.319 -20.629
1048.619 -37.058
1048.919 -50.772
1049.220 -51.058
1049.520 -46.202
1049.820 -39.773
1050.120 -25.631
1050.420 -19.631
1050.720 -18.203
1051.020 -19.489
1051.321 -25.490
1051.621 -22.633
1051.921 -23.062
1052.221 -30.919
1052.521 -29.063
1052.821 -15.777
1053.121 -7.492
1053.422 -4.778
1053.722 -3.778
1054.022 4.793
1054.322 9.792
1054.622 4.935
1054.922 -7.494
1055.222 -7.495
1055.523 4.076
1055.823 4.933
1056.123 1.361
1056.423 -7.353
1056.723 -11.497
1057.023 -12.068
1057.323 -13.212
1057.624 -22.783
1057.924 -15.070
1058.224 -13.070
1058.524 -16.213
1058.824 -10.642
1059.124 -11.928
1059.424 -11.214
1059.725 -11.072
1060.025 -18.072
1060.325 -17.358
1060.625 -4.644
1060.925 -15.216
1061.225 -20.074
1061.525 -18.503
1061.826 -15.503
1062.126 -16.218
1062.426 -17.647
1062.726 -17.790
1063.026 -8.647
1063.326 -5.505
1063.626 -6.362
1063.927 -1.506
1064.227 -6.649
1064.527 -5.649
1064.827 -0.078
1065.127 1.779
1065.427 0.492
1065.727 -6.222
1066.028 -13.080
1066.328 -2.080
1066.628 -3.652
1066.928 -13.509
1067.228 -11.653
1067.528 2.776
1067.828 13.204
1068.129 13.061
1068.429 -2.083
1068.729 5.203
1069.029 10.488
1069.329 7.630
1069.629 5.202
1069.929 -1.799
1070.230 -1.085
1070.530 -0.657
1070.830 -16.800
1071.130 -26.800
1071.430 -35.086
1071.730 -33.944
1072.030 -30.659
1072.331 -36.230
1072.631 -32.945
1072.931 -27.088
1073.231 -10.517
1073.531 6.911
1073.831 0.482
1074.131 -3.518
1074.432 -2.376
1074.732 3.481
1075.032 7.195
1075.332 -8.663
1075.632 -21.806
1075.932 -24.235
1076.232 -17.521
1076.533 -21.235
1076.833 -32.950
1077.133 -39.808
1077.433 -42.236
1077.733 -54.094
1078.033 -68.237
1078.333 -84.380
1078.634 -84.809
1078.934 -81.381
1079.234 -78.524
1079.534 -73.668
1079.834 -64.668
1080.134 -54.240
1080.434 -48.812
1080.735 -47.812
1081.035 -42.098
1081.335 -36.670
1081.635 -25.813
1081.935 -17.528
1082.235 0.043
1082.535 15.329
1082.836 13.757
1083.136 -1.243
1083.436 -17.958
1083.736 -24.101
1084.036 -24.673
1084.336 -36.959
1084.636 -36.816
1084.937 -32.103
1085.237 -21.103
1085.537 4.182
1085.837 8.896
1086.137 5.039
1086.437 8.324
1086.737 -7.962
1087.038 -2.248
1087.338 5.323
1087.638 -11.963
1087.938 -17.535
1088.238 -8.249
1088.538 3.036
1088.838 18.750
1089.139 13.035
1089.439 9.178
1089.739 21.463
1090.039 21.034
1090.339 19.748
1090.639 10.891
1090.939 15.748
1091.240 25.747
1091.540 31.033
1091.840 29.889
1092.140 43.318
1092.453 44.746
1092.766 40.888
1093.079 28.317
1093.392 19.173
1093.705 11.602
1094.018 1.030
1094.330 -9.113
1094.643 -11.257
1094.956 -2.400
1095.269 -2.400
1095.582 -2.543
1095.895 -2.401
1096.208 -1.401
1096.521 -10.687
1096.834 -22.830
1097.147 -41.974
1097.460 -45.402
1097.773 -54.689
1098.085 -62.260
1098.398 -58.546
1098.711 -57.690
1099.024 -52.547
1099.337 -36.690
1099.650 -30.262
1099.963 -18.405
1100.276 -10.548
1100.589 -20.120
1100.902 -22.835
1101.215 -15.549
1101.528 -15.407
1101.841 -14.979
1102.153 -9.836
1102.466 -6.408
1102.779 4.163
1103.092 7.163
1103.405 1.591
1103.718 -3.838
1104.031 -4.410
1104.344 -4.410
1104.657 -6.267
1104.970 -10.982
1105.283 -13.554
1105.596 -24.697
1105.909 -29.554
1106.221 -32.555
1106.534 -34.841
1106.847 -24.841
1107.160 -17.556
1107.473 -15.556
1107.786 -7.699
1108.099 -5.700
1108.412 -4.414
1108.725 -12.700
1109.038 -30.272
1109.351 -33.558
1109.664 -26.844
1109.977 -21.559
1110.289 -11.845
1110.602 -4.845
1110.915 -2.845
1111.228 1.583
1111.541 3.154
1111.854 0.868
1112.167 -1.132
1112.480 -9.704
1112.793 -26.990
1113.106 -38.419
1113.419 -38.991
1113.732 -47.563
1114.044 -44.706
1114.357 -33.992
1114.670 -26.706
1114.983 -24.564
1115.296 -13.421
1115.609 -21.422
1115.922 -32.851
1116.235 -46.708
1116.548 -68.708
1116.861 -78.423
1117.174 -75.566
1117.487 -75.995
1117.800 -69.424
1118.112 -55.996
1118.425 -40.139
1118.738 -30.996
1119.051 -31.282
1119.364 -18.997
1119.677 -9.712
1119.990 -5.141
1120.303 6.288
1120.616 -0.284
1120.929 -7.284
1121.242 0.572
1121.555 5.144
1121.868 -2.285
1122.180 -8.571
1122.493 -12.286
1122.806 -4.572
1123.119 -6.715
1123.432 -13.144
1123.745 -33.144
1124.058 -39.716
1124.371 -28.145
1124.684 -27.002
1124.997 -37.146
1125.310 -30.575
1125.623 -27.861
1125.935 -19.575
1126.248 -16.861
1126.561 -33.862
1126.874 -51.290
1127.187 -56.719
1127.500 -63.291
1127.813 -77.291
1128.126 -82.577
1128.439 -82.292
1128.752 -81.149
1129.065 -80.293
1129.378 -69.864
1129.691 -55.722
1130.003 -31.865
1130.316 -14.722
1130.629 -5.008
1130.942 -2.723
1131.255 -3.009
1131.568 -3.152
1131.881 -2.438
1132.194 -21.439
1132.507 -39.296
1132.820 -38.439
1133.133 -28.582
1133.446 -20.583
1133.759 -20.869
1134.071 -19.298
1134.384 -4.584
1134.697 -1.012
1135.010 -17.013
1135.323 -28.013
1135.636 -23.156
1135.949 -20.585
1136.262 -27.300
1136.575 -37.871
1136.888 -36.872
1137.201 -19.729
1137.514 -4.301
1137.826 2.699
1138.139 2.270
1138.452 -3.159
1138.765 5.412
1139.078 11.269
1139.391 3.697
1139.704 -11.017
1140.017 -26.018
1140.330 -29.304
1140.643 -20.590
1140.956 -30.161
1141.269 -35.019
1141.582 -36.591
1141.894 -30.448
1142.207 -17.734
1142.520 -15.592
1142.833 -18.449
1143.146 -3.592
1143.459 -3.592
1143.772 -6.450
1144.085 -1.307
1144.398 -2.736
1144.711 4.264
1145.024 12.549
1145.337 3.120
1145.650 0.263
1145.962 6.691
1146.275 2.262
1146.588 -2.453
1146.901 -12.881
1147.214 -21.167
1147.527 -21.596
1147.840 -18.739
1148.153 -25.168
1148.466 -27.597
1148.779 -29.883
1149.092 -30.026
1149.405 -25.741
1149.718 -11.313
1150.030 -5.027
1150.343 -5.313
1150.656 -4.885
1150.969 -0.600
1151.282 -4.457
1151.595 -3.314
1151.908 -3.172
1152.221 -3.458
1152.534 4.685
1152.847 -2.316
1153.160 1.541
1153.473 18.827
1153.785 15.541
1154.098 9.112
1154.411 6.540
1154.724 14.111
1155.037 37.682
1155.350 37.396
1155.663 35.539
1155.976 42.396
1156.289 28.538
1156.602 17.967
1156.915 6.109
1157.228 -13.320
1157.541 -33.034
1157.853 -62.035
1158.166 -71.035
1158.479 -55.607
1158.792 -45.750
1159.105 -46.179
1159.418 -44.179
1159.731 -39.036
1160.044 -19.894
1160.357 -22.180
1160.670 -37.609
1160.983 -50.752
1161.296 -55.609
1161.609 -59.467
1161.921 -44.610
1162.234 -41.467
1162.547 -46.325
1162.860 -51.468
1163.173 -42.040
1163.486 -31.326
1163.799 -27.754
1164.112 -29.326
1164.425 -25.469
1164.738 -18.327
1165.051 -5.613
1165.364 -2.327
1165.676 -1.185
1165.989 0.529
1166.302 -18.757
1166.615 -37.900
1166.928 -39.043
1167.241 -40.186
1167.554 -36.186
1167.867 -42.187
1168.180 -45.758
1168.493 -36.187
1168.806 -28.473
1169.119 -19.331
1169.432 -19.188
1169.744 -37.474
1170.057 -38.046
1170.370 -26.475
1170.683 -22.189
1170.996 -23.475
1171.309 -39.761
1171.622 -34.333
1171.935 -15.619
1172.248 -10.762
1172.561 -13.762
1172.874 -7.905
1173.187 1.951
1173.500 15.523
1173.812 7.665
1174.125 1.236
1174.438 3.807
1174.751 9.521
1175.064 9.664
1175.377 6.235
1175.690 6.521
1176.003 15.520
1176.316 16.092
1176.629 8.806
1176.942 -1.623
1177.255 -8.195
1177.567 -13.767
1177.880 -25.624
1178.193 -30.767
1178.506 -23.196
1178.819 -3.196
1179.132 12.232
1179.445 16.089
1179.758 11.088
1180.071 8.803
1180.384 6.231
1180.697 2.088
1181.010 -21.341
1181.323 -39.913
1181.635 -40.056
1181.948 -19.056
1182.261 -1.628
1182.574 5.515
1182.887 4.943
1183.200 4.800
1183.513 11.371
1183.826 14.085
1184.139 10.513
1184.452 7.513
1184.765 10.941
1185.078 14.512
1185.391 8.512
1185.703 6.798
1186.016 3.797
1186.329 -2.917
1186.642 -9.632
1186.955 -20.775
1187.268 -33.918
1187.581 -31.061
1187.894 -34.204
1188.207 -34.205
1188.520 -44.062
1188.833 -54.634
1189.146 -58.491
1189.459 -48.348
1189.771 -45.349
1190.084 -53.635
1190.397 -64.635
1190.710 -58.492
1191.023 -45.493
1191.336 -31.779
1191.649 -32.922
1191.962 -32.351
1192.275 -20.208
1192.588 -4.208
1192.901 5.506
1193.214 19.648
1193.526 14.934
1193.839 10.505
1194.152 12.933
1194.465 12.790
1194.778 -0.639
1195.091 -12.782
1195.404 -34.354
1195.717 -39.640
1196.030 -31.068
1196.343 -24.354
1196.656 -25.355
1196.969 -23.355
1197.282 -14.641
1197.594 -12.213
1197.907 -15.927
1198.220 -19.070
1198.533 -20.070
1198.846 -18.499
1199.159 -18.357
1199.472 -27.357
1199.785 -16.929
1200.098 -4.786
1200.411 -14.643
1200.724 -26.072
1201.037 -32.644
1201.350 -30.787
1201.662 -21.644
1201.975 -28.668
1202.288 -39.702
1202.601 -35.752
