165.028 47.407
165.288 34.692
165.547 30.045
165.807 28.721
166.067 5.549
166.327 1.948
166.587 -3.509
166.847 -19.396
167.107 -17.568
167.367 -11.598
167.627 -15.485
167.886 -5.657
168.146 -6.545
168.406 -6.146
168.666 7.395
168.926 4.079
169.186 -12.809
169.446 -16.982
169.706 -14.441
169.966 -6.330
170.225 -2.503
170.485 -14.106
170.745 -19.709
171.005 -15.740
171.265 -14.057
171.525 -11.517
171.785 -18.406
172.045 -18.581
172.305 -9.041
172.564 -0.931
172.824 11.037
173.084 29.576
173.344 36.258
173.604 42.940
173.864 55.193
174.124 73.018
174.384 86.842
174.644 93.524
174.903 80.919
175.163 70.743
175.423 72.853
175.683 61.391
175.943 40.643
176.203 32.324
176.463 16.291
176.723 5.543
176.983 9.652
177.242 14.904
177.502 18.013
177.762 9.979
178.022 -2.484
178.282 -2.661
178.542 11.876
178.802 8.414
179.062 -10.478
179.322 -22.370
179.581 -19.261
179.841 -15.724
180.101 -5.759
180.361 -4.365
180.621 -2.972
180.881 -0.292
181.141 0.673
181.401 9.352
181.661 9.031
181.920 3.710
182.180 -3.182
182.440 -10.217
182.700 -6.538
182.960 -0.717
183.220 -2.895
183.480 11.641
183.740 5.320
184.000 -1.002
184.259 6.534
184.519 15.070
184.779 33.034
185.039 49.141
185.299 42.676
185.559 48.497
185.819 52.176
186.079 44.711
186.339 38.961
186.598 12.353
186.858 -19.969
187.118 -24.005
187.378 -16.184
187.638 -12.220
187.898 -6.828
188.158 -16.008
188.418 -18.330
188.678 -10.652
188.937 -11.831
189.197 -19.439
189.457 -29.762
189.717 -27.655
189.977 -11.549
190.237 -2.871
190.497 -1.908
190.757 8.484
191.017 18.590
191.276 31.553
191.536 26.373
191.796 9.765
192.056 9.014
192.316 10.977
192.576 1.512
192.836 -11.811
193.096 -23.562
193.356 -21.599
193.616 -15.922
193.875 -15.102
194.135 -4.996
194.395 -4.462
194.655 -11.927
194.915 -1.536
195.175 1.713
195.435 -7.181
195.695 -14.361
195.955 -18.255
196.214 -4.578
196.474 10.813
196.734 4.919
196.994 16.167
197.254 39.559
197.514 45.665
197.774 35.485
198.034 17.019
198.294 17.839
198.553 21.087
198.813 1.050
199.073 -16.130
199.333 -12.881
199.593 5.082
199.853 13.187
200.113 2.579
200.373 -2.315
200.633 0.647
200.892 1.467
201.152 2.859
201.412 -12.035
201.672 -16.787
201.932 -12.967
202.192 -10.575
202.452 -6.898
202.712 -2.221
202.972 -3.829
203.231 1.705
203.491 11.097
203.751 11.203
204.011 13.023
204.271 16.843
204.531 19.234
204.791 11.626
205.051 15.161
205.311 20.409
205.570 21.658
205.830 31.193
206.090 34.156
206.350 31.405
206.610 40.511
206.870 42.617
207.130 31.866
207.390 25.258
207.650 19.078
207.909 7.327
208.169 2.576
208.429 2.968
208.689 -4.926
208.949 -6.534
209.209 0.858
209.469 -3.178
209.729 -1.786
209.989 -5.394
210.248 -5.288
210.508 -3.896
210.768 -5.932
211.028 -16.968
211.288 -10.147
211.548 -10.041
211.808 -13.506
212.068 -18.399
212.328 -19.435
212.587 -13.471
212.847 12.635
213.107 15.885
213.367 17.992
213.627 19.099
213.887 21.920
214.147 25.741
214.407 25.705
214.667 17.383
214.926 2.348
215.186 -3.260
215.446 -3.153
215.706 -12.903
215.966 -17.367
216.226 -27.117
216.486 -37.152
216.746 -14.902
217.006 3.348
217.265 18.027
217.525 51.706
217.785 65.527
218.045 66.064
218.305 70.314
218.565 56.136
218.825 52.386
219.085 52.780
219.345 27.173
219.604 13.567
219.864 33.103
220.124 45.497
220.384 49.462
220.644 47.427
220.904 45.821
221.164 47.357
221.424 52.608
221.684 40.716
221.943 17.253
222.203 6.504
222.463 -4.816
222.723 -12.993
222.983 -15.456
223.243 -17.491
223.503 -20.382
223.763 -7.845
224.023 -8.308
224.282 -3.485
224.542 4.195
224.802 11.447
225.062 10.841
225.322 15.522
225.582 13.202
225.842 17.168
226.102 16.992
226.362 9.386
226.621 5.495
226.881 18.033
227.141 24.000
227.401 13.395
227.661 8.218
227.921 1.756
228.181 3.294
228.441 0.975
228.701 -18.772
228.960 -32.663
229.220 -21.696
229.480 -19.872
229.740 -21.476
230.000 -33.938
230.260 -34.971
230.520 -25.575
230.780 -29.179
231.040 -35.926
231.299 -43.102
231.559 -44.706
231.819 -42.024
232.079 -40.628
232.339 -36.804
232.599 -24.979
232.859 -21.583
233.119 -17.186
233.379 -9.647
233.638 -9.394
233.898 -2.283
234.158 -3.172
234.418 -7.776
234.678 -7.522
234.938 1.161
235.198 2.414
235.458 7.240
235.718 -10.220
235.978 -23.966
236.237 -25.141
236.497 -19.744
236.757 -19.347
237.017 -15.949
237.277 -2.124
237.537 18.274
237.797 33.242
238.057 34.640
238.317 39.609
238.576 41.578
238.836 35.261
239.096 20.801
239.356 19.199
239.616 20.454
239.876 22.852
240.136 10.821
240.396 14.362
240.656 18.617
240.915 23.158
241.175 12.985
241.435 7.955
241.695 9.353
241.955 16.608
242.215 11.721
242.475 20.691
242.735 17.089
242.995 13.202
243.254 8.744
243.514 4.000
243.774 -3.744
244.034 -7.631
244.294 -15.804
244.554 -10.833
244.814 -7.434
245.074 -11.035
245.334 -24.208
245.593 -30.523
245.853 -28.123
246.113 -25.010
246.373 -23.039
246.633 -15.639
246.893 -7.240
247.153 14.588
247.413 28.988
247.673 28.245
247.932 30.359
248.192 36.759
248.452 36.444
248.712 36.844
248.972 41.101
249.232 46.930
249.492 45.187
249.752 35.730
250.012 26.559
250.271 18.388
250.531 14.646
250.791 0.903
251.051 -16.410
251.311 -15.724
251.571 -6.895
251.831 -0.780
252.091 13.764
252.351 12.593
252.610 14.851
252.870 31.395
253.130 29.653
253.390 10.769
253.650 11.884
253.911 1.857
254.172 0.544
254.433 0.088
254.694 -13.225
254.955 -14.680
255.216 -8.136
255.477 -26.020
255.738 -30.904
255.999 -32.931
256.261 -37.529
256.522 -34.413
256.783 -31.154
257.044 -30.466
257.305 -18.207
257.566 -8.091
257.827 -3.832
258.088 2.713
258.349 5.259
258.610 2.090
258.871 5.063
259.132 -2.677
259.393 -9.417
259.654 -14.158
259.915 -19.612
260.176 -26.209
260.437 -21.664
260.698 -13.118
260.959 -8.572
261.221 -10.312
261.482 -10.766
261.743 -3.792
262.004 -3.389
262.265 -5.414
262.526 -8.439
262.787 -12.893
263.048 -19.633
263.309 -17.229
263.570 -16.254
263.831 -7.279
264.092 -3.161
264.353 2.528
264.614 5.075
264.875 6.764
265.136 2.311
265.397 3.001
265.658 2.690
265.919 3.380
266.181 5.070
266.442 13.617
266.703 19.878
266.964 26.711
267.225 22.258
267.486 14.520
267.747 15.781
268.008 17.472
268.269 23.019
268.530 30.567
268.791 36.828
269.052 38.662
269.313 39.781
269.574 26.900
269.835 14.305
270.096 -0.004
270.357 -14.314
270.618 -24.194
270.879 -27.360
271.141 -17.955
271.402 -5.264
271.663 -1.859
271.924 3.975
272.185 15.381
272.446 16.929
272.707 11.477
272.968 3.883
273.229 2.432
273.490 6.980
273.751 5.100
274.012 -11.637
274.273 -13.088
274.534 -1.396
274.795 -4.276
275.056 -15.727
275.317 -29.607
275.578 -31.486
275.839 -12.794
276.101 0.469
276.362 -0.553
276.623 3.568
276.884 18.831
277.145 28.667
277.406 29.073
277.667 24.480
277.928 22.315
278.189 16.150
278.450 8.129
278.711 0.393
278.972 -4.915
279.233 4.921
279.494 10.756
279.755 6.306
280.016 4.428
280.277 6.264
280.538 8.385
280.799 15.650
281.061 4.057
281.322 -13.821
281.583 -15.271
281.844 -6.292
282.105 -7.027
282.366 -12.477
282.627 -11.926
282.888 -8.090
283.149 -9.254
283.410 -15.274
283.671 -22.867
283.932 -18.316
284.193 -12.765
284.454 -12.928
284.715 -9.663
284.976 10.031
285.237 20.868
285.498 23.704
285.759 16.398
286.021 13.664
286.282 20.358
286.543 14.052
286.804 1.747
287.065 -11.131
287.326 -4.008
287.587 13.258
287.848 5.953
288.109 -10.210
288.370 -3.373
288.631 9.179
288.892 22.302
289.153 19.568
289.414 2.692
289.675 6.529
289.936 9.224
290.197 5.919
290.458 2.757
290.719 3.452
290.981 6.004
291.242 12.413
291.503 22.966
291.764 27.804
292.025 29.928
292.286 29.337
292.547 23.461
292.808 22.442
293.069 22.995
293.330 9.404
293.591 6.671
293.852 2.510
294.113 -2.366
294.374 1.901
294.635 4.168
294.896 19.293
295.157 30.417
295.418 29.113
295.679 23.666
295.941 25.076
296.202 23.915
296.463 12.468
296.724 -5.836
296.985 -17.139
297.246 -16.015
297.507 -2.176
297.768 -8.479
298.029 -22.783
298.290 -28.229
298.551 -25.104
298.812 -17.122
299.073 -11.854
299.334 -12.301
299.595 0.825
299.856 18.093
300.117 21.789
300.378 10.915
300.639 8.183
300.901 5.737
301.162 -7.709
301.423 -25.726
301.684 -48.172
301.945 -56.047
302.206 -42.778
302.467 -38.510
302.728 -37.384
302.989 -31.401
303.250 -21.561
303.511 -7.863
303.772 -4.452
304.033 -17.469
304.294 -28.771
304.555 -30.502
304.816 -22.519
305.077 -22.536
305.338 -29.838
305.599 -20.998
305.861 0.271
306.122 14.398
306.383 8.524
306.644 -6.921
306.905 -15.366
307.166 -12.240
307.427 -1.970
307.688 -9.129
307.949 -14.574
308.210 -9.876
308.471 -1.750
308.732 10.377
308.993 32.790
309.254 30.916
309.515 24.329
309.776 23.599
310.037 18.583
310.298 14.853
310.559 15.408
310.821 -5.322
311.082 -16.623
311.343 -15.782
311.604 -11.798
311.865 3.758
312.126 23.600
312.387 27.584
312.648 34.140
312.909 37.268
313.170 42.395
313.434 37.665
313.698 25.078
313.963 2.063
314.227 -9.952
314.491 -4.967
314.755 -5.840
315.019 -10.141
315.284 -0.727
315.548 16.401
315.812 33.386
316.076 38.513
316.340 25.927
316.604 12.055
316.869 7.897
317.133 10.740
317.397 -6.847
317.661 -28.719
317.925 -42.733
318.190 -37.320
318.454 -21.763
318.718 -11.349
318.982 -15.078
319.246 -18.949
319.511 -17.535
319.775 -2.978
320.039 -4.993
320.303 -5.436
320.567 -5.593
320.832 -6.893
321.096 -1.907
321.360 -0.922
321.624 -3.650
321.888 -4.236
322.153 -5.107
322.417 -3.121
322.681 -0.135
322.945 0.279
323.209 10.265
323.473 18.109
323.738 18.666
324.002 23.795
324.266 21.781
324.530 10.482
324.794 3.039
325.059 2.597
325.323 -1.702
325.587 6.998
325.851 6.842
326.115 1.400
326.380 -0.757
326.644 11.515
326.908 11.216
327.172 10.631
327.436 4.761
327.701 3.319
327.965 3.591
328.229 7.149
328.493 -6.436
328.757 -8.735
329.022 -6.605
329.286 7.525
329.550 11.797
329.814 7.641
330.078 -3.229
330.342 3.758
330.607 9.031
330.871 11.732
331.135 3.290
331.399 -0.151
331.663 6.408
331.928 17.823
332.192 13.525
332.456 -3.631
332.720 -15.929
332.984 -23.656
333.249 -28.241
333.513 -25.682
333.777 -14.980
334.041 -5.564
334.305 11.709
334.570 21.268
334.834 26.398
335.098 21.671
335.362 14.088
335.626 -1.353
335.891 -9.080
336.155 -5.235
336.419 -6.390
336.683 -14.688
336.947 -12.129
337.211 -9.570
337.476 -0.582
337.740 8.406
338.004 1.393
338.268 -11.190
338.532 -15.916
338.797 -16.786
339.061 -21.798
339.325 -34.095
339.589 -46.107
339.853 -45.976
340.118 -26.560
340.382 -32.143
340.646 -41.298
340.910 -30.881
341.174 -22.750
341.439 -17.761
341.703 -24.487
341.967 -41.928
342.231 -33.654
342.495 -23.522
342.759 -30.677
343.024 -30.831
343.288 -27.129
343.552 -23.140
343.816 -20.151
344.080 -22.163
344.345 -20.603
344.609 -7.757
344.873 2.517
345.137 -2.208
345.401 -0.505
345.666 -0.231
345.930 3.043
346.194 2.318
346.458 -6.836
346.722 -12.133
346.987 -12.716
347.251 -20.155
347.515 -15.881
347.779 -3.892
348.043 11.954
348.308 14.658
348.572 14.361
348.836 18.350
349.100 24.625
349.364 32.900
349.628 24.032
349.893 4.592
350.157 -3.990
350.421 -3.858
350.685 9.274
350.949 13.549
351.214 -1.176
351.478 -2.043
351.742 3.517
352.006 12.221
352.270 10.925
352.535 -0.514
352.799 -0.811
353.063 5.464
353.327 4.883
353.591 2.729
353.856 1.290
354.120 1.708
354.384 5.127
354.648 -5.884
354.912 -8.323
355.177 -6.047
355.441 -10.486
355.705 -18.782
355.969 -21.364
356.233 -27.231
356.497 -17.956
356.762 -13.537
357.026 -15.547
357.290 -10.986
357.554 -8.853
357.818 -16.578
358.083 -17.302
358.347 -13.455
358.611 -19.750
358.875 -23.332
359.139 -26.485
359.404 -22.066
359.668 -13.362
359.932 -11.371
360.196 -14.524
360.460 -7.820
360.725 7.599
360.989 7.875
361.253 3.580
361.517 0.427
361.781 2.132
362.046 4.122
362.310 4.112
362.574 -5.754
362.838 4.379
363.102 12.369
363.366 16.074
363.631 26.350
363.895 26.055
364.159 26.617
364.423 41.607
364.687 39.169
364.952 43.731
365.216 51.436
365.480 42.998
365.747 38.989
366.013 37.266
366.280 26.542
366.546 34.818
366.813 42.095
367.079 42.514
367.346 45.219
367.612 40.781
367.879 43.058
368.145 40.906
368.412 30.040
368.678 4.602
368.945 -15.264
369.211 -27.416
369.478 -19.425
369.744 -14.291
370.011 -11.729
370.278 -15.738
370.544 0.110
370.811 10.102
371.077 22.664
371.344 17.798
371.610 2.646
371.877 1.352
372.143 4.343
372.410 -7.809
372.676 -14.818
372.943 -22.683
373.209 -22.121
373.476 -16.558
373.742 -24.138
374.009 -22.433
374.276 -7.870
374.542 -1.736
374.809 -10.030
375.075 -20.896
375.342 -23.618
375.608 -16.913
375.875 -24.921
376.141 -45.501
376.408 -47.652
376.674 -45.232
376.941 -47.669
377.207 -53.821
377.474 -61.115
377.740 -54.837
378.007 -44.846
378.273 -45.711
378.540 -38.577
378.807 -14.585
379.073 -4.022
379.340 -5.316
379.606 -15.038
379.873 -10.904
380.139 -4.055
380.406 -10.492
380.672 -24.071
380.939 -26.365
381.205 -16.802
381.472 0.476
381.738 4.468
382.005 10.317
382.271 31.309
382.538 40.015
382.804 45.293
383.071 41.856
383.338 24.134
383.604 21.554
383.871 9.261
384.137 -13.176
384.404 -22.755
384.670 -29.620
384.937 -26.342
385.203 -16.350
385.470 -17.787
385.736 -15.509
386.003 -0.516
386.269 12.619
386.536 12.754
386.802 -1.397
387.069 -14.119
387.336 -8.841
387.602 0.866
387.869 -11.570
388.135 -19.435
388.402 -19.300
388.668 -4.308
388.935 0.828
389.201 -10.609
389.468 -19.045
389.734 -19.909
390.001 -25.774
390.267 -26.496
390.534 -30.075
390.800 -24.797
391.067 -17.661
391.333 -13.811
391.600 -12.962
391.867 -2.826
392.133 9.166
392.400 13.873
392.666 20.580
392.933 15.001
393.199 13.851
393.466 27.987
393.732 30.408
393.999 29.972
394.265 26.251
394.532 23.958
394.798 24.236
395.065 11.372
395.331 -7.064
395.598 -9.785
395.864 -6.507
396.131 -3.514
396.398 0.336
396.664 9.472
396.931 25.751
397.197 39.601
397.464 40.451
397.730 38.158
397.997 39.437
398.263 36.715
398.530 50.280
398.796 68.130
399.063 83.409
399.329 107.402
399.596 121.109
399.862 139.388
400.129 160.667
400.396 165.231
400.662 161.653
400.929 167.360
401.195 179.211
401.462 212.204
401.728 266.769
401.995 342.905
402.261 432.755
402.528 548.605
402.794 676.027
403.061 811.163
403.327 955.871
403.594 1106.293
403.860 1261.286
404.127 1409.137
404.393 1555.844
404.660 1704.838
404.931 1866.545
405.202 2027.824
405.473 2166.532
405.745 2300.954
406.016 2434.948
406.287 2550.655
406.558 2652.792
406.829 2724.928
407.100 2787.921
407.371 2851.486
407.642 2881.194
407.914 2904.759
408.185 2935.896
408.456 2946.461
408.727 2946.597
408.998 2937.733
409.269 2901.298
409.540 2856.578
409.811 2805.143
410.083 2738.708
410.354 2699.845
410.625 2657.410
410.896 2592.975
411.167 2538.540
411.438 2479.534
411.709 2408.813
411.981 2325.807
412.252 2214.515
412.523 2108.223
412.794 2014.074
413.065 1909.782
413.336 1811.204
413.607 1711.484
413.878 1612.764
414.150 1522.757
414.421 1425.180
414.692 1306.745
414.963 1197.739
415.234 1101.162
415.505 1007.584
415.776 926.149
416.047 840.572
416.319 744.280
416.590 648.846
416.861 554.697
417.132 470.548
417.403 397.113
417.674 323.107
417.945 268.244
418.217 235.953
418.488 211.090
418.759 191.084
419.030 176.935
419.301 170.501
419.572 153.923
419.843 125.203
420.114 82.912
420.386 60.906
420.657 54.614
420.928 42.751
421.199 32.888
421.470 20.597
421.741 8.448
422.012 17.157
422.283 23.294
422.555 27.717
422.826 20.425
423.097 6.277
423.368 14.557
423.639 22.694
423.910 29.545
424.181 33.540
424.453 16.677
424.724 11.386
424.995 17.666
425.266 13.374
425.537 18.512
425.808 15.935
426.079 11.358
426.350 21.352
426.622 28.346
426.893 20.484
427.164 21.478
427.435 15.616
427.706 10.467
427.977 7.033
428.248 2.171
428.519 -7.692
428.791 -7.269
429.062 -0.846
429.333 4.149
429.604 -4.428
429.875 1.995
430.146 13.561
430.417 19.841
430.689 23.122
430.960 14.402
431.231 13.683
431.502 33.963
431.773 38.100
432.044 43.238
432.315 44.376
432.586 38.513
432.858 32.936
433.129 20.074
433.400 -1.931
433.671 -22.508
433.942 -40.656
434.213 -35.947
434.484 -32.809
434.755 -38.100
435.027 -27.391
435.298 -11.111
435.569 6.313
435.840 14.165
436.116 12.588
436.391 18.440
436.667 34.578
436.942 40.716
437.218 47.282
437.493 40.991
437.769 31.700
438.045 32.267
438.320 34.262
438.596 35.828
438.871 24.680
439.147 -0.896
439.422 -8.187
439.698 -4.478
439.974 -11.768
440.249 -22.345
440.525 -24.350
440.800 -24.212
441.076 -12.931
441.351 0.350
441.627 4.202
441.903 9.768
442.178 10.192
442.454 6.330
442.729 8.039
443.005 17.177
443.281 27.887
443.556 36.310
443.832 39.448
444.107 43.729
444.383 39.725
444.658 31.577
444.934 23.858
445.210 16.996
445.485 17.134
445.761 18.272
446.036 22.981
446.312 39.977
446.587 73.258
446.863 95.967
447.139 91.248
447.414 82.243
447.690 83.953
447.965 91.377
448.241 92.801
448.516 85.225
448.792 78.791
449.068 94.072
449.343 106.782
449.619 119.063
449.894 123.630
450.170 126.768
450.445 128.478
450.721 126.045
450.997 125.612
451.272 137.036
451.548 141.602
451.823 143.598
452.099 139.450
452.375 133.160
452.650 138.870
452.926 133.294
453.201 118.861
453.477 117.285
453.752 129.709
454.028 139.704
454.304 161.557
454.579 173.267
454.855 183.548
455.130 199.115
455.406 201.682
455.681 187.249
455.957 178.816
456.233 162.097
456.508 147.807
456.784 153.517
457.059 154.370
457.335 146.080
457.610 138.361
457.886 131.357
458.162 126.638
458.437 116.777
458.713 95.201
458.988 71.339
459.264 58.192
459.539 42.045
459.815 34.327
460.091 28.751
460.366 29.175
460.642 27.314
460.917 17.452
461.193 3.877
461.468 6.587
461.744 2.868
462.020 -11.565
462.295 -13.855
462.571 -18.287
462.846 -17.715
463.122 -9.721
463.397 -3.157
463.673 12.397
463.949 25.250
464.224 9.268
464.500 -0.157
464.775 9.111
465.051 18.383
465.327 15.524
465.602 3.674
465.878 9.646
466.153 19.049
466.429 22.322
466.704 17.612
466.980 16.923
467.256 24.511
467.531 24.080
467.807 13.534
468.082 22.990
468.358 40.190
468.633 51.682
468.909 51.295
469.185 50.041
469.460 57.368
469.736 64.426
470.011 65.039
470.287 67.406
470.562 59.799
470.838 44.521
471.114 35.591
471.389 27.970
471.665 22.944
471.940 33.560
472.216 28.109
472.491 27.540
472.767 45.798
473.043 49.275
473.318 43.168
473.594 45.504
473.869 38.001
474.145 27.269
474.421 20.728
474.696 15.220
474.972 26.725
475.247 39.517
475.523 27.590
475.798 18.290
476.074 26.148
476.350 31.821
476.625 19.313
476.901 0.243
477.176 -1.952
477.452 16.349
477.727 20.403
478.003 13.410
478.279 0.637
478.554 -1.812
478.830 4.865
479.105 4.848
479.381 0.891
479.656 -9.402
479.932 -9.112
480.208 5.512
480.483 22.137
480.759 27.598
481.034 26.851
481.310 21.914
481.585 12.013
481.861 9.144
482.137 5.960
482.412 -7.566
482.688 -15.913
482.963 -18.947
483.239 -28.681
483.514 -26.865
483.790 -25.421
484.066 -19.461
484.341 -17.296
484.617 -22.541
484.892 -16.159
485.168 0.039
485.443 16.400
485.719 16.129
485.995 10.150
486.270 17.504
486.546 29.248
486.821 26.783
487.097 34.700
487.373 36.201
487.648 32.564
487.924 30.873
488.199 31.404
488.475 32.078
488.750 32.896
489.026 27.367
489.302 27.486
489.577 42.182
489.853 50.148
490.128 41.887
490.404 31.947
490.679 36.266
490.955 34.863
491.231 30.101
491.506 25.905
491.782 16.676
492.057 15.131
492.333 19.317
492.608 6.588
492.884 -0.968
493.160 -4.468
493.435 -6.283
493.711 1.413
493.986 4.760
494.262 3.493
494.537 9.378
494.813 13.731
495.089 27.474
495.364 28.185
495.640 27.786
495.915 34.251
496.191 35.933
496.467 35.380
496.742 39.939
497.018 46.675
497.293 52.917
497.569 49.548
497.844 50.576
498.120 61.356
498.396 64.352
498.671 56.046
498.947 36.802
499.222 32.595
499.498 40.444
499.773 43.767
500.049 41.993
500.325 44.045
500.600 51.104
500.876 65.736
501.151 73.962
501.427 73.039
501.702 75.678
501.978 73.141
502.254 76.776
502.529 85.333
502.805 89.295
503.080 91.848
503.356 103.745
503.631 119.430
503.907 126.820
504.183 124.829
504.458 129.078
504.734 137.615
505.009 141.660
505.285 143.826
505.560 134.858
505.836 128.499
506.112 134.563
506.387 126.880
506.663 110.256
506.938 99.091
507.214 82.009
507.490 76.328
507.765 80.465
508.041 73.775
508.316 71.091
508.592 75.203
508.867 75.718
509.143 71.668
509.419 62.982
509.694 65.896
509.970 70.543
510.245 62.897
510.521 41.847
510.796 35.661
511.072 43.880
511.348 41.574
511.623 35.926
511.899 32.856
512.174 40.595
512.450 53.797
512.725 54.750
513.001 62.982
513.277 81.402
513.552 89.516
513.828 105.041
514.103 107.025
514.379 120.850
514.654 133.994
514.930 135.966
515.206 143.651
515.481 154.501
515.757 159.151
516.032 171.672
516.308 186.818
516.583 218.157
516.859 259.093
517.135 289.303
517.410 314.744
517.686 343.686
517.961 386.463
518.237 432.489
518.513 467.813
518.788 504.491
519.064 554.322
519.339 610.248
519.615 675.213
519.890 747.605
520.166 814.471
520.442 884.678
520.717 948.741
520.993 999.236
521.268 1049.266
521.544 1090.973
521.819 1130.005
522.095 1161.994
522.371 1176.851
522.646 1180.704
522.922 1198.823
523.197 1218.048
523.473 1220.872
523.748 1199.605
524.024 1176.874
524.300 1160.978
524.575 1151.406
524.851 1131.718
525.126 1095.216
525.402 1064.732
525.677 1032.604
525.953 1003.770
526.229 965.500
526.504 919.702
526.780 867.578
527.055 834.765
527.331 802.460
527.606 780.892
527.882 748.067
528.158 727.420
528.433 721.079
528.709 721.928
528.984 722.483
529.260 720.652
529.535 715.557
529.811 725.317
530.087 732.659
530.362 721.750
530.638 713.708
530.913 707.166
531.189 700.068
531.465 673.242
531.740 651.943
532.016 641.083
532.291 634.188
532.567 617.139
532.842 599.914
533.118 599.227
533.394 619.675
533.669 620.497
533.945 611.977
534.220 612.060
534.496 612.112
534.771 614.313
535.047 610.641
535.323 615.295
535.598 649.533
535.874 701.853
536.149 758.435
536.425 841.262
536.700 937.433
536.976 1059.644
537.252 1210.114
537.527 1368.302
537.803 1540.356
538.078 1742.406
538.354 1959.467
538.629 2190.117
538.905 2424.710
539.181 2660.503
539.456 2894.223
539.732 3097.781
540.007 3278.515
540.283 3444.093
540.558 3584.914
540.834 3708.171
541.110 3802.126
541.385 3885.335
541.661 3964.378
541.936 4039.890
542.212 4108.856
542.488 4155.734
542.763 4181.696
543.039 4195.331
543.314 4175.228
543.590 4142.633
543.865 4093.888
544.141 4036.474
544.417 3979.306
544.692 3910.216
544.968 3852.724
545.243 3803.448
545.519 3758.357
545.794 3731.070
546.070 3703.606
546.348 3688.025
546.627 3709.160
546.905 3729.053
547.183 3772.788
547.461 3841.283
547.740 3902.186
548.018 3985.824
548.296 4089.666
548.575 4193.284
548.853 4320.847
549.131 4460.023
549.409 4604.995
549.688 4778.262
549.966 4936.266
550.244 5099.221
550.523 5277.580
550.801 5473.490
551.079 5659.214
551.357 5846.805
551.636 6020.226
551.914 6194.465
552.192 6375.158
552.471 6529.395
552.749 6633.649
553.027 6726.264
553.306 6824.976
553.584 6914.910
553.862 6997.916
554.140 7035.647
554.419 7073.425
554.697 7095.713
554.975 7103.612
555.254 7082.504
555.532 7034.102
555.810 6958.860
556.088 6875.666
556.367 6741.687
556.645 6590.329
556.923 6429.770
557.202 6216.697
557.480 5970.544
557.758 5727.922
558.036 5476.416
558.315 5217.834
558.593 4964.533
558.871 4705.135
559.150 4465.721
559.428 4228.168
559.706 3978.218
559.984 3737.668
560.263 3504.681
560.541 3265.001
560.819 3025.702
561.098 2791.231
561.376 2578.969
561.654 2351.239
561.932 2127.310
562.211 1933.566
562.489 1767.116
562.767 1626.955
563.046 1504.472
563.324 1400.282
563.602 1334.361
563.880 1260.600
564.159 1187.464
564.437 1126.179
564.715 1054.033
564.994 993.845
565.272 944.778
565.550 884.717
565.828 841.529
566.107 799.798
566.385 745.582
566.663 693.185
566.942 645.339
567.220 600.230
567.498 570.799
567.776 540.488
568.055 502.763
568.333 475.569
568.611 458.375
568.890 430.431
569.168 393.547
569.446 361.393
569.725 334.716
570.003 314.502
570.281 298.095
570.559 284.541
570.838 266.147
571.116 248.045
571.394 224.782
571.673 201.107
571.951 189.451
572.229 173.631
572.507 157.405
572.786 154.075
573.064 147.922
573.342 139.404
573.621 145.516
573.899 146.895
574.177 144.199
574.455 137.755
574.734 123.582
575.012 120.045
575.290 125.440
575.569 121.630
575.847 114.995
576.125 99.918
576.403 92.263
576.682 98.077
576.960 95.179
577.243 88.793
577.527 82.139
577.810 83.626
578.093 94.785
578.377 99.644
578.660 101.571
578.944 110.016
579.227 112.062
579.510 112.541
579.794 112.483
580.077 111.146
580.360 99.269
580.644 90.815
580.927 79.218
581.210 80.431
581.494 77.226
581.777 62.622
582.061 48.131
582.344 41.720
582.627 32.896
582.911 23.226
583.194 14.703
583.477 17.292
583.761 18.295
584.044 28.708
584.327 41.688
584.611 52.389
584.894 58.381
585.178 58.681
585.461 64.264
585.744 78.552
586.028 79.701
586.311 91.708
586.594 93.573
586.878 90.005
587.161 98.003
587.444 98.859
587.728 95.557
588.011 95.117
588.295 86.972
588.578 81.977
588.861 86.404
589.145 82.533
589.428 79.513
589.711 76.097
589.995 61.111
590.278 46.685
590.562 36.539
590.845 29.680
591.128 17.975
591.412 -4.433
591.695 -9.168
591.978 13.505
592.262 29.742
592.545 47.262
592.828 56.084
593.112 59.353
593.395 65.199
593.679 66.464
593.962 63.270
594.245 63.951
594.529 57.649
594.812 64.305
595.095 75.073
595.379 84.281
595.662 89.192
595.945 83.343
596.229 81.148
596.512 95.407
596.796 101.831
597.079 98.380
597.362 100.456
597.646 106.499
597.929 112.811
598.212 111.081
598.496 100.294
598.779 90.790
599.062 86.100
599.346 80.995
599.629 75.577
599.913 74.421
600.196 75.641
600.479 71.668
600.763 76.969
601.046 92.406
601.329 101.505
601.613 106.389
601.896 112.242
602.179 118.543
602.463 120.341
602.746 119.044
603.030 112.255
603.313 108.440
603.596 100.130
603.880 90.558
604.163 83.076
604.446 91.871
604.730 90.579
605.013 81.887
605.296 74.877
605.580 74.176
605.863 84.928
606.147 94.592
606.430 93.314
606.713 90.922
606.997 105.431
607.280 119.561
607.563 130.313
607.847 128.215
608.130 119.678
608.414 126.293
608.697 135.538
608.980 128.022
609.264 121.724
609.547 118.943
609.830 122.995
610.114 131.409
610.397 133.648
610.680 135.791
610.964 141.564
611.247 150.140
611.531 163.040
611.814 163.665
612.097 163.403
612.381 152.772
612.664 145.075
612.947 147.057
613.231 138.657
613.514 124.401
613.797 124.562
614.081 119.949
614.364 118.700
614.648 121.663
614.931 127.328
615.214 142.538
615.498 144.396
615.781 143.899
616.064 156.583
616.348 159.015
616.631 164.118
616.914 156.280
617.198 153.683
617.481 172.349
617.765 180.037
618.048 177.888
618.331 182.170
618.615 176.187
618.898 167.623
619.181 160.060
619.465 153.406
619.748 143.746
620.031 143.589
620.315 156.066
620.598 168.508
620.882 185.769
621.165 197.231
621.448 199.828
621.732 201.233
622.015 201.100
622.298 190.989
622.582 177.615
622.865 159.763
623.148 144.813
623.432 132.128
623.715 141.646
623.999 143.693
624.282 146.926
624.565 164.469
624.849 188.189
625.132 215.523
625.415 242.093
625.699 238.900
625.982 240.886
626.265 247.576
626.549 248.366
626.832 250.922
627.116 246.951
627.399 248.587
627.682 264.954
627.966 276.064
628.249 284.242
628.532 278.060
628.816 286.153
629.099 289.716
629.383 274.661
629.666 260.306
629.949 256.631
630.233 257.810
630.516 278.131
630.799 278.705
631.083 273.668
631.366 294.805
631.649 322.787
631.933 348.870
632.216 361.555
632.500 365.892
632.783 380.917
633.066 407.303
633.350 424.043
633.633 431.986
633.916 442.147
634.200 464.193
634.483 488.792
634.766 508.444
635.050 534.220
635.333 560.856
635.617 589.683
635.900 616.950
636.183 637.244
636.467 653.426
636.750 682.946
637.033 707.192
637.317 724.195
637.600 760.890
637.883 805.079
638.167 843.807
638.450 892.186
638.734 943.525
639.017 1003.771
639.300 1087.774
639.584 1157.808
639.867 1220.821
640.150 1311.085
640.434 1406.011
640.717 1503.965
641.000 1611.549
641.284 1724.203
641.567 1860.862
641.851 2027.165
642.134 2216.216
642.417 2428.404
642.701 2654.434
642.984 2905.319
643.267 3172.062
643.551 3458.860
643.834 3778.344
644.117 4133.614
644.401 4527.917
644.684 4985.539
644.968 5471.965
645.251 5985.730
645.534 6530.833
645.818 7072.577
646.101 7601.215
646.384 8119.449
646.668 8631.691
646.951 9168.244
647.235 9723.575
647.518 10296.102
647.801 10905.748
648.085 11574.739
648.368 12305.444
648.651 13100.049
648.935 13925.145
649.218 14772.937
649.501 15621.716
649.785 16473.522
650.068 17316.594
650.352 18107.081
650.635 18859.208
650.918 19551.168
651.202 20208.537
651.485 20819.356
651.768 21415.985
652.052 21956.594
652.335 22517.116
652.618 22981.830
652.902 23463.308
653.185 23908.548
653.469 24344.057
653.752 24716.710
654.035 25070.539
654.319 25302.002
654.602 25545.702
654.885 25713.595
655.169 25859.956
655.452 25973.206
655.735 26067.196
656.019 26139.297
656.302 26234.716
656.586 26277.110
656.869 26343.635
657.152 26382.219
657.436 26389.272
657.719 26375.828
658.002 26302.416
658.286 26215.420
658.569 26102.239
658.852 25903.346
659.136 25664.018
659.419 25372.512
659.703 25052.778
659.986 24748.014
660.269 24429.893
660.553 24089.975
660.836 23808.364
661.119 23557.614
661.403 23360.564
661.686 23148.600
661.969 22954.221
662.253 22806.853
662.536 22740.876
662.820 22665.903
663.103 22630.879
663.386 22666.243
663.670 22815.393
663.953 22978.883
664.236 23206.895
664.520 23443.740
664.803 23718.506
665.086 24004.885
665.370 24248.022
665.653 24454.127
665.937 24691.388
666.220 24873.952
666.503 25039.581
666.787 25154.988
667.070 25228.444
667.353 25271.244
667.637 25284.027
667.920 25239.943
668.204 25148.265
668.487 24998.902
668.770 24813.055
669.054 24573.203
669.337 24318.545
669.620 23944.818
669.904 23505.877
670.187 22986.894
670.470 22452.645
670.754 21854.948
671.037 21210.143
671.321 20505.276
671.604 19809.968
671.887 19056.227
672.171 18288.078
672.454 17480.260
672.737 16646.215
673.021 15805.623
673.304 14958.638
673.587 14094.591
673.871 13273.824
674.154 12461.250
674.438 11661.133
674.721 10910.670
675.004 10170.818
675.288 9452.256
675.571 8784.290
675.854 8148.398
676.138 7569.921
676.421 7015.702
676.704 6472.803
676.988 5979.265
677.271 5531.348
677.555 5102.571
677.838 4692.599
678.121 4303.606
678.405 3946.181
678.688 3625.484
678.971 3329.812
679.255 3027.131
679.538 2762.869
679.821 2532.259
680.105 2303.951
680.388 2090.493
680.672 1896.324
680.955 1727.200
681.238 1595.595
681.522 1472.414
681.805 1351.569
682.088 1255.948
682.372 1163.133
682.655 1088.776
682.938 1020.810
683.222 964.511
683.505 923.824
683.789 886.841
684.072 861.937
684.355 852.839
684.639 840.631
684.922 832.719
685.205 826.425
685.489 823.996
685.772 832.047
686.056 834.879
686.339 848.597
686.622 859.780
686.906 861.322
687.189 872.848
687.472 881.091
687.756 879.897
688.039 877.360
688.322 874.824
688.606 873.034
688.889 859.885
689.173 841.423
689.456 828.474
689.739 811.702
690.023 804.334
690.306 786.987
690.589 779.923
690.873 789.403
691.156 784.521
691.439 782.816
691.723 799.252
692.006 794.632
692.290 778.776
692.573 765.327
692.856 739.681
693.140 725.592
693.423 706.571
693.706 677.663
693.990 656.604
694.273 653.801
694.556 641.404
694.840 643.056
695.123 637.753
695.407 640.983
695.690 651.721
695.973 664.679
696.257 673.163
696.540 680.343
696.830 687.587
697.120 702.548
697.410 693.637
697.699 677.699
697.989 675.190
698.279 669.709
698.569 671.272
698.859 677.328
699.149 671.796
699.439 675.168
699.729 674.433
700.018 651.557
700.308 649.432
700.598 650.492
700.888 635.999
701.178 612.194
701.468 588.171
701.758 576.633
702.048 574.075
702.337 551.459
702.627 523.662
702.917 491.925
703.207 480.553
703.497 463.704
703.787 436.029
704.077 417.935
704.366 395.824
704.656 379.592
704.946 367.492
705.236 346.832
705.526 343.982
705.816 342.948
706.106 323.692
706.396 313.117
706.685 295.406
706.975 288.147
707.265 287.037
707.555 270.822
707.845 261.878
708.135 266.497
708.425 259.468
708.715 251.478
709.004 239.028
709.294 225.574
709.584 224.303
709.874 215.627
710.164 203.147
710.454 205.557
710.744 204.941
711.034 210.481
711.323 218.260
711.613 216.689
711.903 214.892
712.193 213.909
712.483 214.867
712.773 225.579
713.063 232.715
713.352 233.051
713.642 234.653
713.932 237.452
714.222 240.148
714.512 231.986
714.802 218.560
715.092 206.921
715.382 195.103
715.671 194.471
715.961 200.839
716.251 210.653
716.541 222.003
716.831 221.390
717.121 215.463
717.411 209.787
717.701 203.530
717.990 193.306
718.280 173.368
718.570 157.994
718.860 158.086
719.150 162.794
719.440 167.705
719.730 166.613
720.019 176.254
720.309 179.573
720.599 190.054
720.889 202.194
721.179 202.182
721.469 197.619
721.759 191.728
722.049 178.118
722.338 183.037
722.628 166.264
722.918 150.724
723.208 150.412
723.498 146.118
723.788 142.046
724.078 140.357
724.368 137.570
724.657 150.039
724.947 144.978
725.237 134.465
725.527 148.602
725.817 156.537
726.107 164.054
726.397 167.280
726.686 169.958
726.976 185.917
727.266 183.429
727.556 168.259
727.846 167.750
728.136 161.434
728.426 148.200
728.716 140.412
729.005 140.579
729.295 145.742
729.585 146.864
729.875 147.879
730.165 151.525
730.455 161.174
730.745 164.918
731.035 170.420
731.324 191.141
731.614 201.886
731.904 196.929
732.194 189.472
732.484 185.302
732.774 180.552
733.064 164.923
733.354 145.403
733.643 128.746
733.933 125.177
734.223 129.686
734.513 129.629
734.803 131.044
735.093 128.607
735.383 124.194
735.672 129.279
735.962 120.664
736.252 110.545
736.542 109.506
736.832 110.600
737.122 121.167
737.412 142.886
737.702 154.577
737.991 167.546
738.281 169.700
738.571 170.882
738.861 177.390
739.151 163.709
739.441 137.753
739.731 120.961
740.021 107.609
740.310 106.238
740.600 101.103
740.890 92.197
741.180 91.521
741.470 81.519
741.760 80.549
742.050 98.661
742.339 107.424
742.629 98.695
742.919 84.897
743.209 89.182
743.499 109.246
743.789 118.324
744.079 109.861
744.369 93.641
744.658 97.902
744.948 102.027
745.238 94.126
745.528 90.661
745.818 93.108
746.108 84.785
746.398 90.894
746.688 100.584
746.977 99.045
747.267 99.787
747.557 95.698
747.847 89.640
748.137 96.478
748.427 100.636
748.717 87.863
749.006 80.342
749.296 83.483
749.586 87.212
749.876 79.398
750.166 70.460
750.456 84.176
750.746 102.048
751.036 120.895
751.325 116.952
751.615 115.573
751.905 120.168
752.195 131.196
752.485 124.418
752.775 112.172
753.065 100.089
753.355 103.272
753.644 90.425
753.934 80.130
754.224 69.846
754.514 58.570
754.804 58.597
755.094 66.468
755.384 57.014
755.674 56.294
755.963 62.038
756.253 53.868
756.543 44.987
756.833 40.134
757.123 26.959
757.413 28.106
757.703 30.550
757.992 30.549
758.282 46.483
758.572 53.939
758.862 53.508
759.152 64.562
759.442 67.590
759.732 72.193
760.022 73.349
760.311 60.426
760.601 50.959
760.891 45.509
761.181 41.655
761.471 44.672
761.761 39.070
762.051 40.947
762.341 60.392
762.630 71.181
762.920 75.927
763.210 69.597
763.500 65.715
763.793 64.705
764.086 66.275
764.379 58.759
764.671 47.681
764.964 49.416
765.257 53.597
765.550 58.796
765.843 70.594
766.136 70.450
766.429 59.241
766.722 63.988
767.014 54.483
767.307 52.898
767.600 60.962
767.893 62.127
768.186 62.437
768.479 74.233
768.772 77.981
769.064 86.180
769.357 83.438
769.650 65.724
769.943 50.026
770.236 33.464
770.529 21.094
770.822 12.020
771.115 0.213
771.407 -5.400
771.700 -7.849
771.993 6.839
772.286 31.896
772.579 30.742
772.872 28.867
773.165 27.860
773.457 26.705
773.750 34.625
774.043 32.188
774.336 25.576
774.629 35.357
774.922 40.252
775.215 48.891
775.508 52.921
775.800 57.372
776.093 69.431
776.386 54.730
776.679 42.646
776.972 37.762
777.265 22.677
777.558 17.215
777.850 13.311
778.143 -0.234
778.436 7.378
778.729 10.681
779.022 20.156
779.315 31.929
779.608 42.261
779.900 42.672
780.193 42.210
780.486 48.358
780.779 51.368
781.072 41.608
781.365 42.462
781.658 43.466
781.951 33.147
782.243 18.393
782.536 8.936
782.829 12.513
783.122 16.241
783.415 13.806
783.708 13.502
784.001 25.957
784.293 41.843
784.586 45.561
784.879 41.258
785.172 43.834
785.465 55.263
785.758 60.116
786.051 42.229
786.344 29.354
786.636 29.776
786.929 29.621
787.222 18.480
787.515 2.199
787.808 -6.533
788.101 -5.385
788.394 -5.950
788.686 -14.953
788.979 -16.383
789.272 8.163
789.565 22.862
789.858 25.865
790.151 27.157
790.444 25.876
790.737 20.892
791.029 22.178
791.322 9.187
791.615 -6.642
791.908 -16.347
792.201 -2.386
792.494 10.569
792.787 14.698
793.079 2.869
793.372 -6.678
793.665 -8.522
793.958 0.021
794.251 6.429
794.544 1.738
794.837 1.310
795.130 15.700
795.422 24.812
795.715 29.222
796.008 14.560
796.301 -7.944
796.594 -21.191
796.887 -23.471
797.180 -26.187
797.472 -26.042
797.765 -17.501
798.058 -3.837
798.351 3.994
798.644 19.803
798.937 19.660
799.230 14.535
799.523 13.253
799.815 9.122
800.108 6.273
800.401 5.279
800.694 7.434
800.987 17.411
801.280 11.563
801.573 11.707
801.865 14.843
802.158 9.142
802.451 1.149
802.744 -7.843
803.037 -9.844
803.330 -3.858
803.623 -5.998
803.915 -12.851
804.208 -9.145
804.501 -0.435
804.794 2.426
805.087 1.288
805.380 -1.295
805.673 -5.455
805.966 -9.911
806.258 -12.209
806.551 -3.170
806.844 5.732
807.137 0.715
807.430 2.709
807.723 8.589
808.016 13.459
808.308 15.324
808.601 7.441
808.894 -1.880
809.187 6.016
809.480 3.567
809.773 -3.056
810.066 -4.790
810.359 -7.963
810.651 -3.918
810.944 -2.895
811.237 -9.514
811.530 -9.380
811.825 1.725
812.119 10.816
812.414 7.197
812.709 1.724
813.003 -2.318
813.298 -2.476
813.593 -0.475
813.887 -4.070
814.182 -4.483
814.476 1.433
814.771 7.824
815.066 6.951
815.360 11.883
815.655 21.191
815.950 22.366
816.244 18.005
816.539 22.952
816.834 14.089
817.128 13.347
817.423 14.679
817.718 17.348
818.012 17.667
818.307 19.427
818.602 19.612
818.896 29.167
819.191 32.546
819.486 33.169
819.780 31.047
820.075 34.777
820.369 40.267
820.664 31.557
820.959 20.649
821.253 15.017
821.548 7.457
821.843 6.764
822.137 -6.741
822.432 -21.312
822.727 -8.797
823.021 10.365
823.316 27.757
823.611 31.932
823.905 28.240
824.200 35.712
824.495 43.778
824.789 38.412
825.084 19.203
825.379 -7.347
825.673 -2.029
825.968 1.325
826.262 -0.179
826.557 9.670
826.852 10.744
827.146 5.723
827.441 14.945
827.736 -1.592
828.030 -20.563
828.325 -26.164
828.620 -37.375
828.914 -26.804
829.209 -26.010
829.504 -29.467
829.798 -20.211
830.093 -3.248
830.388 8.651
830.682 6.419
830.977 -7.043
831.271 0.344
831.566 -2.017
831.861 -12.740
832.155 -7.260
832.450 -4.660
832.745 11.540
833.039 14.263
833.334 6.629
833.629 10.241
833.923 35.559
834.218 31.533
834.513 20.639
834.807 9.956
835.102 3.691
835.397 10.862
835.691 25.258
835.986 9.638
836.281 4.114
836.575 4.551
836.870 0.069
837.164 13.918
837.459 28.749
837.754 23.165
838.048 29.759
838.343 20.593
838.638 20.149
838.932 23.095
839.227 7.762
839.522 -14.809
839.816 -11.996
840.111 -5.639
840.406 -0.118
840.700 4.361
840.995 6.019
841.290 3.028
841.584 5.260
841.879 -5.017
842.174 -16.950
842.468 -2.063
842.763 -3.626
843.057 -0.444
843.352 16.711
843.647 15.723
843.941 18.176
844.236 26.597
844.531 24.817
844.825 25.964
845.120 26.005
845.415 14.828
845.709 17.678
846.004 21.946
846.299 3.618
846.593 -0.831
846.888 -0.447
847.183 -11.523
847.477 -9.764
847.772 -14.550
848.066 -19.582
848.361 1.991
848.656 -3.007
848.950 -15.910
849.245 -9.405
849.540 -14.488
849.834 -10.942
850.129 -0.780
850.424 -5.501
850.718 -4.682
851.013 -1.606
851.308 -9.806
851.602 -11.595
851.897 -16.980
852.192 -23.387
852.486 -15.725
852.781 -11.315
853.076 -15.825
853.370 -15.616
853.665 -14.115
853.959 -12.106
854.254 -19.401
854.549 -27.465
854.843 -32.536
855.138 -23.541
855.433 -22.506
855.727 -13.118
856.022 -8.032
856.317 1.812
856.611 -8.481
856.906 -8.804
857.201 -12.266
857.495 -17.563
857.790 -23.968
858.085 -23.141
858.379 -22.871
858.674 -23.582
858.969 -17.302
859.263 -14.233
859.558 -0.795
859.852 3.290
860.147 10.312
860.442 10.403
860.736 7.900
861.031 6.080
861.326 23.925
861.620 25.251
861.915 20.182
862.210 17.802
862.504 20.153
862.799 31.654
863.094 30.058
863.388 6.167
863.683 -17.443
863.978 -25.766
864.272 -39.224
864.567 -55.098
864.861 -49.104
865.156 -50.492
865.451 -46.325
865.745 -30.211
866.040 -22.505
866.335 -4.174
866.629 14.834
866.924 9.577
867.219 8.971
867.513 23.225
867.808 28.631
868.103 34.168
868.397 33.890
868.692 30.282
868.987 32.791
869.281 30.926
869.576 14.128
869.871 7.569
870.165 5.978
870.460 1.487
870.754 -6.491
871.049 -22.217
871.344 -17.283
871.638 -12.410
871.933 -9.958
872.228 -9.962
872.522 -18.921
872.817 -15.546
873.112 -3.894
873.406 8.011
873.701 23.436
873.996 17.637
874.290 11.278
874.585 22.519
874.880 27.198
875.174 29.240
875.469 11.204
875.764 -2.929
876.058 3.463
876.353 7.628
876.647 2.523
876.942 -0.950
877.237 1.837
877.531 10.678
877.826 13.266
878.121 13.158
878.415 19.516
878.710 18.577
879.005 9.418
879.299 -4.347
879.594 -9.792
879.889 -9.011
880.183 -5.123
880.478 -15.414
880.773 -25.592
881.067 -20.592
881.362 -7.300
881.656 -3.368
881.951 5.133
882.246 8.121
882.540 10.698
882.835 20.516
883.130 22.242
883.424 12.520
883.719 0.638
884.014 -21.126
884.308 -26.239
884.603 -24.259
884.898 -20.120
885.192 -23.455
885.487 -19.567
885.782 -15.638
886.076 -10.270
886.371 -12.699
886.666 -14.855
886.960 -19.090
887.255 -19.821
887.549 -28.219
887.844 -28.826
888.139 -26.745
888.433 -28.493
888.728 -19.731
889.023 -21.107
889.317 -25.248
889.612 -27.981
889.907 -22.789
890.201 -20.371
890.496 -21.487
890.791 -27.559
891.085 -23.894
891.380 -6.487
891.675 11.302
891.969 12.182
892.264 15.965
892.559 19.498
892.853 19.499
893.148 23.902
893.442 9.175
893.737 -5.432
894.032 -12.238
894.326 -13.249
894.621 -11.614
894.916 -13.006
895.210 -19.428
895.505 -19.439
895.800 -24.253
896.094 -30.184
896.389 -37.252
896.684 -31.700
896.978 -18.311
897.273 -7.578
897.568 4.795
897.862 18.681
898.157 33.828
898.451 45.333
898.746 44.211
899.041 23.985
899.335 9.450
899.630 1.354
899.925 -1.431
900.219 -2.560
900.514 -2.926
900.809 -11.431
901.103 -8.432
901.398 -9.095
901.693 -7.448
901.987 -3.503
902.282 -10.240
902.577 -16.461
902.871 -24.264
903.166 -26.089
903.461 -22.674
903.755 -26.518
904.050 -31.753
904.344 -24.711
904.639 -23.172
904.934 -0.491
905.228 19.801
905.523 21.593
905.818 24.015
906.112 26.325
906.407 21.696
906.702 16.005
906.996 8.825
907.291 0.626
907.586 4.388
907.880 5.289
908.175 -1.084
908.470 -6.431
908.764 -6.210
909.059 -14.151
909.354 -18.698
909.648 -22.470
909.943 -18.547
910.237 -12.039
910.532 -6.829
910.827 -2.395
911.121 -5.196
911.416 -7.835
911.711 -4.140
912.005 -15.211
912.300 -27.132
912.599 -31.511
912.898 -38.816
913.196 -33.307
913.495 -28.283
913.794 -35.853
914.093 -36.592
914.391 -32.659
914.690 -32.162
914.989 -23.123
915.288 -25.555
915.586 -30.094
915.885 -21.401
916.184 -10.179
916.483 -2.851
916.782 -3.428
917.080 -8.275
917.379 -6.555
917.678 -0.620
917.977 -4.239
918.275 2.999
918.574 13.589
918.873 15.438
919.172 5.033
919.471 -7.985
919.769 -23.586
920.068 -27.287
920.367 -36.934
920.666 -59.526
920.964 -67.597
921.263 -49.797
921.562 -32.135
921.861 -13.945
922.159 -5.902
922.458 -6.736
922.757 2.879
923.056 20.822
923.355 19.054
923.653 18.101
923.952 15.796
924.251 11.764
924.550 8.498
924.848 11.299
925.147 3.987
925.446 9.302
925.745 14.889
926.043 21.966
926.342 28.878
926.641 28.233
926.940 21.585
927.239 16.937
927.537 5.454
927.836 -3.885
928.135 -19.017
928.434 -31.319
928.732 -30.221
929.031 -18.711
929.330 -7.877
929.629 -3.659
929.927 -1.632
930.226 5.595
930.525 14.631
930.824 24.346
931.123 17.074
931.421 6.432
931.720 8.278
932.019 11.335
932.318 2.301
932.616 -7.796
932.915 -12.718
933.214 -6.017
933.513 9.512
933.812 12.523
934.110 3.908
934.409 6.347
934.708 11.464
935.007 9.723
935.305 11.914
935.604 14.758
935.903 19.512
936.202 30.234
936.500 26.318
936.799 22.665
937.098 25.382
937.397 6.784
937.696 -10.318
937.994 -13.192
938.293 -12.991
938.592 -11.665
938.891 -12.774
939.189 -21.667
939.488 -10.457
939.787 2.715
940.086 -2.062
940.384 -0.352
940.683 18.492
940.982 30.979
941.281 33.585
941.580 28.771
941.878 9.912
942.177 -6.155
942.476 -17.688
942.775 -33.923
943.073 -38.407
943.372 -23.183
943.671 -18.613
943.970 -17.556
944.268 -13.097
944.567 -21.208
944.866 -20.342
945.165 -31.321
945.464 -62.968
945.762 -72.365
946.061 -61.156
946.360 -45.079
946.659 -26.281
946.957 -20.961
947.256 -8.494
947.555 4.270
947.854 10.939
948.153 10.053
948.451 -7.020
948.750 -22.602
949.049 -25.415
949.348 -36.767
949.646 -30.914
949.945 -22.012
950.244 -21.133
950.543 -14.333
950.841 -18.559
951.140 -32.853
951.439 -26.463
951.738 -17.216
952.037 -18.528
952.335 -29.932
952.634 -47.681
952.933 -43.023
953.232 -29.425
953.530 -23.546
953.829 -21.403
954.128 -10.170
954.427 -5.605
954.725 3.046
955.024 8.062
955.323 5.684
955.622 7.872
955.921 -2.825
956.219 -27.202
956.518 -29.095
956.817 -19.628
957.116 -11.298
957.414 -3.199
957.713 -1.581
958.012 12.120
958.311 24.363
958.610 24.880
958.908 19.296
959.207 20.805
959.506 25.853
959.805 14.953
960.103 8.530
960.402 5.418
960.701 0.882
961.000 14.589
961.298 14.313
961.597 10.766
961.896 21.816
962.195 18.854
962.494 18.384
962.792 26.117
963.091 13.866
963.390 7.706
963.689 5.894
963.987 2.820
964.286 0.434
964.585 -4.624
964.884 -5.659
965.182 -7.418
965.481 -12.161
965.780 -10.557
966.080 -9.886
966.380 -12.944
966.680 -4.064
966.981 1.443
967.281 11.266
967.581 15.278
967.881 8.256
968.181 10.591
968.481 12.269
968.781 13.726
969.082 16.700
969.382 10.512
969.682 14.295
969.982 22.086
970.282 15.433
970.582 20.526
970.882 21.088
971.183 22.527
971.483 29.433
971.783 20.985
972.083 5.970
972.383 -14.692
972.683 -29.194
972.983 -44.871
973.284 -60.954
973.584 -70.244
973.884 -57.003
974.184 -41.412
974.484 -11.210
974.784 10.720
975.084 40.272
975.385 65.386
975.685 84.950
975.985 96.471
976.285 102.067
976.585 109.085
976.885 111.804
977.185 105.248
977.486 102.206
977.786 103.865
978.086 94.592
978.386 98.111
978.686 93.863
978.986 91.782
979.286 82.669
979.587 73.555
979.887 67.419
980.187 61.419
980.487 53.418
980.787 48.132
981.087 40.561
981.387 45.989
981.688 51.703
981.988 51.702
982.288 58.416
982.588 62.987
982.888 54.130
983.188 45.844
983.488 46.558
983.789 39.272
984.089 27.843
984.389 13.128
984.689 0.699
984.989 9.270
985.289 22.413
985.589 19.555
985.890 17.555
986.190 19.126
986.490 40.554
986.790 45.697
987.090 33.411
987.390 17.839
987.690 6.553
987.991 7.838
988.291 8.695
988.591 -18.591
988.891 -35.449
989.191 -38.878
989.491 -35.592
989.791 -26.878
990.092 -18.879
990.392 -10.736
990.692 -0.165
990.992 16.120
991.292 20.549
991.592 22.120
991.892 25.119
992.193 22.119
992.493 24.833
992.793 28.833
993.093 12.404
993.393 9.546
993.693 8.403
993.993 -6.312
994.294 -22.741
994.594 -29.312
994.894 -26.884
995.194 -17.027
995.494 -14.742
995.794 -18.314
996.094 -13.743
996.395 1.686
996.695 8.114
996.995 -0.315
997.295 -1.458
997.595 10.113
997.895 21.541
998.195 24.112
998.496 25.826
998.796 18.540
999.096 15.968
999.396 17.111
999.696 5.825
999.996 4.682
1000.296 19.538
1000.597 13.538
1000.897 14.109
1001.197 20.252
1001.497 26.394
1001.797 36.822
1002.097 29.108
1002.397 6.107
1002.698 -0.893
1002.998 -2.893
1003.298 2.535
1003.598 1.820
1003.898 -10.609
1004.198 -14.323
1004.498 -11.181
1004.799 -16.895
1005.099 -32.610
1005.399 -49.467
1005.699 -63.611
1005.999 -66.325
1006.299 -58.325
1006.599 -56.469
1006.900 -50.612
1007.200 -33.184
1007.500 -29.898
1007.800 -28.184
1008.100 -25.613
1008.400 -29.756
1008.700 -28.042
1009.001 -20.328
1009.301 -22.614
1009.601 -20.901
1009.901 -23.187
1010.201 -27.044
1010.501 -28.473
1010.801 -38.759
1011.102 -34.188
1011.402 -24.331
1011.702 -15.189
1012.002 3.811
1012.302 15.097
1012.602 10.668
1012.902 7.524
1013.203 -5.619
1013.503 -13.048
1013.803 -11.334
1014.103 -24.620
1014.403 -41.906
1014.703 -36.192
1015.003 -14.192
1015.304 -3.335
1015.604 -16.050
1015.904 -25.050
1016.204 -12.479
1016.504 10.092
1016.804 8.377
1017.104 -10.337
1017.405 -16.338
1017.705 -4.052
1018.005 7.662
1018.305 4.804
1018.605 -13.339
1018.905 -13.196
1019.205 -2.197
1019.506 -7.911
1019.806 -12.769
1020.106 -23.769
1020.406 -40.198
1020.706 -40.198
1021.006 -37.484
1021.306 -31.199
1021.607 -25.342
1021.907 -20.485
1022.207 -9.914
1022.507 -1.343
1022.807 15.371
1023.107 17.228
1023.407 13.370
1023.708 18.370
1024.008 16.941
1024.308 5.655
1024.608 8.226
1024.908 5.083
1025.208 16.369
1025.508 21.511
1025.809 19.368
1026.109 16.939
1026.409 13.510
1026.709 9.081
1027.009 7.224
1027.309 9.509
1027.609 11.509
1027.910 6.223
1028.210 7.080
1028.510 13.365
1028.810 23.793
1029.110 36.079
1029.410 27.078
1029.710 14.650
1030.011 19.078
1030.311 17.506
1030.611 8.220
1030.911 4.220
1031.211 -6.352
1031.511 -15.924
1031.811 -13.638
1032.112 -19.639
1032.412 -14.353
1032.712 -11.068
1033.012 -16.639
1033.312 -24.211
1033.612 -20.926
1033.912 -17.783
1034.212 -13.069
1034.513 -10.498
1034.813 3.644
1035.113 8.073
1035.413 19.787
1035.713 29.929
1036.013 33.215
1036.313 39.786
1036.614 30.500
1036.914 13.928
1037.214 6.499
1037.514 7.927
1037.814 -0.501
1038.114 -9.073
1038.414 -22.359
1038.715 -29.217
1039.015 -24.931
1039.315 -26.074
1039.615 -37.646
1039.915 -38.504
1040.215 -34.647
1040.515 -24.076
1040.816 -20.647
1041.116 -24.790
1041.416 -11.791
1041.716 -5.934
1042.016 -6.220
1042.316 -9.935
1042.616 -12.363
1042.917 -17.078
1043.217 -16.650
1043.517 -26.364
1043.817 -35.936
1044.117 -37.793
1044.417 -37.937
1044.717 -49.080
1045.018 -40.937
1045.318 -20.366
1045.618 -17.223
1045.918 -25.367
1046.218 -25.224
1046.518 -16.510
1046.818 4.490
1047.119 15.918
1047.419 4.060
1047.719 1.632
1048.019 10.060
1048.319 9.060
1048.619 0.488
1048.919 -14.941
1049.220 -25.370
1049.520 -26.227
1049.820 -19.942
1050.120 -16.228
1050.420 -10.371
1050.720 -10.371
1051.020 -2.943
1051.321 11.771
1051.621 17.485
1051.921 16.056
1052.221 19.056
1052.521 19.198
1052.821 19.627
1053.121 6.912
1053.422 -15.517
1053.722 -28.374
1054.022 -32.374
1054.322 -39.375
1054.622 -44.946
1054.922 -48.947
1055.222 -36.518
1055.523 -14.376
1055.823 -1.805
1056.123 2.052
1056.423 9.623
1056.723 21.623
1057.023 31.337
1057.323 34.337
1057.624 31.765
1057.924 36.908
1058.224 35.764
1058.524 29.764
1058.824 13.621
1059.124 2.621
1059.424 -1.237
1059.725 -3.666
1060.025 -9.237
1060.325 -6.952
1060.625 -5.381
1060.925 -8.667
1061.225 -4.953
1061.525 -3.667
1061.826 0.332
1062.126 -1.239
1062.426 -11.954
1062.726 -10.526
1063.026 0.617
1063.326 1.902
1063.626 -2.384
1063.927 -10.670
1064.227 -21.670
1064.527 -21.670
1064.827 -19.670
1065.127 -15.099
1065.427 -17.814
1065.727 -30.528
1066.028 -39.386
1066.328 -31.386
1066.628 -20.815
1066.928 -24.529
1067.228 -37.530
1067.528 -29.673
1067.828 -21.816
1068.129 -18.388
1068.429 -20.817
1068.729 -16.817
1069.029 -18.103
1069.329 -18.817
1069.629 -27.818
1069.929 -29.389
1070.230 -23.532
1070.530 -28.247
1070.830 -44.390
1071.130 -40.819
1071.430 -34.105
1071.730 -26.391
1072.030 -26.677
1072.331 -38.820
1072.631 -41.535
1072.931 -31.821
1073.231 -33.392
1073.531 -32.393
1073.831 -31.536
1074.131 -24.250
1074.432 -9.108
1074.732 11.321
1075.032 18.463
1075.332 16.749
1075.632 1.177
1075.932 -10.109
1076.232 -19.538
1076.533 -37.824
1076.833 -52.253
1077.133 -59.110
1077.433 -61.110
1077.733 -55.539
1078.033 -55.968
1078.333 -59.111
1078.634 -58.969
1078.934 -62.540
1079.234 -63.541
1079.534 -60.398
1079.834 -52.684
1080.134 -46.256
1080.434 -38.970
1080.735 -32.256
1081.035 -26.256
1081.335 -29.114
1081.635 -33.686
1081.935 -36.972
1082.235 -32.686
1082.535 -33.972
1082.836 -37.258
1083.136 -42.401
1083.436 -40.973
1083.736 -27.830
1084.036 -19.402
1084.336 -21.688
1084.636 -11.974
1084.937 -5.117
1085.237 -4.117
1085.537 -4.689
1085.837 -8.546
1086.137 -12.689
1086.437 -22.404
1086.737 -40.119
1087.038 -40.119
1087.338 -34.833
1087.638 -31.119
1087.938 -25.262
1088.238 -12.691
1088.538 3.166
1088.838 11.451
1089.139 -9.121
1089.439 -14.407
1089.739 -13.407
1090.039 -17.407
1090.339 -20.836
1090.639 -25.265
1090.939 -11.836
1091.240 17.163
1091.540 35.306
1091.840 41.306
1092.140 51.734
1092.453 48.877
1092.766 40.876
1093.079 32.019
1093.392 23.447
1093.705 11.447
1094.018 -2.553
1094.330 -15.125
1094.643 -19.982
1094.956 -17.697
1095.269 -16.554
1095.582 -7.126
1095.895 0.017
1096.208 -0.269
1096.521 -14.841
1096.834 -23.556
1097.147 -28.984
1097.460 -30.842
1097.773 -39.128
1098.085 -51.699
1098.398 -53.700
1098.711 -48.986
1099.024 -38.557
1099.337 -23.272
1099.650 -22.701
1099.963 -32.844
1100.276 -31.416
1100.589 -26.701
1100.902 -18.987
1101.215 -12.845
1101.528 -10.559
1101.841 -4.417
1102.153 7.869
1102.466 9.297
1102.779 18.011
1103.092 21.297
1103.405 20.725
1103.718 13.439
1104.031 5.296
1104.344 4.438
1104.657 9.581
1104.970 12.581
1105.283 11.152
1105.596 -3.705
1105.909 1.009
1106.221 9.294
1106.534 8.008
1106.847 6.151
1107.160 6.008
1107.473 1.436
1107.786 -8.421
1108.099 -25.422
1108.412 -36.565
1108.725 -38.708
1109.038 -39.137
1109.351 -43.566
1109.664 -39.709
1109.977 -30.423
1110.289 -29.995
1110.602 -25.138
1110.915 -34.138
1111.228 -49.710
1111.541 -56.996
1111.854 -61.568
1112.167 -60.711
1112.480 -54.568
1112.793 -64.568
1113.106 -55.283
1113.419 -45.854
1113.732 -43.283
1114.044 -34.141
1114.357 -20.141
1114.670 -12.855
1114.983 -3.284
1115.296 -2.284
1115.609 1.572
1115.922 3.144
1116.235 -13.142
1116.548 -37.143
1116.861 -43.857
1117.174 -44.143
1117.487 -42.286
1117.800 -51.858
1118.112 -55.001
1118.425 -34.573
1118.738 -16.859
1119.051 -10.145
1119.364 2.855
1119.677 16.141
1119.990 31.140
1120.303 40.426
1120.616 39.711
1120.929 41.283
1121.242 41.425
1121.555 32.996
1121.868 14.568
1122.180 14.425
1122.493 16.710
1122.806 4.710
1123.119 -8.433
1123.432 -21.719
1123.745 -36.862
1124.058 -34.005
1124.371 -34.434
1124.684 -44.720
1124.997 -51.578
1125.310 -46.578
1125.623 -38.578
1125.935 -26.007
1126.248 -30.721
1126.561 -39.007
1126.874 -37.293
1127.187 -31.436
1127.500 -32.722
1127.813 -25.294
1128.126 -15.866
1128.439 -17.009
1128.752 -21.152
1129.065 -25.723
1129.378 -29.724
1129.691 -25.153
1130.003 -27.867
1130.316 -22.582
1130.629 -10.725
1130.942 -8.725
1131.255 -6.011
1131.568 -1.868
1131.881 -5.154
1132.194 -13.297
1132.507 -21.869
1132.820 -21.155
1133.133 -16.441
1133.446 -13.441
1133.759 -2.584
1134.071 1.844
1134.384 8.558
1134.697 3.415
1135.010 3.558
1135.323 -0.585
1135.636 -1.014
1135.949 -4.729
1136.262 -6.157
1136.575 -13.300
1136.888 -19.301
1137.201 -20.158
1137.514 -10.301
1137.826 -9.301
1138.139 -11.730
1138.452 -10.445
1138.765 0.269
1139.078 10.412
1139.391 12.698
1139.704 7.983
1140.017 -0.446
1140.330 -6.589
1140.643 -6.303
1140.956 -15.018
1141.269 -13.161
1141.582 -18.733
1141.894 -27.304
1142.207 -13.876
1142.520 -12.733
1142.833 -25.305
1143.146 -22.019
1143.459 -31.163
1143.772 -31.734
1144.085 -19.592
1144.398 -18.163
1144.711 -4.878
1145.024 10.693
1145.337 18.122
1145.650 30.407
1145.962 32.979
1146.275 22.407
1146.588 12.121
1146.901 0.549
1147.214 5.406
1147.527 8.977
1147.840 -0.451
1148.153 -12.594
1148.466 -7.595
1148.779 -8.738
1149.092 -11.167
1149.405 -16.738
1149.718 -15.024
1150.030 -12.739
1150.343 -1.739
1150.656 0.975
1150.969 7.975
1151.282 9.260
1151.595 4.975
1151.908 -0.883
1152.221 -2.026
1152.534 -4.883
1152.847 -13.169
1153.160 -14.884
1153.473 -11.170
1153.785 -2.598
1154.098 8.401
1154.411 12.258
1154.724 25.544
1155.037 48.972
1155.350 38.401
1155.663 35.686
1155.976 32.686
1156.289 6.971
1156.602 -6.315
1156.915 -21.315
1157.228 -37.601
1157.541 -26.744
1157.853 -35.744
1158.166 -44.173
1158.479 -34.745
1158.792 -34.602
1159.105 -39.888
1159.418 -46.459
1159.731 -61.603
1160.044 -55.746
1160.357 -51.174
1160.670 -53.317
1160.983 -55.318
1161.296 -51.032
1161.609 -50.175
1161.921 -28.890
1162.234 -15.890
1162.547 -24.747
1162.860 -36.033
1163.173 -28.033
1163.486 -14.462
1163.799 -10.748
1164.112 -22.748
1164.425 -38.177
1164.738 -37.463
1165.051 -30.463
1165.364 -30.463
1165.676 -35.892
1165.989 -31.321
1166.302 -38.607
1166.615 -39.036
1166.928 -24.750
1167.241 -11.608
1167.554 -0.894
1167.867 -4.465
1168.180 -6.323
1168.493 -3.037
1168.806 7.106
1169.119 2.534
1169.432 -16.895
1169.744 -38.038
1170.057 -42.038
1170.370 -37.324
1170.683 -33.324
1170.996 -41.182
1171.309 -39.182
1171.622 -28.896
1171.935 -30.896
1172.248 -45.182
1172.561 -59.611
1172.874 -49.754
1173.187 -43.897
1173.500 -44.183
1173.812 -41.469
1174.125 -24.041
1174.438 -7.755
1174.751 1.102
1175.064 -10.899
1175.377 -16.470
1175.690 -21.328
1176.003 -19.899
1176.316 -20.614
1176.629 -22.042
1176.942 -20.043
1177.255 -20.043
1177.567 -20.186
1177.880 -20.472
1178.193 -19.901
1178.506 -18.901
1178.819 -8.615
1179.132 -1.330
1179.445 2.956
1179.758 2.956
1180.071 -1.759
1180.384 -7.188
1180.697 -8.474
1181.010 -24.617
1181.323 -34.331
1181.635 -30.046
1181.948 -26.332
1182.261 -23.618
1182.574 -20.332
1182.887 -17.761
1183.200 -4.904
1183.513 0.525
1183.826 -8.190
1184.139 -7.904
1184.452 -3.762
1184.765 8.952
1185.078 17.666
1185.391 10.523
1185.703 14.380
1186.016 25.809
1186.329 29.808
1186.642 28.094
1186.955 8.665
1187.268 -4.478
1187.581 1.093
1187.894 -14.764
1188.207 -22.336
1188.520 -30.622
1188.833 -38.622
1189.146 -33.051
1189.459 -32.765
1189.771 -37.194
1190.084 -34.765
1190.397 -45.194
1190.710 -37.194
1191.023 -18.766
1191.336 -18.195
1191.649 -16.909
1191.962 -16.481
1192.275 -12.338
1192.588 4.947
1192.901 9.661
1193.214 7.518
1193.526 5.090
1193.839 4.375
1194.152 11.803
1194.465 14.375
1194.778 5.232
1195.091 -10.483
1195.404 -22.769
1195.717 -17.483
1196.030 -14.198
1196.343 -17.341
1196.656 -22.055
1196.969 -24.198
1197.282 -23.484
1197.594 -18.913
1197.907 -19.056
1198.220 -9.199
1198.533 -4.628
1198.846 -10.771
1199.159 -2.628
1199.472 10.943
1199.785 9.943
1200.098 11.943
1200.411 -5.486
1200.724 -17.201
1201.037 -7.201
1201.350 -14.058
1201.662 -27.630
1201.975 -26.963
1202.288 -36.030
1202.601 -36.880
