165.028 15.047
165.288 6.454
165.547 3.728
165.807 4.068
166.067 -8.060
166.327 -8.188
166.587 0.398
166.847 -13.588
167.107 -26.430
167.367 -36.558
167.627 -37.115
167.886 -31.814
168.146 -34.513
168.406 -39.356
168.666 -26.055
168.926 -18.611
169.186 -20.310
169.446 -23.723
169.706 -16.708
169.966 -3.264
170.225 0.752
170.485 -11.233
170.745 -10.646
171.005 1.084
171.265 -12.329
171.525 -31.313
171.785 -48.297
172.045 -50.852
172.305 -43.694
172.564 -42.249
172.824 -35.947
173.084 -3.788
173.344 13.657
173.604 16.101
173.864 21.546
174.124 36.848
174.384 52.579
174.644 54.024
174.903 36.326
175.163 24.771
175.423 37.074
175.683 40.376
175.943 32.821
176.203 23.409
176.463 8.997
176.723 3.157
176.983 1.031
177.242 -13.381
177.502 -24.792
177.762 -31.489
178.022 -27.187
178.282 -17.884
178.542 4.133
178.802 12.722
179.062 13.310
179.322 12.613
179.581 11.202
179.841 2.505
180.101 2.665
180.361 -12.603
180.621 -19.586
180.881 -24.140
181.141 -27.979
181.401 -22.105
181.661 -20.516
181.920 -21.927
182.180 -16.052
182.440 -9.463
182.700 -3.445
182.960 4.287
183.220 -1.695
183.480 1.180
183.740 4.054
184.000 6.929
184.259 6.947
184.519 16.108
184.779 28.697
185.039 47.144
185.299 52.590
185.559 60.608
185.819 57.769
186.079 52.644
186.339 37.805
186.598 9.109
186.858 -18.730
187.118 -26.140
187.378 -41.122
187.638 -50.533
187.898 -51.372
188.158 -49.925
188.418 -39.907
188.678 -35.460
188.937 -54.870
189.197 -65.280
189.457 -65.691
189.717 -66.244
189.977 -55.654
190.237 -49.493
190.497 -38.903
190.757 -9.742
191.017 3.134
191.276 8.581
191.536 11.456
191.796 4.475
192.056 -5.507
192.316 -14.489
192.576 -24.899
192.836 -21.023
193.096 -32.576
193.356 -42.700
193.616 -43.825
193.875 -46.235
194.135 -44.502
194.395 -41.483
194.655 -46.036
194.915 -23.446
195.175 -9.999
195.435 -18.838
195.695 -12.248
195.955 0.199
196.214 5.361
196.474 3.951
196.734 -16.459
196.994 -16.727
197.254 7.006
197.514 7.025
197.774 -8.814
198.034 -17.081
198.294 -9.348
198.553 -2.187
198.813 -8.739
199.073 -23.435
199.333 -17.845
199.593 -7.827
199.853 0.192
200.113 0.496
200.373 5.229
200.633 9.391
200.892 14.123
201.152 6.285
201.412 -5.697
201.672 -18.821
201.932 -33.945
202.192 -40.927
202.452 -37.194
202.712 -27.032
202.972 -21.014
203.231 -21.995
203.491 -9.120
203.751 2.756
204.011 3.060
204.271 7.364
204.531 2.954
204.791 -2.742
205.051 8.991
205.311 13.295
205.570 25.028
205.830 45.618
206.090 50.208
206.350 40.940
206.610 47.673
206.870 58.549
207.130 50.424
207.390 34.157
207.650 18.890
207.909 2.051
208.169 1.783
208.429 -0.627
208.689 -14.609
208.949 -22.162
209.209 -25.429
209.469 -36.268
209.729 -34.964
209.989 -35.660
210.248 -32.928
210.508 -23.767
210.768 -14.034
211.028 -8.444
211.288 9.574
211.548 19.020
211.808 18.467
212.068 15.771
212.328 8.361
212.587 5.664
212.847 12.254
213.107 9.843
213.367 0.861
213.627 -4.264
213.887 -0.103
214.147 1.915
214.407 0.648
214.667 1.808
214.926 -0.317
215.186 4.701
215.446 10.433
215.706 0.308
215.966 4.612
216.226 -0.513
216.486 -16.638
216.746 -9.192
217.006 -3.460
217.265 -3.442
217.525 9.290
217.785 12.736
218.045 13.611
218.305 18.343
218.565 7.075
218.825 6.950
219.085 18.824
219.345 15.985
219.604 1.860
219.864 1.163
220.124 6.323
220.384 8.483
220.644 0.644
220.904 -5.053
221.164 -8.321
221.424 -4.447
221.684 0.570
221.943 -11.127
222.203 -16.395
222.463 -6.235
222.723 -2.932
222.983 -4.343
223.243 -4.040
223.503 -21.595
223.763 -27.720
224.023 -37.989
224.282 -48.543
224.542 -50.098
224.802 -46.938
225.062 -49.349
225.322 -28.761
225.582 -12.030
225.842 -1.298
226.102 -11.710
226.362 -27.265
226.621 -20.391
226.881 -4.231
227.141 2.500
227.401 -2.197
227.661 -7.466
227.921 1.408
228.181 8.567
228.441 -2.416
228.701 -14.257
228.960 -14.240
229.220 -10.081
229.480 -9.778
229.740 -11.333
230.000 -12.603
230.260 -2.872
230.520 2.716
230.780 -16.125
231.040 -25.680
231.299 -26.949
231.559 -32.218
231.819 -33.774
232.079 -36.472
232.339 -27.312
232.599 -13.153
232.859 -2.423
233.119 1.307
233.379 7.324
233.638 6.340
233.898 0.213
234.158 -16.914
234.418 -25.184
234.678 -18.311
234.938 -3.580
235.198 -7.564
235.458 -10.406
235.718 -6.390
235.978 -9.088
236.237 -4.644
236.497 -5.771
236.757 -17.612
237.017 -10.882
237.277 9.990
237.537 13.863
237.797 23.307
238.057 27.609
238.317 23.339
238.576 26.211
238.836 24.512
239.096 6.671
239.356 6.400
239.616 11.559
239.876 6.574
240.136 4.732
240.396 0.319
240.656 0.763
240.915 9.492
241.175 1.222
241.435 -6.763
241.695 1.538
241.955 17.696
242.215 35.568
242.475 46.012
242.735 42.312
242.995 40.899
243.254 37.485
243.514 22.500
243.774 6.372
244.034 -0.327
244.294 -5.598
244.554 -3.298
244.814 -1.569
245.074 -4.697
245.334 -2.539
245.593 -6.382
245.853 -17.938
246.113 -23.495
246.373 -23.766
246.633 -14.466
246.893 0.406
247.153 10.420
247.413 6.435
247.673 10.735
247.932 17.606
248.192 18.764
248.452 7.492
248.712 -8.351
248.972 -14.336
249.232 0.249
249.492 -4.308
249.752 -16.294
250.012 -20.137
250.271 -16.980
250.531 -13.251
250.791 -15.095
251.051 -21.081
251.311 -21.924
251.571 -7.338
251.831 8.390
252.091 12.689
252.351 15.989
252.610 19.860
252.870 26.588
253.130 31.173
253.390 21.330
253.650 21.058
253.911 16.643
254.172 19.657
254.433 19.527
254.694 7.398
254.955 -3.017
255.216 -7.861
255.477 -26.276
255.738 -23.976
255.999 -22.820
256.261 -22.521
256.522 -15.793
256.783 -4.637
257.044 2.376
257.305 16.675
257.566 30.260
257.827 29.702
258.088 21.143
258.349 15.014
258.610 13.884
258.871 11.183
259.132 -0.947
259.393 -12.934
259.654 -15.207
259.915 -5.623
260.176 -3.324
260.437 -7.025
260.698 -5.012
260.959 4.000
261.221 8.013
261.482 3.597
261.743 0.753
262.004 5.623
262.265 10.207
262.526 10.363
262.787 3.089
263.048 -13.469
263.309 -13.457
263.570 -11.444
263.831 0.282
264.092 13.438
264.353 16.879
264.614 21.606
264.875 35.475
265.136 43.916
265.397 45.357
265.658 25.798
265.919 17.239
266.181 25.537
266.442 28.834
266.703 25.132
266.964 17.144
267.225 15.585
267.486 12.026
267.747 0.181
268.008 -4.664
268.269 -0.510
268.530 11.074
268.791 24.657
269.052 27.812
269.313 39.824
269.574 42.836
269.835 31.562
270.096 17.716
270.357 3.014
270.618 -8.832
270.879 -5.820
271.141 2.763
271.402 10.489
271.663 29.501
271.924 50.512
272.185 56.953
272.446 46.821
272.707 23.833
272.968 3.844
273.229 1.427
273.490 0.296
273.751 -6.693
274.012 -3.253
274.273 18.044
274.534 37.341
274.795 45.352
275.056 45.649
275.317 27.518
275.578 13.814
275.839 12.254
276.101 5.980
276.362 8.848
276.623 14.859
276.884 14.727
277.145 22.167
277.406 28.892
277.667 22.046
277.928 21.914
278.189 23.068
278.450 16.221
278.711 2.518
278.972 -15.043
279.233 -24.318
279.494 -14.307
279.755 -10.296
280.016 -18.714
280.277 -20.846
280.538 -10.121
280.799 6.461
281.061 10.043
281.322 0.482
281.583 -7.079
281.844 -9.640
282.105 -5.772
282.366 -5.047
282.627 -13.608
282.888 -18.026
283.149 -20.016
283.410 -24.577
283.671 -22.138
283.932 -16.271
284.193 0.025
284.454 19.750
284.715 28.474
284.976 32.056
285.237 35.352
285.498 31.791
285.759 17.372
286.021 -0.618
286.282 -7.750
286.543 -3.026
286.804 -0.302
287.065 -4.149
287.326 4.718
287.587 7.300
287.848 -4.262
288.109 -22.252
288.370 -31.814
288.631 -41.947
288.892 -36.651
289.153 -33.927
289.414 -38.632
289.675 -24.193
289.936 -9.898
290.197 -11.888
290.458 -1.307
290.719 4.560
290.981 6.712
291.242 14.008
291.503 13.160
291.764 19.884
292.025 39.036
292.286 45.617
292.547 30.912
292.808 21.350
293.069 18.074
293.330 8.369
293.591 -0.050
293.852 -12.755
294.113 -19.031
294.374 -6.165
294.635 4.559
294.896 24.139
295.157 40.720
295.418 43.301
295.679 49.167
295.941 47.605
296.202 41.042
296.463 29.337
296.724 11.632
296.985 1.927
297.246 7.079
297.507 6.088
297.768 -5.189
298.029 -15.037
298.290 -10.600
298.551 -0.019
298.812 0.275
299.073 0.713
299.334 -1.564
299.595 13.016
299.856 29.311
300.117 25.034
300.378 7.328
300.639 10.051
300.901 4.346
301.162 -10.074
301.423 -24.065
301.684 -40.342
301.945 -45.048
302.206 -26.611
302.467 -21.174
302.728 -26.165
302.989 -21.442
303.250 -9.291
303.511 -1.140
303.772 -1.131
304.033 -7.123
304.294 -10.829
304.555 -6.963
304.816 0.760
305.077 -4.089
305.338 -2.224
305.599 16.785
305.861 26.507
306.122 28.658
306.383 31.095
306.644 27.246
306.905 26.969
307.166 21.406
307.427 9.985
307.688 2.850
307.949 1.144
308.210 -0.848
308.471 -3.554
308.732 -0.260
308.993 19.034
309.254 16.327
309.515 9.621
309.776 1.629
310.037 -5.934
310.298 -0.926
310.559 10.653
310.821 4.089
311.082 13.812
311.343 25.391
311.604 34.542
311.865 44.264
312.126 50.129
312.387 40.708
312.648 34.716
312.909 29.152
313.170 19.017
313.434 11.453
313.698 10.175
313.963 -1.389
314.227 -3.952
314.491 -1.659
314.755 -4.794
315.019 -0.787
315.284 13.506
315.548 25.943
315.812 36.379
316.076 39.958
316.340 41.679
316.604 35.830
316.869 27.694
317.133 25.273
317.397 11.281
317.661 -5.141
317.925 -19.562
318.190 -30.412
318.454 -30.119
318.718 -20.968
318.982 -26.533
319.246 -35.525
319.511 -36.661
319.775 -29.082
320.039 -18.361
320.303 -7.925
320.567 -1.489
320.832 -5.339
321.096 -3.189
321.360 8.675
321.624 13.111
321.888 11.689
322.153 6.553
322.417 0.418
322.681 4.568
322.945 14.146
323.209 19.439
323.473 12.017
323.738 4.310
324.002 5.174
324.266 1.467
324.530 9.473
324.794 7.337
325.059 3.630
325.323 12.637
325.587 19.215
325.851 19.651
326.115 15.372
326.380 3.093
326.644 6.099
326.908 3.535
327.172 -7.887
327.436 -11.880
327.701 -8.731
327.965 -5.581
328.229 -16.717
328.493 -31.854
328.757 -34.561
329.022 -33.412
329.286 -27.120
329.550 -21.827
329.814 -24.964
330.078 -21.100
330.342 -9.379
330.607 5.485
330.871 23.634
331.135 21.212
331.399 6.933
331.663 1.653
331.928 14.231
332.192 10.381
332.456 -12.185
332.720 -22.178
332.984 -5.315
333.249 9.263
333.513 27.269
333.777 41.562
334.041 49.282
334.305 57.288
334.570 58.438
334.834 51.729
335.098 38.450
335.362 23.028
335.626 7.320
335.891 0.326
336.155 4.332
336.419 0.338
336.683 -6.227
336.947 4.207
337.211 11.499
337.476 -2.495
337.740 -4.631
338.004 5.660
338.268 13.809
338.532 15.958
338.797 20.536
339.061 26.970
339.325 39.548
339.589 39.268
339.853 22.131
340.118 23.851
340.382 11.143
340.646 -1.994
340.910 -2.845
341.174 0.875
341.439 19.452
341.703 24.601
341.967 4.178
342.231 6.755
342.495 13.190
342.759 4.481
343.024 -7.227
343.288 -23.936
343.552 -25.501
343.816 -16.353
344.080 -16.061
344.345 -18.484
344.609 -11.907
344.873 -6.330
345.137 -11.896
345.401 -10.747
345.666 -8.027
345.930 -5.879
346.194 -3.159
346.458 -5.868
346.722 -0.719
346.987 5.572
347.251 -7.280
347.515 -17.274
347.779 -20.697
348.043 -24.692
348.308 -23.257
348.572 -18.823
348.836 -11.247
349.100 2.902
349.364 17.907
349.628 26.198
349.893 15.775
350.157 4.923
350.421 -5.928
350.685 1.649
350.949 4.368
351.214 -7.341
351.478 -9.335
351.742 7.956
352.006 22.390
352.270 37.823
352.535 30.400
352.799 27.834
353.063 36.553
353.327 34.416
353.591 23.993
353.856 24.569
354.120 11.289
354.384 -0.420
354.648 -9.415
354.912 -18.982
355.177 -24.834
355.441 -25.686
355.705 -31.538
355.969 -19.961
356.233 -11.956
356.497 -8.522
356.762 0.340
357.026 4.916
357.290 2.350
357.554 -4.645
357.818 -17.783
358.083 -18.349
358.347 -7.773
358.611 -12.911
358.875 -12.048
359.139 -10.615
359.404 -8.467
359.668 -1.034
359.932 3.686
360.196 -2.881
360.460 -3.447
360.725 4.558
360.989 14.705
361.253 33.424
361.517 41.858
361.781 44.291
362.046 52.010
362.310 51.301
362.574 33.163
362.838 35.453
363.102 27.887
363.366 7.749
363.631 -1.532
363.895 -13.813
364.159 -10.094
364.423 15.768
364.687 17.201
364.952 15.491
365.216 17.639
365.480 17.786
365.747 27.505
366.013 25.653
366.280 12.658
366.546 11.805
366.813 14.524
367.079 25.529
367.346 33.390
367.612 31.109
367.879 42.257
368.145 55.547
368.412 51.266
368.678 39.128
368.945 34.703
369.211 25.565
369.478 26.570
369.744 22.288
370.011 8.007
370.278 -5.845
370.544 -7.270
370.811 -8.836
371.077 5.454
371.344 5.887
371.610 5.177
371.877 5.181
372.143 8.614
372.410 17.190
372.676 14.337
372.943 -2.944
373.209 -4.654
373.476 -4.792
373.742 -7.931
374.009 -2.069
374.276 -2.922
374.542 -2.632
374.809 -0.057
375.075 -6.767
375.342 -7.191
375.608 -0.044
375.875 3.961
376.141 5.679
376.408 11.398
376.674 17.116
376.941 18.692
377.207 7.125
377.474 -13.157
377.740 -15.581
378.007 -13.149
378.273 -18.716
378.540 -21.712
378.807 -10.279
379.073 -2.418
379.340 12.444
379.606 8.876
379.873 6.595
380.139 9.027
380.406 -1.683
380.672 -19.250
380.939 -18.817
381.205 -12.385
381.472 -4.809
381.738 -9.520
382.005 -9.373
382.271 5.060
382.538 10.207
382.804 6.354
383.071 -2.928
383.338 -11.067
383.604 -10.349
383.871 -16.630
384.137 -20.769
384.404 -16.337
384.670 -20.333
384.937 -15.472
385.203 -10.611
385.470 -13.178
385.736 -4.603
386.003 -1.599
386.269 6.691
386.536 17.695
386.802 6.841
387.069 -2.441
387.336 5.706
387.602 6.139
387.869 -2.715
388.135 -16.140
388.402 -19.564
388.668 -9.560
388.935 0.872
389.201 -0.696
389.468 -6.406
389.734 -3.260
390.001 2.173
390.267 -12.538
390.534 -18.820
390.800 -18.959
391.067 -11.955
391.333 -5.523
391.600 -8.233
391.867 -1.373
392.133 21.917
392.400 27.063
392.666 22.924
392.933 9.356
393.199 9.217
393.466 23.078
393.732 22.653
393.999 18.514
394.265 23.517
394.532 25.093
394.798 26.668
395.065 21.957
395.331 2.246
395.598 -3.607
395.864 4.396
396.131 7.828
396.398 10.832
396.664 22.693
396.931 28.839
397.197 42.414
397.464 42.132
397.730 27.707
397.997 18.139
398.263 16.999
398.530 15.860
398.796 25.435
399.063 34.010
399.329 41.585
399.596 47.731
399.862 51.735
400.129 54.595
400.396 56.313
400.662 52.745
400.929 53.605
401.195 69.180
401.462 91.469
401.728 114.759
401.995 154.619
402.261 188.765
402.528 232.197
402.794 281.201
403.061 332.490
403.327 389.350
403.594 448.068
403.860 508.500
404.127 577.217
404.393 645.506
404.660 705.938
404.931 760.942
405.202 831.516
405.473 892.520
405.745 943.952
406.016 997.526
406.287 1047.244
406.558 1095.390
406.829 1148.107
407.100 1184.539
407.371 1229.828
407.642 1261.403
407.914 1277.549
408.185 1286.267
408.456 1305.555
408.727 1310.844
408.998 1310.990
409.269 1302.565
409.540 1279.711
409.811 1265.429
410.083 1249.575
410.354 1230.292
410.625 1198.009
410.896 1154.727
411.167 1119.444
411.438 1096.019
411.709 1060.736
411.981 1022.168
412.252 965.171
412.523 918.460
412.794 875.177
413.065 828.038
413.336 785.326
413.607 740.044
413.878 694.761
414.150 660.336
414.421 623.339
414.692 583.056
414.963 544.916
415.234 511.634
415.505 476.065
415.776 443.640
416.047 411.214
416.319 367.931
416.590 325.077
416.861 289.794
417.132 247.940
417.403 207.943
417.674 167.803
417.945 142.378
418.217 130.381
418.488 107.669
418.759 88.958
419.030 74.961
419.301 59.678
419.572 53.253
419.843 49.398
420.114 37.830
420.386 40.833
420.657 28.407
420.928 8.982
421.199 9.842
421.470 3.702
421.741 -22.867
422.012 -29.864
422.283 -31.861
422.555 -14.001
422.826 6.430
423.097 8.719
423.368 6.007
423.639 5.867
423.910 14.442
424.181 26.159
424.453 11.019
424.724 3.593
424.995 2.596
425.266 5.599
425.537 18.887
425.808 14.176
426.079 -0.536
426.350 -9.390
426.622 -20.530
426.893 -27.528
427.164 -22.525
427.435 -28.379
427.706 -31.376
427.977 -26.517
428.248 -22.800
428.519 -25.368
428.791 -17.651
429.062 -19.934
429.333 -16.646
429.604 -19.357
429.875 -17.926
430.146 -4.923
430.417 -0.921
430.689 -2.632
430.960 2.799
431.231 11.087
431.502 26.090
431.773 33.378
432.044 41.952
432.315 54.812
432.586 46.815
432.858 36.532
433.129 26.392
433.400 13.108
433.671 -8.317
433.942 -21.743
434.213 -22.169
434.484 -18.167
434.755 -11.164
435.027 -1.733
435.298 3.127
435.569 19.415
435.840 20.703
436.116 11.992
436.391 10.566
436.667 15.711
436.942 18.714
437.218 22.859
437.493 23.576
437.769 21.578
438.045 30.295
438.320 41.012
438.596 31.443
438.871 13.303
439.147 -3.980
439.422 -7.264
439.698 -11.690
439.974 -20.116
440.249 -27.399
440.525 -22.111
440.800 -16.251
441.076 -9.534
441.351 -12.675
441.627 -14.672
441.903 -19.241
442.178 -15.096
442.454 -13.379
442.729 -9.377
443.005 4.054
443.281 13.485
443.556 21.345
443.832 29.347
444.107 23.064
444.383 17.923
444.658 9.354
444.934 -5.643
445.210 -10.926
445.485 -11.781
445.761 -13.493
446.036 -10.348
446.312 -4.203
446.587 17.371
446.863 32.945
447.139 26.233
447.414 19.664
447.690 25.381
447.965 30.669
448.241 31.957
448.516 22.959
448.792 10.247
449.068 17.392
449.343 19.966
449.619 15.540
449.894 21.971
450.170 23.830
450.445 29.832
450.721 39.835
450.997 52.266
451.272 67.554
451.548 73.556
451.823 71.130
452.099 70.418
452.375 63.134
452.650 59.136
452.926 45.139
453.201 36.141
453.477 43.143
453.752 55.574
454.028 57.433
454.304 64.579
454.579 72.009
454.855 79.583
455.130 89.728
455.406 71.730
455.681 43.590
455.957 30.306
456.233 20.166
456.508 18.596
456.784 23.599
457.059 18.315
457.335 17.460
457.610 20.177
457.886 24.893
458.162 28.752
458.437 26.897
458.713 15.614
458.988 3.616
459.264 0.475
459.539 2.049
459.815 1.480
460.091 -3.233
460.366 -8.088
460.642 -11.371
460.917 -11.226
461.193 -15.653
461.468 -23.222
461.744 -20.934
462.020 -22.789
462.295 -29.501
462.571 -33.356
462.846 -30.496
463.122 -12.500
463.397 10.776
463.673 31.041
463.949 39.900
464.224 30.358
464.500 22.230
464.775 24.086
465.051 23.089
465.327 7.824
465.602 -17.435
465.878 -29.283
466.153 -22.451
466.429 -5.891
466.704 -10.462
466.980 -12.449
467.256 -11.313
467.531 -7.598
467.807 -0.875
468.082 3.976
468.358 0.695
468.633 9.733
468.909 22.697
469.185 35.207
469.460 39.527
469.736 32.198
470.011 37.957
470.287 43.445
470.562 37.841
470.838 22.017
471.114 17.303
471.389 15.603
471.665 20.362
471.940 29.366
472.216 40.693
472.491 44.607
472.767 52.738
473.043 48.557
473.318 40.731
473.594 38.556
473.869 33.075
474.145 26.165
474.421 27.496
474.696 32.024
474.972 45.136
475.247 58.082
475.523 48.917
475.798 32.042
476.074 24.773
476.350 23.606
476.625 10.952
476.901 -19.596
477.176 -31.517
477.452 -2.458
477.727 16.592
478.003 12.518
478.279 10.043
478.554 4.974
478.830 19.512
479.105 22.417
479.381 2.246
479.656 -8.201
479.932 -10.360
480.208 -7.623
480.483 4.088
480.759 8.991
481.034 11.010
481.310 17.350
481.585 18.506
481.861 22.976
482.137 18.077
482.412 7.863
482.688 0.540
482.963 7.955
483.239 0.641
483.514 -11.335
483.790 -6.928
484.066 3.030
484.341 15.709
484.617 24.683
484.892 14.547
485.168 19.102
485.443 34.476
485.719 27.226
485.995 24.347
486.270 16.803
486.546 9.575
486.821 9.725
487.097 17.997
487.373 16.002
487.648 6.191
487.924 -3.807
488.199 4.317
488.475 8.112
488.750 8.816
489.026 7.518
489.302 8.914
489.577 25.315
489.853 26.162
490.128 11.883
490.404 5.731
490.679 19.012
490.955 17.055
491.231 6.570
491.506 -4.891
491.782 -11.738
492.057 -15.375
492.333 -12.861
492.608 -28.380
492.884 -36.775
493.160 -31.463
493.435 -29.513
493.711 -26.730
493.986 -10.770
494.262 -0.390
494.537 -0.533
494.813 3.816
495.089 9.565
495.364 13.768
495.640 24.714
495.915 23.760
496.191 22.255
496.467 29.014
496.742 36.374
497.018 42.203
497.293 48.710
497.569 49.732
497.844 55.745
498.120 70.829
498.396 81.512
498.671 73.625
498.947 64.718
499.222 60.064
499.498 60.666
499.773 62.757
500.049 47.352
500.325 30.726
500.600 31.036
500.876 46.836
501.151 61.065
501.427 57.377
501.702 37.348
501.978 28.041
502.254 36.388
502.529 45.197
502.805 33.737
503.080 26.766
503.356 38.056
503.631 49.159
503.907 56.374
504.183 57.552
504.458 54.986
504.734 71.315
505.009 72.329
505.285 62.932
505.560 61.198
505.836 59.322
506.112 46.901
506.387 35.338
506.663 17.714
506.938 8.315
507.214 6.575
507.490 6.708
507.765 -1.072
508.041 3.407
508.316 23.238
508.592 28.390
508.867 26.382
509.143 22.789
509.419 28.476
509.694 46.939
509.970 52.077
510.245 35.991
510.521 28.802
510.796 35.934
511.072 40.066
511.348 28.356
511.623 19.035
511.899 16.874
512.174 15.310
512.450 15.018
512.725 12.145
513.001 16.634
513.277 32.131
513.552 36.473
513.828 39.122
514.103 46.425
514.379 53.985
514.654 64.903
514.930 63.876
515.206 56.514
515.481 47.640
515.757 46.894
516.032 51.704
516.308 58.175
516.583 62.069
516.859 80.348
517.135 95.716
517.410 114.839
517.686 137.482
517.961 159.234
518.237 180.062
518.513 196.111
518.788 208.909
519.064 229.957
519.339 251.438
519.615 268.879
519.890 282.469
520.166 305.384
520.442 345.954
520.717 379.810
520.993 392.409
521.268 406.376
521.544 423.051
521.819 450.129
522.095 457.180
522.371 442.595
522.646 425.647
522.922 428.717
523.197 443.599
523.473 453.052
523.748 445.529
524.024 444.510
524.300 443.578
524.575 450.415
524.851 453.560
525.126 436.423
525.402 413.549
525.677 392.497
525.953 377.277
526.229 358.879
526.504 337.007
526.780 308.879
527.055 297.037
527.331 287.553
527.606 269.725
527.882 241.949
528.158 235.760
528.433 233.065
528.709 236.456
528.984 235.515
529.260 231.303
529.535 239.807
529.811 261.458
530.087 258.593
530.362 252.392
530.638 247.745
530.913 246.595
531.189 247.593
531.465 239.583
531.740 226.592
532.016 228.267
532.291 235.066
532.567 237.197
532.842 223.979
533.118 218.074
533.394 223.520
533.669 221.863
533.945 213.981
534.220 204.164
534.496 195.020
534.771 201.088
535.047 203.158
535.323 205.977
535.598 218.980
535.874 245.498
536.149 271.963
536.425 314.146
536.700 350.708
536.976 391.733
537.252 449.823
537.527 521.108
537.803 590.312
538.078 659.000
538.354 722.168
538.629 806.827
538.905 900.122
539.181 992.444
539.456 1068.528
539.732 1132.629
540.007 1200.778
540.283 1273.291
540.558 1340.798
540.834 1394.334
541.110 1428.914
541.385 1466.715
541.661 1507.234
541.936 1537.628
542.212 1565.527
542.488 1579.570
542.763 1592.142
543.039 1597.548
543.314 1578.849
543.590 1570.644
543.865 1561.579
544.141 1534.430
544.417 1510.046
544.692 1479.404
544.968 1446.970
545.243 1431.132
545.519 1408.253
545.794 1388.868
546.070 1377.761
546.348 1366.631
546.627 1370.462
546.905 1387.294
547.183 1405.330
547.461 1428.069
547.740 1451.570
548.018 1485.662
548.296 1518.433
548.575 1552.244
548.853 1591.293
549.131 1629.142
549.409 1658.406
549.688 1693.800
549.966 1736.126
550.244 1792.722
550.523 1853.480
550.801 1918.698
551.079 1994.855
551.357 2080.466
551.636 2162.256
551.914 2241.578
552.192 2306.811
552.471 2364.882
552.749 2405.613
553.027 2440.263
553.306 2465.623
553.584 2493.516
553.862 2506.861
554.140 2510.800
554.419 2517.079
554.697 2514.227
554.975 2505.641
555.254 2501.259
555.532 2488.580
555.810 2464.021
556.088 2430.254
556.367 2374.126
556.645 2306.326
556.923 2231.125
557.202 2155.211
557.480 2076.021
557.758 1997.637
558.036 1921.810
558.315 1839.693
558.593 1761.923
558.871 1680.942
559.150 1589.838
559.428 1494.848
559.706 1398.070
559.984 1304.394
560.263 1215.396
560.541 1133.005
560.819 1043.608
561.098 955.626
561.376 878.109
561.654 797.107
561.932 719.605
562.211 656.760
562.489 603.189
562.767 564.527
563.046 527.229
563.324 494.919
563.602 483.534
563.880 468.042
564.159 444.391
564.437 427.529
564.715 404.529
564.994 381.086
565.272 357.878
565.550 324.940
565.828 300.675
566.107 279.591
566.385 247.944
566.663 242.439
566.942 241.962
567.220 224.362
567.498 211.761
567.776 203.920
568.055 199.190
568.333 192.684
568.611 173.408
568.890 151.916
569.168 137.813
569.446 136.021
569.725 131.297
570.003 120.907
570.281 129.695
570.559 133.488
570.838 130.361
571.116 120.976
571.394 107.333
571.673 93.567
571.951 79.464
572.229 52.186
572.507 33.936
572.786 32.335
573.064 40.977
573.342 45.494
573.621 51.978
573.899 59.110
574.177 71.263
574.455 78.006
574.734 69.795
575.012 67.744
575.290 57.856
575.569 46.292
575.847 45.065
576.125 40.775
576.403 38.581
576.682 46.615
576.960 49.176
577.243 52.293
577.527 51.618
577.810 51.509
578.093 61.833
578.377 68.251
578.660 67.039
578.944 70.222
579.227 74.361
579.510 73.671
579.794 68.737
580.077 58.470
580.360 37.089
580.644 21.768
580.927 11.287
581.210 7.072
581.494 7.234
581.777 12.225
582.061 18.369
582.344 36.025
582.627 38.009
582.911 29.461
583.194 29.903
583.477 31.196
583.761 24.216
584.044 16.963
584.327 5.416
584.611 17.829
584.894 29.098
585.178 32.112
585.461 49.976
585.744 55.404
586.028 55.839
586.311 71.411
586.594 68.420
586.878 59.854
587.161 60.855
587.444 57.428
587.728 71.553
588.011 84.963
588.295 81.107
588.578 75.107
588.861 81.108
589.145 80.385
589.428 69.377
589.711 52.968
589.995 27.423
590.278 14.997
590.562 12.149
590.845 7.010
591.128 -11.961
591.412 -34.937
591.695 -39.786
591.978 -25.949
592.262 -16.690
592.545 -7.427
592.828 -0.018
593.112 8.965
593.395 21.958
593.679 25.660
593.962 22.650
594.245 19.933
594.529 19.770
594.812 23.312
595.095 33.243
595.379 43.452
595.662 49.529
595.945 51.358
596.229 54.583
596.512 51.315
596.796 52.549
597.079 57.879
597.362 53.187
597.646 55.291
597.929 70.498
598.212 78.793
598.496 90.915
598.779 94.975
599.062 86.611
599.346 90.541
599.629 91.629
599.913 84.692
600.196 76.056
600.479 66.031
600.763 57.706
601.046 58.114
601.329 60.758
601.613 65.228
601.896 72.204
602.179 72.055
602.463 75.829
602.746 77.082
603.030 66.557
603.313 59.114
603.596 51.935
603.880 37.042
604.163 35.751
604.446 45.950
604.730 50.277
605.013 65.671
605.296 72.105
605.580 66.230
605.863 67.482
606.147 77.564
606.430 73.354
606.713 73.764
606.997 80.723
607.280 82.543
607.563 85.058
607.847 84.080
608.130 71.768
608.414 71.796
608.697 76.005
608.980 67.229
609.264 63.732
609.547 66.675
609.830 64.999
610.114 65.565
610.397 70.327
610.680 67.834
610.964 71.080
611.247 87.499
611.531 99.692
611.814 103.633
612.097 103.499
612.381 95.808
612.664 89.085
612.947 77.171
613.231 59.514
613.514 54.922
613.797 60.966
614.081 70.796
614.364 69.825
614.648 72.500
614.931 94.440
615.214 106.405
615.498 87.454
615.781 84.825
616.064 78.247
616.348 68.003
616.631 76.888
616.914 73.695
617.198 71.636
617.481 97.291
617.765 103.258
618.048 115.715
618.331 134.491
618.615 120.712
618.898 104.666
619.181 100.473
619.465 91.073
619.748 85.336
620.031 84.733
620.315 85.129
620.598 97.644
620.882 110.892
621.165 115.503
621.448 112.159
621.732 101.685
622.015 92.818
622.298 82.211
622.582 72.600
622.865 55.977
623.148 52.962
623.432 60.053
623.715 72.000
623.999 79.701
624.282 82.227
624.565 87.889
624.849 101.739
625.132 109.176
625.415 111.601
625.699 106.609
625.982 95.577
626.265 96.177
626.549 97.934
626.832 -60.491
627.116 -154.908
627.399 -151.551
627.682 -140.110
627.966 -131.427
628.249 -114.772
628.532 -117.327
628.816 45.944
629.099 132.401
629.383 120.356
629.666 107.187
629.949 102.571
630.233 101.140
630.516 114.730
630.799 117.022
631.083 116.517
631.366 129.021
631.649 149.757
631.933 167.836
632.216 175.813
632.500 179.221
632.783 180.947
633.066 186.754
633.350 191.713
633.633 185.372
633.916 177.918
634.200 162.220
634.483 152.410
634.766 151.211
635.050 157.173
635.333 169.113
635.617 181.247
635.900 193.094
636.183 215.961
636.467 241.958
636.750 263.341
637.033 277.730
637.317 281.287
637.600 294.613
637.883 308.932
638.167 322.128
638.450 341.584
638.734 364.364
639.017 397.226
639.300 433.723
639.584 450.518
639.867 470.586
640.150 495.584
640.434 511.086
640.717 532.602
641.000 562.213
641.284 604.443
641.567 669.938
641.851 731.209
642.134 797.164
642.417 864.328
642.701 943.464
642.984 1019.626
643.267 1095.048
643.551 1177.887
643.834 1296.756
644.117 1425.947
644.401 1570.822
644.684 1742.941
644.968 1924.963
645.251 2116.397
645.534 2322.430
645.818 2512.437
646.101 2694.060
646.384 2882.444
646.668 3054.673
646.951 3243.320
647.235 3432.724
647.518 3616.791
647.801 3840.084
648.085 4082.026
648.368 4337.033
648.651 4607.500
648.935 4884.831
649.218 5194.700
649.501 5525.887
649.785 5826.973
650.068 6112.074
650.352 6393.337
650.635 6674.414
650.918 6944.758
651.202 7174.411
651.485 7383.093
651.768 7593.004
652.052 7799.245
652.335 8001.798
652.618 8173.689
652.902 8341.411
653.185 8519.440
653.469 8700.504
653.752 8854.210
654.035 9004.144
654.319 9129.416
654.602 9250.050
654.885 9331.190
655.169 9393.543
655.452 9438.756
655.735 9471.393
656.019 9488.163
656.302 9498.492
656.586 9503.708
656.869 9523.179
657.152 9519.295
657.436 9499.051
657.719 9480.139
658.002 9460.525
658.286 9428.363
658.569 9363.430
658.852 9263.933
659.136 9163.405
659.419 9044.683
659.703 8925.225
659.986 8782.816
660.269 8655.240
660.553 8539.911
660.836 8465.316
661.119 8382.268
661.403 8314.527
661.686 8258.923
661.969 8234.623
662.253 8209.453
662.536 8193.797
662.820 8174.093
663.103 8182.632
663.386 8205.443
663.670 8251.110
663.953 8286.254
664.236 8337.965
664.520 8426.523
664.803 8518.115
665.086 8595.847
665.370 8679.489
665.653 8735.341
665.937 8811.325
666.220 8875.668
666.503 8904.172
666.787 8914.726
667.070 8947.036
667.353 8953.959
667.637 8953.905
667.920 8934.104
668.204 8904.136
668.487 8874.419
668.770 8847.414
669.054 8780.071
669.337 8689.910
669.620 8592.916
669.904 8454.967
670.187 8284.087
670.470 8109.936
670.754 7903.855
671.037 7685.950
671.321 7459.336
671.604 7189.163
671.887 6940.843
672.171 6685.133
672.454 6381.048
672.737 6076.137
673.021 5762.957
673.304 5452.328
673.587 5151.127
673.871 4825.242
674.154 4519.747
674.438 4230.923
674.721 3944.243
675.004 3664.684
675.288 3392.098
675.571 3145.126
675.854 2922.464
676.138 2694.983
676.421 2483.737
676.704 2289.108
676.988 2101.710
677.271 1925.538
677.555 1750.649
677.838 1587.026
678.121 1440.518
678.405 1309.617
678.688 1187.259
678.971 1096.076
679.255 1010.476
679.538 934.483
679.821 868.635
680.105 805.091
680.388 747.118
680.672 692.892
680.955 641.295
681.238 610.847
681.522 578.051
681.805 543.416
682.088 525.583
682.372 497.816
682.655 473.737
682.938 450.470
683.222 422.219
683.505 404.844
683.789 395.003
684.072 388.442
684.355 382.627
684.639 367.064
684.922 360.646
685.205 358.612
685.489 355.880
685.772 363.635
686.056 364.232
686.339 370.198
686.622 386.005
686.906 385.304
687.189 397.720
687.472 402.839
687.756 385.094
688.039 380.323
688.322 376.595
688.606 366.754
688.889 368.447
689.173 349.461
689.456 332.424
689.739 332.483
690.023 322.196
690.306 316.974
690.589 324.569
690.873 322.624
691.156 320.642
691.439 326.320
691.723 327.521
692.006 325.107
692.290 311.877
692.573 294.756
692.856 276.489
693.140 265.089
693.423 259.367
693.706 264.105
693.990 261.207
694.273 269.509
694.556 270.142
694.840 271.713
695.123 267.194
695.407 260.461
695.690 250.756
695.973 248.591
696.257 241.319
696.540 247.009
696.830 249.951
697.120 264.707
697.410 277.186
697.699 283.465
697.989 300.469
698.279 312.114
698.569 306.365
698.859 300.788
699.149 298.717
699.439 294.236
699.729 277.548
700.018 244.569
700.308 217.830
700.598 209.618
700.888 217.073
701.178 205.260
701.468 193.688
701.758 194.405
702.048 203.464
702.337 215.664
702.627 216.460
702.917 196.485
703.207 188.320
703.497 174.510
703.787 157.424
704.077 158.416
704.366 147.444
704.656 142.667
704.946 144.253
705.236 134.949
705.526 143.530
705.816 146.668
706.106 122.601
706.396 114.493
706.685 104.878
706.975 97.664
707.265 104.957
707.555 106.485
707.845 104.728
708.135 108.210
708.425 107.461
708.715 119.632
709.004 118.585
709.294 107.926
709.584 111.173
709.874 115.658
710.164 117.042
710.454 126.127
710.744 118.346
711.034 127.303
711.323 140.623
711.613 139.092
711.903 138.598
712.193 136.565
712.483 127.499
712.773 129.199
713.063 131.549
713.352 126.192
713.642 115.094
713.932 112.340
714.222 120.767
714.512 114.928
714.802 99.251
715.092 83.140
715.382 67.141
715.671 66.590
715.961 76.363
716.251 74.637
716.541 88.223
716.831 97.494
717.121 101.005
717.411 120.787
717.701 126.149
717.990 116.552
718.280 102.563
718.570 82.054
718.860 87.489
719.150 103.955
719.440 96.860
719.730 85.399
720.019 82.436
720.309 93.520
720.599 112.955
720.889 113.024
721.179 98.770
721.469 101.422
721.759 105.165
722.049 94.919
722.338 107.360
722.628 109.226
722.918 98.982
723.208 102.742
723.498 93.604
723.788 84.550
724.078 95.720
724.368 90.591
724.657 87.093
724.947 86.695
725.237 76.272
725.527 85.549
725.817 92.738
726.107 95.540
726.397 93.790
726.686 97.419
726.976 105.468
727.266 100.495
727.556 83.915
727.846 82.963
728.136 78.288
728.426 66.149
728.716 58.886
729.005 61.947
729.295 77.329
729.585 87.998
729.875 85.655
730.165 76.802
730.455 89.485
730.745 102.939
731.035 104.103
731.324 107.745
731.614 114.027
731.904 120.291
732.194 125.578
732.484 112.793
732.774 99.694
733.064 92.510
733.354 84.353
733.643 75.752
733.933 76.204
734.223 89.329
734.513 97.458
734.803 92.173
735.093 87.328
735.383 76.749
735.672 75.808
735.962 77.533
736.252 58.589
736.542 52.777
736.832 64.885
737.122 78.926
737.412 105.902
737.702 120.516
737.991 118.052
738.281 127.482
738.571 130.327
738.861 122.505
739.151 113.301
739.441 95.069
739.731 79.661
740.021 81.080
740.310 82.948
740.600 77.366
740.890 72.911
741.180 72.936
741.470 67.737
741.760 79.335
742.050 100.580
742.339 102.571
742.629 88.741
742.919 74.769
743.209 68.017
743.499 64.767
743.789 46.538
744.079 16.444
744.369 8.987
744.658 30.215
744.948 38.287
745.238 31.779
745.528 40.012
745.818 51.218
746.108 56.904
746.398 59.474
746.688 52.849
746.977 60.668
747.267 73.174
747.557 75.468
747.847 80.906
748.137 77.656
748.427 78.399
748.717 83.385
749.006 80.706
749.296 84.560
749.586 94.981
749.876 87.171
750.166 77.780
750.456 84.647
750.746 94.839
751.036 100.148
751.325 91.353
751.615 79.420
751.905 76.298
752.195 84.726
752.485 81.063
752.775 70.102
753.065 63.866
753.355 62.596
753.644 61.920
753.934 65.943
754.224 60.795
754.514 46.639
754.804 48.244
755.094 60.845
755.384 62.859
755.674 54.539
755.963 53.409
756.253 58.142
756.543 58.574
756.833 38.936
757.123 14.284
757.413 7.400
757.703 8.982
757.992 0.942
758.282 -6.806
758.572 -6.949
758.862 4.968
759.152 19.900
759.442 24.069
759.732 28.671
760.022 30.684
760.311 33.699
760.601 33.413
760.891 33.861
761.181 32.302
761.471 33.740
761.761 32.597
762.051 37.490
762.341 53.620
762.630 63.259
762.920 56.642
763.210 41.968
763.500 41.825
763.793 34.777
764.086 37.645
764.379 32.726
764.671 25.536
764.964 32.163
765.257 42.239
765.550 56.364
765.843 75.498
766.136 76.935
766.429 72.056
766.722 73.348
767.014 60.676
767.307 61.684
767.600 51.172
767.893 37.366
768.186 37.244
768.479 46.452
768.772 52.073
769.064 67.039
769.357 57.251
769.650 51.347
769.943 55.523
770.236 48.179
770.529 26.155
770.822 9.155
771.115 -7.984
771.407 -1.936
771.700 0.225
771.993 4.977
772.286 16.210
772.579 23.850
772.872 33.365
773.165 42.886
773.457 50.536
773.750 47.081
774.043 34.986
774.336 27.649
774.629 37.431
774.922 31.388
775.215 26.203
775.508 25.732
775.800 32.348
776.093 47.883
776.386 53.191
776.679 43.839
776.972 50.017
777.265 57.631
777.558 49.151
777.850 47.985
778.143 33.020
778.436 17.919
778.729 16.195
779.022 15.909
779.315 6.720
779.608 9.587
779.900 11.434
780.193 24.026
780.486 30.335
780.779 29.619
781.072 32.772
781.365 42.518
781.658 39.936
781.951 25.173
782.243 5.409
782.536 -2.615
782.829 -2.184
783.122 -9.353
783.415 -15.794
783.708 -2.771
784.001 20.286
784.293 31.599
784.586 37.043
784.879 42.626
785.172 53.364
785.465 61.652
785.758 50.340
786.051 26.871
786.344 14.847
786.636 22.425
786.929 34.827
787.222 32.660
787.515 29.941
787.808 32.503
788.101 31.224
788.394 34.958
788.686 26.805
788.979 12.388
789.272 19.953
789.565 26.661
789.858 27.810
790.151 35.095
790.444 43.652
790.737 43.936
791.029 55.357
791.322 47.929
791.615 39.360
791.908 39.048
792.201 50.585
792.494 58.541
792.787 63.384
793.079 49.967
793.372 45.118
793.665 43.977
793.958 50.393
794.251 56.660
794.544 47.417
794.837 37.589
795.130 31.175
795.422 27.759
795.715 31.743
796.008 24.758
796.301 10.088
796.594 5.816
796.887 13.222
797.180 20.775
797.472 22.768
797.765 23.201
798.058 19.505
798.351 21.778
798.644 20.212
798.937 8.960
799.230 7.253
799.523 8.536
799.815 -1.865
800.108 -5.853
800.401 -9.546
800.694 -0.413
800.987 8.991
801.280 -3.982
801.573 -4.123
801.865 7.996
802.158 14.411
802.451 18.692
802.744 19.397
803.037 23.388
803.330 34.793
803.623 34.512
803.915 29.104
804.208 24.971
804.501 16.545
804.794 2.415
805.087 -6.434
805.380 -8.870
805.673 -10.443
805.966 -9.573
806.258 -4.257
806.551 5.779
806.844 14.513
807.137 16.512
807.430 24.834
807.723 22.396
808.016 9.900
808.308 10.200
808.601 -0.562
808.894 -3.717
809.187 2.749
809.480 2.034
809.773 12.401
810.066 24.192
810.359 19.304
810.651 26.071
810.944 26.940
811.237 20.325
811.530 8.369
811.825 -8.506
812.119 -13.843
812.414 -10.374
812.709 -9.633
813.003 -11.076
813.298 -8.475
813.593 6.416
813.887 31.171
814.182 40.751
814.476 35.259
814.771 35.564
815.066 33.820
815.360 34.551
815.655 35.454
815.950 30.276
816.244 26.217
816.539 28.108
816.834 19.083
817.128 21.559
817.423 24.062
817.718 18.687
818.012 8.496
818.307 6.758
818.602 13.686
818.896 17.188
819.191 4.809
819.486 -3.570
819.780 -3.986
820.075 4.445
820.369 19.854
820.664 7.322
820.959 10.285
821.253 23.269
821.548 22.199
821.843 31.004
822.137 33.612
822.432 20.020
822.727 36.729
823.021 47.098
823.316 58.543
823.611 69.933
823.905 64.335
824.200 53.754
824.495 49.718
824.789 38.961
825.084 30.604
825.379 14.493
825.673 18.640
825.968 25.651
826.262 32.177
826.557 36.567
826.852 34.301
827.146 19.898
827.441 8.517
827.736 -15.758
828.030 -39.124
828.325 -54.726
828.620 -61.543
828.914 -57.459
829.209 -53.027
829.504 -31.973
829.798 -11.234
830.093 5.262
830.388 21.239
830.682 22.178
830.977 21.535
831.271 36.477
831.566 26.882
831.861 12.283
832.155 7.749
832.450 -4.723
832.745 -1.758
833.039 -10.794
833.334 -25.033
833.629 -22.493
833.923 -4.440
834.218 -4.049
834.513 -3.175
834.807 -6.853
835.102 -4.997
835.397 3.101
835.691 21.430
835.986 10.054
836.281 -2.951
836.575 0.720
836.870 6.459
837.164 16.122
837.459 24.657
837.754 16.017
838.048 29.521
838.343 39.842
838.638 47.908
838.932 50.942
839.227 49.629
839.522 37.161
839.816 33.233
840.111 22.448
840.406 16.565
840.700 15.949
840.995 12.637
841.290 1.217
841.584 1.192
841.879 -3.106
842.174 -3.933
842.468 11.868
842.763 24.535
843.057 37.855
843.352 56.866
843.647 68.020
843.941 81.788
844.236 89.353
844.531 90.148
844.825 68.092
845.120 50.844
845.415 44.668
845.709 35.227
846.004 18.295
846.299 1.617
846.593 -10.737
846.888 -4.310
847.183 1.506
847.477 -1.964
847.772 -6.505
848.066 -7.197
848.361 10.335
848.656 3.593
848.950 -12.732
849.245 -13.674
849.540 -21.039
849.834 -12.035
850.129 3.382
850.424 0.790
850.718 12.730
851.013 18.428
851.308 12.692
851.602 14.014
851.897 -5.150
852.192 -15.665
852.486 -13.727
852.781 -8.994
853.076 -3.886
853.370 -0.450
853.665 13.729
853.959 32.519
854.254 32.339
854.549 24.161
854.843 23.598
855.138 29.261
855.433 32.958
855.727 29.788
856.022 31.157
856.317 44.753
856.611 43.307
856.906 39.398
857.201 36.314
857.495 34.012
857.790 29.315
858.085 14.032
858.379 -8.758
858.674 -10.476
858.969 -6.435
859.263 1.692
859.558 3.682
859.852 1.930
860.147 18.553
860.442 38.372
860.736 40.891
861.031 40.758
861.326 46.382
861.620 45.676
861.915 38.510
862.210 31.361
862.504 21.396
862.799 26.397
863.094 25.817
863.388 7.338
863.683 -2.633
863.978 -3.261
864.272 -6.105
864.567 -10.162
864.861 -13.087
865.156 -18.963
865.451 -20.799
865.745 -25.972
866.040 -24.501
866.335 -13.202
866.629 -0.473
866.924 8.500
867.219 8.357
867.513 13.221
867.808 28.288
868.103 35.880
868.397 26.526
868.692 20.879
868.987 22.133
869.281 28.261
869.576 20.301
869.871 12.714
870.165 15.804
870.460 18.919
870.754 18.982
871.049 8.656
871.344 9.846
871.638 22.452
871.933 31.596
872.228 32.929
872.522 22.573
872.817 10.664
873.112 8.556
873.406 14.031
873.701 13.706
873.996 -4.077
874.290 -17.135
874.585 -4.778
874.880 17.631
875.174 19.286
875.469 3.762
875.764 6.741
876.058 25.106
876.353 34.339
876.647 30.734
876.942 10.247
877.237 7.782
877.531 9.712
877.826 3.798
878.121 -6.824
878.415 -11.301
878.710 -16.830
879.005 -20.523
879.299 -28.416
879.594 -23.457
879.889 -33.740
880.183 -37.003
880.478 -33.253
880.773 -27.630
881.067 -17.717
881.362 -2.276
881.656 2.274
881.951 18.834
882.246 29.313
882.540 33.083
882.835 38.288
883.130 44.254
883.424 42.864
883.719 33.788
884.014 24.367
884.308 29.874
884.603 21.931
884.898 9.866
885.192 4.755
885.487 6.861
885.782 5.972
886.076 15.981
886.371 10.409
886.666 9.161
886.960 12.397
887.255 5.118
887.549 -10.961
887.844 -11.073
888.139 -22.941
888.433 -17.646
888.728 -1.921
889.023 5.054
889.317 11.789
889.612 17.654
889.907 16.148
890.201 23.487
890.496 24.461
890.791 16.606
891.085 10.792
891.380 18.085
891.675 33.588
891.969 38.508
892.264 28.547
892.559 24.756
892.853 22.482
893.148 30.666
893.442 24.373
893.737 4.727
894.032 -1.825
894.326 4.480
894.621 -4.971
894.916 -11.282
895.210 -17.448
895.505 -26.395
895.800 -23.889
896.094 -17.463
896.389 -11.148
896.684 -4.460
896.978 7.287
897.273 13.858
897.568 26.610
897.862 33.935
898.157 39.635
898.451 45.087
898.746 53.833
899.041 44.989
899.335 40.068
899.630 39.579
899.925 38.322
900.219 35.932
900.514 32.410
900.809 20.501
901.103 23.165
901.398 25.723
901.693 24.992
901.987 27.032
902.282 18.771
902.577 4.400
902.871 -4.923
903.166 -8.118
903.461 -11.410
903.755 -19.708
904.050 -23.915
904.344 -16.361
904.639 -8.826
904.934 9.753
905.228 23.898
905.523 24.940
905.818 29.050
906.112 29.950
906.407 23.896
906.702 19.372
906.996 13.342
907.291 5.658
907.586 11.784
907.880 17.239
908.175 24.267
908.470 25.431
908.764 34.012
909.059 37.417
909.354 35.484
909.648 27.571
909.943 18.074
910.237 11.181
910.532 14.197
910.827 5.564
911.121 -4.123
911.416 -3.181
911.711 -0.395
912.005 2.619
912.300 8.719
912.599 18.549
912.898 23.687
913.196 28.959
913.495 30.581
913.794 26.617
914.093 23.951
914.391 18.124
914.690 8.470
914.989 10.087
915.288 10.368
915.586 2.905
915.885 -4.883
916.184 4.768
916.483 14.863
916.782 16.771
917.080 18.826
917.379 28.976
917.678 39.926
917.977 50.290
918.275 49.564
918.574 48.580
918.873 40.733
919.172 31.920
919.471 18.247
919.769 9.157
920.068 10.013
920.367 15.600
920.666 5.822
920.964 2.175
921.263 1.150
921.562 10.684
921.861 23.182
922.159 23.933
922.458 4.685
922.757 -1.052
923.056 12.886
923.355 21.254
923.653 20.248
923.952 12.388
924.251 -1.284
924.550 -1.801
924.848 1.663
925.147 -6.784
925.446 -8.012
925.745 -14.342
926.043 -11.130
926.342 4.966
926.641 9.156
926.940 4.342
927.239 1.563
927.537 -5.653
927.836 -9.875
928.135 -14.262
928.434 -10.764
928.732 -0.107
929.031 11.833
929.330 19.435
929.629 26.011
929.927 34.564
930.226 34.624
930.525 24.813
930.824 27.121
931.123 27.112
931.421 27.818
931.720 37.816
932.019 43.203
932.318 40.672
932.616 42.085
932.915 34.932
933.214 39.880
933.513 38.478
933.812 29.119
934.110 30.598
934.409 44.522
934.708 45.792
935.007 45.283
935.305 48.361
935.604 53.530
935.903 41.926
936.202 27.616
936.500 14.091
936.799 15.078
937.098 13.045
937.397 -14.605
937.696 -21.928
937.994 2.251
938.293 16.363
938.592 15.258
938.891 24.369
939.189 33.253
939.488 44.632
939.787 38.843
940.086 17.410
940.384 3.060
940.683 -3.097
940.982 -24.222
941.281 -34.171
941.580 -40.772
941.878 -61.486
942.177 -70.529
942.476 -64.969
942.775 -59.058
943.073 -54.796
943.372 -46.654
943.671 -33.749
943.970 -7.394
944.268 10.214
944.567 6.658
944.866 8.532
945.165 -5.869
945.464 -34.353
945.762 -47.304
946.061 -43.033
946.360 -44.919
946.659 -50.138
946.957 -60.460
947.256 -36.071
947.555 -17.878
947.854 -0.318
948.153 2.464
948.451 2.257
948.750 9.107
949.049 10.844
949.348 5.591
949.646 10.900
949.945 -2.150
950.244 -6.015
950.543 -3.580
950.841 -3.230
951.140 -3.127
951.439 3.285
951.738 10.187
952.037 21.742
952.335 19.055
952.634 16.430
952.933 23.029
953.232 29.919
953.530 31.776
953.829 40.734
954.128 52.937
954.427 54.117
954.725 47.878
955.024 36.039
955.323 45.704
955.622 48.255
955.921 30.996
956.219 5.837
956.518 -2.145
956.817 1.918
957.116 14.922
957.414 5.119
957.713 -14.288
958.012 -7.215
958.311 11.022
958.610 18.551
958.908 17.161
959.207 21.284
959.506 30.683
959.805 33.797
960.103 32.165
960.402 30.141
960.701 32.990
961.000 36.722
961.298 23.279
961.597 12.486
961.896 5.377
962.195 -5.135
962.494 -4.365
962.792 -4.628
963.091 -1.366
963.390 6.412
963.689 11.574
963.987 25.219
964.286 30.866
964.585 21.435
964.884 20.750
965.182 15.641
965.481 -0.861
965.780 -0.611
966.080 1.344
966.380 0.266
966.680 8.181
966.981 8.003
967.281 13.196
967.581 26.652
967.881 21.773
968.181 24.292
968.481 25.651
968.781 16.071
969.082 15.275
969.382 12.225
969.682 11.000
969.982 26.876
970.282 33.881
970.582 37.016
970.882 42.094
971.183 41.029
971.483 38.204
971.783 35.631
972.083 22.453
972.383 -11.362
972.683 -28.211
972.983 -34.888
973.284 -37.109
973.584 -31.936
973.884 -21.513
974.184 -12.754
974.484 23.444
974.784 39.585
975.084 56.377
975.385 82.303
975.685 100.993
975.985 113.046
976.285 120.651
976.585 108.541
976.885 107.370
977.185 100.150
977.486 90.382
977.786 90.974
978.086 82.919
978.386 79.226
978.686 90.892
978.986 107.425
979.286 112.220
979.587 103.225
979.887 93.433
980.187 84.291
980.487 80.719
980.787 80.005
981.087 64.577
981.387 57.720
981.688 65.434
981.988 60.149
982.288 61.720
982.588 58.435
982.888 39.149
983.188 36.721
983.488 38.721
983.789 21.864
984.089 8.579
984.389 3.007
984.689 7.865
984.989 17.722
985.289 26.436
985.589 29.008
985.890 26.151
986.190 29.866
986.490 40.009
986.790 36.295
987.090 34.723
987.390 24.581
987.690 12.581
987.991 23.867
988.291 24.438
988.591 8.010
988.891 -10.990
989.191 -19.561
989.491 -16.847
989.791 -10.418
990.092 -1.989
990.392 5.439
990.692 4.582
990.992 17.154
991.292 27.726
991.592 24.012
991.892 21.726
992.193 17.298
992.493 22.726
992.793 27.155
993.093 22.584
993.393 17.441
993.693 19.156
993.993 21.156
994.294 10.727
994.594 2.728
994.894 7.871
995.194 8.585
995.494 9.157
995.794 6.443
996.094 -2.414
996.395 -2.843
996.695 -9.414
996.995 -23.985
997.295 -28.557
997.595 -21.556
997.895 -9.985
998.195 -9.128
998.496 -0.556
998.796 4.873
999.096 11.016
999.396 19.445
999.696 17.302
999.996 19.874
1000.296 40.445
1000.597 41.445
1000.897 42.874
1001.197 47.303
1001.497 57.874
1001.797 68.589
1002.097 61.875
1002.397 40.018
1002.698 28.018
1002.998 28.018
1003.298 34.447
1003.598 30.876
1003.898 10.876
1004.198 2.447
1004.498 9.447
1004.799 9.305
1005.099 3.876
1005.399 -3.409
1005.699 -14.266
1005.999 -15.695
1006.299 -18.123
1006.599 -21.694
1006.900 -14.408
1007.200 -4.122
1007.500 -4.551
1007.800 -2.551
1008.100 8.878
1008.400 11.450
1008.700 14.878
1009.001 14.593
1009.301 3.736
1009.601 0.165
1009.901 -4.121
1010.201 -13.264
1010.501 -11.978
1010.801 -23.406
1011.102 -20.835
1011.402 -9.834
1011.702 -4.834
1012.002 8.594
1012.302 14.595
1012.602 18.023
1012.902 18.738
1013.203 10.309
1013.503 12.452
1013.803 30.453
1014.103 29.453
1014.403 17.739
1014.703 10.310
1015.003 25.167
1015.304 41.025
1015.604 28.311
1015.904 6.454
1016.204 7.882
1016.504 25.740
1016.804 35.597
1017.104 28.597
1017.405 10.597
1017.705 12.883
1018.005 15.169
1018.305 11.884
1018.605 -0.116
1018.905 -5.545
1019.205 -2.973
1019.506 -3.830
1019.806 -0.830
1020.106 1.170
1020.406 -5.830
1020.706 -7.544
1021.006 -8.686
1021.306 -6.972
1021.607 1.171
1021.907 1.457
1022.207 -1.400
1022.507 0.600
1022.807 10.029
1023.107 21.886
1023.407 33.743
1023.708 29.172
1024.008 29.172
1024.308 38.315
1024.608 38.887
1024.908 34.458
1025.208 28.459
1025.508 9.744
1025.809 10.745
1026.109 3.316
1026.409 -6.255
1026.709 -3.969
1027.009 4.174
1027.309 15.174
1027.609 32.031
1027.910 36.603
1028.210 32.032
1028.510 31.889
1028.810 32.032
1029.110 41.603
1029.410 45.175
1029.710 26.889
1030.011 16.318
1030.311 18.176
1030.611 13.176
1030.911 11.604
1031.211 -5.824
1031.511 -31.110
1031.811 -27.967
1032.112 -24.824
1032.412 -8.966
1032.712 -1.680
1033.012 -5.966
1033.312 -18.537
1033.612 -21.680
1033.912 -27.394
1034.212 -24.537
1034.513 -34.679
1034.813 -29.822
1035.113 -17.108
1035.413 -0.108
1035.713 6.607
1036.013 13.178
1036.313 16.036
1036.614 14.036
1036.914 6.322
1037.214 1.465
1037.514 1.179
1037.814 -0.821
1038.114 -2.249
1038.414 -7.249
1038.715 -0.963
1039.015 4.180
1039.315 -3.820
1039.615 -8.391
1039.915 -2.534
1040.215 -4.534
1040.515 -1.676
1040.816 -7.533
1041.116 -12.248
1041.416 -9.105
1041.716 -9.819
1042.016 -8.676
1042.316 1.896
1042.616 8.753
1042.917 3.610
1043.217 6.753
1043.517 6.182
1043.817 2.039
1044.117 -1.675
1044.417 -5.532
1044.717 -13.532
1045.018 -6.817
1045.318 0.469
1045.618 3.612
1045.918 1.898
1046.218 7.898
1046.518 20.469
1046.818 35.041
1047.119 35.755
1047.419 21.613
1047.719 13.756
1048.019 17.613
1048.319 3.327
1048.619 -13.673
1048.919 -20.815
1049.220 -11.672
1049.520 -7.529
1049.820 -7.100
1050.120 -5.957
1050.420 12.328
1050.720 15.614
1051.020 8.329
1051.321 0.329
1051.621 3.472
1051.921 14.329
1052.221 13.472
1052.521 0.901
1052.821 2.901
1053.121 2.758
1053.422 -1.813
1053.722 -1.099
1054.022 -7.384
1054.322 -10.241
1054.622 -4.384
1054.922 2.616
1055.222 19.474
1055.523 24.617
1055.823 16.617
1056.123 11.903
1056.423 12.617
1056.723 11.331
1057.023 7.046
1057.323 -2.954
1057.624 -3.954
1057.924 12.046
1058.224 16.904
1058.524 13.189
1058.824 9.190
1059.124 -2.953
1059.424 -7.524
1059.725 -0.239
1060.025 -5.238
1060.325 1.190
1060.625 15.762
1060.925 19.905
1061.225 30.333
1061.525 34.762
1061.826 23.191
1062.126 21.620
1062.426 21.191
1062.726 25.477
1063.026 39.191
1063.326 38.763
1063.626 42.192
1063.927 50.478
1064.227 39.049
1064.527 26.478
1064.827 16.192
1065.127 -2.093
1065.427 -13.807
1065.727 -26.093
1066.028 -28.236
1066.328 -17.093
1066.628 -12.093
1066.928 -8.235
1067.228 -3.235
1067.528 10.479
1067.828 10.908
1068.129 0.765
1068.429 -2.949
1068.729 4.766
1069.029 4.480
1069.329 -0.091
1069.629 -11.805
1069.929 -19.805
1070.230 -8.091
1070.530 -8.805
1070.830 -20.234
1071.130 -23.376
1071.430 -22.376
1071.730 -8.233
1072.030 7.624
1072.331 1.196
1072.631 -2.661
1072.931 3.339
1073.231 12.625
1073.531 21.625
1073.831 16.196
1074.131 11.197
1074.432 11.054
1074.732 19.625
1075.032 18.340
1075.332 1.626
1075.632 -9.088
1075.932 -10.231
1076.232 -9.231
1076.533 -8.945
1076.833 -8.088
1077.133 -9.374
1077.433 -5.945
1077.733 -2.945
1078.033 -5.373
1078.333 -15.659
1078.634 -20.373
1078.934 -30.230
1079.234 -33.658
1079.534 -33.658
1079.834 -22.658
1080.134 -14.801
1080.434 -3.515
1080.735 -3.086
1081.035 2.057
1081.335 5.628
1081.635 9.200
1081.935 5.914
1082.235 11.200
1082.535 3.772
1082.836 15.772
1083.136 17.486
1083.436 14.486
1083.736 19.344
1084.036 17.058
1084.336 7.344
1084.636 10.201
1084.937 5.058
1085.237 5.773
1085.537 22.202
1085.837 35.059
1086.137 37.773
1086.437 34.202
1086.737 18.345
1087.038 10.631
1087.338 13.202
1087.638 0.060
1087.938 -15.797
1088.238 -13.940
1088.538 -4.369
1088.838 21.346
1089.139 22.917
1089.439 16.632
1089.739 20.775
1090.039 20.061
1090.339 13.204
1090.639 2.061
1090.939 7.490
1091.240 24.347
1091.540 33.633
1091.840 42.061
1092.140 53.490
1092.453 48.633
1092.766 40.062
1093.079 15.491
1093.392 1.919
1093.705 -4.366
1094.018 -20.795
1094.330 -32.223
1094.643 -24.937
1094.956 -10.794
1095.269 7.777
1095.582 17.634
1095.895 24.635
1096.208 31.063
1096.521 17.349
1096.834 1.206
1097.147 -12.222
1097.460 -14.365
1097.773 -24.222
1098.085 -41.650
1098.398 -45.507
1098.711 -37.650
1099.024 -26.650
1099.337 -9.364
1099.650 -20.507
1099.963 -17.221
1100.276 2.779
1100.589 2.779
1100.902 7.779
1101.215 11.922
1101.528 9.637
1101.841 20.208
1102.153 21.923
1102.466 8.351
1102.779 6.494
1103.092 3.637
1103.405 14.923
1103.718 17.209
1104.031 5.495
1104.344 7.209
1104.657 28.067
1104.970 44.781
1105.283 47.781
1105.596 30.353
1105.909 26.353
1106.221 33.639
1106.534 27.639
1106.847 14.925
1107.160 -4.075
1107.473 -10.504
1107.786 -10.218
1108.099 -19.646
1108.412 -21.360
1108.725 -17.503
1109.038 -27.646
1109.351 -18.646
1109.664 -7.789
1109.977 -1.074
1110.289 9.783
1110.602 11.640
1110.915 -3.359
1111.228 -4.216
1111.541 -2.645
1111.854 -6.359
1112.167 -12.359
1112.480 -18.359
1112.793 -28.073
1113.106 -16.930
1113.419 -8.073
1113.732 -10.930
1114.044 -10.930
1114.357 3.499
1114.670 -0.644
1114.983 -2.215
1115.296 -3.643
1115.609 -13.786
1115.922 -20.500
1116.235 -18.786
1116.548 -34.500
1116.861 -27.786
1117.174 -19.214
1117.487 -20.214
1117.800 -11.071
1118.112 -10.214
1118.425 -12.071
1118.738 -5.928
1119.051 -5.785
1119.364 13.930
1119.677 20.501
1119.990 17.644
1120.303 23.501
1120.616 17.073
1120.929 14.359
1121.242 20.930
1121.555 7.930
1121.868 0.359
1122.180 9.502
1122.493 19.074
1122.806 28.359
1123.119 30.360
1123.432 21.788
1123.745 11.931
1124.058 14.360
1124.371 9.074
1124.684 -1.068
1124.997 -13.497
1125.310 -25.354
1125.623 -24.211
1125.935 -10.354
1126.248 -11.639
1126.561 -27.353
1126.874 -31.353
1127.187 -23.925
1127.500 -16.639
1127.813 -8.496
1128.126 -5.067
1128.439 -5.210
1128.752 0.076
1129.065 -4.067
1129.378 -10.638
1129.691 -10.209
1130.003 -12.066
1130.316 -6.781
1130.629 5.219
1130.942 14.648
1131.255 19.077
1131.568 17.077
1131.881 13.934
1132.194 1.363
1132.507 -17.351
1132.820 -19.923
1133.133 -18.780
1133.446 -15.780
1133.759 -4.208
1134.071 4.792
1134.384 14.792
1134.697 21.792
1135.010 23.221
1135.323 17.364
1135.636 19.793
1135.949 23.507
1136.262 15.079
1136.575 -0.493
1136.888 -3.207
1137.201 7.079
1137.514 21.651
1137.826 31.079
1138.139 31.365
1138.452 34.651
1138.765 52.365
1139.078 52.508
1139.391 32.651
1139.704 17.794
1140.017 8.080
1140.330 2.794
1140.643 3.080
1140.956 -11.634
1141.269 -11.205
1141.582 -9.634
1141.894 -2.776
1142.207 -0.776
1142.520 -7.205
1142.833 -2.633
1143.146 13.224
1143.459 14.224
1143.772 17.510
1144.085 23.367
1144.398 28.653
1144.711 41.796
1145.024 40.939
1145.337 35.225
1145.650 40.796
1145.962 48.654
1146.275 38.082
1146.588 29.368
1146.901 17.368
1147.214 13.225
1147.527 10.368
1147.840 -0.917
1148.153 -9.917
1148.466 -4.060
1148.779 -4.203
1149.092 -5.488
1149.405 -5.917
1149.718 2.369
1150.030 7.941
1150.343 1.941
1150.656 -11.630
1150.969 -7.916
1151.282 -5.487
1151.595 4.798
1151.908 18.370
1152.221 18.656
1152.534 24.942
1152.847 29.227
1153.160 32.513
1153.473 41.942
1153.785 34.942
1154.098 21.085
1154.411 20.085
1154.724 27.942
1155.037 41.228
1155.350 33.657
1155.663 25.086
1155.976 17.514
1156.289 4.371
1156.602 8.657
1156.915 9.086
1157.228 -7.485
1157.541 -23.485
1157.853 -41.914
1158.166 -48.056
1158.479 -41.628
1158.792 -48.485
1159.105 -56.913
1159.418 -41.913
1159.731 -31.627
1160.044 -15.056
1160.357 -0.913
1160.670 -3.484
1160.983 -13.913
1161.296 -19.341
1161.609 -31.627
1161.921 -22.912
1162.234 -6.055
1162.547 -6.912
1162.860 -13.055
1163.173 1.088
1163.486 16.803
1163.799 13.374
1164.112 4.660
1164.425 -6.340
1164.738 -8.340
1165.051 -2.197
1165.364 -4.911
1165.676 -11.340
1165.989 0.661
1166.302 -1.339
1166.615 -10.768
1166.928 -15.339
1167.241 -11.339
1167.554 -11.482
1167.867 -14.196
1168.180 -15.910
1168.493 -13.196
1168.806 7.090
1169.119 24.090
1169.432 20.805
1169.744 17.662
1170.057 14.090
1170.370 11.233
1170.683 15.091
1170.996 4.376
1171.309 -4.909
1171.622 6.805
1171.935 9.234
1172.248 11.805
1172.561 24.091
1172.874 32.091
1173.187 34.663
1173.500 40.092
1173.812 35.235
1174.125 38.949
1174.438 42.378
1174.751 42.092
1175.064 42.664
1175.377 45.664
1175.690 49.378
1176.003 55.378
1176.316 59.807
1176.629 60.950
1176.942 55.664
1177.255 46.093
1177.567 33.522
1177.880 21.522
1178.193 13.093
1178.506 10.379
1178.819 17.808
1179.132 21.093
1179.445 21.951
1179.758 15.951
1180.071 8.665
1180.384 5.951
1180.697 2.380
1181.010 -17.192
1181.323 -30.763
1181.635 -28.620
1181.948 -18.477
1182.261 -8.048
1182.574 -7.620
1182.887 -4.048
1183.200 6.238
1183.513 10.095
1183.826 0.238
1184.139 -7.762
1184.452 -10.619
1184.765 -3.762
1185.078 -1.476
1185.391 -4.905
1185.703 2.810
1186.016 21.096
1186.329 32.096
1186.642 33.953
1186.955 16.810
1187.268 10.239
1187.581 17.810
1187.894 10.811
1188.207 -2.332
1188.520 -10.189
1188.833 -10.046
1189.146 6.668
1189.459 6.668
1189.771 -0.760
1190.084 -6.474
1190.397 -21.331
1190.710 -25.046
1191.023 -19.474
1191.336 -13.903
1191.649 -13.188
1191.962 -9.474
1192.275 4.526
1192.588 26.669
1192.901 38.384
1193.214 35.527
1193.526 28.384
1193.839 26.955
1194.152 23.527
1194.465 16.956
1194.778 9.241
1195.091 4.813
1195.404 -5.187
1195.717 -9.330
1196.030 -7.615
1196.343 -12.615
1196.656 -15.330
1196.969 -13.758
1197.282 -16.615
1197.594 -6.329
1197.907 -1.329
1198.220 2.100
1198.533 7.242
1198.846 9.528
1199.159 10.671
1199.472 10.957
1199.785 4.671
1200.098 0.529
1200.411 -5.043
1200.724 -2.328
1201.037 -0.614
1201.350 -2.042
1201.662 1.529
1201.975 4.648
1202.288 4.215
1202.601 5.315
