165.028 3.335
165.288 9.768
165.547 14.885
165.807 23.249
166.067 29.359
166.327 28.611
166.587 38.148
166.847 27.829
167.107 11.795
167.367 8.189
167.627 6.298
167.886 11.835
168.146 10.515
168.406 7.194
168.666 20.445
168.926 34.267
169.186 32.517
169.446 29.911
169.706 33.732
169.966 42.268
170.225 48.518
170.485 48.482
170.745 51.732
171.005 64.553
171.265 61.374
171.525 46.480
171.785 35.158
172.045 27.121
172.305 27.370
172.564 29.047
172.824 26.724
173.084 32.259
173.344 39.507
173.604 43.469
173.864 46.718
174.124 48.537
174.384 39.071
174.644 36.318
174.903 32.423
175.163 24.242
175.423 25.633
175.683 21.451
175.943 9.127
176.203 12.374
176.463 5.621
176.723 -4.560
176.983 1.401
177.242 5.362
177.502 6.894
177.762 5.712
178.022 2.387
178.282 5.633
178.542 22.737
178.802 24.126
179.062 12.657
179.322 13.189
179.581 17.006
179.841 9.395
180.101 6.355
180.361 3.600
180.621 4.989
180.881 -0.909
181.141 3.194
181.401 20.582
181.661 37.684
181.920 44.501
182.180 42.032
182.440 41.562
182.700 49.522
182.960 35.195
183.220 13.726
183.480 11.970
183.740 10.786
184.000 5.460
184.259 -4.725
184.519 1.377
184.779 17.907
185.039 32.294
185.299 25.539
185.559 24.211
185.819 23.170
186.079 22.557
186.339 18.944
186.598 -5.955
186.858 -33.711
187.118 -37.753
187.378 -44.081
187.638 -41.837
187.898 -28.450
188.158 -35.921
188.418 -29.534
188.678 -12.291
188.937 -7.047
189.197 -8.375
189.457 -12.560
189.717 -16.174
189.977 -9.930
190.237 -8.830
190.497 -7.872
190.757 1.800
191.017 11.329
191.276 17.429
191.536 17.387
191.796 13.916
192.056 19.016
192.316 16.116
192.576 4.502
192.836 -0.112
193.096 -5.297
193.356 -5.768
193.616 -6.668
193.875 -6.425
194.135 -2.896
194.395 1.204
194.655 1.161
194.915 6.547
195.175 11.075
195.435 18.890
195.695 21.847
195.955 24.804
196.214 29.476
196.474 34.004
196.734 32.104
196.994 38.204
197.254 47.019
197.514 47.547
197.774 52.219
198.034 46.033
198.294 41.133
198.553 39.376
198.813 25.476
199.073 6.147
199.333 -2.324
199.593 -6.367
199.853 -4.839
200.113 -8.024
200.373 -3.210
200.633 0.747
200.892 10.990
201.152 16.519
201.412 6.904
201.672 -6.853
201.932 -19.896
202.192 -24.938
202.452 -23.695
202.712 -28.595
202.972 -28.067
203.231 -26.252
203.491 -10.866
203.751 7.519
204.011 10.477
204.271 21.006
204.531 33.249
204.791 23.635
205.051 18.306
205.311 17.264
205.570 23.221
205.830 42.036
206.090 44.136
206.350 33.665
206.610 43.622
206.870 60.151
207.130 66.966
207.390 56.352
207.650 32.167
207.909 10.839
208.169 11.940
208.429 15.040
208.689 16.284
208.949 4.670
209.209 -2.515
209.469 -10.700
209.729 -17.742
209.989 -18.070
210.248 -12.255
210.508 -14.583
210.768 -13.196
211.028 -9.381
211.288 3.720
211.548 17.678
211.808 12.208
212.068 11.594
212.328 8.124
212.587 4.797
212.847 24.755
213.107 37.570
213.367 34.243
213.627 28.202
213.887 29.446
214.147 35.690
214.407 31.791
214.667 10.036
214.926 -14.291
215.186 -20.475
215.446 -20.945
215.706 -37.844
215.966 -36.599
216.226 -33.497
216.486 -30.538
216.746 -4.151
217.006 12.951
217.265 25.196
217.525 38.726
217.785 32.828
218.045 32.502
218.305 33.175
218.565 27.135
218.825 31.808
219.085 35.196
219.345 36.727
219.604 35.687
219.864 43.932
220.124 49.463
220.384 37.566
220.644 27.240
220.904 27.485
221.164 19.874
221.424 22.405
221.684 23.651
221.943 19.754
222.203 25.571
222.463 24.531
222.723 17.920
222.983 16.166
223.243 13.698
223.503 7.944
223.763 2.761
224.023 -15.278
224.282 -22.318
224.542 -22.786
224.802 -18.111
225.062 -29.721
225.322 -30.618
225.582 -14.943
225.842 0.304
226.102 4.979
226.362 7.940
226.621 6.187
226.881 19.291
227.141 25.109
227.401 9.499
227.661 7.604
227.921 13.422
228.181 19.669
228.441 27.774
228.701 25.164
228.960 26.411
229.220 34.230
229.480 28.478
229.740 13.868
230.000 -1.884
230.260 -4.208
230.520 3.611
230.780 -3.998
231.040 -15.322
231.299 -16.359
231.559 -13.826
231.819 -11.720
232.079 -15.901
232.339 -23.938
232.599 -22.690
232.859 -8.299
233.119 -9.336
233.379 -4.373
233.638 -3.553
233.898 1.267
234.158 7.373
234.418 6.479
234.678 7.013
234.938 18.262
235.198 8.797
235.458 9.617
235.718 2.581
235.978 -12.884
236.237 -7.492
236.497 -6.671
236.757 -7.279
237.017 5.685
237.277 29.077
237.537 42.898
237.797 53.005
238.057 57.398
238.317 59.362
238.576 56.326
238.836 56.433
239.096 30.683
239.356 15.219
239.616 19.898
239.876 17.719
240.136 9.112
240.396 17.077
240.656 27.899
240.915 37.150
241.175 44.257
241.435 47.508
241.695 46.330
241.955 55.438
242.215 52.403
242.475 45.797
242.735 46.905
242.995 39.014
243.254 29.122
243.514 23.516
243.774 12.339
244.034 9.447
244.294 7.556
244.554 13.379
244.814 22.631
245.074 22.454
245.334 19.420
245.593 19.672
245.853 10.066
246.113 10.033
246.373 3.999
246.633 2.537
246.893 12.503
247.153 31.184
247.413 37.294
247.673 47.118
247.932 47.227
248.192 45.480
248.452 38.018
248.712 33.699
248.972 21.952
249.232 16.777
249.492 12.887
249.752 10.854
250.012 10.536
250.271 10.646
250.531 1.042
250.791 -13.705
251.051 -23.880
251.311 -22.198
251.571 -5.373
251.831 10.309
252.091 16.134
252.351 26.388
252.610 47.356
252.870 65.324
253.130 69.149
253.390 42.832
253.650 37.800
253.911 40.483
254.172 35.023
254.433 27.420
254.694 16.532
254.955 3.501
255.216 2.326
255.477 -15.276
255.738 -23.879
255.999 -16.910
256.261 -11.940
256.522 -11.686
256.783 0.998
257.044 9.824
257.305 23.508
257.566 32.478
257.827 27.590
258.088 21.988
258.349 27.386
258.610 28.499
258.871 29.612
259.132 22.296
259.393 13.980
259.654 14.521
259.915 22.634
260.176 24.319
260.437 19.575
260.698 12.545
260.959 5.515
261.221 8.200
261.482 1.314
261.743 -16.859
262.004 -29.317
262.265 -20.774
262.526 -4.804
262.787 0.310
263.048 -6.576
263.309 -7.891
263.570 -2.920
263.831 1.194
264.092 -6.692
264.353 -16.578
264.614 -17.892
264.875 -12.206
265.136 -6.378
265.397 -1.120
265.658 1.994
265.919 3.537
266.181 13.366
266.442 20.481
266.703 22.024
266.964 26.568
267.225 33.968
267.486 41.226
267.747 48.198
268.008 48.885
268.269 49.286
268.530 53.544
268.791 63.088
269.052 69.346
269.313 72.319
269.574 67.720
269.835 60.407
270.096 51.094
270.357 51.781
270.618 41.325
270.879 31.584
271.141 31.129
271.402 24.673
271.663 19.361
271.924 25.048
272.185 23.879
272.446 11.281
272.707 -0.032
272.968 -10.058
273.229 -0.227
273.490 14.889
273.751 22.292
274.012 23.408
274.273 34.239
274.534 39.070
274.795 41.759
275.056 32.590
275.317 24.135
275.578 14.538
275.839 16.798
276.101 20.201
276.362 23.747
276.623 25.435
276.884 27.124
277.145 13.242
277.406 4.216
277.667 -2.238
277.928 -2.549
278.189 -9.717
278.450 -19.170
278.711 -21.624
278.972 -15.506
279.233 -3.531
279.494 2.587
279.755 5.562
280.016 18.538
280.277 30.084
280.538 30.203
280.799 32.035
281.061 23.296
281.322 13.558
281.583 10.248
281.844 5.938
282.105 5.771
282.366 1.318
282.627 -6.849
282.888 -13.159
283.149 -23.326
283.410 -30.207
283.671 -31.802
283.932 -35.397
284.193 -26.992
284.454 -18.445
284.715 -8.183
284.976 3.508
285.237 10.342
285.498 2.318
285.759 -10.848
286.021 -13.300
286.282 -9.037
286.543 -7.489
286.804 -5.941
287.065 -13.392
287.326 3.156
287.587 30.990
287.848 27.539
288.109 21.659
288.370 29.922
288.631 32.756
288.892 42.305
289.153 41.854
289.414 25.402
289.675 26.380
289.936 28.358
290.197 24.478
290.458 23.313
290.719 12.005
290.981 -5.446
291.242 -12.182
291.503 -9.633
291.764 -2.798
292.025 -3.534
292.286 -9.699
292.547 -8.435
292.808 -3.028
293.069 -7.050
293.330 -16.072
293.591 -21.665
293.852 -27.401
294.113 -36.851
294.374 -35.444
294.635 -26.322
294.896 -8.344
295.157 -1.508
295.418 -4.958
295.679 -10.550
295.941 -4.429
296.202 1.550
296.463 -0.328
296.724 1.080
296.985 9.059
297.246 20.895
297.507 38.589
297.768 33.282
298.029 11.690
298.290 4.384
298.551 -0.351
298.812 -11.800
299.073 -16.964
299.334 -27.413
299.595 -18.147
299.856 -0.311
300.117 1.955
300.378 -6.065
300.639 8.200
300.901 17.180
301.162 9.589
301.423 2.140
301.684 -9.309
301.945 -11.328
302.206 10.223
302.467 13.060
302.728 -0.245
302.989 5.878
303.250 14.001
303.511 11.982
303.772 5.248
304.033 -16.057
304.294 -36.648
304.555 -33.525
304.816 -19.116
305.077 -14.278
305.338 -2.154
305.599 10.112
305.861 16.236
306.122 33.074
306.383 28.912
306.644 11.036
306.905 0.589
307.166 -0.288
307.427 2.836
307.688 8.532
307.949 6.370
308.210 15.209
308.471 29.047
308.732 38.886
308.993 48.010
309.254 46.134
309.515 42.259
309.776 46.383
310.037 34.222
310.298 21.061
310.559 29.614
310.821 19.881
311.082 17.435
311.343 21.702
311.604 20.684
311.865 32.095
312.126 44.220
312.387 37.344
312.648 38.184
312.909 33.309
313.170 34.577
313.434 40.273
313.698 39.827
313.963 30.952
314.227 27.077
314.491 31.631
314.755 35.756
315.019 19.167
315.284 2.721
315.548 7.418
315.812 6.544
316.076 5.098
316.340 4.366
316.604 5.921
316.869 16.189
317.133 26.315
317.397 20.012
317.661 14.709
317.925 10.549
318.190 6.390
318.454 -1.484
318.718 -5.501
318.982 -12.375
319.246 -17.249
319.511 -14.123
319.775 -10.568
320.039 -5.728
320.303 10.684
320.567 26.953
320.832 28.222
321.096 26.349
321.360 21.047
321.624 19.744
321.888 22.014
322.153 10.283
322.417 0.981
322.681 7.108
322.945 14.949
323.209 27.218
323.473 28.917
323.738 13.329
324.002 11.313
324.266 3.726
324.530 -5.719
324.794 -18.878
325.059 -28.179
325.323 -31.909
325.587 -15.497
325.851 -6.227
326.115 -8.814
326.380 -6.829
326.644 8.155
326.908 15.854
327.172 18.267
327.436 20.680
327.701 17.950
327.965 22.792
328.229 12.776
328.493 -2.810
328.757 -5.968
329.022 -6.698
329.286 -15.999
329.550 -20.871
329.814 -20.601
330.078 -16.616
330.342 -5.345
330.607 4.640
330.871 18.196
331.135 20.753
331.399 17.738
331.663 13.580
331.928 14.851
332.192 11.550
332.456 0.821
332.720 -8.622
332.984 -0.208
333.249 12.492
333.513 25.334
333.777 37.320
334.041 42.876
334.305 51.433
334.570 53.276
334.834 50.690
335.098 40.676
335.362 27.947
335.626 16.647
335.891 5.490
336.155 -4.953
336.419 -5.396
336.683 -0.267
336.947 1.005
337.211 0.276
337.476 1.119
337.740 6.534
338.004 11.806
338.268 0.649
338.532 -18.222
338.797 -17.236
339.061 -6.964
339.325 -7.407
339.589 -12.420
339.853 -13.863
340.118 -0.591
340.382 -0.033
340.646 0.668
340.910 2.654
341.174 12.498
341.439 21.770
341.703 20.899
341.967 11.028
342.231 14.015
342.495 15.859
342.759 -0.297
343.024 -15.454
343.288 -27.038
343.552 -28.909
343.816 -31.208
344.080 -38.078
344.345 -48.234
344.609 -37.533
344.873 -32.546
345.137 -31.131
345.401 -21.287
345.666 -15.728
345.930 -11.312
346.194 -10.897
346.458 -19.053
346.722 -12.923
346.987 -10.650
347.251 -30.377
347.515 -31.390
347.779 -22.117
348.043 -5.558
348.308 7.858
348.572 8.560
348.836 16.833
349.100 34.677
349.364 50.522
349.628 54.223
349.893 46.354
350.157 43.913
350.421 49.186
350.685 59.745
350.949 64.447
351.214 46.578
351.478 44.994
351.742 49.124
352.006 43.826
352.270 35.528
352.535 26.231
352.799 21.933
353.063 23.921
353.327 11.051
353.591 -1.246
353.856 4.027
354.120 6.444
354.384 4.432
354.648 -0.866
354.912 4.122
355.177 9.967
355.441 12.527
355.705 3.087
355.969 -0.211
356.233 -7.794
356.497 -11.377
356.762 -16.818
357.026 -27.401
357.290 -32.984
357.554 -33.995
357.818 -35.293
358.083 -27.590
358.347 -17.459
358.611 -13.613
358.875 -1.482
359.139 3.650
359.404 4.210
359.668 6.341
359.932 7.473
360.196 -1.824
360.460 -8.550
360.725 -1.704
360.989 1.713
361.253 11.130
361.517 22.119
361.781 25.965
362.046 24.811
362.310 28.371
362.574 11.789
362.838 11.349
363.102 11.910
363.366 0.613
363.631 -0.970
363.895 0.591
364.159 -4.563
364.423 4.426
364.687 5.558
364.952 1.119
365.216 -3.606
365.480 -12.760
365.747 0.086
366.013 7.647
366.280 5.351
366.546 3.483
366.813 10.186
367.079 19.461
367.346 27.879
367.612 24.012
367.879 29.858
368.145 35.562
368.412 44.694
368.678 37.255
368.945 31.245
369.211 25.234
369.478 9.938
369.744 0.785
370.011 7.632
370.278 -1.664
370.544 -6.246
370.811 -9.114
371.077 -10.124
371.344 -3.848
371.610 -2.002
371.877 -5.440
372.143 0.121
372.410 1.111
372.676 2.386
372.943 2.948
373.209 1.795
373.476 1.356
373.742 -9.511
374.009 -11.950
374.276 0.755
374.542 5.602
374.809 6.878
375.075 2.868
375.342 6.001
375.608 15.991
375.875 17.267
376.141 8.971
376.408 4.676
376.674 2.237
376.941 4.656
377.207 -5.782
377.474 -13.220
377.740 -9.516
378.007 -11.240
378.273 -10.821
378.540 -14.545
378.807 -6.554
379.073 12.722
379.340 16.998
379.606 4.703
379.873 10.551
380.139 7.684
380.406 1.246
380.672 1.379
380.939 -6.773
381.205 -1.639
381.472 14.637
381.738 10.342
382.005 16.904
382.271 38.609
382.538 47.457
382.804 48.305
383.071 37.438
383.338 19.858
383.604 18.991
383.871 18.268
384.137 11.973
384.404 -4.322
384.670 -21.188
384.937 -23.054
385.203 -14.349
385.470 -9.787
385.736 -3.224
386.003 5.481
386.269 26.044
386.536 44.177
386.802 51.454
387.069 48.731
387.336 50.151
387.602 44.856
387.869 26.990
388.135 4.553
388.402 -18.028
388.668 -21.751
388.935 -22.902
389.201 -35.625
389.468 -43.063
389.734 -37.786
390.001 -20.366
390.267 -5.517
390.534 -3.954
390.800 1.466
391.067 15.743
391.333 21.020
391.600 13.154
391.867 5.288
392.133 17.994
392.400 24.843
392.666 27.977
392.933 20.969
393.199 26.960
393.466 44.523
393.732 44.515
393.999 38.935
394.265 33.927
394.532 32.633
394.798 32.339
395.065 15.187
395.331 -6.107
395.598 -9.258
395.864 -0.837
396.131 2.154
396.398 3.146
396.664 18.138
396.931 33.701
397.197 55.693
397.464 67.542
397.730 71.534
397.997 74.383
398.263 75.518
398.530 85.510
398.796 108.930
399.063 126.636
399.329 140.343
399.596 145.192
399.862 164.612
400.129 186.462
400.396 197.168
400.662 204.446
400.929 217.152
401.195 241.144
401.462 281.994
401.728 338.129
401.995 409.406
402.261 484.541
402.528 588.819
402.794 710.526
403.061 844.947
403.327 991.368
403.594 1141.646
403.860 1299.638
404.127 1468.344
404.393 1641.051
404.660 1806.043
404.931 1976.321
405.202 2145.171
405.473 2308.163
405.745 2462.156
406.016 2608.863
406.287 2727.426
406.558 2847.276
406.829 2948.126
407.100 3035.832
407.371 3092.539
407.642 3118.532
407.914 3132.381
408.185 3138.231
408.456 3126.938
408.727 3111.073
408.998 3078.923
409.269 3052.773
409.540 3022.051
409.811 2989.187
410.083 2961.465
410.354 2929.029
410.625 2871.879
410.896 2809.015
411.167 2738.865
411.438 2675.143
411.709 2595.850
411.981 2490.700
412.252 2362.264
412.523 2249.114
412.794 2142.679
413.065 2027.243
413.336 1918.236
413.607 1796.657
413.878 1682.793
414.150 1597.786
414.421 1500.493
414.692 1394.629
414.963 1301.765
415.234 1193.472
415.505 1100.179
415.776 1006.458
416.047 892.880
416.319 792.730
416.590 689.294
416.861 582.716
417.132 500.423
417.403 432.274
417.674 377.410
417.945 341.546
418.217 304.682
418.488 262.961
418.759 232.382
419.030 203.090
419.301 185.654
419.572 163.791
419.843 133.641
420.114 105.206
420.386 99.485
420.657 93.906
420.928 85.614
421.199 73.464
421.470 59.315
421.741 45.023
422.012 50.016
422.283 43.581
422.555 39.860
422.826 31.139
423.097 19.132
423.368 18.697
423.639 24.834
423.910 24.827
424.181 39.392
424.453 46.528
424.724 56.665
424.995 53.658
425.266 43.937
425.537 45.788
425.808 32.067
426.079 16.775
426.350 10.912
426.622 10.191
426.893 19.327
427.164 31.178
427.435 31.315
427.706 38.165
427.977 41.159
428.248 37.153
428.519 24.575
428.791 20.140
429.062 25.277
429.333 26.128
429.604 20.550
429.875 24.258
430.146 39.538
430.417 49.388
430.689 42.382
430.960 29.376
431.231 31.084
431.502 41.221
431.773 42.358
432.044 34.780
432.315 35.060
432.586 33.339
432.858 28.905
433.129 18.184
433.400 5.035
433.671 -15.256
433.942 -26.691
434.213 -24.554
434.484 -15.560
434.755 -10.709
435.027 -1.858
435.298 4.993
435.569 23.987
435.840 35.267
436.116 31.690
436.391 22.255
436.667 26.106
436.942 27.958
437.218 33.523
437.493 26.089
437.769 20.226
438.045 25.934
438.320 36.500
438.596 33.780
438.871 22.774
439.147 15.054
439.422 19.191
439.698 10.757
439.974 -7.392
440.249 -17.826
440.525 -17.118
440.800 -9.124
441.076 -2.272
441.351 -2.135
441.627 -2.426
441.903 2.425
442.178 3.134
442.454 -2.443
442.729 -6.592
443.005 -3.455
443.281 7.968
443.556 26.963
443.832 50.100
444.107 60.523
444.383 63.232
444.658 53.655
444.934 32.506
445.210 22.501
445.485 24.495
445.761 20.490
446.036 30.198
446.312 47.621
446.587 75.330
446.863 103.325
447.139 105.891
447.414 96.457
447.690 98.737
447.965 100.303
448.241 112.012
448.516 118.435
448.792 124.858
449.068 148.710
449.343 166.419
449.619 166.128
449.894 168.837
450.170 168.546
450.445 171.112
450.721 163.821
450.997 158.958
451.272 163.953
451.548 171.376
451.823 180.228
452.099 176.652
452.375 165.503
452.650 176.355
452.926 169.064
453.201 157.059
453.477 157.340
453.752 157.049
454.028 158.758
454.304 175.038
454.579 188.462
454.855 194.457
455.130 205.737
455.406 207.875
455.681 205.156
455.957 199.865
456.233 187.574
456.508 169.283
456.784 170.135
457.059 167.273
457.335 155.839
457.610 140.691
457.886 131.401
458.162 128.110
458.437 113.819
458.713 97.671
458.988 85.238
459.264 77.376
459.539 68.514
459.815 62.366
460.091 45.361
460.366 40.499
460.642 31.494
460.917 21.203
461.193 8.055
461.468 3.050
461.744 2.617
462.020 9.612
462.295 17.322
462.571 20.745
462.846 21.739
463.122 32.014
463.397 36.150
463.673 40.136
463.949 35.703
464.224 21.276
464.500 13.133
464.775 15.123
465.051 26.107
465.327 31.945
465.602 29.229
465.878 36.775
466.153 35.906
466.429 47.182
466.704 45.473
466.980 34.924
467.256 42.397
467.531 53.129
467.807 53.904
468.082 70.663
468.358 74.856
468.633 77.161
468.909 86.392
469.185 81.576
469.460 62.254
469.736 52.502
470.011 46.360
470.287 44.968
470.562 42.672
470.838 23.661
471.114 9.109
471.389 11.692
471.665 12.273
471.940 15.922
472.216 13.927
472.491 17.698
472.767 34.078
473.043 42.776
473.318 45.533
473.594 53.093
473.869 49.776
474.145 43.983
474.421 36.873
474.696 30.492
474.972 35.887
475.247 38.213
475.523 30.653
475.798 28.769
476.074 34.154
476.350 48.844
476.625 50.432
476.901 41.977
477.176 42.978
477.452 58.359
477.727 63.712
478.003 54.828
478.279 41.005
478.554 29.822
478.830 27.637
479.105 27.180
479.381 11.200
479.656 0.457
479.932 1.474
480.208 -2.569
480.483 -7.753
480.759 -5.741
481.034 -10.959
481.310 -13.991
481.585 -10.111
481.861 -15.561
482.137 -20.405
482.412 -10.032
482.688 -6.756
482.963 0.378
483.239 0.530
483.514 -8.053
483.790 4.947
484.066 23.212
484.341 23.766
484.617 24.146
484.892 22.818
485.168 32.745
485.443 41.274
485.719 39.379
485.995 40.593
486.270 44.522
486.546 44.051
486.821 38.219
487.097 41.231
487.373 46.393
487.648 35.409
487.924 22.010
488.199 30.803
488.475 34.979
488.750 34.413
489.026 30.586
489.302 26.921
489.577 38.822
489.853 57.555
490.128 49.673
490.404 30.501
490.679 37.347
490.955 40.841
491.231 38.037
491.506 38.033
491.782 24.330
492.057 18.602
492.333 29.911
492.608 24.599
492.884 20.684
493.160 20.542
493.435 6.824
493.711 2.482
493.986 12.015
494.262 26.190
494.537 36.855
494.813 36.163
495.089 42.479
495.364 58.192
495.640 66.480
495.915 61.733
496.191 54.473
496.467 46.632
496.742 49.773
497.018 55.772
497.293 59.351
497.569 58.395
497.844 59.147
498.120 68.273
498.396 76.110
498.671 72.904
498.947 64.440
499.222 57.395
499.498 66.402
499.773 78.016
500.049 71.861
500.325 60.504
500.600 71.172
500.876 92.615
501.151 104.420
501.427 101.233
501.702 97.459
501.978 99.682
502.254 119.412
502.529 132.324
502.805 131.157
503.080 143.847
503.356 165.731
503.631 173.912
503.907 176.275
504.183 175.034
504.458 166.012
504.734 174.701
505.009 173.685
505.285 159.945
505.560 159.219
505.836 162.393
506.112 158.633
506.387 153.409
506.663 137.930
506.938 118.814
507.214 117.168
507.490 124.738
507.765 128.110
508.041 116.099
508.316 108.104
508.592 102.119
508.867 109.227
509.143 103.389
509.419 84.130
509.694 69.541
509.970 76.220
510.245 83.877
510.521 73.800
510.796 68.005
511.072 68.042
511.348 60.013
511.623 60.513
511.899 59.305
512.174 48.986
512.450 60.137
512.725 58.350
513.001 60.934
513.277 85.543
513.552 96.197
513.828 113.558
514.103 135.261
514.379 144.388
514.654 157.505
514.930 163.983
515.206 173.720
515.481 186.365
515.757 197.141
516.032 217.907
516.308 242.901
516.583 276.843
516.859 314.998
517.135 350.426
517.410 389.697
517.686 434.213
517.961 474.645
518.237 519.040
518.513 575.030
518.788 631.581
519.064 676.621
519.339 728.300
519.615 781.998
519.890 841.932
520.166 899.829
520.442 954.120
520.717 1014.558
520.993 1072.290
521.268 1126.930
521.544 1182.975
521.819 1241.438
522.095 1290.242
522.371 1310.382
522.646 1319.761
522.922 1334.126
523.197 1351.249
523.473 1350.743
523.748 1328.199
524.024 1317.342
524.300 1312.067
524.575 1295.933
524.851 1267.632
525.126 1227.153
525.402 1196.375
525.677 1160.555
525.953 1109.430
526.229 1054.507
526.504 1012.126
526.780 970.678
527.055 939.654
527.331 895.760
527.606 858.480
527.882 825.278
528.158 814.943
528.433 813.762
528.709 814.377
528.984 806.887
529.260 807.581
529.535 815.712
529.811 836.496
530.087 833.467
530.362 811.195
530.638 791.915
530.913 784.714
531.189 776.434
531.465 763.904
531.740 741.353
532.016 734.419
532.291 741.427
532.567 737.712
532.842 724.688
533.118 711.423
533.394 703.147
533.669 699.608
533.945 693.955
534.220 679.125
534.496 672.855
534.771 678.566
535.047 684.098
535.323 691.137
535.598 717.617
535.874 772.239
536.149 854.495
536.425 956.718
536.700 1058.869
536.976 1182.952
537.252 1342.440
537.527 1527.348
537.803 1728.481
538.078 1940.931
538.354 2175.889
538.629 2448.314
538.905 2732.456
539.181 3002.430
539.456 3250.854
539.732 3462.452
540.007 3658.103
540.283 3837.164
540.558 3994.490
540.834 4133.341
541.110 4241.503
541.385 4328.676
541.661 4421.393
541.936 4504.952
542.212 4579.708
542.488 4604.912
542.763 4601.591
543.039 4601.729
543.314 4583.573
543.590 4549.131
543.865 4489.456
544.141 4404.869
544.417 4345.681
544.692 4292.763
544.968 4248.809
545.243 4206.545
545.519 4156.614
545.794 4131.372
546.070 4140.517
546.348 4159.355
546.627 4180.490
546.905 4198.052
547.183 4262.377
547.461 4347.060
547.740 4428.049
548.018 4520.898
548.296 4619.065
548.575 4747.706
548.853 4905.538
549.131 5049.797
549.409 5200.783
549.688 5373.184
549.966 5541.119
550.244 5719.010
550.523 5909.827
550.801 6123.591
551.079 6344.024
551.357 6564.780
551.636 6789.364
551.914 6993.394
552.192 7192.733
552.471 7386.135
552.749 7524.693
553.027 7637.321
553.306 7756.755
553.584 7856.029
553.862 7949.354
554.140 8021.771
554.419 8051.194
554.697 8061.626
554.975 8063.405
555.254 8029.389
555.532 7976.002
555.810 7893.585
556.088 7790.198
556.367 7655.041
556.645 7502.368
556.923 7318.299
557.202 7100.023
557.480 6831.243
557.758 6559.511
558.036 6268.100
558.315 5978.817
558.593 5671.679
558.871 5355.535
559.150 5054.586
559.428 4769.352
559.706 4466.169
559.984 4158.022
560.263 3865.633
560.541 3584.317
560.819 3320.442
561.098 3069.022
561.376 2827.561
561.654 2587.117
561.932 2370.367
562.211 2169.724
562.489 1998.137
562.767 1839.969
563.046 1678.014
563.324 1549.387
563.602 1466.282
563.880 1391.150
564.159 1315.789
564.437 1244.084
564.715 1166.299
564.994 1106.384
565.272 1046.899
565.550 972.321
565.828 909.253
566.107 848.614
566.385 789.337
566.663 746.986
566.942 705.602
567.220 667.085
567.498 634.495
567.776 601.877
568.055 569.276
568.333 538.836
568.611 511.369
568.890 478.091
569.168 443.997
569.446 428.411
569.725 407.008
570.003 383.415
570.281 372.583
570.559 362.646
570.838 348.704
571.116 329.675
571.394 298.702
571.673 265.085
571.951 234.732
572.229 195.061
572.507 166.642
572.786 154.725
573.064 144.011
573.342 141.115
573.621 147.653
573.899 151.514
574.177 160.658
574.455 156.299
574.734 144.230
575.012 137.067
575.290 122.477
575.569 111.379
575.847 112.875
576.125 97.539
576.403 90.867
576.682 93.739
576.960 91.261
577.243 95.547
577.527 91.119
577.810 81.195
578.093 84.599
578.377 80.976
578.660 82.761
578.944 94.324
579.227 83.644
579.510 73.907
579.794 69.418
580.077 64.076
580.360 69.351
580.644 61.180
580.927 49.451
581.210 67.122
581.494 88.918
581.777 96.489
582.061 99.918
582.344 94.827
582.627 84.292
582.911 67.788
583.194 46.732
583.477 27.652
583.761 13.406
584.044 8.424
584.327 12.995
584.611 29.545
584.894 40.956
585.178 52.245
585.461 76.246
585.744 96.815
586.028 101.101
586.311 109.967
586.594 104.979
586.878 93.984
587.161 91.553
587.444 83.694
587.728 74.824
588.011 81.522
588.295 78.091
588.578 66.373
588.861 71.371
589.145 72.642
589.428 71.763
589.711 79.486
589.995 66.925
590.278 68.174
590.562 81.438
590.845 80.436
591.128 65.166
591.412 42.329
591.695 34.010
591.978 46.695
592.262 45.537
592.545 48.230
592.828 62.171
593.112 69.147
593.395 77.545
593.679 83.066
593.962 88.121
594.245 92.920
594.529 102.084
594.812 108.445
595.095 123.325
595.379 138.898
595.662 141.787
595.945 142.437
596.229 146.575
596.512 149.192
596.796 145.274
597.079 140.815
597.362 133.815
597.646 144.222
597.929 149.925
598.212 146.464
598.496 140.604
598.779 141.821
599.062 139.368
599.346 137.075
599.629 128.661
599.913 124.809
600.196 120.087
600.479 119.324
600.763 127.276
601.046 133.150
601.329 132.554
601.613 123.950
601.896 117.571
602.179 118.254
602.463 122.121
602.746 119.966
603.030 112.768
603.313 111.765
603.596 113.266
603.880 114.059
604.163 111.752
604.446 110.026
604.730 109.978
605.013 115.842
605.296 113.452
605.580 105.195
605.863 109.651
606.147 118.619
606.430 114.403
606.713 108.787
606.997 113.220
607.280 123.852
607.563 140.479
607.847 148.864
608.130 144.525
608.414 145.256
608.697 152.548
608.980 146.431
609.264 141.392
609.547 136.515
609.830 129.384
610.114 124.220
610.397 138.223
610.680 144.019
610.964 148.253
611.247 162.996
611.531 183.179
611.814 185.624
612.097 192.366
612.381 183.002
612.664 169.138
612.947 168.173
613.231 160.901
613.514 150.588
613.797 150.750
614.081 152.734
614.364 155.280
614.648 163.582
614.931 173.459
615.214 179.403
615.498 174.393
615.781 186.707
616.064 200.250
616.348 200.180
616.631 199.243
616.914 196.198
617.198 198.530
617.481 208.183
617.765 199.820
618.048 194.318
618.331 203.988
618.615 207.757
618.898 204.156
619.181 202.683
619.465 203.374
619.748 206.460
620.031 209.168
620.315 210.649
620.598 216.610
620.882 230.952
621.165 234.639
621.448 224.149
621.732 213.926
622.015 208.420
622.298 195.183
622.582 186.411
622.865 180.906
623.148 180.864
623.432 184.459
623.715 197.417
623.999 203.941
624.282 208.897
624.565 212.675
624.849 220.704
625.132 231.843
625.415 239.679
625.699 236.495
625.982 233.893
626.265 239.142
626.549 249.300
626.832 248.828
627.116 251.475
627.399 268.695
627.682 289.788
627.966 297.725
628.249 314.494
628.532 308.990
628.816 313.355
629.099 318.274
629.383 318.661
629.666 313.977
629.949 321.045
630.233 320.823
630.516 343.174
630.799 356.387
631.083 354.305
631.366 358.095
631.649 374.516
631.933 395.551
632.216 409.084
632.500 411.915
632.783 425.394
633.066 449.667
633.350 475.564
633.633 494.506
633.916 509.082
634.200 527.321
634.483 551.295
634.766 571.476
635.050 588.061
635.333 608.209
635.617 623.994
635.900 650.331
636.183 685.008
636.467 718.742
636.750 755.680
637.033 797.238
637.317 830.022
637.600 875.516
637.883 922.447
638.167 957.291
638.450 1004.496
638.734 1056.423
639.017 1117.409
639.300 1199.352
639.584 1269.910
639.867 1347.586
640.150 1454.246
640.434 1566.621
640.717 1685.957
641.000 1824.989
641.284 1968.379
641.567 2144.812
641.851 2326.909
642.134 2529.711
642.417 2748.927
642.701 3005.491
642.984 3301.678
643.267 3625.982
643.551 3963.671
643.834 4355.934
644.117 4784.787
644.401 5279.684
644.684 5808.061
644.968 6333.305
645.251 6901.828
645.534 7533.509
645.818 8137.709
646.101 8752.060
646.384 9370.730
646.668 9991.856
646.951 10667.085
647.235 11337.506
647.518 11992.515
647.801 12732.563
648.085 13514.587
648.368 14314.226
648.651 15155.584
648.935 16033.786
649.218 16958.081
649.501 17930.632
649.785 18870.195
650.068 19795.587
650.352 20723.736
650.635 21649.323
650.918 22490.756
651.202 23280.920
651.485 24008.025
651.768 24717.359
652.052 25383.402
652.335 26006.892
652.618 26556.118
652.902 27089.599
653.185 27566.531
653.469 28038.884
653.752 28459.146
654.035 28848.963
654.319 29145.326
654.602 29387.700
654.885 29587.399
655.169 29765.185
655.452 29890.148
655.735 30019.133
656.019 30096.427
656.302 30166.414
656.586 30234.545
656.869 30311.889
657.152 30377.006
657.436 30429.640
657.719 30448.498
658.002 30423.934
658.286 30365.591
658.569 30251.321
658.852 30050.081
659.136 29791.483
659.419 29449.943
659.703 29073.310
659.986 28695.653
660.269 28343.427
660.553 28011.819
660.836 27704.038
661.119 27397.595
661.403 27140.165
661.686 26899.310
661.969 26718.320
662.253 26542.453
662.536 26407.162
662.820 26330.691
663.103 26333.479
663.386 26407.138
663.670 26528.313
663.953 26633.634
664.236 26830.081
664.520 27087.968
664.803 27361.321
665.086 27657.918
665.370 27926.081
665.653 28181.674
665.937 28512.456
666.220 28781.651
666.503 28955.452
666.787 29075.316
667.070 29158.044
667.353 29194.993
667.637 29232.589
667.920 29178.400
668.204 29090.805
668.487 28983.886
668.770 28804.002
669.054 28524.958
669.337 28190.462
669.620 27736.160
669.904 27181.348
670.187 26538.535
670.470 25833.446
670.754 25111.661
671.037 24375.633
671.321 23607.636
671.604 22787.736
671.887 21949.248
672.171 21072.614
672.454 20148.135
672.737 19182.946
673.021 18206.100
673.304 17211.948
673.587 16200.676
673.871 15205.481
674.154 14252.154
674.438 13346.542
674.721 12479.429
675.004 11633.800
675.288 10816.029
675.571 10076.336
675.854 9394.132
676.138 8748.038
676.421 8124.673
676.704 7535.226
676.988 6987.051
677.271 6480.146
677.555 5993.450
677.838 5522.139
678.121 5067.926
678.405 4671.160
678.688 4291.736
678.971 3931.265
679.255 3583.142
679.538 3271.577
679.821 2981.527
680.105 2702.440
680.388 2432.465
680.672 2206.218
680.955 1996.021
681.238 1822.341
681.522 1651.419
681.805 1506.875
682.088 1399.723
682.372 1288.064
682.655 1183.007
682.938 1098.969
683.222 1029.738
683.505 991.592
683.789 953.118
684.072 939.696
684.355 941.036
684.639 935.531
684.922 935.679
685.205 934.770
685.489 933.106
685.772 955.324
686.056 965.314
686.339 977.540
686.622 998.714
686.906 1004.840
687.189 1021.117
687.472 1038.286
687.756 1029.188
688.039 1024.117
688.322 1028.142
688.606 1022.027
688.889 1023.811
689.173 1011.143
689.456 993.706
689.739 990.733
690.023 981.342
690.306 966.588
690.589 957.974
690.873 952.032
691.156 947.575
691.439 939.291
691.723 930.256
692.006 923.008
692.290 897.261
692.573 873.216
692.856 839.345
693.140 814.910
693.423 805.433
693.706 783.258
693.990 756.093
694.273 758.247
694.556 757.915
694.840 758.169
695.123 747.531
695.407 731.434
695.690 734.631
695.973 734.706
696.257 733.961
696.540 737.079
696.830 736.074
697.120 756.857
697.410 772.130
697.699 770.362
697.989 784.523
698.279 783.785
698.569 782.348
698.859 783.436
699.149 773.777
699.439 765.946
699.729 762.045
700.018 730.282
700.308 715.253
700.598 715.931
700.888 712.748
701.178 696.519
701.468 668.507
701.758 640.931
702.048 627.615
702.337 603.217
702.627 568.995
702.917 537.189
703.207 512.105
703.497 499.652
703.787 486.582
704.077 474.041
704.366 456.883
704.656 440.174
704.946 423.596
705.236 406.630
705.526 396.291
705.816 384.453
706.106 366.988
706.396 357.465
706.685 342.279
706.975 342.071
707.265 345.606
707.555 327.384
707.845 314.462
708.135 304.070
708.425 284.727
708.715 280.908
709.004 267.980
709.294 253.776
709.584 249.399
709.874 241.142
710.164 243.044
710.454 259.800
710.744 261.972
711.034 265.935
711.323 264.559
711.613 266.225
711.903 266.385
712.193 261.855
712.483 247.916
712.773 243.164
713.063 244.236
713.352 245.692
713.642 248.384
713.932 254.168
714.222 257.214
714.512 255.428
714.802 247.247
715.092 235.433
715.382 222.509
715.671 225.419
715.961 228.024
716.251 222.439
716.541 233.192
716.831 240.603
717.121 238.895
717.411 240.865
717.701 237.969
717.990 224.857
718.280 214.234
718.570 192.578
718.860 182.275
719.150 186.282
719.440 180.414
719.730 166.632
720.019 169.575
720.309 179.181
720.599 193.486
720.889 199.061
721.179 205.380
721.469 209.841
721.759 213.952
722.049 217.187
722.338 228.591
722.628 227.620
722.918 221.276
723.208 207.813
723.498 198.177
723.788 190.410
724.078 187.256
724.368 179.691
724.657 174.024
724.947 168.974
725.237 171.445
725.527 183.094
725.817 182.477
726.107 177.171
726.397 165.353
726.686 165.128
726.976 184.010
727.266 185.805
727.556 179.628
727.846 188.384
728.136 191.751
728.426 196.082
728.716 198.543
729.005 192.074
729.295 192.298
729.585 190.654
729.875 186.684
730.165 184.655
730.455 188.506
730.745 194.746
731.035 194.561
731.324 189.065
731.614 198.431
731.904 195.974
732.194 188.379
732.484 186.015
732.774 180.752
733.064 167.756
733.354 167.130
733.643 167.742
733.933 173.099
734.223 181.511
734.513 170.315
734.803 166.577
735.093 175.037
735.383 171.754
735.672 160.424
735.962 153.950
736.252 146.092
736.542 153.436
736.832 151.883
737.122 150.140
737.412 160.233
737.702 165.057
737.991 166.841
738.281 162.973
738.571 164.867
738.861 174.607
739.151 170.203
739.441 154.232
739.731 137.139
740.021 119.848
740.310 123.414
740.600 123.653
740.890 116.174
741.180 105.074
741.470 93.388
741.760 108.518
742.050 132.697
742.339 132.855
742.629 116.795
742.919 95.942
743.209 97.526
743.499 107.558
743.789 104.484
744.079 98.005
744.369 91.968
744.658 92.977
744.948 104.751
745.238 108.600
745.528 103.402
745.818 95.634
746.108 92.578
746.398 101.963
746.688 108.809
746.977 105.436
747.267 104.344
747.557 115.162
747.847 126.005
748.137 111.543
748.427 99.368
748.717 95.262
749.006 88.034
749.296 85.628
749.586 88.798
749.876 80.854
750.166 83.861
750.456 98.420
750.746 110.602
751.036 125.466
751.325 127.656
751.615 119.292
751.905 128.482
752.195 137.656
752.485 132.720
752.775 122.903
753.065 110.823
753.355 109.575
753.644 110.632
753.934 95.201
754.224 93.944
754.514 93.263
754.804 99.168
755.094 114.202
755.384 105.751
755.674 90.691
755.963 95.729
756.253 91.584
756.543 78.697
756.833 57.633
757.123 29.255
757.413 26.242
757.703 33.276
757.992 27.532
758.282 23.522
758.572 23.803
758.862 31.699
759.152 43.902
759.442 51.664
759.732 58.425
760.022 56.418
760.311 54.120
760.601 57.004
760.891 53.567
761.181 51.858
761.471 49.989
761.761 54.029
762.051 59.211
762.341 73.483
762.630 77.374
762.920 75.503
763.210 69.891
763.500 72.765
763.793 61.249
764.086 60.808
764.379 52.001
764.671 44.668
764.964 50.574
765.257 49.567
765.550 48.291
765.843 65.415
766.136 75.331
766.429 78.074
766.722 70.444
767.014 59.210
767.307 79.802
767.600 94.347
767.893 77.952
768.186 67.332
768.479 67.475
768.772 86.336
769.064 100.292
769.357 83.869
769.650 74.508
769.943 76.811
770.236 67.594
770.529 56.808
770.822 42.696
771.115 29.887
771.407 23.410
771.700 9.296
771.993 12.607
772.286 37.520
772.579 39.821
772.872 34.054
773.165 26.990
773.457 24.824
773.750 28.423
774.043 19.929
774.336 3.230
774.629 6.246
774.922 10.712
775.215 21.374
775.508 20.238
775.800 10.595
776.093 17.636
776.386 12.585
776.679 6.828
776.972 11.852
777.265 16.153
777.558 28.369
777.850 39.866
778.143 30.511
778.436 29.070
778.729 26.483
779.022 24.472
779.315 22.605
779.608 26.892
779.900 33.328
780.193 35.041
780.486 45.356
780.779 51.523
781.072 48.506
781.365 50.352
781.658 44.471
781.951 28.274
782.243 21.394
782.536 7.065
782.829 4.622
783.122 1.612
783.415 -10.275
783.708 -7.282
784.001 4.464
784.293 16.201
784.586 27.225
784.879 20.064
785.172 22.642
785.465 34.229
785.758 32.646
786.051 21.198
786.344 15.481
786.636 17.475
786.929 24.193
787.222 25.334
787.515 18.334
787.808 12.467
788.101 10.899
788.394 5.895
788.686 5.295
788.979 9.141
789.272 12.850
789.565 17.702
789.858 21.274
790.151 22.140
790.444 26.276
790.737 10.599
791.029 5.467
791.322 3.893
791.615 -0.104
791.908 -9.231
792.201 0.031
792.494 10.130
792.787 24.087
793.079 22.089
793.372 10.833
793.665 3.149
793.958 15.393
794.251 26.359
794.544 19.533
794.837 13.408
795.130 12.408
795.422 13.981
795.715 25.078
796.008 16.105
796.301 0.865
796.594 -3.694
796.887 -4.122
797.180 -3.124
797.472 6.981
797.765 17.666
798.058 21.510
798.351 26.347
798.644 28.340
798.937 21.930
799.230 20.932
799.523 16.089
799.815 2.843
800.108 -3.710
800.401 -6.692
800.694 4.300
800.987 13.279
801.280 4.437
801.573 5.718
801.865 12.276
802.158 12.984
802.451 5.420
802.744 -2.293
803.037 -3.152
803.330 6.256
803.623 12.833
803.915 6.277
804.208 7.271
804.501 14.697
804.794 14.712
805.087 17.150
805.380 14.284
805.673 1.538
805.966 -0.468
806.258 -0.047
806.551 -9.367
806.844 -16.954
807.137 -28.558
807.430 -27.855
807.723 -13.800
808.016 -16.677
808.308 -13.515
808.601 -9.076
808.894 -14.822
809.187 -7.938
809.480 0.691
809.773 -4.459
810.066 2.733
810.359 10.231
810.651 33.719
810.944 60.229
811.237 68.734
811.530 59.518
811.825 51.295
812.119 40.753
812.414 29.648
812.709 11.639
813.003 -3.651
813.298 -1.435
813.593 9.275
813.887 21.720
814.182 36.796
814.476 39.980
814.771 41.584
815.066 43.779
815.360 36.690
815.655 34.826
815.950 38.349
816.244 32.978
816.539 31.671
816.834 15.190
817.128 5.563
817.423 14.664
817.718 14.544
818.012 5.086
818.307 2.754
818.602 4.077
818.896 16.493
819.191 17.793
819.486 9.639
819.780 6.142
820.075 5.707
820.369 14.294
820.664 15.634
820.959 25.573
821.253 27.482
821.548 17.991
821.843 23.961
822.137 24.712
822.432 15.678
822.727 29.767
823.021 32.120
823.316 36.467
823.611 40.173
823.905 28.356
824.200 19.939
824.495 20.538
824.789 13.438
825.084 7.345
825.379 1.312
825.673 5.857
825.968 13.867
826.262 25.796
826.557 34.128
826.852 18.862
827.146 2.492
827.441 5.822
827.736 1.875
828.030 -13.759
828.325 -37.681
828.620 -63.738
828.914 -61.302
829.209 -62.911
829.504 -73.183
829.798 -74.087
830.093 -47.509
830.388 -22.291
830.682 -15.629
830.977 -14.393
831.271 -4.548
831.566 -5.383
831.861 -3.290
832.155 -7.309
832.450 -11.275
832.745 7.033
833.039 12.146
833.334 10.626
833.629 24.271
833.923 30.656
834.218 13.000
834.513 2.060
834.807 -5.911
835.102 -9.226
835.397 -0.187
835.691 8.128
835.986 1.983
836.281 7.943
836.575 7.616
836.870 7.897
837.164 16.983
837.459 20.061
837.754 8.177
838.048 8.889
838.343 4.507
838.638 10.036
838.932 8.329
839.227 -4.904
839.522 -19.744
839.816 -16.730
840.111 -11.755
840.406 -20.114
840.700 -19.352
840.995 -13.821
841.290 -10.575
841.584 -11.270
841.879 -21.661
842.174 -26.815
842.468 -9.001
842.763 -4.841
843.057 -3.766
843.352 -1.183
843.647 9.104
843.941 17.054
844.236 31.222
844.531 42.400
844.825 38.502
845.120 37.076
845.415 35.209
845.709 37.396
846.004 47.844
846.299 30.068
846.593 15.756
846.888 19.747
847.183 19.818
847.477 24.203
847.772 20.235
848.066 7.506
848.361 16.954
848.656 9.611
848.950 -7.230
849.245 -5.562
849.540 -11.270
849.834 -13.556
850.129 -3.224
850.424 -11.236
850.718 -10.931
851.013 -9.193
851.308 -20.669
851.602 -28.194
851.897 -40.138
852.192 -50.313
852.486 -54.071
852.781 -65.819
853.076 -66.038
853.370 -64.366
853.665 -59.596
853.959 -49.438
854.254 -47.313
854.549 -41.606
854.843 -26.214
855.138 -11.063
855.433 -6.985
855.727 -3.557
856.022 -6.410
856.317 -11.698
856.611 -24.817
856.906 -24.788
857.201 -32.127
857.495 -34.337
857.790 -32.262
858.085 -36.001
858.379 -37.190
858.674 -35.278
858.969 -37.750
859.263 -38.914
859.558 -36.997
859.852 -41.375
860.147 -35.918
860.442 -17.364
860.736 -7.298
861.031 -0.433
861.326 10.908
861.620 4.350
861.915 3.049
862.210 9.196
862.504 -3.196
862.799 3.467
863.094 9.756
863.388 -4.612
863.683 -7.310
863.978 2.494
864.272 3.780
864.567 -4.096
864.861 -13.134
865.156 -27.909
865.451 -26.367
865.745 -34.986
866.040 -55.167
866.335 -58.750
866.629 -47.513
866.924 -40.061
867.219 -34.298
867.513 -24.608
867.808 4.882
868.103 20.836
868.397 19.249
868.692 16.038
868.987 15.668
869.281 21.804
869.576 8.553
869.871 -15.616
870.165 -17.618
870.460 -14.630
870.754 -17.169
871.049 -30.054
871.344 -30.826
871.638 -25.889
871.933 -17.571
872.228 -10.429
872.522 -12.825
872.817 -6.942
873.112 5.671
873.406 3.532
873.701 12.769
873.996 11.844
874.290 0.028
874.585 0.447
874.880 3.721
875.174 2.437
875.469 -0.751
875.764 -0.498
876.058 15.058
876.353 20.722
876.647 15.407
876.942 10.695
877.237 12.413
877.531 12.284
877.826 11.980
878.121 -2.206
878.415 -4.764
878.710 -4.016
879.005 -15.589
879.299 -34.015
879.594 -36.275
879.889 -40.705
880.183 -40.773
880.478 -49.510
880.773 -51.956
881.067 -46.390
881.362 -29.032
881.656 -20.823
881.951 -10.807
882.246 -5.752
882.540 4.628
882.835 18.568
883.130 32.695
883.424 37.325
883.719 32.320
884.014 18.234
884.308 17.197
884.603 15.145
884.898 2.563
885.192 -14.017
885.487 -24.784
885.782 -33.370
886.076 -30.741
886.371 -33.036
886.666 -33.132
886.960 -31.043
887.255 -29.712
887.549 -34.268
887.844 -32.917
888.139 -33.518
888.433 -29.562
888.728 -19.918
889.023 -9.769
889.317 -3.664
889.612 0.419
889.907 8.533
890.201 6.921
890.496 2.000
890.791 -4.202
891.085 -11.786
891.380 -9.650
891.675 2.072
891.969 11.779
892.264 21.740
892.559 24.138
892.853 19.098
893.148 15.702
893.442 7.269
893.737 -10.613
894.032 -26.370
894.326 -24.237
894.621 -14.399
894.916 -2.917
895.210 -1.287
895.505 -4.071
895.800 -3.842
896.094 -0.317
896.389 -7.622
896.684 -11.913
896.978 -11.661
897.273 1.217
897.568 19.273
897.862 28.612
898.157 31.896
898.451 31.641
898.746 29.881
899.041 18.884
899.335 4.097
899.630 -0.694
899.925 4.520
900.219 7.950
900.514 14.035
900.809 10.609
901.103 11.985
901.398 13.103
901.693 5.611
901.987 -3.037
902.282 -16.650
902.577 -25.427
902.871 -32.198
903.166 -30.293
903.461 -27.502
903.755 -34.434
904.050 -41.764
904.344 -30.784
904.639 -24.128
904.934 -9.136
905.228 5.403
905.523 8.105
905.818 15.132
906.112 25.521
906.407 27.488
906.702 30.345
906.996 26.898
907.291 14.946
907.586 17.166
907.880 26.886
908.175 34.305
908.470 32.635
908.764 29.285
909.059 26.695
909.354 24.223
909.648 10.507
909.943 2.194
910.237 -1.420
910.532 -2.187
910.827 -3.619
911.121 -6.244
911.416 -4.008
911.711 8.456
912.005 15.054
912.300 10.594
912.599 3.192
912.898 7.446
913.196 16.450
913.495 18.191
913.794 7.686
914.093 -5.600
914.391 -9.200
914.690 -7.372
914.989 -12.954
915.288 -25.075
915.586 -29.871
915.885 -29.662
916.184 -21.925
916.483 -16.043
916.782 -9.880
917.080 -4.082
917.379 0.606
917.678 -2.663
917.977 -1.657
918.275 -1.248
918.574 10.449
918.873 6.393
919.172 -4.607
919.471 -8.027
919.769 -1.087
920.068 12.429
920.367 19.592
920.666 10.426
920.964 7.223
921.263 12.671
921.562 19.689
921.861 23.747
922.159 24.972
922.458 9.708
922.757 5.156
923.056 22.080
923.355 22.915
923.653 16.916
923.952 7.841
924.251 -7.612
924.550 -11.395
924.848 -13.952
925.147 -25.603
925.446 -21.604
925.745 -13.929
926.043 -8.382
926.342 4.155
926.641 11.740
926.940 13.717
927.239 11.700
927.537 5.094
927.836 -5.152
928.135 -6.118
928.434 -11.144
928.732 -10.770
929.031 -5.191
929.330 -6.550
929.629 -12.396
929.927 -12.062
930.226 -14.712
930.525 -16.354
930.824 -4.682
931.123 -4.838
931.421 -5.220
931.720 2.792
932.019 10.020
932.318 9.681
932.616 8.690
932.915 10.897
933.214 10.946
933.513 17.649
933.812 14.743
934.110 1.275
934.409 10.375
934.708 12.543
935.007 -9.215
935.305 -11.067
935.604 -7.882
935.903 -14.030
936.202 -11.840
936.500 -25.049
936.799 -35.014
937.098 -26.144
937.397 -44.149
937.696 -53.247
937.994 -29.842
938.293 -15.295
938.592 -16.485
938.891 -0.891
939.189 1.871
939.488 17.214
939.787 28.492
940.086 11.445
940.384 5.493
940.683 -2.856
940.982 -25.211
941.281 -20.855
941.580 -39.139
941.878 -69.518
942.177 -74.450
942.476 -78.439
942.775 -74.828
943.073 -57.113
943.372 -59.987
943.671 -60.067
943.970 -53.979
944.268 -42.047
944.567 -38.901
944.866 -26.970
945.165 -45.560
945.464 -66.147
945.762 -53.302
946.061 -28.272
946.360 -27.166
946.659 -29.557
946.957 -41.483
947.256 -25.133
947.555 -5.229
947.854 6.823
948.153 5.100
948.451 1.782
948.750 6.970
949.049 25.223
949.348 30.870
949.646 32.930
949.945 18.188
950.244 8.807
950.543 8.353
950.841 13.495
951.140 13.218
951.439 14.140
951.738 18.414
952.037 28.053
952.335 22.456
952.634 6.869
952.933 -8.983
953.232 -15.140
953.530 -19.057
953.829 -18.491
954.128 -4.715
954.427 10.389
954.725 16.503
955.024 20.635
955.323 32.501
955.622 42.014
955.921 40.531
956.219 22.396
956.518 6.975
956.817 10.592
957.116 19.100
957.414 13.174
957.713 5.409
958.012 10.665
958.311 20.574
958.610 27.167
958.908 20.326
959.207 26.543
959.506 37.688
959.805 35.671
960.103 32.646
960.402 32.794
960.701 28.487
961.000 38.573
961.298 42.635
961.597 29.580
961.896 23.426
962.195 11.123
962.494 13.966
962.792 25.640
963.091 27.534
963.390 18.706
963.689 21.427
963.987 35.135
964.286 41.067
964.585 31.167
964.884 27.216
965.182 39.342
965.481 45.113
965.780 43.457
966.080 36.310
966.380 32.169
966.680 32.469
966.981 29.707
967.281 16.956
967.581 10.460
967.881 8.142
968.181 10.992
968.481 8.142
968.781 5.878
969.082 10.385
969.382 13.850
969.682 18.965
969.982 26.397
970.282 30.868
970.582 36.891
970.882 43.314
971.183 37.468
971.483 35.187
971.783 35.551
972.083 22.709
972.383 2.675
972.683 -12.946
972.983 -25.083
973.284 -27.117
973.584 -38.761
973.884 -48.052
974.184 -40.427
974.484 -20.349
974.784 6.722
975.084 32.744
975.385 52.281
975.685 77.980
975.985 95.087
976.285 98.811
976.585 99.771
976.885 99.877
977.185 97.794
977.486 102.676
977.786 104.747
978.086 98.197
978.386 106.341
978.686 112.073
978.986 120.020
979.286 100.584
979.587 69.537
979.887 52.077
980.187 45.077
980.487 28.791
980.787 26.219
981.087 11.075
981.387 16.075
981.688 37.217
981.988 48.360
982.288 52.788
982.588 56.073
982.888 38.930
983.188 25.501
983.488 26.501
983.789 24.643
984.089 13.928
984.389 3.357
984.689 6.928
984.989 18.356
985.289 27.784
985.589 28.212
985.890 18.497
986.190 11.211
986.490 25.354
986.790 22.068
987.090 9.924
987.390 0.210
987.690 -4.791
987.991 -0.791
988.291 5.351
988.591 -12.363
988.891 -20.364
989.191 -11.650
989.491 5.778
989.791 10.921
990.092 16.349
990.392 27.349
990.692 30.634
990.992 31.205
991.292 28.204
991.592 15.204
991.892 6.061
992.193 4.632
992.493 0.346
992.793 -5.798
993.093 -10.941
993.393 -11.941
993.693 -13.513
993.993 -6.371
994.294 -17.514
994.594 -20.800
994.894 -4.372
995.194 2.914
995.494 1.913
995.794 1.484
996.094 -4.230
996.395 4.769
996.695 7.340
996.995 -1.803
997.295 7.339
997.595 23.768
997.895 39.910
998.195 47.910
998.496 55.909
998.796 60.909
999.096 66.480
999.396 63.765
999.696 47.479
999.996 35.050
1000.296 39.764
1000.597 34.335
1000.897 25.335
1001.197 24.763
1001.497 34.477
1001.797 55.334
1002.097 55.619
1002.397 37.190
1002.698 26.904
1002.998 29.332
1003.298 28.760
1003.598 20.474
1003.898 -1.241
1004.198 -0.812
1004.498 16.330
1004.799 15.615
1005.099 -1.385
1005.399 -11.385
1005.699 -22.814
1005.999 -18.529
1006.299 -21.672
1006.599 -36.530
1006.900 -37.816
1007.200 -26.673
1007.500 -27.102
1007.800 -21.817
1008.100 -13.960
1008.400 -10.532
1008.700 -11.532
1009.001 -6.819
1009.301 3.038
1009.601 3.895
1009.901 -6.963
1010.201 -18.677
1010.501 -19.249
1010.801 -15.821
1011.102 -10.964
1011.402 -13.679
1011.702 -3.393
1012.002 14.178
1012.302 19.463
1012.602 14.320
1012.902 7.462
1013.203 -3.538
1013.503 -3.538
1013.803 4.890
1014.103 2.889
1014.403 5.175
1014.703 10.889
1015.003 22.317
1015.304 35.602
1015.604 26.316
1015.904 13.887
1016.204 11.601
1016.504 13.458
1016.804 11.315
1017.104 -1.543
1017.405 -22.115
1017.705 -14.258
1018.005 -6.830
1018.305 -12.259
1018.605 -24.402
1018.905 -25.831
1019.205 -8.403
1019.506 16.026
1019.806 22.168
1020.106 23.596
1020.406 35.453
1020.706 36.453
1021.006 39.167
1021.306 37.309
1021.607 27.166
1021.907 21.308
1022.207 15.308
1022.507 0.450
1022.807 6.450
1023.107 9.021
1023.407 13.449
1023.708 11.878
1024.008 10.734
1024.308 6.734
1024.608 12.162
1024.908 14.733
1025.208 26.162
1025.508 26.733
1025.809 23.732
1026.109 13.160
1026.409 13.446
1026.709 20.160
1027.009 18.874
1027.309 11.016
1027.609 11.444
1027.910 18.158
1028.210 16.729
1028.510 10.300
1028.810 4.871
1029.110 9.585
1029.410 10.585
1029.710 1.585
1030.011 -1.559
1030.311 7.584
1030.611 13.869
1030.911 16.726
1031.211 13.726
1031.511 1.583
1031.811 3.868
1032.112 10.296
1032.412 12.010
1032.712 7.153
1033.012 8.724
1033.312 -6.848
1033.612 -13.420
1033.912 -19.135
1034.212 -25.135
1034.513 -28.564
1034.813 -27.707
1035.113 -40.279
1035.413 -32.565
1035.713 -21.851
1036.013 -12.280
1036.313 -4.423
1036.614 -6.138
1036.914 -9.567
1037.214 -7.281
1037.514 -1.424
1037.814 1.147
1038.114 -6.139
1038.414 -14.568
1038.715 -9.854
1039.015 0.717
1039.315 1.716
1039.615 3.002
1039.915 10.573
1040.215 14.572
1040.515 16.572
1040.816 14.857
1041.116 12.857
1041.416 17.428
1041.716 10.714
1042.016 0.428
1042.316 8.856
1042.616 16.713
1042.917 19.998
1043.217 15.998
1043.517 8.283
1043.817 -5.289
1044.117 -11.718
1044.417 -28.718
1044.717 -49.718
1045.018 -52.719
1045.318 -40.576
1045.618 -29.005
1045.918 -18.720
1046.218 -7.720
1046.518 4.280
1046.818 17.136
1047.119 9.422
1047.419 -16.007
1047.719 -34.150
1048.019 -34.722
1048.319 -40.151
1048.619 -44.723
1048.919 -50.152
1049.220 -40.723
1049.520 -25.295
1049.820 -10.581
1050.120 -3.296
1050.420 -0.153
1050.720 -8.154
1051.020 -9.725
1051.321 -14.726
1051.621 -18.583
1051.921 -17.298
1052.221 -14.870
1052.521 -12.299
1052.821 -3.013
1053.121 -3.014
1053.422 -4.300
1053.722 0.843
1054.022 -3.157
1054.322 -5.158
1054.622 -5.587
1054.922 -10.015
1055.222 -2.016
1055.523 8.412
1055.823 11.841
1056.123 18.269
1056.423 19.697
1056.723 25.125
1057.023 30.839
1057.323 26.839
1057.624 24.410
1057.924 33.696
1058.224 30.124
1058.524 16.838
1058.824 -0.877
1059.124 -9.306
1059.424 -3.592
1059.725 -0.306
1060.025 -0.592
1060.325 10.550
1060.625 16.693
1060.925 5.692
1061.225 7.263
1061.525 6.263
1061.826 0.120
1062.126 -12.309
1062.426 -21.167
1062.726 -5.881
1063.026 21.119
1063.326 28.404
1063.626 34.261
1063.927 42.975
1064.227 41.260
1064.527 34.546
1064.827 23.831
1065.127 14.831
1065.427 -8.313
1065.727 -33.313
1066.028 -42.028
1066.328 -35.885
1066.628 -30.742
1066.928 -23.457
1067.228 -16.886
1067.528 5.828
1067.828 16.542
1068.129 10.685
1068.429 3.827
1068.729 8.684
1069.029 1.398
1069.329 0.112
1069.629 -2.317
1069.929 -10.746
1070.230 -8.032
1070.530 -9.889
1070.830 -21.175
1071.130 -31.033
1071.430 -41.033
1071.730 -44.176
1072.030 -33.605
1072.331 -44.463
1072.631 -49.034
1072.931 -43.749
1073.231 -34.607
1073.531 -33.464
1073.831 -27.464
1074.131 -15.750
1074.432 6.249
1074.732 32.392
1075.032 38.249
1075.332 29.106
1075.632 26.962
1075.932 16.962
1076.232 7.105
1076.533 -0.753
1076.833 -21.467
1077.133 -32.039
1077.433 -29.611
1077.733 -28.040
1078.033 -32.611
1078.333 -47.040
1078.634 -52.184
1078.934 -48.755
1079.234 -49.898
1079.534 -51.184
1079.834 -47.470
1080.134 -43.756
1080.434 -26.328
1080.735 -18.471
1081.035 -24.186
1081.335 -28.329
1081.635 -19.901
1081.935 -10.187
1082.235 4.099
1082.535 3.670
1082.836 3.098
1083.136 3.812
1083.436 5.526
1083.736 2.668
1084.036 -5.046
1084.336 -12.904
1084.636 -10.475
1084.937 -12.761
1085.237 -10.333
1085.537 -3.905
1085.837 -1.334
1086.137 -0.048
1086.437 -3.191
1086.737 -21.049
1087.038 -25.335
1087.338 -21.621
1087.638 -24.336
1087.938 -25.907
1088.238 -20.479
1088.538 -7.622
1088.838 -1.337
1089.139 -7.766
1089.439 -9.194
1089.739 -12.623
1090.039 -13.766
1090.339 -14.052
1090.639 -23.624
1090.939 -5.482
1091.240 18.804
1091.540 34.518
1091.840 48.946
1092.140 57.803
1092.453 53.945
1092.766 54.517
1093.079 42.373
1093.392 26.230
1093.705 8.801
1094.018 4.230
1094.330 0.229
1094.643 0.372
1094.956 6.086
1095.269 12.657
1095.582 15.371
1095.895 17.942
1096.208 5.942
1096.521 -9.344
1096.834 -13.916
1097.147 -28.773
1097.460 -40.488
1097.773 -45.631
1098.085 -52.774
1098.398 -51.346
1098.711 -44.775
1099.024 -50.489
1099.337 -49.347
1099.650 -49.918
1099.963 -55.633
1100.276 -51.919
1100.589 -52.205
1100.902 -45.062
1101.215 -33.206
1101.528 -25.063
1101.841 -24.349
1102.153 -19.206
1102.466 -19.350
1102.779 -11.636
1103.092 -12.636
1103.405 -13.065
1103.718 -13.208
1104.031 -6.637
1104.344 2.363
1104.657 15.934
1104.970 24.362
1105.283 19.505
1105.596 10.790
1105.909 8.362
1106.221 7.933
1106.534 5.218
1106.847 0.075
1107.160 -16.497
1107.473 -25.354
1107.786 -32.212
1108.099 -47.069
1108.412 -52.641
1108.725 -48.070
1109.038 -56.641
1109.351 -53.642
1109.664 -43.499
1109.977 -31.785
1110.289 -13.928
1110.602 -4.071
1110.915 -9.929
1111.228 -5.929
1111.541 4.499
1111.854 10.928
1112.167 10.927
1112.480 5.498
1112.793 -7.930
1113.106 -7.931
1113.419 -5.788
1113.732 -3.503
1114.044 4.783
1114.357 17.354
1114.670 18.211
1114.983 19.210
1115.296 12.353
1115.609 3.924
1115.922 -3.790
1116.235 -14.505
1116.548 -31.362
1116.861 -36.077
1117.174 -32.363
1117.487 -26.220
1117.800 -25.078
1118.112 -30.792
1118.425 -23.078
1118.738 -14.221
1119.051 -5.793
1119.364 4.635
1119.677 8.635
1119.990 13.492
1120.303 24.063
1120.616 15.634
1120.929 5.920
1121.242 13.634
1121.555 20.919
1121.868 17.347
1122.180 16.633
1122.493 19.490
1122.806 27.204
1123.119 26.489
1123.432 15.203
1123.745 -2.512
1124.058 -9.655
1124.371 -11.369
1124.684 -19.655
1124.997 -29.655
1125.310 -24.799
1125.623 -18.085
1125.935 -14.656
1126.248 -8.799
1126.561 -7.657
1126.874 -18.371
1127.187 -31.086
1127.500 -37.086
1127.813 -38.801
1128.126 -32.515
1128.439 -32.658
1128.752 -37.944
1129.065 -34.230
1129.378 -25.088
1129.691 -16.517
1130.003 -14.088
1130.316 -5.231
1130.629 2.483
1130.942 3.197
1131.255 4.196
1131.568 4.767
1131.881 5.339
1132.194 -7.947
1132.507 -26.376
1132.820 -35.805
1133.133 -34.091
1133.446 -21.948
1133.759 -19.663
1134.071 -14.806
1134.384 0.337
1134.697 5.622
1135.010 11.479
1135.323 11.621
1135.636 4.621
1135.949 7.907
1136.262 -0.808
1136.575 -18.237
1136.888 -24.808
1137.201 -22.809
1137.514 -10.666
1137.826 -3.666
1138.139 -6.095
1138.452 -10.095
1138.765 1.190
1139.078 6.761
1139.391 1.904
1139.704 -3.239
1140.017 -6.525
1140.330 -3.954
1140.643 5.188
1140.956 3.188
1141.269 17.616
1141.582 20.902
1141.894 13.330
1142.207 16.759
1142.520 12.901
1142.833 -0.813
1143.146 -0.957
1143.459 -19.671
1143.772 -19.386
1144.085 -11.672
1144.398 -20.100
1144.711 -12.815
1145.024 -5.958
1145.337 -7.244
1145.650 1.756
1145.962 -5.959
1146.275 -15.388
1146.588 -10.245
1146.901 -16.960
1147.214 -9.960
1147.527 -2.389
1147.840 -8.532
1148.153 -6.818
1148.466 -1.389
1148.779 3.610
1149.092 6.753
1149.405 -1.819
1149.718 1.324
1150.030 7.895
1150.343 5.180
1150.656 -2.963
1150.969 -12.249
1151.282 -13.535
1151.595 -1.392
1151.908 3.322
1152.221 -2.535
1152.534 4.179
1152.847 5.464
1153.160 1.750
1153.473 1.892
1153.785 -11.822
1154.098 -16.251
1154.411 -12.966
1154.724 -8.966
1155.037 0.034
1155.350 -8.252
1155.663 -11.538
1155.976 0.319
1156.289 -11.539
1156.602 -19.396
1156.915 -24.682
1157.228 -20.682
1157.541 -14.111
1157.853 -27.254
1158.166 -41.826
1158.479 -35.826
1158.792 -32.255
1159.105 -39.827
1159.418 -53.255
1159.731 -56.970
1160.044 -45.970
1160.357 -36.970
1160.670 -31.542
1160.983 -27.542
1161.296 -20.114
1161.609 -14.971
1161.921 0.028
1162.234 7.885
1162.547 5.599
1162.860 -5.401
1163.173 -3.544
1163.486 9.456
1163.799 11.027
1164.112 -0.831
1164.425 -2.974
1164.738 0.169
1165.051 2.169
1165.364 4.169
1165.676 -9.403
1165.989 -10.975
1166.302 -12.404
1166.615 -21.404
1166.928 -21.976
1167.241 -20.976
1167.554 -27.119
1167.867 -26.262
1168.180 -28.405
1168.493 -35.834
1168.806 -37.263
1169.119 -39.263
1169.432 -45.263
1169.744 -58.549
1170.057 -61.549
1170.370 -51.835
1170.683 -25.550
1170.996 -11.550
1171.309 -8.122
1171.622 8.307
1171.935 26.163
1172.248 27.020
1172.561 23.306
1172.874 14.306
1173.187 8.734
1173.500 0.877
1173.812 -9.124
1174.125 -6.695
1174.438 -4.981
1174.751 -1.124
1175.064 -3.839
1175.377 1.447
1175.690 5.589
1176.003 5.160
1176.316 -2.983
1176.629 -2.269
1176.942 1.874
1177.255 2.159
1177.567 -9.841
1177.880 -5.984
1178.193 0.873
1178.506 0.016
1178.819 -7.985
1179.132 -19.271
1179.445 -20.699
1179.758 -16.128
1180.071 -18.414
1180.384 -26.129
1180.697 -19.986
1181.010 -15.415
1181.323 -18.844
1181.635 -19.272
1181.948 -10.558
1182.261 -10.844
1182.574 -9.702
1182.887 -10.273
1183.200 0.012
1183.513 14.440
1183.826 23.440
1184.139 18.583
1184.452 15.154
1184.765 18.868
1185.078 15.439
1185.391 -3.990
1185.703 -8.133
1186.016 -9.561
1186.329 -15.562
1186.642 -18.705
1186.955 -30.276
1187.268 -33.134
1187.581 -26.420
1187.894 -39.563
1188.207 -45.420
1188.520 -45.420
1188.833 -44.564
1189.146 -38.278
1189.459 -35.707
1189.771 -30.279
1190.084 -28.993
1190.397 -38.708
1190.710 -35.708
1191.023 -32.994
1191.336 -31.994
1191.649 -27.423
1191.962 -26.566
1192.275 -16.566
1192.588 1.148
1192.901 9.005
1193.214 13.148
1193.526 13.862
1193.839 10.004
1194.152 9.861
1194.465 5.861
1194.778 -0.425
1195.091 -6.140
1195.404 -15.997
1195.717 -11.140
1196.030 0.574
1196.343 0.574
1196.656 -3.855
1196.969 -1.284
1197.282 1.002
1197.594 2.573
1197.907 -7.570
1198.220 -24.570
1198.533 -24.285
1198.846 -23.714
1199.159 -20.285
1199.472 -10.857
1199.785 7.571
1200.098 16.714
1200.411 24.571
1200.724 33.856
1201.037 42.285
1201.350 27.427
1201.662 16.284
1201.975 9.260
1202.288 7.627
1202.601 4.677
