165.028 17.674
165.288 18.806
165.547 25.055
165.807 21.656
166.067 18.192
166.327 27.156
166.587 39.263
166.847 35.227
167.107 28.905
167.367 22.440
167.627 25.403
167.886 29.081
168.146 12.901
168.406 6.721
168.666 15.970
168.926 19.504
169.186 16.752
169.446 13.714
169.706 17.248
169.966 28.210
170.225 30.743
170.485 22.133
170.745 20.952
171.005 24.342
171.265 19.303
171.525 11.407
171.785 3.511
172.045 3.900
172.305 11.433
172.564 5.679
172.824 -2.789
173.084 10.742
173.344 23.560
173.604 32.377
173.864 32.194
174.124 29.868
174.384 36.828
174.644 50.073
174.903 47.890
175.163 31.420
175.423 28.379
175.683 17.053
175.943 8.440
176.203 5.256
176.463 -7.642
176.723 -16.969
176.983 -6.439
177.242 -7.767
177.502 -5.094
177.762 -2.422
178.022 -2.892
178.282 4.780
178.542 13.309
178.802 7.267
179.062 -3.204
179.322 -6.389
179.581 -5.289
179.841 -15.903
180.101 -19.374
180.361 -24.845
180.621 -29.174
180.881 -31.217
181.141 -29.831
181.401 -26.017
181.661 -21.060
181.920 -26.247
182.180 -26.718
182.440 -22.476
182.700 -15.377
182.960 -17.135
183.220 -24.321
183.480 -18.651
183.740 -13.695
184.000 -4.453
184.259 -0.782
184.519 8.745
184.779 28.130
185.039 43.514
185.299 51.041
185.559 67.854
185.819 65.953
186.079 60.622
186.339 51.721
186.598 21.248
186.858 -8.654
187.118 -17.556
187.378 -39.600
187.638 -54.645
187.898 -50.975
188.158 -49.735
188.418 -36.494
188.678 -24.396
188.937 -26.584
189.197 -23.914
189.457 -22.102
189.717 -23.147
189.977 -21.621
190.237 -28.095
190.497 -25.711
190.757 -8.613
191.017 4.341
191.276 15.867
191.536 17.679
191.796 11.205
192.056 14.446
192.316 14.257
192.576 5.069
192.836 -7.262
193.096 -30.307
193.356 -38.353
193.616 -31.684
193.875 -27.444
194.135 -17.775
194.395 -18.964
194.655 -22.581
194.915 -0.198
195.175 16.328
195.435 12.997
195.695 9.237
195.955 3.905
196.214 6.003
196.474 16.671
196.734 9.340
196.994 -4.849
197.254 -3.752
197.514 -6.940
197.774 -8.700
198.034 -16.460
198.294 -29.220
198.553 -36.695
198.813 -43.455
199.073 -47.786
199.333 -43.832
199.593 -41.877
199.853 -36.209
200.113 -31.683
200.373 -15.586
200.633 -4.346
200.892 2.465
201.152 7.848
201.412 3.231
201.672 -5.243
201.932 -6.146
202.192 -17.906
202.452 -18.523
202.712 -24.568
202.972 -33.043
203.231 -32.945
203.491 -21.419
203.751 -15.465
204.011 -7.653
204.271 -5.985
204.531 0.398
204.791 -1.647
205.051 -2.550
205.311 -3.309
205.570 11.360
205.830 25.314
206.090 33.269
206.350 32.366
206.610 43.178
206.870 53.133
207.130 51.516
207.390 38.328
207.650 23.140
207.909 9.666
208.169 5.907
208.429 3.576
208.689 -4.898
208.949 -9.657
209.209 -15.845
209.469 -25.033
209.729 -31.077
209.989 -33.980
210.248 -32.453
210.508 -26.355
210.768 -18.543
211.028 -18.016
211.288 -2.632
211.548 5.895
211.808 3.564
212.068 7.091
212.328 6.475
212.587 3.431
212.847 13.243
213.107 8.913
213.367 11.155
213.627 13.396
213.887 3.780
214.147 2.307
214.407 -2.737
214.667 -12.067
214.926 -20.396
215.186 -26.583
215.446 -23.770
215.706 -23.100
215.966 -21.715
216.226 -17.616
216.486 -18.660
216.746 -6.132
217.006 11.967
217.265 15.637
217.525 24.308
217.785 28.407
218.045 16.935
218.305 19.749
218.565 24.706
218.825 15.091
219.085 16.190
219.345 15.719
219.604 8.247
219.864 21.918
220.124 28.161
220.384 12.689
220.644 15.503
220.904 21.175
221.164 20.846
221.424 30.518
221.684 33.761
221.943 21.147
222.203 15.961
222.463 4.205
222.723 -0.552
222.983 2.691
223.243 -4.923
223.503 -20.965
223.763 -30.293
224.023 -36.335
224.282 -29.948
224.542 -34.419
224.802 -47.318
225.062 -52.503
225.322 -41.402
225.582 -26.872
225.842 -16.914
226.102 -23.670
226.362 -26.854
226.621 -17.324
226.881 -3.223
227.141 1.450
227.401 -0.448
227.661 7.510
227.921 11.041
228.181 15.285
228.441 14.387
228.701 5.489
228.960 -3.123
229.220 -4.450
229.480 -3.919
229.740 -3.103
230.000 -12.715
230.260 -20.327
230.520 -25.367
230.780 -28.836
231.040 -28.162
231.299 -34.345
231.559 -33.385
231.819 -29.283
232.079 -23.751
232.339 -14.077
232.599 -6.831
232.859 -2.014
233.119 -4.625
233.379 -11.236
233.638 -13.704
233.898 -5.030
234.158 -3.640
234.418 -6.680
234.678 -3.148
234.938 2.670
235.198 2.488
235.458 -2.551
235.718 -18.161
235.978 -26.343
236.237 -25.668
236.497 -28.135
236.757 -28.602
237.017 -25.355
237.277 -4.823
237.537 11.568
237.797 24.958
238.057 37.491
238.317 51.452
238.576 56.414
238.836 62.233
239.096 48.767
239.356 42.729
239.616 38.119
239.876 27.082
240.136 16.615
240.396 16.863
240.656 18.254
240.915 29.645
241.175 25.751
241.435 18.142
241.695 27.248
241.955 27.353
242.215 21.745
242.475 26.993
242.735 26.813
242.995 25.777
243.254 23.454
243.514 4.560
243.774 0.809
244.034 -0.370
244.294 -10.550
244.554 -11.586
244.814 -6.337
245.074 -3.373
245.334 -0.409
245.593 -1.588
245.853 5.376
246.113 20.625
246.373 27.732
246.633 32.982
246.893 40.946
247.153 49.339
247.413 48.875
247.673 44.125
247.932 29.947
248.192 18.198
248.452 4.162
248.712 -6.730
248.972 -4.622
249.232 1.485
249.492 0.593
249.752 -1.013
250.012 -6.048
250.271 -16.511
250.531 -25.117
250.791 -32.723
251.051 -45.043
251.311 -45.364
251.571 -34.112
251.831 -22.718
252.091 -5.895
252.351 1.071
252.610 5.323
252.870 19.146
253.130 30.826
253.390 22.078
253.650 22.330
253.911 19.011
254.172 22.691
254.433 20.372
254.694 3.624
254.955 -13.266
255.216 -23.442
255.477 -39.475
255.738 -37.794
255.999 -42.827
256.261 -44.146
256.522 -38.179
256.783 -35.212
257.044 -26.816
257.305 -10.563
257.566 -1.453
257.827 3.944
258.088 6.483
258.349 11.593
258.610 19.704
258.871 23.243
259.132 12.496
259.393 3.036
259.654 -1.568
259.915 -8.171
260.176 -10.774
260.437 -20.520
260.698 -28.838
260.959 -26.155
261.221 -24.044
261.482 -18.646
261.743 -14.678
262.004 -12.566
262.265 -2.740
262.526 6.371
262.787 3.912
263.048 -7.405
263.309 -13.007
263.570 -10.038
263.831 -15.212
264.092 -19.957
264.353 -13.416
264.614 -6.589
264.875 3.666
265.136 6.493
265.397 4.462
265.658 7.861
265.919 6.688
266.181 1.372
266.442 3.342
266.703 -0.260
266.964 -1.004
267.225 6.681
267.486 8.651
267.747 3.478
268.008 -3.123
268.269 -11.867
268.530 -6.896
268.791 4.075
269.052 8.902
269.313 16.159
269.574 18.130
269.835 9.101
270.096 2.929
270.357 -2.100
270.618 -14.272
270.879 -18.301
271.141 -22.329
271.402 -27.644
271.663 -17.958
271.924 -0.272
272.185 4.699
272.446 -2.186
272.707 -18.500
272.968 -22.957
273.229 -13.842
273.490 -4.299
273.751 -4.899
274.012 -11.784
274.273 0.188
274.534 17.304
274.795 19.276
275.056 17.677
275.317 5.220
275.578 -13.093
275.839 -6.835
276.101 0.424
276.362 0.825
276.623 4.512
276.884 5.342
277.145 4.029
277.406 10.716
277.667 10.975
277.928 -0.195
278.189 -13.079
278.450 -16.963
278.711 -17.846
278.972 -19.016
279.233 -16.900
279.494 -14.498
279.755 -7.238
280.016 -8.265
280.277 -9.577
280.538 -14.317
280.799 -4.201
281.061 0.773
281.322 -2.824
281.583 -4.850
281.844 5.981
282.105 4.098
282.366 -3.785
282.627 -14.525
282.888 -23.265
283.149 -27.433
283.410 -31.459
283.671 -35.770
283.932 -26.795
284.193 -5.821
284.454 -3.417
284.715 0.415
284.976 6.532
285.237 9.793
285.498 11.054
285.759 2.315
286.021 0.147
286.282 13.122
286.543 10.812
286.804 4.073
287.065 -1.809
287.326 1.023
287.587 4.856
287.848 -6.883
288.109 -23.764
288.370 -18.360
288.631 -15.956
288.892 -6.123
289.153 -2.290
289.414 -13.599
289.675 -18.338
289.936 -14.076
290.197 -13.100
290.458 -5.838
290.719 -2.719
290.981 -8.457
291.242 -0.480
291.503 2.782
291.764 0.758
292.025 -2.122
292.286 -11.431
292.547 -28.597
292.808 -30.192
293.069 -30.644
293.330 -29.667
293.591 -21.547
293.852 -18.142
294.113 -17.879
294.374 0.098
294.635 14.075
294.896 26.624
295.157 36.316
295.418 35.436
295.679 29.985
295.941 33.819
296.202 24.225
296.463 11.488
296.724 2.609
296.985 -13.271
297.246 -10.150
297.507 6.114
297.768 0.091
298.029 -10.788
298.290 -14.524
298.551 -23.975
298.812 -16.711
299.073 -18.447
299.334 -33.897
299.595 -32.348
299.856 -19.084
300.117 -13.248
300.378 -17.270
300.639 -14.148
300.901 -3.741
301.162 -6.763
301.423 -20.070
301.684 -33.805
301.945 -42.969
302.206 -21.562
302.467 -6.440
302.728 -16.176
302.989 -18.911
303.250 -10.789
303.511 -11.524
303.772 -17.259
304.033 -39.709
304.294 -54.015
304.555 -48.465
304.816 -35.771
305.077 -27.077
305.338 -22.955
305.599 -11.547
305.861 5.290
306.122 9.841
306.383 -5.179
306.644 -17.628
306.905 -19.791
307.166 -15.669
307.427 -16.403
307.688 -14.137
307.949 -13.157
308.210 -8.749
308.471 4.374
308.732 8.926
308.993 14.049
309.254 17.315
309.515 16.152
309.776 20.275
310.037 22.113
310.298 12.808
310.559 16.931
310.821 12.769
311.082 7.035
311.343 0.730
311.604 -6.575
311.865 2.406
312.126 12.958
312.387 6.082
312.648 6.063
312.909 12.329
313.170 14.882
313.434 15.148
313.698 18.701
313.963 13.968
314.227 12.235
314.491 13.645
314.755 17.912
315.019 14.036
315.284 15.160
315.548 10.713
315.812 7.694
316.076 12.390
316.340 18.943
316.604 14.639
316.869 24.335
317.133 34.460
317.397 30.584
317.661 24.280
317.925 12.405
318.190 12.958
318.454 13.940
318.718 11.208
318.982 6.190
319.246 1.315
319.511 0.297
319.775 17.851
320.039 16.405
320.303 13.958
320.567 14.798
320.832 10.494
321.096 5.477
321.360 11.745
321.624 4.727
321.888 1.853
322.153 -1.879
322.417 1.532
322.681 -7.199
322.945 -5.216
323.209 5.909
323.473 9.035
323.738 -2.982
324.002 1.001
324.266 0.555
324.530 11.538
324.794 12.664
325.059 -3.496
325.323 -14.084
325.587 -0.530
325.851 3.025
326.115 -7.563
326.380 -9.723
326.644 4.546
326.908 12.530
327.172 10.370
327.436 17.497
327.701 20.623
327.965 25.035
328.229 12.019
328.493 -10.569
328.757 -15.585
329.022 -5.887
329.286 -9.904
329.550 -12.920
329.814 -9.079
330.078 1.334
330.342 12.603
330.607 20.302
330.871 21.000
331.135 21.841
331.399 22.682
331.663 12.095
331.928 9.365
332.192 1.778
332.456 -11.810
332.720 -25.397
332.984 -27.269
333.249 -19.571
333.513 -10.444
333.777 -8.031
334.041 -4.046
334.305 5.510
334.570 19.209
334.834 20.193
335.098 0.178
335.362 -16.266
335.626 -18.424
335.891 -16.725
336.155 -16.169
336.419 -15.470
336.683 -14.628
336.947 -13.071
337.211 -10.658
337.476 -14.816
337.740 -19.402
338.004 -24.417
338.268 -30.289
338.532 -38.447
338.797 -33.890
339.061 -25.619
339.325 -23.205
339.589 -23.648
339.853 -22.949
340.118 -14.106
340.382 -26.692
340.646 -30.136
340.910 -26.436
341.174 -22.593
341.439 -17.893
341.703 -17.765
341.967 -22.493
342.231 -7.222
342.495 -0.665
342.759 -7.679
343.024 -15.693
343.288 -16.565
343.552 -6.579
343.816 -6.307
344.080 -15.607
344.345 -22.478
344.609 -19.778
344.873 -17.935
345.137 -28.663
345.401 -42.963
345.666 -46.834
345.930 -37.133
346.194 -28.147
346.458 -10.447
346.722 1.111
346.987 13.383
347.251 16.369
347.515 18.070
347.779 17.485
348.043 14.186
348.308 -2.256
348.572 -12.984
348.836 -21.569
349.100 -21.582
349.364 -22.310
349.628 -25.895
349.893 -30.623
350.157 -26.064
350.421 -15.363
350.685 -2.234
350.949 9.753
351.214 14.026
351.478 16.870
351.742 19.714
352.006 16.701
352.270 10.402
352.535 11.103
352.799 2.804
353.063 3.363
353.327 1.064
353.591 -10.091
353.856 -14.247
354.120 -14.831
354.384 -27.987
354.648 -40.857
354.912 -48.298
355.177 -57.597
355.441 -60.752
355.705 -60.765
355.969 -56.492
356.233 -50.647
356.497 -41.088
356.762 -30.101
357.026 -16.399
357.290 -3.126
357.554 -5.138
357.818 -11.436
358.083 -13.877
358.347 -16.746
358.611 -28.473
358.875 -39.057
359.139 -44.069
359.404 -35.510
359.668 -22.379
359.932 -12.105
360.196 -9.546
360.460 -14.272
360.725 -5.856
360.989 -2.154
361.253 -10.737
361.517 -19.892
361.781 -20.618
362.046 -11.916
362.310 -6.642
362.574 -13.082
362.838 -12.523
363.102 -6.677
363.366 -14.975
363.631 -16.272
363.895 -18.284
364.159 -13.438
364.423 4.978
364.687 12.967
364.952 14.955
365.216 20.944
365.480 22.932
365.747 24.921
366.013 16.338
366.280 7.041
366.546 7.601
366.813 15.875
367.079 22.578
367.346 15.138
367.612 2.127
367.879 10.973
368.145 10.676
368.412 6.664
368.678 -8.490
368.945 -15.358
369.211 -13.941
369.478 -10.952
369.744 -16.534
370.011 -20.831
370.278 -24.414
370.544 -16.567
370.811 -6.864
371.077 -2.304
371.344 -2.029
371.610 -0.897
371.877 4.092
372.143 8.367
372.410 6.356
372.676 -3.797
372.943 -17.951
373.209 -20.819
373.476 -14.687
373.742 -18.983
374.009 -25.280
374.276 -20.433
374.542 -15.872
374.809 -10.883
375.075 -6.751
375.342 -7.475
375.608 -8.486
375.875 -12.496
376.141 -22.078
376.408 -27.517
376.674 -26.528
376.941 -29.967
377.207 -43.263
377.474 -52.416
377.740 -48.712
378.007 -51.579
378.273 -46.875
378.540 -42.171
378.807 -29.610
379.073 -9.763
379.340 4.512
379.606 1.359
379.873 11.206
380.139 9.910
380.406 -6.957
380.672 -23.110
380.939 -34.834
381.205 -45.415
381.472 -46.140
381.738 -55.721
382.005 -57.874
382.271 -34.455
382.538 -22.322
382.804 -22.046
383.071 -23.628
383.338 -22.066
383.604 -8.647
383.871 -5.514
384.137 -14.381
384.404 -18.105
384.670 -19.686
384.937 -15.125
385.203 -7.420
385.470 -13.572
385.736 -19.011
386.003 -9.877
386.269 -1.887
386.536 -1.754
386.802 2.665
387.069 0.227
387.336 2.218
387.602 10.780
387.869 8.056
388.135 2.475
388.402 0.323
388.668 6.028
388.935 0.590
389.201 -10.991
389.468 -16.429
389.734 -20.724
390.001 -14.590
390.267 -8.171
390.534 -16.466
390.800 -10.332
391.067 7.802
391.333 2.935
391.600 -8.645
391.867 -15.511
392.133 -13.235
392.400 -7.815
392.666 -1.253
392.933 -9.833
393.199 -4.414
393.466 15.149
393.732 22.711
393.999 20.416
394.265 9.408
394.532 3.827
394.798 0.533
395.065 -7.048
395.331 -19.199
395.598 -16.923
395.864 7.354
396.131 27.203
396.398 35.051
396.664 58.757
396.931 79.462
397.197 90.882
397.464 95.588
397.730 88.865
397.997 100.570
398.263 112.847
398.530 117.410
398.796 143.259
399.063 169.679
399.329 192.527
399.596 221.090
399.862 240.368
400.129 261.073
400.396 293.351
400.662 310.628
400.929 337.191
401.195 382.182
401.462 426.603
401.728 490.737
401.995 593.872
402.261 697.578
402.528 825.426
402.794 976.704
403.061 1130.838
403.327 1291.259
403.594 1476.393
403.860 1673.242
404.127 1879.091
404.393 2086.512
404.660 2278.218
404.931 2476.495
405.202 2689.201
405.473 2881.479
405.745 3042.328
406.016 3190.606
406.287 3317.883
406.558 3449.732
406.829 3554.153
407.100 3628.716
407.371 3682.851
407.642 3713.558
407.914 3750.693
408.185 3782.970
408.456 3776.105
408.727 3751.383
408.998 3723.804
409.269 3680.653
409.540 3622.645
409.811 3544.780
410.083 3459.630
410.354 3399.193
410.625 3334.043
410.896 3258.035
411.167 3189.027
411.438 3106.591
411.709 2995.726
411.981 2885.290
412.252 2756.854
412.523 2628.417
412.794 2492.553
413.065 2346.402
413.336 2220.823
413.607 2086.958
413.878 1938.808
414.150 1802.229
414.421 1671.793
414.692 1538.785
414.963 1417.635
415.234 1303.770
415.505 1203.477
415.776 1111.612
416.047 999.034
416.319 883.455
416.590 789.019
416.861 682.869
417.132 565.718
417.403 475.140
417.674 400.132
417.945 349.553
418.217 303.546
418.488 243.539
418.759 206.817
419.030 185.524
419.301 165.089
419.572 136.081
419.843 105.360
420.114 83.210
420.386 75.345
420.657 63.481
420.928 50.331
421.199 36.610
421.470 20.888
421.741 4.310
422.012 -1.983
422.283 -4.276
422.555 1.860
422.826 8.139
423.097 2.417
423.368 6.696
423.639 16.261
423.910 21.682
424.181 25.818
424.453 18.954
424.724 9.090
424.995 10.226
425.266 4.790
425.537 8.069
425.808 5.348
426.079 -3.230
426.350 -10.951
426.622 -5.673
426.893 0.321
427.164 11.457
427.435 7.307
427.706 8.729
427.977 10.722
428.248 13.715
428.519 6.423
428.791 -0.869
429.062 -1.162
429.333 2.831
429.604 0.539
429.875 3.104
430.146 19.811
430.417 25.805
430.689 24.513
430.960 16.077
431.231 8.642
431.502 9.064
431.773 14.201
432.044 10.337
432.315 14.187
432.586 16.467
432.858 21.460
433.129 19.739
433.400 9.304
433.671 -13.131
433.942 -30.709
434.213 -34.001
434.484 -32.436
434.755 -40.156
435.027 -37.306
435.298 -25.883
435.569 1.967
435.840 19.675
436.116 17.098
436.391 13.663
436.667 29.371
436.942 42.079
437.218 42.930
437.493 26.066
437.769 15.346
438.045 21.911
438.320 35.619
438.596 39.184
438.871 31.749
439.147 21.743
439.422 29.594
439.698 33.159
439.974 24.867
440.249 15.147
440.525 11.427
440.800 15.135
441.076 20.700
441.351 16.265
441.627 15.688
441.903 24.825
442.178 29.962
442.454 23.670
442.729 14.235
443.005 19.372
443.281 31.795
443.556 44.646
443.832 45.926
444.107 36.491
444.383 24.057
444.658 24.479
444.934 21.188
445.210 19.182
445.485 17.890
445.761 27.170
446.036 45.878
446.312 73.158
446.587 102.295
446.863 125.432
447.139 130.712
447.414 132.278
447.690 136.843
447.965 141.695
448.241 153.546
448.516 154.683
448.792 158.677
449.068 180.243
449.343 200.809
449.619 209.946
449.894 213.940
450.170 210.077
450.445 213.929
450.721 215.495
450.997 217.632
451.272 224.912
451.548 234.335
451.823 246.186
452.099 250.466
452.375 247.175
452.650 254.741
452.926 256.735
453.201 253.444
453.477 253.439
453.752 259.147
454.028 272.713
454.304 290.851
454.579 301.131
454.855 302.697
455.130 311.834
455.406 318.257
455.681 313.966
455.957 301.389
456.233 281.669
456.508 260.378
456.784 252.230
457.059 227.796
457.335 197.933
457.610 179.785
457.886 169.494
458.162 159.632
458.437 140.912
458.713 115.478
458.988 109.044
459.264 112.467
459.539 99.891
459.815 89.743
460.091 79.023
460.366 82.161
460.642 83.441
460.917 72.436
461.193 48.288
461.468 44.140
461.744 50.563
462.020 51.843
462.295 40.267
462.571 25.833
462.846 22.538
463.122 32.382
463.397 38.652
463.673 39.915
463.949 41.767
464.224 37.772
464.500 34.063
464.775 28.921
465.051 29.201
465.327 22.057
465.602 7.495
465.878 1.198
466.153 -1.246
466.429 14.025
466.704 19.309
466.980 17.895
467.256 24.060
467.531 30.924
467.807 45.854
468.082 66.473
468.358 76.401
468.633 82.312
468.909 94.710
469.185 112.882
469.460 127.009
469.736 122.900
470.011 122.097
470.287 126.497
470.562 126.102
470.838 117.217
471.114 101.882
471.389 94.502
471.665 102.383
471.940 112.293
472.216 111.498
472.491 110.520
472.767 119.130
473.043 119.189
473.318 107.060
473.594 97.988
473.869 88.314
474.145 75.293
474.421 62.957
474.696 49.460
474.972 45.694
475.247 44.966
475.523 31.154
475.798 18.943
476.074 17.779
476.350 22.432
476.625 13.122
476.901 -4.631
477.176 -5.514
477.452 9.582
477.727 21.191
478.003 20.886
478.279 19.137
478.554 17.697
478.830 27.426
479.105 33.348
479.381 29.383
479.656 13.429
479.932 -1.769
480.208 -3.504
480.483 -1.031
480.759 5.440
481.034 0.928
481.310 -0.853
481.585 8.791
481.861 11.445
482.137 -0.868
482.412 -1.417
482.688 -7.907
482.963 -5.514
483.239 -11.293
483.514 -26.456
483.790 -17.857
484.066 -0.548
484.341 -1.803
484.617 -7.211
484.892 -7.963
485.168 -14.929
485.443 -11.469
485.719 -17.976
485.995 -17.292
486.270 -5.408
486.546 8.148
486.821 9.214
487.097 21.751
487.373 29.940
487.648 35.170
487.924 37.654
488.199 49.808
488.475 59.994
488.750 62.765
489.026 70.424
489.302 80.768
489.577 91.670
489.853 88.020
490.128 71.883
490.404 50.717
490.679 46.082
490.955 38.522
491.231 28.442
491.506 13.341
491.782 3.273
492.057 -2.320
492.333 0.889
492.608 -3.448
492.884 -3.584
493.160 3.830
493.435 12.639
493.711 20.884
493.986 29.563
494.262 35.037
494.537 41.208
494.813 41.500
495.089 41.385
495.364 49.129
495.640 58.417
495.915 55.480
496.191 60.868
496.467 70.486
496.742 74.343
497.018 73.991
497.293 73.489
497.569 78.940
497.844 89.598
498.120 93.213
498.396 95.026
498.671 90.700
498.947 90.316
499.222 102.067
499.498 112.849
499.773 119.367
500.049 125.924
500.325 125.796
500.600 138.198
500.876 164.989
501.151 183.258
501.427 182.916
501.702 191.368
501.978 198.548
502.254 207.707
502.529 225.248
502.805 238.411
503.080 243.180
503.356 263.839
503.631 281.792
503.907 297.941
504.183 314.919
504.458 321.826
504.734 337.472
505.009 339.203
505.285 333.126
505.560 330.230
505.836 324.737
506.112 325.167
506.387 325.118
506.663 307.877
506.938 297.495
507.214 287.566
507.490 276.043
507.765 261.634
508.041 237.118
508.316 227.369
508.592 203.151
508.867 182.577
509.143 175.082
509.419 170.676
509.694 168.492
509.970 162.783
510.245 137.167
510.521 129.430
510.796 128.474
511.072 117.897
511.348 99.091
511.623 87.563
511.899 89.161
512.174 100.410
512.450 108.362
512.725 119.232
513.001 129.132
513.277 154.817
513.552 178.974
513.828 202.609
514.103 211.966
514.379 225.356
514.654 234.003
514.930 252.875
515.206 272.066
515.481 291.101
515.757 315.001
516.032 350.485
516.308 388.170
516.583 439.472
516.859 485.934
517.135 531.797
517.410 590.446
517.686 647.481
517.961 710.036
518.237 779.023
518.513 846.842
518.788 926.361
519.064 1002.737
519.339 1063.072
519.615 1134.008
519.890 1222.898
520.166 1312.902
520.442 1411.714
520.717 1501.012
520.993 1583.358
521.268 1675.091
521.544 1761.328
521.819 1838.428
522.095 1902.354
522.371 1934.527
522.646 1951.233
522.922 1971.294
523.197 1987.479
523.473 1994.600
523.748 1979.544
524.024 1951.778
524.300 1910.667
524.575 1881.272
524.851 1849.827
525.126 1802.572
525.402 1745.618
525.677 1680.680
525.953 1621.009
526.229 1579.544
526.504 1526.226
526.780 1467.345
527.055 1424.915
527.331 1379.234
527.606 1338.169
527.882 1287.011
528.158 1246.187
528.433 1228.006
528.709 1221.546
528.984 1206.500
529.260 1201.599
529.535 1207.492
529.811 1220.459
530.087 1225.919
530.362 1216.929
530.638 1194.635
530.913 1180.892
531.189 1171.245
531.465 1148.723
531.740 1130.227
532.016 1113.731
532.291 1097.061
532.567 1080.509
532.842 1055.217
533.118 1027.981
533.394 1010.824
533.669 998.491
533.945 988.370
534.220 983.929
534.496 980.716
534.771 985.438
535.047 998.818
535.323 1027.004
535.598 1073.539
535.874 1139.364
536.149 1231.935
536.425 1363.136
536.700 1521.007
536.976 1709.673
537.252 1935.126
537.527 2201.672
537.803 2498.304
538.078 2824.309
538.354 3177.570
538.629 3549.281
538.905 3920.592
539.181 4286.404
539.456 4628.988
539.732 4949.047
540.007 5235.837
540.283 5492.901
540.558 5722.860
540.834 5909.418
541.110 6064.482
541.385 6190.308
541.661 6311.931
541.936 6429.140
542.212 6515.352
542.488 6557.956
542.763 6596.101
543.039 6611.957
543.314 6602.579
543.590 6537.492
543.865 6421.233
544.141 6292.668
544.417 6182.360
544.692 6064.184
544.968 5953.063
545.243 5851.582
545.519 5780.124
545.794 5745.890
546.070 5737.605
546.348 5747.838
546.627 5800.609
546.905 5853.844
547.183 5931.944
547.461 6040.138
547.740 6162.890
548.018 6305.514
548.296 6452.057
548.575 6597.163
548.853 6786.914
549.131 7000.990
549.409 7227.686
549.688 7484.498
549.966 7756.287
550.244 8048.673
550.523 8367.819
550.801 8708.766
551.079 9061.488
551.357 9394.254
551.636 9709.802
551.914 10025.554
552.192 10332.224
552.471 10619.318
552.749 10855.573
553.027 11029.612
553.306 11198.522
553.584 11341.023
553.862 11442.247
554.140 11532.709
554.419 11586.160
554.697 11616.670
554.975 11653.198
555.254 11660.342
555.532 11629.684
555.810 11543.047
556.088 11398.018
556.367 11197.895
556.645 10934.217
556.923 10621.479
557.202 10274.206
557.480 9882.958
557.758 9488.249
558.036 9079.345
558.315 8637.926
558.593 8215.140
558.871 7786.853
559.150 7359.705
559.428 6937.958
559.706 6506.281
559.984 6071.726
560.263 5673.198
560.541 5276.147
560.819 4869.770
561.098 4474.823
561.376 4108.053
561.654 3755.851
561.932 3433.200
562.211 3137.539
562.489 2882.780
562.767 2676.981
563.046 2485.981
563.324 2323.367
563.602 2200.292
563.880 2077.586
564.159 1964.286
564.437 1854.878
564.715 1736.893
564.994 1634.752
565.272 1529.702
565.550 1413.304
565.828 1324.735
566.107 1238.497
566.385 1149.644
566.663 1081.937
566.942 1020.623
567.220 966.864
567.498 923.468
567.776 870.816
568.055 824.707
568.333 775.565
568.611 728.010
568.890 677.280
569.168 630.101
569.446 593.730
569.725 555.177
570.003 505.579
570.281 480.152
570.559 457.820
570.838 425.694
571.116 397.613
571.394 359.630
571.673 328.441
571.951 318.105
572.229 294.320
572.507 264.555
572.786 239.590
573.064 219.597
573.342 211.035
573.621 208.314
573.899 198.741
574.177 186.185
574.455 186.209
574.734 193.029
575.012 185.742
575.290 173.833
575.569 151.544
575.847 129.198
576.125 113.581
576.403 93.893
576.682 80.793
576.960 75.653
577.243 74.052
577.527 70.164
577.810 73.713
578.093 83.045
578.377 91.298
578.660 102.423
578.944 114.695
579.227 108.547
579.510 112.259
579.794 121.234
580.077 120.329
580.360 111.874
580.644 93.926
580.927 77.366
581.210 78.556
581.494 83.168
581.777 76.682
582.061 60.628
582.344 58.948
582.627 64.663
582.911 56.559
583.194 53.872
583.477 42.056
583.761 29.658
584.044 32.792
584.327 33.225
584.611 35.947
584.894 49.502
585.178 59.662
585.461 81.949
585.744 96.231
586.028 106.801
586.311 125.092
586.594 122.962
586.878 101.545
587.161 96.971
587.444 97.398
587.728 105.232
588.011 118.205
588.295 116.345
588.578 116.357
588.861 136.640
589.145 132.769
589.428 123.321
589.711 119.339
589.995 95.218
590.278 77.490
590.562 70.319
590.845 59.458
591.128 52.601
591.412 37.185
591.695 23.176
591.978 33.581
592.262 49.382
592.545 75.723
592.828 94.214
593.112 92.353
593.395 96.324
593.679 112.522
593.962 122.557
594.245 112.277
594.529 91.291
594.812 85.569
595.095 99.178
595.379 107.379
595.662 107.285
595.945 106.795
596.229 116.071
596.512 120.702
596.796 128.259
597.079 138.084
597.362 139.721
597.646 146.035
597.929 146.091
598.212 133.899
598.496 128.631
598.779 125.183
599.062 107.486
599.346 101.948
599.629 99.599
599.913 96.178
600.196 105.132
600.479 125.204
600.763 138.492
601.046 163.759
601.329 179.444
601.613 174.626
601.896 178.081
602.179 185.359
602.463 181.480
602.746 176.229
603.030 165.624
603.313 171.594
603.596 175.178
603.880 170.637
604.163 170.258
604.446 166.565
604.730 156.017
605.013 153.614
605.296 140.009
605.580 142.385
605.863 154.808
606.147 163.645
606.430 172.566
606.713 182.892
606.997 194.580
607.280 203.113
607.563 200.992
607.847 203.925
608.130 202.664
608.414 206.927
608.697 216.745
608.980 204.073
609.264 194.137
609.547 197.094
609.830 191.641
610.114 179.205
610.397 175.982
610.680 171.565
610.964 177.068
611.247 190.838
611.531 204.586
611.814 205.502
612.097 214.211
612.381 209.335
612.664 208.803
612.947 217.667
613.231 209.415
613.514 198.261
613.797 193.655
614.081 191.155
614.364 201.846
614.648 209.039
614.931 213.181
615.214 221.800
615.498 226.070
615.781 244.431
616.064 259.666
616.348 248.520
616.631 246.201
616.914 248.106
617.198 252.144
617.481 265.914
617.765 270.550
618.048 276.922
618.331 292.390
618.615 284.335
618.898 271.310
619.181 273.251
619.465 268.047
619.748 255.754
620.031 244.497
620.315 243.335
620.598 261.365
620.882 280.855
621.165 291.555
621.448 298.628
621.732 305.099
622.015 311.736
622.298 300.243
622.582 281.687
622.865 266.949
623.148 260.738
623.432 264.794
623.715 274.741
623.999 287.688
624.282 309.856
624.565 333.377
624.849 347.758
625.132 355.358
625.415 357.305
625.699 355.196
625.982 347.482
626.265 336.910
626.549 332.826
626.832 173.936
627.116 76.727
627.399 75.166
627.682 84.831
627.966 105.269
628.249 133.411
628.532 147.859
628.816 325.981
629.099 443.896
629.383 460.891
629.666 465.475
629.949 465.514
630.233 469.750
630.516 484.611
630.799 495.720
631.083 489.940
631.366 497.453
631.649 511.808
631.933 523.580
632.216 536.668
632.500 553.763
632.783 570.647
633.066 607.115
633.350 636.212
633.633 667.947
633.916 710.714
634.200 745.121
634.483 777.409
634.766 819.181
635.050 867.176
635.333 910.792
635.617 947.169
635.900 981.507
636.183 1028.329
636.467 1073.409
636.750 1117.125
637.033 1154.496
637.317 1205.371
637.600 1275.313
637.883 1345.294
638.167 1407.962
638.450 1484.610
638.734 1577.451
639.017 1686.737
639.300 1798.431
639.584 1910.082
639.867 2037.292
640.150 2194.668
640.434 2370.973
640.717 2556.993
641.000 2761.189
641.284 3003.470
641.567 3284.339
641.851 3595.507
642.134 3933.022
642.417 4287.211
642.701 4670.864
642.984 5106.795
643.267 5585.107
643.551 6089.020
643.834 6646.834
644.117 7271.975
644.401 7973.781
644.684 8759.464
644.968 9572.588
645.251 10414.929
645.534 11310.508
645.818 12210.188
646.101 13107.705
646.384 13998.374
646.668 14880.727
646.951 15796.874
647.235 16736.376
647.518 17708.991
647.801 18772.209
648.085 19906.488
648.368 21140.570
648.651 22424.222
648.935 23773.064
649.218 25178.113
649.501 26605.774
649.785 28000.024
650.068 29378.375
650.352 30692.530
650.635 31983.588
650.918 33183.332
651.202 34293.616
651.485 35341.391
651.768 36342.998
652.052 37253.747
652.335 38099.764
652.618 38847.417
652.902 39584.288
653.185 40266.497
653.469 40878.144
653.752 41397.210
654.035 41869.839
654.319 42300.897
654.602 42664.707
654.885 42918.324
655.169 43113.228
655.452 43278.347
655.735 43448.250
656.019 43546.449
656.302 43607.481
656.586 43665.444
656.869 43734.088
657.152 43790.732
657.436 43849.210
657.719 43867.935
658.002 43879.538
658.286 43833.902
658.569 43756.270
658.852 43588.776
659.136 43367.169
659.419 43028.000
659.703 42630.073
659.986 42211.134
660.269 41798.600
660.553 41353.543
660.836 40937.391
661.119 40540.873
661.403 40219.784
661.686 39889.498
661.969 39595.421
662.253 39342.134
662.536 39192.833
662.820 39085.260
663.103 39028.787
663.386 39074.926
663.670 39200.587
663.953 39383.999
664.236 39668.319
664.520 39994.838
664.803 40413.267
665.086 40874.180
665.370 41274.023
665.653 41728.790
665.937 42225.033
666.220 42622.857
666.503 42955.473
666.787 43216.844
667.070 43432.432
667.353 43607.489
667.637 43723.603
667.920 43693.228
668.204 43601.167
668.487 43399.338
668.770 43061.798
669.054 42567.675
669.337 41958.310
669.620 41199.770
669.904 40350.159
670.187 39367.655
670.470 38283.390
670.754 37148.184
671.037 36002.834
671.321 34798.555
671.604 33567.907
671.887 32312.720
672.171 31045.057
672.454 29786.095
672.737 28454.334
673.021 27069.834
673.304 25665.780
673.587 24221.119
673.871 22781.214
674.154 21373.891
674.438 19984.815
674.721 18678.293
675.004 17454.617
675.288 16290.538
675.571 15206.516
675.854 14170.747
676.138 13202.594
676.421 12317.348
676.704 11491.551
676.988 10718.093
677.271 10007.076
677.555 9337.975
677.838 8700.079
678.121 8060.011
678.405 7449.427
678.688 6856.036
678.971 6279.139
679.255 5714.164
679.538 5168.769
679.821 4672.665
680.105 4230.456
680.388 3810.805
680.672 3429.638
680.955 3084.981
681.238 2790.700
681.522 2524.756
681.805 2283.680
682.088 2079.976
682.372 1887.044
682.655 1718.096
682.938 1565.759
683.222 1434.434
683.505 1344.635
683.789 1280.512
684.072 1242.038
684.355 1226.230
684.639 1221.715
684.922 1249.927
685.205 1279.688
685.489 1309.032
685.772 1341.986
686.056 1356.748
686.339 1380.457
686.622 1419.972
686.906 1428.645
687.189 1454.329
687.472 1475.981
687.756 1489.549
688.039 1508.486
688.322 1523.397
688.606 1508.781
688.889 1498.557
689.173 1481.789
689.456 1451.168
689.739 1414.699
690.023 1390.825
690.306 1361.592
690.589 1340.450
690.873 1318.281
691.156 1289.197
691.439 1265.138
691.723 1248.252
692.006 1224.052
692.290 1196.166
692.573 1178.819
692.856 1166.994
693.140 1143.111
693.423 1128.943
693.706 1126.003
693.990 1110.284
694.273 1106.529
694.556 1106.320
694.840 1094.871
695.123 1085.119
695.407 1081.852
695.690 1080.909
695.973 1088.174
696.257 1091.021
696.540 1081.681
696.830 1065.970
697.120 1076.653
697.410 1086.589
697.699 1081.097
697.989 1079.719
698.279 1068.661
698.569 1060.583
698.859 1076.803
699.149 1086.961
699.439 1079.871
699.729 1061.310
700.018 1032.417
700.308 1032.933
700.598 1040.742
700.888 1030.695
701.178 1001.045
701.468 967.603
701.758 943.730
702.048 923.768
702.337 881.683
702.627 837.339
702.917 779.060
703.207 736.121
703.497 706.601
703.787 676.831
704.077 654.393
704.366 624.968
704.656 591.312
704.946 581.607
705.236 557.572
705.526 535.945
705.816 515.254
706.106 483.562
706.396 468.196
706.685 447.255
706.975 427.490
707.265 425.674
707.555 424.999
707.845 415.141
708.135 407.231
708.425 385.720
708.715 380.137
709.004 377.054
709.294 352.499
709.584 338.522
709.874 337.007
710.164 332.117
710.454 336.864
710.744 341.830
711.034 339.012
711.323 343.245
711.613 342.282
711.903 332.808
712.193 318.986
712.483 305.595
712.773 303.696
713.063 309.595
713.352 306.930
713.642 298.732
713.932 299.506
714.222 317.245
714.512 325.920
714.802 309.559
715.092 286.455
715.382 274.857
715.671 274.945
715.961 276.264
716.251 275.061
716.541 277.332
716.831 275.255
717.121 275.051
717.411 279.425
717.701 272.541
717.990 261.708
718.280 246.242
718.570 223.344
718.860 222.872
719.150 233.689
719.440 231.096
719.730 226.865
720.019 229.966
720.309 234.539
720.599 251.868
720.889 248.292
721.179 243.419
721.469 246.008
721.759 250.860
722.049 249.455
722.338 252.791
722.628 250.336
722.918 258.282
723.208 256.495
723.498 247.605
723.788 236.977
724.078 232.598
724.368 233.855
724.657 232.209
724.947 219.466
725.237 215.210
725.527 224.956
725.817 231.414
726.107 228.323
726.397 215.139
726.686 217.696
726.976 232.999
727.266 228.853
727.556 218.262
727.846 219.848
728.136 225.991
728.426 218.985
728.716 206.237
729.005 195.476
729.295 195.689
729.585 189.893
729.875 179.002
730.165 171.993
730.455 186.666
730.745 197.067
731.035 202.286
731.324 211.082
731.614 226.980
731.904 224.663
732.194 219.016
732.484 214.568
732.774 208.334
733.064 195.064
733.354 184.862
733.643 170.449
733.933 171.487
734.223 179.491
734.513 177.381
734.803 175.317
735.093 182.664
735.383 182.177
735.672 187.036
735.962 182.786
736.252 168.641
736.542 161.473
736.832 153.059
737.122 158.466
737.412 177.290
737.702 178.769
737.991 176.187
738.281 173.713
738.571 173.356
738.861 180.558
739.151 163.235
739.441 133.493
739.731 122.205
740.021 122.501
740.310 129.305
740.600 133.339
740.890 131.471
741.180 134.180
741.470 132.099
741.760 141.032
742.050 165.399
742.339 166.687
742.629 152.324
742.919 137.971
743.209 135.620
743.499 142.543
743.789 136.504
744.079 109.951
744.369 102.224
744.658 113.431
744.948 123.372
745.238 122.978
745.528 124.893
745.818 135.711
746.108 148.803
746.398 162.162
746.688 161.945
746.977 164.684
747.267 173.258
747.557 174.719
747.847 163.139
748.137 149.261
748.427 132.406
748.717 123.614
749.006 118.538
749.296 112.585
749.586 113.766
749.876 108.384
750.166 107.566
750.456 123.694
750.746 134.309
751.036 141.928
751.325 147.571
751.615 149.067
751.905 155.968
752.195 160.151
752.485 148.643
752.775 135.106
753.065 123.618
753.355 110.220
753.644 94.826
753.934 85.407
754.224 80.424
754.514 76.582
754.804 73.881
755.094 76.874
755.384 79.035
755.674 78.022
755.963 75.601
756.253 68.440
756.543 61.854
756.833 58.424
757.123 45.680
757.413 42.954
757.703 40.959
757.992 34.066
758.282 38.377
758.572 47.265
758.862 50.997
759.152 59.611
759.442 52.587
759.732 46.412
760.022 50.580
760.311 50.005
760.601 40.687
760.891 39.696
761.181 35.838
761.471 30.232
761.761 31.669
762.051 34.982
762.341 46.958
762.630 52.571
762.920 42.212
763.210 22.357
763.500 27.818
763.793 30.403
764.086 32.405
764.379 24.890
764.671 22.162
764.964 29.070
765.257 45.476
765.550 60.170
765.843 74.703
766.136 74.271
766.429 71.980
766.722 76.865
767.014 70.240
767.307 71.679
767.600 72.110
767.893 58.734
768.186 53.857
768.479 55.439
768.772 59.769
769.064 75.883
769.357 71.271
769.650 64.502
769.943 66.805
770.236 61.476
770.529 52.993
770.822 36.430
771.115 20.885
771.407 14.980
771.700 5.187
771.993 10.946
772.286 27.506
772.579 26.062
772.872 24.619
773.165 16.836
773.457 17.842
773.750 20.001
774.043 11.076
774.336 4.893
774.629 12.803
774.922 17.122
775.215 34.261
775.508 38.723
775.800 30.374
776.093 37.990
776.386 39.120
776.679 32.641
776.972 27.470
777.265 19.271
777.558 15.964
777.850 21.716
778.143 12.360
778.436 7.024
778.729 8.168
779.022 15.920
779.315 16.924
779.608 26.678
779.900 36.992
780.193 41.422
780.486 41.696
780.779 42.407
781.072 37.669
781.365 42.249
781.658 43.395
781.951 34.800
782.243 29.792
782.536 22.340
782.829 12.877
783.122 8.148
783.415 0.272
783.708 -11.917
784.001 -6.054
784.293 -4.773
784.586 -6.347
784.879 -0.046
785.172 1.391
785.465 -0.029
785.758 5.120
786.051 -12.193
786.344 -15.913
786.636 -7.189
786.929 -8.480
787.222 -14.320
787.515 -14.031
787.808 -17.606
788.101 -20.740
788.394 -22.593
788.686 -24.893
788.979 -17.339
789.272 3.497
789.565 12.772
789.858 7.343
790.151 6.510
790.444 1.665
790.737 -7.313
791.029 -8.162
791.322 -5.180
791.615 -6.045
791.908 -2.039
792.201 12.501
792.494 26.602
792.787 31.444
793.079 25.018
793.372 10.761
793.665 -0.058
793.958 8.343
794.251 24.294
794.544 21.451
794.837 16.750
795.130 13.471
795.422 13.044
795.715 29.975
796.008 20.292
796.301 -7.340
796.594 -21.157
796.887 -19.876
797.180 -16.030
797.472 -6.204
797.765 -5.340
798.058 0.638
798.351 11.318
798.644 20.860
798.937 15.590
799.230 9.039
799.523 -3.069
799.815 -22.591
800.108 -25.298
800.401 -31.433
800.694 -29.580
800.987 -23.177
801.280 -26.747
801.573 -30.030
801.865 -30.601
802.158 -32.027
802.451 -24.750
802.744 -24.324
803.037 -14.913
803.330 -3.219
803.623 4.339
803.915 8.888
804.208 12.313
804.501 15.181
804.794 10.895
805.087 0.189
805.380 -11.111
805.673 -13.833
805.966 -3.664
806.258 3.812
806.551 7.550
806.844 15.574
807.137 16.565
807.430 23.286
807.723 24.433
808.016 15.677
808.308 7.351
808.601 -3.555
808.894 -12.165
809.187 -14.615
809.480 -21.092
809.773 -23.689
810.066 -19.232
810.359 -20.816
810.651 -21.256
810.944 -14.924
811.237 -8.310
811.530 -1.984
811.825 -2.421
812.119 -8.489
812.414 -10.946
812.709 -2.853
813.003 2.358
813.298 8.593
813.593 16.850
813.887 26.549
814.182 28.268
814.476 28.834
814.771 31.027
815.066 22.494
815.360 17.720
815.655 17.164
815.950 12.092
816.244 16.018
816.539 17.176
816.834 -1.477
817.128 -9.098
817.423 -15.813
817.718 -21.637
818.012 -14.882
818.307 -14.729
818.602 -12.092
818.896 -1.434
819.191 1.171
819.486 -4.777
819.780 -13.500
820.075 -23.640
820.369 -19.486
820.664 -25.102
820.959 -20.212
821.253 -18.617
821.548 -18.840
821.843 2.251
822.137 8.793
822.432 -7.285
822.727 1.049
823.021 -4.453
823.316 -2.694
823.611 5.312
823.905 -11.118
824.200 -21.013
824.495 -18.252
824.789 -20.781
825.084 -18.222
825.379 -27.920
825.673 -30.518
825.968 -26.600
826.262 -13.752
826.557 2.566
826.852 0.149
827.146 -10.625
827.441 2.392
827.736 4.368
828.030 -11.118
828.325 -28.991
828.620 -48.080
828.914 -56.394
829.209 -60.573
829.504 -63.902
829.798 -56.044
830.093 -33.643
830.388 -24.402
830.682 -27.095
830.977 -30.405
831.271 -16.517
831.566 -26.537
831.861 -40.499
832.155 -40.373
832.450 -35.664
832.745 -23.522
833.039 -17.644
833.334 -22.824
833.629 -11.994
833.923 2.544
834.218 -6.209
834.513 -15.915
834.807 -19.666
835.102 -25.386
835.397 -20.505
835.691 -13.634
835.986 -20.166
836.281 -23.077
836.575 -24.405
836.870 -19.488
837.164 -1.410
837.459 5.305
837.754 0.135
838.048 2.518
838.343 2.473
838.638 7.739
838.932 5.463
839.227 -4.263
839.522 -21.880
839.816 -20.276
840.111 -9.079
840.406 -8.215
840.700 -6.102
840.995 -6.048
841.290 -2.038
841.584 7.519
841.879 4.612
842.174 -12.530
842.468 -5.846
842.763 2.687
843.057 15.951
843.352 17.973
843.647 13.880
843.941 9.639
844.236 19.975
844.531 31.271
844.825 24.608
845.120 14.654
845.415 16.798
845.709 19.033
846.004 16.962
846.299 -1.243
846.593 -24.122
846.888 -34.784
847.183 -34.602
847.477 -31.909
847.772 -18.774
848.066 -13.661
848.361 -5.346
848.656 -7.263
848.950 -8.656
849.245 -8.155
849.540 -17.775
849.834 -27.548
850.129 -22.633
850.424 -17.072
850.718 -6.776
851.013 1.231
851.308 -6.313
851.602 -11.381
851.897 -27.910
852.192 -32.012
852.486 -30.711
852.781 -38.230
853.076 -44.734
853.370 -41.273
853.665 -40.092
853.959 -33.166
854.254 -35.100
854.549 -39.659
854.843 -26.321
855.138 -4.116
855.433 4.131
855.727 14.659
856.022 26.661
856.317 30.056
856.611 23.526
856.906 15.155
857.201 -0.627
857.495 -3.895
857.790 -9.347
858.085 -17.139
858.379 -27.250
858.674 -27.751
858.969 -23.782
859.263 -15.129
859.558 -15.168
859.852 -22.615
860.147 -31.504
860.442 -19.551
860.736 -18.908
861.031 -15.859
861.326 -17.983
861.620 -28.129
861.915 -26.269
862.210 -13.826
862.504 -18.577
862.799 -10.864
863.094 -12.910
863.388 -24.414
863.683 -25.461
863.978 -28.780
864.272 -32.323
864.567 -32.424
864.861 -30.489
865.156 -38.794
865.451 -29.658
865.745 -25.961
866.040 -20.771
866.335 -4.737
866.629 7.420
866.924 -0.745
867.219 0.378
867.513 7.579
867.808 14.019
868.103 12.801
868.397 -4.480
868.692 -9.817
868.987 7.450
869.281 20.346
869.576 7.257
869.871 1.838
870.165 3.359
870.460 7.981
870.754 5.519
871.049 -10.271
871.344 -22.184
871.638 -21.003
871.933 -16.189
872.228 -11.512
872.522 -14.134
872.817 -19.731
873.112 -17.584
873.406 -6.421
873.701 -7.634
873.996 -28.703
874.290 -40.447
874.585 -41.370
874.880 -28.645
875.174 -11.947
875.469 -16.294
875.764 -10.074
876.058 10.704
876.353 15.475
876.647 11.043
876.942 -1.325
877.237 -13.605
877.531 -18.520
877.826 -26.529
878.121 -38.825
878.415 -44.510
878.710 -42.759
879.005 -46.471
879.299 -60.292
879.594 -62.267
879.889 -59.381
880.183 -58.285
880.478 -54.001
880.773 -47.261
881.067 -40.146
881.362 -32.564
881.656 -30.266
881.951 -27.197
882.246 -22.187
882.540 -17.609
882.835 -15.763
883.130 -13.549
883.424 -9.840
883.719 -16.433
884.014 -22.901
884.308 -22.293
884.603 -25.340
884.898 -25.347
885.192 -24.607
885.487 -25.744
885.782 -23.462
886.076 -19.935
886.371 -16.438
886.666 -14.322
886.960 -17.390
887.255 -25.821
887.549 -33.680
887.844 -29.181
888.139 -28.901
888.433 -28.000
888.728 -18.595
889.023 -15.662
889.317 -16.256
889.612 -14.173
889.907 -12.146
890.201 -10.742
890.496 -12.001
890.791 -26.779
891.085 -31.071
891.380 -21.982
891.675 -10.749
891.969 -6.337
892.264 -6.968
892.559 -7.217
892.853 -1.153
893.148 -1.898
893.442 -15.114
893.737 -23.802
894.032 -35.145
894.326 -34.135
894.621 -37.044
894.916 -33.519
895.210 -27.097
895.505 -27.115
895.800 -29.528
896.094 -24.996
896.389 -26.136
896.684 -19.701
896.978 -14.523
897.273 -13.257
897.568 3.277
897.862 11.985
898.157 17.166
898.451 25.639
898.746 26.657
899.041 15.023
899.335 9.840
899.630 3.265
899.925 5.937
900.219 10.640
900.514 11.544
900.809 7.865
901.103 6.166
901.398 -1.606
901.693 -10.911
901.987 -23.128
902.282 -41.572
902.577 -54.926
902.871 -65.017
903.166 -60.328
903.461 -55.023
903.755 -49.309
904.050 -47.963
904.344 -43.423
904.639 -40.264
904.934 -25.299
905.228 -18.242
905.523 -16.334
905.818 -17.787
906.112 -10.479
906.407 -3.403
906.702 -0.053
906.996 -3.008
907.291 -6.488
907.586 -7.807
907.880 -8.091
908.175 -11.866
908.470 -21.896
908.764 -28.548
909.059 -30.110
909.354 -32.205
909.648 -31.846
909.943 -23.386
910.237 -22.367
910.532 -12.585
910.827 -10.000
911.121 -17.507
911.416 -22.800
911.711 -25.609
912.005 -38.931
912.300 -48.240
912.599 -54.063
912.898 -51.450
913.196 -47.674
913.495 -44.816
913.794 -43.805
914.093 -45.905
914.391 -41.576
914.690 -41.480
914.989 -34.131
915.288 -26.943
915.586 -23.501
915.885 -14.950
916.184 9.537
916.483 17.533
916.782 16.549
917.080 6.076
917.379 3.394
917.678 -3.943
917.977 -15.036
918.275 -25.084
918.574 -15.306
918.873 -17.007
919.172 -22.646
919.471 -33.038
919.769 -36.580
920.068 -31.324
920.367 -33.227
920.666 -49.898
920.964 -49.462
921.263 -40.193
921.562 -27.451
921.861 -12.600
922.159 -13.899
922.458 -21.176
922.757 -16.379
923.056 -3.427
923.355 1.625
923.653 9.541
923.952 4.780
924.251 -1.794
924.550 -8.124
924.848 -9.859
925.147 -20.312
925.446 -25.812
925.745 -32.804
926.043 -26.964
926.342 -17.065
926.641 -4.182
926.940 -0.491
927.239 2.612
927.537 -1.616
927.836 -1.553
928.135 -3.674
928.434 0.266
928.732 -0.188
929.031 -4.750
929.330 -7.295
929.629 -2.961
929.927 0.534
930.226 2.358
930.525 1.230
930.824 8.890
931.123 14.207
931.421 10.591
931.720 7.657
932.019 1.260
932.318 -7.298
932.616 -14.849
932.915 -25.885
933.214 -22.536
933.513 -7.446
933.812 -4.590
934.110 -19.784
934.409 -21.883
934.708 -20.083
935.007 -25.275
935.305 -39.555
935.604 -57.321
935.903 -67.122
936.202 -50.832
936.500 -41.864
936.799 -35.324
937.098 -31.795
937.397 -36.951
937.696 -38.256
937.994 -29.772
938.293 -26.972
938.592 -23.760
938.891 -14.541
939.189 -5.374
939.488 3.176
939.787 17.965
940.086 9.915
940.384 -1.211
940.683 0.295
940.982 -13.677
941.281 -13.133
941.580 -16.353
941.878 -41.741
942.177 -43.801
942.476 -44.854
942.775 -58.313
943.073 -43.913
943.372 -32.578
943.671 -30.117
943.970 -16.927
944.268 -6.845
944.567 -0.554
944.866 10.093
945.165 -14.018
945.464 -56.617
945.762 -64.448
946.061 -61.173
946.360 -59.284
946.659 -60.443
946.957 -63.362
947.256 -47.186
947.555 -27.018
947.854 -7.308
948.153 -2.976
948.451 -12.745
948.750 -14.780
949.049 -16.737
949.348 -26.942
949.646 -21.082
949.945 -25.059
950.244 -21.787
950.543 -16.115
950.841 -19.816
951.140 -20.690
951.439 -17.678
951.738 -18.891
952.037 -21.280
952.335 -33.013
952.634 -39.343
952.933 -44.934
953.232 -48.068
953.530 -50.455
953.829 -42.941
954.128 -35.847
954.427 -25.832
954.725 -24.183
955.024 -20.718
955.323 -25.004
955.622 -23.788
955.921 -22.430
956.219 -25.145
956.518 -38.796
956.817 -34.133
957.116 -16.418
957.414 -5.103
957.713 0.809
958.012 -5.286
958.311 -16.662
958.610 -4.000
958.908 1.989
959.207 -2.271
959.506 -7.978
959.805 -19.981
960.103 -20.940
960.402 -14.969
960.701 -25.671
961.000 -32.393
961.298 -37.211
961.597 -36.642
961.896 -31.195
962.195 -28.022
962.494 -19.645
962.792 -6.097
963.091 -4.721
963.390 -13.529
963.689 -15.493
963.987 -8.768
964.286 -12.048
964.585 -17.999
964.884 -15.425
965.182 -17.684
965.481 -18.476
965.780 -21.285
966.080 -19.031
966.380 -14.752
966.680 -15.356
966.981 -16.913
967.281 -7.418
967.581 7.883
967.881 18.408
968.181 13.226
968.481 5.805
968.781 6.874
969.082 9.987
969.382 3.924
969.682 2.247
969.982 8.200
970.282 11.501
970.582 12.881
970.882 15.566
971.183 9.556
971.483 10.785
971.783 6.169
972.083 -4.721
972.383 -17.875
972.683 -26.356
972.983 -38.169
973.284 -47.851
973.584 -61.243
973.884 -59.617
974.184 -50.668
974.484 -29.726
974.784 -13.886
975.084 11.427
975.385 34.649
975.685 63.607
975.985 88.275
976.285 99.246
976.585 98.748
976.885 100.475
977.185 99.288
977.486 99.438
977.786 95.168
978.086 86.528
978.386 90.269
978.686 95.996
978.986 108.762
979.286 110.914
979.587 103.361
979.887 95.835
980.187 83.406
980.487 70.262
980.787 68.833
981.087 56.261
981.387 42.261
981.688 40.118
981.988 39.832
982.288 34.545
982.588 23.259
982.888 1.544
983.188 -7.027
983.488 -4.314
983.789 -4.314
984.089 -8.600
984.389 -8.315
984.689 -5.030
984.989 1.970
985.289 14.684
985.589 8.112
985.890 -2.031
986.190 -1.746
986.490 15.682
986.790 22.682
987.090 17.538
987.390 -4.748
987.690 -11.605
987.991 -1.320
988.291 -0.320
988.591 -25.321
988.891 -46.036
989.191 -40.608
989.491 -33.037
989.791 -24.466
990.092 -16.037
990.392 -9.324
990.692 -8.181
990.992 7.818
991.292 14.961
991.592 23.961
991.892 24.817
992.193 16.245
992.493 8.959
992.793 18.387
993.093 17.673
993.393 14.672
993.693 7.386
993.993 1.529
994.294 -1.186
994.594 1.528
994.894 5.956
995.194 7.955
995.494 6.669
995.794 1.240
996.094 -0.903
996.395 -0.903
996.695 0.668
996.995 -8.333
997.295 -8.333
997.595 0.238
997.895 8.523
998.195 2.951
998.496 3.665
998.796 6.379
999.096 9.950
999.396 10.092
999.696 0.092
999.996 -3.337
1000.296 16.234
1000.597 13.662
1000.897 5.376
1001.197 4.661
1001.497 11.804
1001.797 26.803
1002.097 28.517
1002.397 9.660
1002.698 2.088
1002.998 3.373
1003.298 5.516
1003.598 -2.628
1003.898 -17.628
1004.198 -16.914
1004.498 -18.343
1004.799 -27.629
1005.099 -34.915
1005.399 -35.487
1005.699 -39.631
1005.999 -46.345
1006.299 -44.774
1006.599 -31.632
1006.900 -11.632
1007.200 -1.204
1007.500 -13.347
1007.800 -24.491
1008.100 -17.062
1008.400 -13.206
1008.700 -16.492
1009.001 -25.635
1009.301 -38.635
1009.601 -38.207
1009.901 -35.922
1010.201 -42.637
1010.501 -41.494
1010.801 -44.066
1011.102 -27.781
1011.402 -8.210
1011.702 -3.781
1012.002 -0.782
1012.302 0.932
1012.602 -14.068
1012.902 -27.497
1013.203 -51.498
1013.503 -59.070
1013.803 -43.499
1014.103 -29.356
1014.403 -29.785
1014.703 -28.071
1015.003 -3.929
1015.304 20.928
1015.604 13.356
1015.904 -0.358
1016.204 -13.930
1016.504 -10.359
1016.804 -8.931
1017.104 -26.360
1017.405 -43.503
1017.705 -30.932
1018.005 -17.790
1018.305 -13.219
1018.605 -24.933
1018.905 -29.934
1019.205 -22.649
1019.506 -15.220
1019.806 -14.935
1020.106 -23.935
1020.406 -28.793
1020.706 -33.222
1021.006 -24.794
1021.306 -14.794
1021.607 -13.366
1021.907 -15.366
1022.207 -13.795
1022.507 -6.796
1022.807 18.204
1023.107 20.918
1023.407 16.632
1023.708 15.346
1024.008 16.631
1024.308 10.916
1024.608 7.059
1024.908 0.630
1025.208 16.058
1025.508 23.200
1025.809 24.057
1026.109 10.200
1026.409 13.771
1026.709 23.627
1027.009 20.770
1027.309 12.198
1027.609 14.198
1027.910 10.912
1028.210 10.911
1028.510 1.339
1028.810 -3.518
1029.110 3.910
1029.410 0.624
1029.710 -16.519
1030.011 -23.234
1030.311 -23.234
1030.611 -21.235
1030.911 -20.235
1031.211 -26.807
1031.511 -36.093
1031.811 -31.665
1032.112 -24.094
1032.412 -8.094
1032.712 2.763
1033.012 -6.380
1033.312 -22.381
1033.612 -27.524
1033.912 -27.524
1034.212 -27.668
1034.513 -33.239
1034.813 -31.811
1035.113 -20.955
1035.413 -4.955
1035.713 1.759
1036.013 1.473
1036.313 9.615
1036.614 6.329
1036.914 -11.671
1037.214 -20.671
1037.514 -20.100
1037.814 -19.244
1038.114 -18.244
1038.414 -20.387
1038.715 -16.388
1039.015 -4.245
1039.315 -1.817
1039.615 -13.532
1039.915 -20.103
1040.215 -20.389
1040.515 -24.533
1040.816 -33.390
1041.116 -43.105
1041.416 -44.248
1041.716 -35.677
1042.016 -29.963
1042.316 -32.535
1042.616 -35.249
1042.917 -42.678
1043.217 -42.536
1043.517 -45.536
1043.817 -46.108
1044.117 -38.823
1044.417 -33.823
1044.717 -42.966
1045.018 -34.395
1045.318 -14.824
1045.618 -4.396
1045.918 -9.968
1046.218 -19.397
1046.518 -23.968
1046.818 -10.255
1047.119 -7.112
1047.419 -25.827
1047.719 -41.256
1048.019 -38.256
1048.319 -38.685
1048.619 -45.685
1048.919 -52.828
1049.220 -50.400
1049.520 -52.401
1049.820 -50.115
1050.120 -51.830
1050.420 -49.973
1050.720 -46.545
1051.020 -49.545
1051.321 -53.117
1051.621 -37.546
1051.921 -29.118
1052.221 -21.832
1052.521 -16.404
1052.821 -11.119
1053.121 -11.833
1053.422 -11.120
1053.722 -10.406
1054.022 -13.263
1054.322 -21.692
1054.622 -26.407
1054.922 -24.836
1055.222 -11.550
1055.523 -8.408
1055.823 -19.265
1056.123 -16.551
1056.423 -10.123
1056.723 -2.123
1057.023 4.019
1057.323 -0.267
1057.624 -4.839
1057.924 9.161
1058.224 14.018
1058.524 15.160
1058.824 9.303
1059.124 -2.269
1059.424 -11.555
1059.725 -19.984
1060.025 -29.270
1060.325 -33.842
1060.625 -36.699
1060.925 -51.700
1061.225 -45.700
1061.525 -25.415
1061.826 -17.415
1062.126 -13.701
1062.426 -9.273
1062.726 -1.559
1063.026 13.726
1063.326 8.155
1063.626 -3.131
1063.927 1.154
1064.227 -13.275
1064.527 -24.418
1064.827 -28.561
1065.127 -26.847
1065.427 -27.133
1065.727 -45.277
1066.028 -55.563
1066.328 -43.849
1066.628 -44.849
1066.928 -53.278
1067.228 -61.564
1067.528 -54.422
1067.828 -38.279
1068.129 -31.279
1068.429 -35.994
1068.729 -28.709
1069.029 -23.137
1069.329 -15.424
1069.629 -15.567
1069.929 -25.710
1070.230 -29.710
1070.530 -30.139
1070.830 -35.140
1071.130 -45.283
1071.430 -49.283
1071.730 -44.998
1072.030 -34.284
1072.331 -39.427
1072.631 -44.856
1072.931 -42.570
1073.231 -28.571
1073.531 -29.571
1073.831 -40.286
1074.131 -41.286
1074.432 -33.715
1074.732 -20.858
1075.032 -19.144
1075.332 -35.002
1075.632 -38.145
1075.932 -37.002
1076.232 -35.288
1076.533 -25.289
1076.833 -27.432
1077.133 -21.718
1077.433 -7.004
1077.733 -8.719
1078.033 -13.862
1078.333 -24.862
1078.634 -32.005
1078.934 -31.720
1079.234 -41.292
1079.534 -51.435
1079.834 -45.292
1080.134 -39.150
1080.434 -30.722
1080.735 -34.722
1081.035 -36.436
1081.335 -38.008
1081.635 -28.294
1081.935 -21.009
1082.235 -17.152
1082.535 -19.295
1082.836 -19.010
1083.136 -26.724
1083.436 -24.153
1083.736 -25.725
1084.036 -30.440
1084.336 -31.011
1084.636 -31.869
1084.937 -30.726
1085.237 -21.727
1085.537 -16.156
1085.837 -16.013
1086.137 -22.871
1086.437 -31.157
1086.737 -38.014
1087.038 -36.586
1087.338 -36.015
1087.638 -48.872
1087.938 -59.587
1088.238 -53.016
1088.538 -37.159
1088.838 -21.731
1089.139 -27.017
1089.439 -33.731
1089.739 -27.874
1090.039 -18.732
1090.339 -14.446
1090.639 -18.161
1090.939 -15.447
1091.240 -9.305
1091.540 -0.162
1091.840 5.552
1092.140 9.409
1092.453 -0.449
1092.766 -13.306
1093.079 -20.164
1093.392 -20.307
1093.705 -26.164
1094.018 -28.307
1094.330 -27.879
1094.643 -20.737
1094.956 -11.880
1095.269 -8.166
1095.582 0.120
1095.895 7.405
1096.208 3.548
1096.521 -6.453
1096.834 -17.310
1097.147 -33.596
1097.460 -45.454
1097.773 -59.597
1098.085 -73.311
1098.398 -67.740
1098.711 -65.026
1099.024 -56.312
1099.337 -42.027
1099.650 -42.742
1099.963 -45.313
1100.276 -36.171
1100.589 -42.457
1100.902 -40.743
1101.215 -41.457
1101.528 -48.886
1101.841 -46.601
1102.153 -43.458
1102.466 -55.744
1102.779 -54.459
1103.092 -45.888
1103.405 -43.031
1103.718 -34.317
1104.031 -27.032
1104.344 -9.889
1104.657 16.396
1104.970 21.967
1105.283 17.824
1105.596 7.253
1105.909 -2.033
1106.221 -9.462
1106.534 -21.177
1106.847 -30.463
1107.160 -32.035
1107.473 -43.178
1107.786 -48.607
1108.099 -54.321
1108.412 -60.893
1108.725 -66.608
1109.038 -77.465
1109.351 -81.322
1109.664 -73.751
1109.977 -61.609
1110.289 -51.752
1110.602 -39.038
1110.915 -44.181
1111.228 -47.610
1111.541 -38.753
1111.854 -40.753
1112.167 -38.468
1112.480 -32.468
1112.793 -46.611
1113.106 -42.040
1113.419 -34.184
1113.732 -49.041
1114.044 -53.898
1114.357 -51.756
1114.670 -56.185
1114.983 -42.756
1115.296 -34.185
1115.609 -35.043
1115.922 -32.900
1116.235 -39.472
1116.548 -53.186
1116.861 -59.758
1117.174 -62.044
1117.487 -67.473
1117.800 -64.473
1118.112 -54.188
1118.425 -39.903
1118.738 -39.760
1119.051 -33.189
1119.364 -22.618
1119.677 -8.047
1119.990 -2.475
1120.303 1.810
1120.616 -0.762
1120.929 5.238
1121.242 7.666
1121.555 4.237
1121.868 -8.620
1122.180 -19.763
1122.493 -24.335
1122.806 -18.764
1123.119 -17.621
1123.432 -15.907
1123.745 -25.479
1124.058 -31.908
1124.371 -30.480
1124.684 -30.766
1124.997 -33.623
1125.310 -30.195
1125.623 -26.909
1125.935 -25.338
1126.248 -22.196
1126.561 -21.624
1126.874 -29.768
1127.187 -39.768
1127.500 -44.911
1127.813 -52.626
1128.126 -49.054
1128.439 -49.198
1128.752 -47.198
1129.065 -39.055
1129.378 -27.770
1129.691 -13.770
1130.003 -5.770
1130.316 1.801
1130.629 21.372
1130.942 24.086
1131.255 21.514
1131.568 24.514
1131.881 15.371
1132.194 -5.058
1132.507 -18.916
1132.820 -32.487
1133.133 -33.488
1133.446 -32.631
1133.759 -36.488
1134.071 -35.488
1134.384 -26.060
1134.697 -24.346
1135.010 -23.346
1135.323 -31.204
1135.636 -32.347
1135.949 -24.347
1136.262 -26.776
1136.575 -30.633
1136.888 -22.777
1137.201 -21.491
1137.514 -11.491
1137.826 -6.777
1138.139 -14.778
1138.452 -15.635
1138.765 -9.921
1139.078 -25.779
1139.391 -32.922
1139.704 -32.636
1140.017 -34.494
1140.330 -33.351
1140.643 -28.637
1140.956 -26.780
1141.269 -6.781
1141.582 -7.352
1141.894 -17.638
1142.207 -14.639
1142.520 -18.924
1142.833 -29.068
1143.146 -31.068
1143.459 -41.497
1143.772 -34.783
1144.085 -17.212
1144.398 -20.498
1144.711 -12.212
1145.024 -10.641
1145.337 -13.498
1145.650 -3.784
1145.962 -1.499
1146.275 -14.356
1146.588 -13.928
1146.901 -21.500
1147.214 -14.071
1147.527 -4.500
1147.840 -8.929
1148.153 -14.501
1148.466 -11.073
1148.779 -7.501
1149.092 -0.073
1149.405 0.212
1149.718 7.212
1150.030 9.783
1150.343 5.069
1150.656 -4.932
1150.969 -6.932
1151.282 -8.932
1151.595 0.925
1151.908 5.924
1152.221 7.353
1152.534 10.210
1152.847 12.352
1153.160 11.638
1153.473 8.780
1153.785 -2.934
1154.098 -4.220
1154.411 -10.649
1154.724 -12.078
1155.037 -5.507
1155.350 -12.221
1155.663 -7.650
1155.976 -1.936
1156.289 -22.365
1156.602 -27.365
1156.915 -21.937
1157.228 -28.509
1157.541 -34.509
1157.853 -56.938
1158.166 -71.367
1158.479 -62.081
1158.792 -65.081
1159.105 -78.367
1159.418 -88.368
1159.731 -88.082
1160.044 -66.797
1160.357 -63.654
1160.670 -79.083
1160.983 -77.369
1161.296 -64.369
1161.609 -52.084
1161.921 -43.084
1162.234 -41.941
1162.547 -38.513
1162.860 -35.942
1163.173 -33.799
1163.486 -30.943
1163.799 -31.086
1164.112 -36.229
1164.425 -39.372
1164.738 -36.944
1165.051 -25.658
1165.364 -19.230
1165.676 -19.944
1165.989 -14.087
1166.302 -10.945
1166.615 -13.088
1166.928 -13.517
1167.241 -16.946
1167.554 -20.232
1167.867 -22.232
1168.180 -21.089
1168.493 -27.375
1168.806 -20.661
1169.119 -8.376
1169.432 -8.662
1169.744 -20.519
1170.057 -28.805
1170.370 -28.662
1170.683 -25.377
1170.996 -36.806
1171.309 -44.378
1171.622 -34.378
1171.935 -20.092
1172.248 -10.235
1172.561 -4.664
1172.874 7.193
1173.187 15.478
1173.500 10.764
1173.812 -6.665
1174.125 -9.666
1174.438 -10.094
1174.751 -8.523
1175.064 -11.523
1175.377 -14.809
1175.690 -9.095
1176.003 9.333
1176.316 13.618
1176.629 13.904
1176.942 9.475
1177.255 1.046
1177.567 -4.097
1177.880 -10.811
1178.193 -26.669
1178.506 -28.669
1178.819 -10.669
1179.132 -0.670
1179.445 10.330
1179.758 17.330
1180.071 16.758
1180.384 19.758
1180.697 22.615
1181.010 -4.671
1181.323 -25.957
1181.635 -36.672
1181.948 -41.243
1182.261 -40.672
1182.574 -40.672
1182.887 -43.530
1183.200 -39.673
1183.513 -34.530
1183.826 -32.102
1184.139 -25.674
1184.452 -22.245
1184.765 -13.388
1185.078 -11.531
1185.391 -23.389
1185.703 -29.389
1186.016 -27.532
1186.329 -36.104
1186.642 -48.676
1186.955 -64.247
1187.268 -70.962
1187.581 -55.248
1187.894 -55.534
1188.207 -49.677
1188.520 -44.106
1188.833 -38.106
1189.146 -26.535
1189.459 -28.249
1189.771 -34.678
1190.084 -36.535
1190.397 -62.250
1190.710 -75.964
1191.023 -79.393
1191.336 -74.822
1191.649 -68.394
1191.962 -66.108
1192.275 -55.680
1192.588 -35.395
1192.901 -23.395
1193.214 -10.252
1193.526 -15.395
1193.839 -14.967
1194.152 -11.253
1194.465 -11.253
1194.778 -12.968
1195.091 -18.682
1195.404 -32.254
1195.717 -35.254
1196.030 -31.111
1196.343 -35.112
1196.656 -47.826
1196.969 -52.826
1197.282 -46.827
1197.594 -43.827
1197.907 -46.684
1198.220 -54.970
1198.533 -51.399
1198.846 -35.114
1199.159 -26.685
1199.472 -34.114
1199.785 -28.257
1200.098 -17.972
1200.411 -17.543
1200.724 -18.401
1201.037 -20.972
1201.350 -26.544
1201.662 -18.259
1201.975 -18.211
1202.288 -23.945
1202.601 -21.795
