165.028 33.712
165.288 21.703
165.547 17.194
165.807 12.399
166.067 0.239
166.327 -2.350
166.587 -1.511
166.847 -8.386
167.107 -13.405
167.367 -18.994
167.627 -20.298
167.886 -6.031
168.146 -0.478
168.406 -5.639
168.666 5.485
168.926 13.038
169.186 13.447
169.446 16.000
169.706 14.552
169.966 7.391
170.225 10.943
170.485 8.638
170.745 8.047
171.005 13.742
171.265 8.437
171.525 2.418
171.785 2.398
172.045 3.522
172.305 12.073
172.564 15.054
172.824 13.463
173.084 31.443
173.344 38.423
173.604 40.688
173.864 43.954
174.124 53.077
174.384 59.057
174.644 62.751
174.903 44.588
175.163 28.282
175.423 32.833
175.683 27.241
175.943 4.077
176.203 -0.515
176.463 -7.821
176.723 -20.127
176.983 -20.005
177.242 -27.598
177.502 -27.333
177.762 -23.782
178.022 -29.232
178.282 -23.396
178.542 6.583
178.802 17.705
179.062 18.541
179.322 13.806
179.581 11.499
179.841 4.334
180.101 2.599
180.361 -7.423
180.621 -12.587
180.881 -26.323
181.141 -25.344
181.401 -16.223
181.661 -14.816
181.920 -17.980
182.180 -12.859
182.440 -2.881
182.700 3.097
182.960 -0.925
183.220 -1.375
183.480 13.746
183.740 20.296
184.000 14.131
184.259 5.680
184.519 18.944
184.779 38.350
185.039 41.471
185.299 34.163
185.559 38.284
185.819 38.691
186.079 34.811
186.339 20.646
186.598 -11.948
186.858 -38.970
187.118 -40.564
187.378 -47.729
187.638 -50.037
187.898 -39.773
188.158 -27.367
188.418 -12.533
188.678 -0.412
188.937 -8.720
189.197 -21.886
189.457 -30.622
189.717 -39.359
189.977 -37.953
190.237 -32.833
190.497 -26.141
190.757 -6.450
191.017 9.813
191.276 20.934
191.536 13.911
191.796 -10.112
192.056 -24.563
192.316 -33.871
192.576 -50.751
192.836 -58.202
193.096 -65.797
193.356 -55.819
193.616 -34.414
193.875 -24.865
194.135 -15.888
194.395 -5.768
194.655 -5.076
194.915 2.187
195.175 -1.836
195.435 -12.145
195.695 -10.739
195.955 -5.190
196.214 -5.499
196.474 -0.807
196.734 0.027
196.994 11.147
197.254 29.838
197.514 32.673
197.774 21.650
198.034 20.484
198.294 27.461
198.553 28.724
198.813 23.130
199.073 13.107
199.333 10.798
199.593 15.061
199.853 12.610
200.113 3.587
200.373 -0.436
200.633 -8.602
200.892 -10.339
201.152 -6.790
201.412 -14.242
201.672 -16.407
201.932 -21.287
202.192 -28.739
202.452 -18.476
202.712 -14.784
202.972 -12.950
203.231 -8.544
203.491 -7.138
203.751 0.839
204.011 12.388
204.271 13.793
204.531 20.342
204.791 16.177
205.051 23.297
205.311 28.274
205.570 36.394
205.830 58.657
206.090 64.777
206.350 50.755
206.610 50.161
206.870 52.852
207.130 48.544
207.390 35.807
207.650 17.784
207.909 12.905
208.169 20.596
208.429 24.574
208.689 15.266
208.949 8.957
209.209 11.363
209.469 -1.373
209.729 -26.682
209.989 -41.133
210.248 -36.441
210.508 -34.606
210.768 -29.914
211.028 -30.222
211.288 -15.816
211.548 7.876
211.808 8.568
212.068 -3.169
212.328 -6.905
212.587 -0.928
212.847 8.622
213.107 6.314
213.367 4.720
213.627 9.412
213.887 5.819
214.147 7.511
214.407 7.917
214.667 3.895
214.926 -8.127
215.186 -13.292
215.446 -13.599
215.706 -19.336
215.966 -18.786
216.226 -32.237
216.486 -36.687
216.746 -14.138
217.006 -10.302
217.265 -7.896
217.525 8.225
217.785 11.489
218.045 19.468
218.305 23.875
218.565 12.853
218.825 23.688
219.085 36.810
219.345 34.645
219.604 35.195
219.864 45.173
220.124 42.295
220.384 36.273
220.644 27.537
220.904 21.087
221.164 19.923
221.424 22.616
221.684 15.738
221.943 2.859
222.203 -7.876
222.463 -11.755
222.723 -13.348
222.983 -18.369
223.243 -26.247
223.503 -41.982
223.763 -41.575
224.023 -38.739
224.282 -33.903
224.542 -40.495
224.802 -43.659
225.062 -50.394
225.322 -32.130
225.582 -16.293
225.842 -9.743
226.102 -20.621
226.362 -23.499
226.621 -17.662
226.881 1.460
227.141 7.439
227.401 6.990
227.661 15.398
227.921 27.806
228.181 42.928
228.441 42.479
228.701 29.602
228.960 25.296
229.220 24.275
229.480 12.683
229.740 1.663
230.000 -6.786
230.260 0.480
230.520 6.888
230.780 -1.132
231.040 -9.438
231.299 -11.744
231.559 -17.193
231.819 -24.784
232.079 -22.519
232.339 -17.681
232.599 -12.558
232.859 -8.293
233.119 -6.884
233.379 -2.190
233.638 -1.781
233.898 -7.229
234.158 -11.677
234.418 -15.840
234.678 -14.574
234.938 -10.594
235.198 -10.613
235.458 -2.204
235.718 -1.366
235.978 -9.957
236.237 -6.262
236.497 -7.282
236.757 -7.301
237.017 -5.035
237.277 -4.340
237.537 -8.931
237.797 -11.950
238.057 -20.969
238.317 -19.417
238.576 -17.293
238.836 -14.312
239.096 -24.902
239.356 -25.921
239.616 -14.226
239.876 -1.102
240.136 -0.835
240.396 -1.711
240.656 0.127
240.915 4.251
241.175 3.947
241.435 6.500
241.695 8.767
241.955 16.034
242.215 27.158
242.475 35.568
242.735 37.121
242.995 34.103
243.254 25.941
243.514 18.209
243.774 10.333
244.034 3.029
244.294 -1.989
244.554 1.278
244.814 8.689
245.074 6.528
245.334 -8.776
245.593 -18.366
245.853 -26.526
246.113 -26.544
246.373 -21.848
246.633 -24.866
246.893 -16.170
247.153 17.098
247.413 30.652
247.673 31.920
247.932 33.759
248.192 32.742
248.452 30.724
248.712 31.849
248.972 24.117
249.232 28.528
249.492 30.797
249.752 20.351
250.012 13.048
250.271 14.744
250.531 13.299
250.791 4.996
251.051 -9.022
251.311 -6.610
251.571 -0.056
251.831 3.784
252.091 10.052
252.351 -0.965
252.610 -1.410
252.870 21.573
253.130 21.984
253.390 12.825
253.650 17.094
253.911 7.791
254.172 16.060
254.433 13.900
254.694 -5.545
254.955 -3.562
255.216 -3.150
255.477 -19.452
255.738 -15.040
255.999 -8.342
256.261 -8.216
256.522 -12.947
256.783 -16.249
257.044 -5.836
257.305 4.719
257.566 8.845
257.827 8.543
258.088 2.670
258.349 4.939
258.610 10.923
258.871 9.764
259.132 8.605
259.393 12.732
259.654 10.573
259.915 15.843
260.176 19.399
260.437 15.526
260.698 15.224
260.959 17.637
261.221 4.478
261.482 -6.823
261.743 -1.267
262.004 3.860
262.265 1.701
262.526 0.829
262.787 -0.187
263.048 -0.774
263.309 -4.075
263.570 -19.662
263.831 -23.106
264.092 -24.264
264.353 -24.279
264.614 -25.866
264.875 -28.739
265.136 -25.754
265.397 -7.912
265.658 -8.498
265.919 -5.656
266.181 0.757
266.442 7.314
266.703 18.727
266.964 25.855
267.225 17.697
267.486 17.540
267.747 21.239
268.008 12.653
268.269 12.924
268.530 16.195
268.791 18.180
269.052 24.023
269.313 30.865
269.574 20.993
269.835 15.693
270.096 0.536
270.357 -1.336
270.618 -6.493
270.879 -11.079
271.141 -20.665
271.402 -19.393
271.663 -6.836
271.924 3.721
272.185 -3.865
272.446 -13.736
272.707 -22.464
272.968 -21.764
273.229 -13.350
273.490 -8.364
273.751 -6.235
274.012 -3.678
274.273 14.451
274.534 29.437
274.795 33.852
275.056 33.553
275.317 19.682
275.578 13.096
275.839 23.368
276.101 28.640
276.362 26.055
276.623 21.470
276.884 11.600
277.145 2.729
277.406 5.715
277.667 2.845
277.928 -7.740
278.189 -11.611
278.450 -17.910
278.711 -25.780
278.972 -25.508
279.233 -23.093
279.494 -27.249
279.755 -20.262
280.016 -15.418
280.277 -2.003
280.538 5.413
280.799 16.257
281.061 16.387
281.322 13.802
281.583 7.504
281.844 0.205
282.105 -10.808
282.366 -12.535
282.627 -18.120
282.888 -33.561
283.149 -39.145
283.410 -40.444
283.671 -47.313
283.932 -44.326
284.193 -33.625
284.454 -31.209
284.715 -16.221
284.976 -13.234
285.237 -20.818
285.498 -10.687
285.759 -3.128
286.021 -0.141
286.282 9.132
286.543 4.977
286.804 8.965
287.065 18.810
287.326 29.226
287.587 39.785
287.848 23.773
288.109 11.904
288.370 21.034
288.631 18.879
288.892 20.724
289.153 21.284
289.414 5.557
289.675 13.403
289.936 15.391
290.197 16.522
290.458 21.224
290.719 19.069
290.981 7.486
291.242 7.188
291.503 9.748
291.764 15.736
292.025 11.010
292.286 5.999
292.547 2.558
292.808 1.118
293.069 0.535
293.330 -6.334
293.591 -7.631
293.852 -8.785
294.113 -13.654
294.374 -9.665
294.635 0.323
294.896 5.169
295.157 4.729
295.418 0.575
295.679 -5.008
295.941 -3.876
296.202 -11.745
296.463 -23.184
296.724 -22.053
296.985 -19.778
297.246 -13.646
297.507 -3.800
297.768 -15.097
298.029 -27.537
298.290 -23.548
298.551 -26.130
298.812 -24.713
299.073 -26.009
299.334 -33.877
299.595 -18.317
299.856 -1.328
300.117 -11.481
300.378 -29.921
300.639 -25.360
300.901 -18.371
301.162 -22.524
301.423 -30.392
301.684 -37.403
301.945 -33.985
302.206 -7.138
302.467 -1.006
302.728 -1.159
302.989 5.402
303.250 8.248
303.511 14.095
303.772 18.799
304.033 3.646
304.294 -11.079
304.555 -19.375
304.816 -17.100
305.077 -9.967
305.338 -8.977
305.599 -6.988
305.861 -1.569
306.122 10.278
306.383 12.982
306.644 9.114
306.905 7.533
307.166 3.523
307.427 4.513
307.688 7.360
307.949 4.493
308.210 2.054
308.471 11.473
308.732 18.320
308.993 28.167
309.254 32.157
309.515 32.719
309.776 29.281
310.037 15.271
310.298 0.404
310.559 2.394
310.821 -7.330
311.082 -22.340
311.343 -27.064
311.604 -20.645
311.865 -3.369
312.126 12.336
312.387 7.469
312.648 13.888
312.909 29.593
313.170 36.584
313.434 33.146
313.698 28.565
313.963 10.127
314.227 -0.168
314.491 4.679
314.755 2.241
315.019 -7.339
315.284 -3.491
315.548 9.071
315.812 23.490
316.076 36.767
316.340 34.329
316.604 24.034
316.869 24.310
317.133 24.587
317.397 13.006
317.661 -7.860
317.925 -20.583
318.190 -20.449
318.454 -16.744
318.718 -12.896
318.982 -12.619
319.246 -15.200
319.511 -5.637
319.775 -2.360
320.039 -4.798
320.303 4.765
320.567 10.756
320.832 -1.967
321.096 -6.404
321.360 -6.985
321.624 -13.708
321.888 -19.574
322.153 -27.439
322.417 -35.448
322.681 -36.314
322.945 -28.465
323.209 -18.760
323.473 -7.911
323.738 -9.491
324.002 -14.500
324.266 -22.508
324.530 -6.802
324.794 -10.811
325.059 -15.391
325.323 -22.256
325.587 -18.979
325.851 -9.273
326.115 -2.853
326.380 -10.861
326.644 4.845
326.908 16.265
327.172 24.257
327.436 35.534
327.701 33.526
327.965 32.232
328.229 25.652
328.493 5.073
328.757 -7.507
329.022 -13.944
329.286 -17.666
329.550 -7.531
329.814 3.889
330.078 -2.833
330.342 -3.270
330.607 -5.421
330.871 0.286
331.135 -5.437
331.399 -27.730
331.663 -44.595
331.928 -37.460
332.192 -32.468
332.456 -32.905
332.720 -42.627
332.984 -38.063
333.249 -24.643
333.513 -11.365
333.777 0.485
334.041 -1.809
334.305 0.326
334.570 9.176
334.834 14.025
335.098 -1.982
335.362 -24.419
335.626 -37.712
335.891 -39.005
336.155 -45.156
336.419 -42.735
336.683 -50.599
336.947 -47.750
337.211 -33.900
337.476 -34.908
337.740 -29.772
338.004 -19.066
338.268 -28.644
338.532 -31.938
338.797 -24.802
339.061 -20.524
339.325 -18.674
339.589 -26.824
339.853 -30.260
340.118 -20.982
340.382 -28.418
340.646 -31.996
340.910 -31.575
341.174 -20.011
341.439 -3.875
341.703 -9.454
341.967 -15.318
342.231 -7.182
342.495 -0.047
342.759 -9.340
343.024 -18.061
343.288 -21.782
343.552 -12.075
343.816 -11.368
344.080 -18.661
344.345 -26.811
344.609 -8.246
344.873 -0.253
345.137 -7.117
345.401 -10.124
345.666 -7.131
345.930 2.862
346.194 8.569
346.458 0.562
346.722 4.413
346.987 13.692
347.251 8.685
347.515 5.535
347.779 8.528
348.043 19.664
348.308 28.800
348.572 17.651
348.836 10.501
349.100 20.209
349.364 34.631
349.628 30.053
349.893 15.617
350.157 0.325
350.421 -6.253
350.685 1.740
350.949 -0.552
351.214 -21.844
351.478 -23.708
351.742 -16.572
352.006 -12.721
352.270 -2.013
352.535 -0.877
352.799 5.831
353.063 10.681
353.327 9.532
353.591 5.240
353.856 11.662
354.120 7.370
354.384 -8.779
354.648 -29.071
354.912 -28.649
355.177 -19.941
355.441 -17.805
355.705 -26.097
355.969 -25.817
356.233 -20.681
356.497 -5.687
356.762 4.164
357.026 0.729
357.290 -5.277
357.554 -12.426
357.818 -19.432
358.083 -22.010
358.347 -30.159
358.611 -43.308
358.875 -50.171
359.139 -53.177
359.404 -51.898
359.668 -48.190
359.932 -37.338
360.196 -36.916
360.460 -37.208
360.725 -27.071
360.989 -15.791
361.253 -6.797
361.517 -8.803
361.781 -17.523
362.046 -8.672
362.310 0.036
362.574 -1.684
362.838 -1.118
363.102 -5.124
363.366 -2.845
363.631 5.007
363.895 1.715
364.159 -2.576
364.423 0.989
364.687 2.983
364.952 12.549
365.216 19.258
365.480 23.252
365.747 27.389
366.013 29.955
366.280 28.377
366.546 31.086
366.813 26.937
367.079 29.932
367.346 24.640
367.612 11.349
367.879 6.343
368.145 3.623
368.412 2.189
368.678 -4.673
368.945 -14.393
369.211 -20.827
369.478 -18.690
369.744 -20.696
370.011 -30.987
370.278 -46.707
370.544 -46.427
370.811 -42.718
371.077 -31.438
371.344 -32.157
371.610 -28.163
371.877 -14.454
372.143 -9.316
372.410 -8.036
372.676 -8.327
372.943 -22.333
373.209 -22.909
373.476 -29.629
373.742 -41.920
374.009 -35.211
374.276 -24.788
374.542 -20.936
374.809 -18.227
375.075 -13.518
375.342 1.191
375.608 17.900
375.875 19.609
376.141 7.604
376.408 5.313
376.674 6.450
376.941 -4.983
377.207 -24.274
377.474 -46.279
377.740 -55.999
378.007 -46.861
378.273 -48.581
378.540 -47.729
378.807 -33.591
379.073 -18.167
379.340 -4.315
379.606 -8.320
379.873 -17.183
380.139 -22.045
380.406 -41.050
380.672 -47.769
380.939 -46.631
381.205 -48.922
381.472 -36.498
381.738 -30.932
382.005 -20.937
382.271 10.344
382.538 16.625
382.804 11.905
383.071 13.900
383.338 12.324
383.604 17.319
383.871 15.029
384.137 4.595
384.404 -0.553
384.670 1.585
384.937 4.866
385.203 5.719
385.470 4.285
385.736 5.566
386.003 9.418
386.269 23.699
386.536 29.266
386.802 21.261
387.069 10.828
387.336 5.680
387.602 -0.039
387.869 -11.329
388.135 -26.191
388.402 -33.481
388.668 -24.486
388.935 -25.205
389.201 -31.067
389.468 -24.357
389.734 -13.076
390.001 -4.938
390.267 -3.800
390.534 -8.376
390.800 -4.095
391.067 -0.385
391.333 -15.389
391.600 -34.108
391.867 -38.541
392.133 -32.260
392.400 -35.979
392.666 -34.126
392.933 -31.702
393.199 -9.707
393.466 13.431
393.732 14.856
393.999 8.137
394.265 5.275
394.532 10.842
394.798 10.266
395.065 -4.024
395.331 -22.028
395.598 -23.318
395.864 -10.466
396.131 0.816
396.398 1.954
396.664 8.664
396.931 12.945
397.197 22.084
397.464 30.080
397.730 30.504
397.997 33.214
398.263 34.067
398.530 42.777
398.796 52.344
399.063 60.054
399.329 67.621
399.596 74.045
399.862 79.898
400.129 83.180
400.396 82.890
400.662 81.743
400.929 86.024
401.195 91.734
401.462 89.873
401.728 108.154
401.995 148.293
402.261 182.717
402.528 233.570
402.794 288.566
403.061 339.991
403.327 397.272
403.594 454.554
403.860 515.835
404.127 579.688
404.393 648.542
404.660 719.966
404.931 794.105
405.202 881.244
405.473 954.240
405.745 1025.664
406.016 1101.089
406.287 1171.370
406.558 1225.795
406.829 1278.077
407.100 1319.501
407.371 1357.926
407.642 1369.779
407.914 1379.918
408.185 1377.199
408.456 1383.624
408.727 1387.192
408.998 1380.902
409.269 1368.327
409.540 1353.894
409.811 1339.176
410.083 1313.886
410.354 1296.597
410.625 1263.164
410.896 1218.017
411.167 1179.156
411.438 1151.295
411.709 1113.149
411.981 1085.145
412.252 1039.284
412.523 1001.994
412.794 985.133
413.065 956.701
413.336 927.697
413.607 881.265
413.878 821.690
414.150 776.257
414.421 725.254
414.692 667.821
414.963 622.103
415.234 560.671
415.505 512.381
415.776 483.521
416.047 433.660
416.319 379.227
416.590 323.224
416.861 271.363
417.132 234.645
417.403 200.355
417.674 162.066
417.945 141.062
418.217 125.773
418.488 95.484
418.759 63.909
419.030 42.191
419.301 33.616
419.572 26.326
419.843 13.180
420.114 1.891
420.386 11.601
420.657 27.026
420.928 25.166
421.199 24.305
421.470 16.158
421.741 0.155
422.012 0.294
422.283 -2.138
422.555 -5.284
422.826 -1.288
423.097 -9.006
423.368 -8.581
423.639 -3.013
423.910 -1.302
424.181 4.980
424.453 7.263
424.724 11.259
424.995 12.256
425.266 9.681
425.537 23.963
425.808 28.817
426.079 29.242
426.350 20.096
426.622 11.949
426.893 13.375
427.164 23.800
427.435 18.796
427.706 14.793
427.977 12.361
428.248 14.501
428.519 10.640
428.791 13.065
429.062 15.205
429.333 17.201
429.604 23.770
429.875 27.909
430.146 39.191
430.417 42.045
430.689 36.471
430.960 16.753
431.231 -1.250
431.502 -7.396
431.773 -6.971
432.044 -11.689
432.315 -4.406
432.586 -7.981
432.858 -3.270
433.129 2.155
433.400 -1.562
433.671 -17.280
433.942 -30.140
434.213 -37.000
434.484 -37.861
434.755 -39.007
435.027 -35.153
435.298 -31.156
435.569 -17.873
435.840 -11.734
436.116 -12.165
436.391 3.546
436.667 22.542
436.942 26.682
437.218 28.822
437.493 18.962
437.769 11.101
438.045 14.241
438.320 19.381
438.596 14.949
438.871 6.089
439.147 -13.628
439.422 -23.346
439.698 -27.206
439.974 -30.495
440.249 -41.069
440.525 -42.787
440.800 -31.361
441.076 -20.364
441.351 -11.082
441.627 -4.227
441.903 -7.088
442.178 -11.091
442.454 -20.665
442.729 -32.097
443.005 -27.671
443.281 -17.103
443.556 -8.820
443.832 -7.251
444.107 -11.254
444.383 -13.972
444.658 -16.260
444.934 -16.263
445.210 -12.981
445.485 -7.269
445.761 7.585
446.036 21.011
446.312 33.436
446.587 54.148
446.863 70.430
447.139 68.285
447.414 62.139
447.690 55.565
447.965 47.990
448.241 52.844
448.516 50.842
448.792 38.553
449.068 45.407
449.343 57.119
449.619 52.973
449.894 48.256
450.170 43.682
450.445 47.393
450.721 48.676
450.997 40.959
451.272 29.670
451.548 33.382
451.823 42.379
452.099 36.519
452.375 25.516
452.650 30.228
452.926 22.082
453.201 18.508
453.477 19.791
453.752 25.217
454.028 36.071
454.304 57.782
454.579 65.351
454.855 72.777
455.130 88.060
455.406 101.486
455.681 103.054
455.957 93.052
456.233 66.763
456.508 55.903
456.784 64.615
457.059 57.755
457.335 41.467
457.610 35.607
457.886 38.318
458.162 44.602
458.437 40.456
458.713 28.739
458.988 26.308
459.264 24.591
459.539 11.588
459.815 7.586
460.091 -1.560
460.366 -5.134
460.642 -8.851
460.917 -19.139
461.193 -35.142
461.468 -43.002
461.744 -41.290
462.020 -27.864
462.295 -15.152
462.571 -12.869
462.846 -5.017
463.122 14.833
463.397 28.687
463.673 35.104
463.949 24.244
464.224 3.262
464.500 -2.306
464.775 -5.590
465.051 -2.881
465.327 3.960
465.602 -7.317
465.878 2.523
466.153 13.500
466.429 15.349
466.704 9.194
466.980 6.781
467.256 3.800
467.531 -1.498
467.807 -16.372
468.082 -20.242
468.358 -12.515
468.633 -4.937
468.909 -2.611
469.185 -1.730
469.460 10.446
469.736 14.302
470.011 12.988
470.287 14.011
470.562 19.205
470.838 17.211
471.114 -1.997
471.389 -16.142
471.665 -16.017
471.940 -5.899
472.216 3.244
472.491 1.090
472.767 9.102
473.043 28.791
473.318 31.355
473.594 31.630
473.869 23.217
474.145 6.539
474.421 -3.786
474.696 -16.417
474.972 -6.215
475.247 14.870
475.523 18.356
475.798 24.319
476.074 35.089
476.350 52.551
476.625 55.164
476.901 34.638
477.176 19.073
477.452 42.299
477.727 59.417
478.003 48.790
478.279 31.497
478.554 27.572
478.830 29.178
479.105 30.049
479.381 8.118
479.656 -23.479
479.932 -32.417
480.208 -30.076
480.483 -29.645
480.759 -22.138
481.034 -21.417
481.310 -20.421
481.585 1.764
481.861 12.031
482.137 10.198
482.412 2.750
482.688 -5.293
482.963 4.276
483.239 5.251
483.514 -7.958
483.790 -2.107
484.066 5.333
484.341 10.214
484.617 17.911
484.892 12.739
485.168 5.767
485.443 4.645
485.719 -4.714
485.995 -8.962
486.270 -12.189
486.546 -18.420
486.821 -22.404
487.097 -2.149
487.373 0.682
487.648 -7.843
487.924 -11.458
488.199 -3.717
488.475 1.480
488.750 -4.267
489.026 -18.187
489.302 -16.370
489.577 -1.920
489.853 8.715
490.128 4.515
490.404 -10.300
490.679 2.428
490.955 12.920
491.231 20.185
491.506 14.871
491.782 2.428
492.057 -1.070
492.333 -2.342
492.608 -18.436
492.884 -32.990
493.160 -45.856
493.435 -52.310
493.711 -50.509
493.986 -38.751
494.262 -22.948
494.537 -12.301
494.813 -6.131
495.089 2.977
495.364 19.100
495.640 27.932
495.915 17.680
496.191 13.178
496.467 14.032
496.742 10.249
497.018 14.389
497.293 16.821
497.569 17.400
497.844 26.587
498.120 42.178
498.396 49.580
498.671 43.902
498.947 24.330
499.222 12.415
499.498 10.432
499.773 14.610
500.049 11.284
500.325 -1.377
500.600 5.610
500.876 27.902
501.151 35.329
501.427 32.743
501.702 29.492
501.978 25.380
502.254 37.462
502.529 48.574
502.805 37.377
503.080 38.552
503.356 49.095
503.631 44.792
503.907 35.137
504.183 23.320
504.458 6.443
504.734 11.786
505.009 12.941
505.285 7.589
505.560 12.937
505.836 17.991
506.112 14.089
506.387 10.479
506.663 3.544
506.938 4.103
507.214 6.831
507.490 4.501
507.765 -3.132
508.041 -11.440
508.316 -3.361
508.592 3.102
508.867 2.206
509.143 -8.435
509.419 -7.331
509.694 7.852
509.970 23.792
510.245 19.072
510.521 11.334
510.796 11.731
511.072 23.415
511.348 22.799
511.623 13.513
511.899 8.823
512.174 8.281
512.450 10.274
512.725 8.673
513.001 6.503
513.277 5.333
513.552 14.631
513.828 26.043
514.103 30.987
514.379 33.229
514.654 29.978
514.930 28.544
515.206 32.987
515.481 31.641
515.757 33.377
516.032 43.660
516.308 50.875
516.583 62.115
516.859 81.801
517.135 96.040
517.410 111.505
517.686 129.541
517.961 146.457
518.237 167.057
518.513 184.518
518.788 198.977
519.064 209.682
519.339 220.809
519.615 237.420
519.890 259.144
520.166 285.096
520.442 325.406
520.717 363.382
520.993 398.245
521.268 430.330
521.544 450.839
521.819 476.943
522.095 492.083
522.371 487.233
522.646 468.069
522.922 465.619
523.197 470.895
523.473 480.884
523.748 469.527
524.024 466.313
524.300 469.739
524.575 479.991
524.851 476.845
525.126 465.849
525.402 450.206
525.677 439.267
525.953 431.143
526.229 417.399
526.504 407.555
526.780 397.214
527.055 384.693
527.331 365.649
527.606 352.366
527.882 327.368
528.158 308.054
528.433 291.567
528.709 278.817
528.984 269.120
529.260 267.801
529.535 272.498
529.811 286.208
530.087 289.681
530.362 286.664
530.638 282.717
530.913 289.425
531.189 289.752
531.465 279.563
531.740 269.093
532.016 259.725
532.291 254.224
532.567 253.043
532.842 242.927
533.118 238.571
533.394 236.828
533.669 226.857
533.945 224.797
534.220 220.661
534.496 219.746
534.771 224.167
535.047 226.954
535.323 229.908
535.598 251.011
535.874 283.544
536.149 317.991
536.425 357.970
536.700 390.516
536.976 431.435
537.252 494.015
537.527 560.275
537.803 624.601
538.078 690.508
538.354 762.016
538.629 860.496
538.905 969.190
539.181 1074.218
539.456 1175.436
539.732 1260.415
540.007 1348.655
540.283 1433.103
540.558 1499.831
540.834 1553.852
541.110 1590.479
541.385 1628.216
541.661 1674.349
541.936 1715.835
542.212 1741.374
542.488 1769.479
542.763 1792.896
543.039 1808.268
543.314 1795.010
543.590 1779.484
543.865 1748.927
544.141 1726.338
544.417 1703.576
544.692 1668.676
544.968 1638.255
545.243 1618.897
545.519 1596.628
545.794 1593.586
546.070 1595.611
546.348 1590.687
546.627 1608.419
546.905 1622.096
547.183 1635.585
547.461 1671.186
547.740 1699.193
548.018 1725.680
548.296 1756.605
548.575 1764.436
548.853 1787.582
549.131 1834.307
549.409 1878.415
549.688 1933.272
549.966 1982.142
550.244 2032.371
550.523 2101.414
550.801 2189.874
551.079 2284.147
551.357 2357.481
551.636 2432.279
551.914 2510.694
552.192 2585.193
552.471 2662.641
552.749 2715.417
553.027 2741.302
553.306 2790.085
553.584 2827.948
553.862 2851.130
554.140 2876.217
554.419 2886.844
554.697 2881.015
554.975 2873.390
555.254 2843.427
555.532 2805.503
555.810 2777.269
556.088 2734.664
556.367 2680.611
556.645 2634.604
556.923 2575.358
557.202 2502.350
557.480 2417.155
557.758 2314.621
558.036 2203.825
558.315 2091.875
558.593 1975.938
558.871 1865.601
559.150 1759.000
559.428 1654.673
559.706 1550.754
559.984 1452.999
560.263 1364.037
560.541 1259.970
560.819 1153.530
561.098 1057.090
561.376 977.306
561.654 890.372
561.932 808.977
562.211 740.346
562.489 695.672
562.767 650.271
563.046 599.630
563.324 551.810
563.602 532.735
563.880 502.846
564.159 467.250
564.437 437.087
564.715 413.388
564.994 396.797
565.272 369.341
565.550 331.737
565.828 309.526
566.107 280.346
566.385 243.484
566.663 221.647
566.942 214.316
567.220 215.796
567.498 215.826
567.776 210.725
568.055 216.025
568.333 227.151
568.611 228.387
568.890 213.526
569.168 201.151
569.446 200.237
569.725 198.551
570.003 175.598
570.281 156.615
570.559 150.883
570.838 144.599
571.116 130.855
571.394 111.562
571.673 91.562
571.951 83.811
572.229 68.707
572.507 47.257
572.786 31.050
573.064 27.068
573.342 20.028
573.621 28.586
573.899 46.611
574.177 62.390
574.455 72.332
574.734 76.257
575.012 69.016
575.290 70.026
575.569 57.892
575.847 43.647
576.125 31.629
576.403 23.670
576.682 29.886
576.960 34.253
577.243 32.173
577.527 32.192
577.810 40.957
578.093 57.192
578.377 62.586
578.660 59.253
578.944 62.834
579.227 61.017
579.510 51.392
579.794 36.269
580.077 13.932
580.360 5.730
580.644 2.210
580.927 -6.150
581.210 3.398
581.494 30.285
581.777 43.373
582.061 54.038
582.344 51.331
582.627 30.950
582.911 16.552
583.194 6.311
583.477 -9.205
583.761 -14.467
584.044 -6.323
584.327 10.229
584.611 40.181
584.894 56.722
585.178 62.439
585.461 67.586
585.744 64.732
586.028 49.173
586.311 44.187
586.594 36.628
586.878 29.915
587.161 28.200
587.444 32.056
587.728 44.612
588.011 64.022
588.295 63.735
588.578 62.454
588.861 64.167
589.145 61.590
589.428 59.292
589.711 53.304
589.995 31.183
590.278 25.175
590.562 21.024
590.845 25.877
591.128 20.740
591.412 5.468
591.695 6.725
591.978 22.697
592.262 23.974
592.545 21.551
592.828 13.146
593.112 12.579
593.395 12.591
593.679 -1.927
593.962 -6.659
594.245 0.438
594.529 12.927
594.812 28.416
595.095 40.762
595.379 48.141
595.662 56.935
595.945 55.924
596.229 51.905
596.512 46.780
596.796 43.338
597.079 34.959
597.362 29.436
597.646 41.145
597.929 53.815
598.212 62.958
598.496 73.939
598.779 75.328
599.062 74.755
599.346 85.033
599.629 87.363
599.913 81.274
600.196 75.026
600.479 69.914
600.763 72.980
601.046 85.899
601.329 91.064
601.613 73.487
601.896 59.698
602.179 51.267
602.463 52.634
602.746 57.798
603.030 44.169
603.313 29.155
603.596 29.434
603.880 38.393
604.163 47.470
604.446 45.624
604.730 33.698
605.013 43.771
605.296 45.450
605.580 43.350
605.863 36.493
606.147 29.227
606.430 26.140
606.713 24.597
606.997 21.223
607.280 21.222
607.563 23.180
607.847 36.039
608.130 44.992
608.414 52.710
608.697 65.025
608.980 68.537
609.264 76.091
609.547 82.806
609.830 74.978
610.114 72.748
610.397 81.151
610.680 79.777
610.964 80.078
611.247 86.963
611.531 101.814
611.814 107.717
612.097 105.203
612.381 88.403
612.664 81.118
612.947 79.444
613.231 72.020
613.514 61.256
613.797 57.337
614.081 57.063
614.364 57.350
614.648 56.794
614.931 55.828
615.214 59.779
615.498 68.095
615.781 80.220
616.064 87.124
616.348 87.005
616.631 90.956
616.914 96.467
617.198 92.975
617.481 88.941
617.765 92.809
618.048 102.324
618.331 105.875
618.615 97.434
618.898 86.878
619.181 83.364
619.465 78.893
619.748 66.229
620.031 57.128
620.315 60.459
620.598 71.683
620.882 87.340
621.165 99.444
621.448 109.050
621.732 107.260
622.015 101.213
622.298 92.008
622.582 86.517
622.865 67.899
623.148 58.718
623.432 49.537
623.715 52.338
623.999 60.881
624.282 67.264
624.565 74.945
624.849 88.500
625.132 96.617
625.415 99.584
625.699 95.012
625.982 87.579
626.265 89.478
626.549 95.423
626.832 102.320
627.116 105.309
627.399 116.447
627.682 134.501
627.966 149.187
628.249 170.262
628.532 167.502
628.816 155.465
629.099 144.732
629.383 135.909
629.666 123.100
629.949 118.374
630.233 115.854
630.516 132.849
630.799 149.625
631.083 157.470
631.366 164.272
631.649 179.913
631.933 175.933
632.216 164.160
632.500 150.407
632.783 151.385
633.066 159.752
633.350 167.978
633.633 165.333
633.916 182.397
634.200 189.123
634.483 196.277
634.766 208.594
635.050 221.116
635.333 229.483
635.617 240.490
635.900 246.280
636.183 262.870
636.467 279.484
636.750 289.148
637.033 303.425
637.317 309.922
637.600 324.429
637.883 342.193
638.167 349.222
638.450 362.655
638.734 378.996
639.017 400.855
639.300 431.194
639.584 453.463
639.867 476.586
640.150 517.345
640.434 553.951
640.717 590.700
641.000 638.183
641.284 693.374
641.567 757.791
641.851 832.701
642.134 908.935
642.417 985.757
642.701 1075.205
642.984 1169.643
643.267 1274.768
643.551 1389.225
643.834 1507.201
644.117 1651.516
644.401 1821.095
644.684 2001.297
644.968 2189.651
645.251 2392.464
645.534 2609.704
645.818 2839.323
646.101 3056.761
646.384 3263.497
646.668 3485.999
646.951 3709.635
647.235 3926.401
647.518 4156.836
647.801 4407.442
648.085 4689.135
648.368 5002.919
648.651 5320.607
648.935 5647.452
649.218 5993.945
649.501 6353.109
649.785 6688.731
650.068 7024.369
650.352 7349.695
650.635 7634.874
650.918 7921.096
651.202 8183.963
651.485 8420.002
651.768 8668.492
652.052 8882.833
652.335 9117.495
652.618 9359.970
652.902 9585.647
653.185 9801.370
653.469 10005.540
653.752 10197.075
654.035 10364.750
654.319 10479.394
654.602 10588.719
654.885 10662.603
655.169 10734.641
655.452 10782.591
655.735 10789.672
656.019 10816.305
656.302 10844.804
656.586 10848.345
656.869 10857.678
657.152 10831.407
657.436 10811.122
657.719 10804.465
658.002 10775.450
658.286 10707.198
658.569 10648.700
658.852 10569.738
659.136 10470.412
659.419 10342.785
659.703 10206.622
659.986 10061.013
660.269 9939.276
660.553 9808.401
660.836 9686.844
661.119 9592.379
661.403 9532.304
661.686 9473.360
661.969 9426.079
662.253 9354.323
662.536 9306.776
662.820 9278.913
663.103 9250.474
663.386 9245.390
663.670 9277.954
663.953 9321.326
664.236 9417.155
664.520 9517.717
664.803 9629.999
665.086 9778.400
665.370 9894.502
665.653 9961.955
665.937 10048.543
666.220 10104.607
666.503 10160.607
666.787 10189.153
667.070 10188.283
667.353 10190.091
667.637 10195.484
667.920 10177.878
668.204 10161.638
668.487 10113.277
668.770 10054.318
669.054 9961.166
669.337 9853.014
669.620 9726.953
669.904 9554.976
670.187 9348.765
670.470 9138.627
670.754 8915.203
671.037 8660.280
671.321 8380.504
671.604 8096.891
671.887 7784.342
672.171 7456.998
672.454 7106.671
672.737 6744.100
673.021 6397.930
673.304 6052.277
673.587 5700.205
673.871 5371.058
674.154 5055.362
674.438 4739.383
674.721 4443.096
675.004 4148.893
675.288 3848.172
675.571 3552.133
675.854 3283.409
676.138 3030.479
676.421 2795.431
676.704 2563.129
676.988 2366.792
677.271 2194.690
677.555 2031.426
677.838 1864.920
678.121 1705.729
678.405 1568.316
678.688 1429.316
678.971 1308.187
679.255 1199.833
679.538 1100.972
679.821 1013.730
680.105 931.681
680.388 841.248
680.672 767.603
680.955 701.334
681.238 652.357
681.522 603.249
681.805 557.032
682.088 520.746
682.372 495.659
682.655 490.078
682.938 469.048
683.222 437.976
683.505 426.119
683.789 418.513
684.072 423.284
684.355 434.467
684.639 416.947
684.922 421.425
685.205 422.829
685.489 424.445
685.772 435.181
686.056 431.154
686.339 424.443
686.622 431.003
686.906 403.757
687.189 396.924
687.472 392.325
687.756 378.157
688.039 370.104
688.322 363.095
688.606 361.603
688.889 370.290
689.173 365.319
689.456 350.960
689.739 336.267
690.023 332.388
690.306 334.440
690.589 329.356
690.873 336.795
691.156 337.193
691.439 340.033
691.723 348.222
692.006 360.162
692.290 350.147
692.573 338.492
692.856 315.770
693.140 307.304
693.423 312.196
693.706 311.468
693.990 287.116
694.273 284.898
694.556 283.152
694.840 287.967
695.123 289.909
695.407 278.723
695.690 271.234
695.973 269.986
696.257 257.854
696.540 260.150
696.830 263.962
697.120 265.762
697.410 268.097
697.699 274.675
697.989 288.035
698.279 299.544
698.569 296.856
698.859 298.261
699.149 295.026
699.439 292.013
699.729 278.098
700.018 260.434
700.308 255.031
700.598 268.526
700.888 271.714
701.178 267.278
701.468 263.655
701.758 267.096
702.048 258.667
702.337 239.206
702.627 218.384
702.917 192.622
703.207 181.559
703.497 162.534
703.787 144.276
704.077 160.938
704.366 163.196
704.656 154.682
704.946 157.267
705.236 144.379
705.526 146.398
705.816 144.966
706.106 121.008
706.396 117.142
706.685 108.094
706.975 101.299
707.265 109.730
707.555 103.530
707.845 99.658
708.135 101.422
708.425 96.282
708.715 106.194
709.004 110.354
709.294 102.793
709.584 110.980
709.874 111.523
710.164 105.714
710.454 107.486
710.744 102.940
711.034 112.159
711.323 119.710
711.613 113.719
711.903 114.799
712.193 120.917
712.483 118.879
712.773 119.451
713.063 117.848
713.352 113.628
713.642 114.327
713.932 109.724
714.222 102.181
714.512 97.860
714.802 86.177
715.092 67.694
715.382 56.388
715.671 53.636
715.961 65.255
716.251 70.093
716.541 77.099
716.831 86.332
717.121 92.165
717.411 96.910
717.701 96.966
717.990 85.098
718.280 84.772
718.570 80.226
718.860 75.964
719.150 67.749
719.440 61.608
719.730 58.606
720.019 68.605
720.309 67.400
720.599 73.193
720.889 74.472
721.179 77.779
721.469 85.594
721.759 89.753
722.049 82.672
722.338 88.911
722.628 83.485
722.918 77.212
723.208 83.290
723.498 80.868
723.788 73.194
724.078 71.313
724.368 71.383
724.657 74.326
724.947 70.069
725.237 53.970
725.527 53.024
725.817 57.460
726.107 54.996
726.397 55.722
726.686 55.337
726.976 66.273
727.266 71.799
727.556 69.458
727.846 83.870
728.136 96.477
728.426 83.778
728.716 80.923
729.005 83.013
729.295 98.540
729.585 104.363
729.875 91.924
730.165 81.557
730.455 87.001
730.745 97.680
731.035 103.835
731.324 105.259
731.614 121.547
731.904 132.823
732.194 135.895
732.484 138.674
732.774 135.579
733.064 126.732
733.354 119.271
733.643 98.158
733.933 97.663
734.223 103.827
734.513 97.467
734.803 90.231
735.093 84.831
735.383 74.813
735.672 73.439
735.962 61.208
736.252 48.967
736.542 49.839
736.832 48.919
737.122 55.951
737.412 82.795
737.702 91.226
737.991 86.770
738.281 95.366
738.571 107.051
738.861 120.839
739.151 118.927
739.441 96.472
739.731 93.148
740.021 95.826
740.310 93.891
740.600 85.088
740.890 73.483
741.180 65.893
741.470 65.913
741.760 69.887
742.050 79.947
742.339 74.452
742.629 56.106
742.919 46.670
743.209 48.242
743.499 50.078
743.789 48.404
744.079 39.510
744.369 34.572
744.658 47.726
744.948 47.592
745.238 45.763
745.528 48.493
745.818 53.764
746.108 57.761
746.398 68.260
746.688 76.801
746.977 76.950
747.267 67.157
747.557 58.367
747.847 51.159
748.137 49.904
748.427 51.930
748.717 43.131
749.006 42.286
749.296 53.237
749.586 65.918
749.876 56.812
750.166 41.589
750.456 46.321
750.746 54.767
751.036 61.056
751.325 61.367
751.615 53.127
751.905 58.132
752.195 72.133
752.485 64.609
752.775 58.346
753.065 50.363
753.355 41.928
753.644 37.797
753.934 35.085
754.224 32.668
754.514 31.400
754.804 28.981
755.094 35.570
755.384 30.117
755.674 19.797
755.963 18.796
756.253 6.755
756.543 -2.989
756.833 -7.428
757.123 -21.338
757.413 -16.032
757.703 0.177
757.992 3.335
758.282 15.821
758.572 28.299
758.862 34.616
759.152 46.245
759.442 54.577
759.732 49.699
760.022 42.517
760.311 28.733
760.601 10.361
760.891 0.739
761.181 -0.400
761.471 -3.563
761.761 -5.429
762.051 2.049
762.341 13.695
762.630 24.190
762.920 27.355
763.210 19.298
763.500 16.423
763.793 15.127
764.086 17.277
764.379 16.403
764.671 10.214
764.964 16.696
765.257 27.781
765.550 34.262
765.843 39.298
766.136 37.429
766.429 38.296
766.722 40.024
767.014 23.175
767.307 22.454
767.600 30.086
767.893 26.635
768.186 26.501
768.479 28.227
768.772 37.587
769.064 54.428
769.357 49.672
769.650 41.463
769.943 42.759
770.236 36.854
770.529 22.597
770.822 7.470
771.115 -9.100
771.407 -15.871
771.700 -23.648
771.993 -11.407
772.286 11.058
772.579 18.553
772.872 24.030
773.165 34.994
773.457 50.862
773.750 59.646
774.043 43.661
774.336 30.420
774.629 35.454
774.922 29.849
775.215 29.700
775.508 21.604
775.800 13.828
776.093 25.336
776.386 23.880
776.679 25.455
776.972 35.511
777.265 22.870
777.558 9.792
777.850 13.956
778.143 9.481
778.436 -1.014
778.729 -4.611
779.022 -5.473
779.315 -1.023
779.608 1.434
779.900 0.137
780.193 1.117
780.486 4.706
780.779 -1.036
781.072 -8.068
781.365 -2.898
781.658 13.309
781.951 19.192
782.243 14.044
782.536 18.342
782.829 24.075
783.122 26.801
783.415 29.523
783.708 23.492
784.001 13.455
784.293 18.022
784.586 18.446
784.879 14.864
785.172 4.272
785.465 -5.164
785.758 -5.168
786.051 -19.037
786.344 -40.802
786.636 -37.090
786.929 -31.382
787.222 -29.492
787.515 -26.060
787.808 -23.070
788.101 -11.912
788.394 1.846
788.686 -3.313
788.979 0.245
789.272 18.512
789.565 24.220
789.858 25.226
790.151 22.383
790.444 16.680
790.737 12.973
791.029 8.415
791.322 8.406
791.615 12.248
791.908 2.686
792.201 14.942
792.494 35.585
792.787 43.846
793.079 39.848
793.372 27.590
793.665 12.501
793.958 20.474
794.251 35.002
794.544 29.034
794.837 20.630
795.130 22.911
795.422 37.570
795.715 57.348
796.008 48.805
796.301 26.443
796.594 14.478
796.887 10.917
797.180 2.516
797.472 -12.287
797.765 -11.707
798.058 3.245
798.351 14.915
798.644 15.342
798.937 14.059
799.230 19.466
799.523 20.178
799.815 6.216
800.108 -4.181
800.401 -14.431
800.694 -11.583
800.987 -15.162
801.280 -26.853
801.573 -22.722
801.865 -20.869
802.158 -23.720
802.451 -25.718
802.744 -24.293
803.037 -14.304
803.330 -4.897
803.623 0.682
803.915 8.115
804.208 4.826
804.501 -1.340
804.794 -13.921
805.087 -14.347
805.380 -14.641
805.673 -18.064
805.966 -19.623
806.258 -13.616
806.551 4.293
806.844 20.896
807.137 18.173
807.430 28.941
807.723 27.363
808.016 10.270
808.308 -1.957
808.601 -21.199
808.894 -28.516
809.187 -23.634
809.480 -29.669
809.773 -30.238
810.066 -19.607
810.359 -6.655
810.651 13.493
810.944 15.358
811.237 12.195
811.530 9.604
811.825 11.480
812.119 14.220
812.414 11.191
812.709 0.806
813.003 -4.978
813.298 -3.821
813.593 2.703
813.887 5.472
814.182 10.128
814.476 12.881
814.771 18.829
815.066 22.577
815.360 14.441
815.655 6.019
815.950 12.449
816.244 12.466
816.539 12.763
816.834 -3.715
817.128 -12.818
817.423 0.302
817.718 12.878
818.012 4.164
818.307 0.387
818.602 4.087
818.896 20.332
819.191 35.152
819.486 30.626
819.780 18.901
820.075 14.935
820.369 14.803
820.664 1.516
820.959 -6.755
821.253 -11.482
821.548 -22.634
821.843 -10.728
822.137 -1.935
822.432 -5.652
822.727 14.015
823.021 25.517
823.316 32.418
823.611 37.717
823.905 22.619
824.200 9.900
824.495 8.224
824.789 0.332
825.084 -6.255
825.379 -14.694
825.673 -2.128
825.968 6.032
826.262 16.158
826.557 28.410
826.852 22.366
827.146 18.727
827.441 17.507
827.736 6.276
828.030 0.662
828.325 -17.358
828.620 -38.871
828.914 -39.319
829.209 -46.857
829.504 -42.461
829.798 -37.918
830.093 -28.275
830.388 -11.064
830.682 -6.108
830.977 -8.614
831.271 -1.913
831.566 -9.907
831.861 -22.751
832.155 -27.776
832.450 -34.329
832.745 -22.637
833.039 -17.291
833.334 -19.477
833.629 -16.080
833.923 0.537
834.218 -7.767
834.513 -9.537
834.807 -11.629
835.102 -12.910
835.397 -2.836
835.691 12.775
835.986 8.207
836.281 13.452
836.575 14.745
836.870 12.222
837.164 14.740
837.459 12.221
837.754 -1.204
838.048 -4.860
838.343 -7.826
838.638 -1.207
838.932 5.028
839.227 8.354
839.522 0.660
839.816 -6.750
840.111 -2.207
840.406 -10.645
840.700 -15.769
840.995 -22.048
841.290 -35.051
841.584 -36.028
841.879 -30.859
842.174 -41.533
842.468 -29.717
842.763 -21.357
843.057 -9.257
843.352 1.700
843.647 16.184
843.941 27.248
844.236 33.016
844.531 28.287
844.825 14.648
845.120 -0.060
845.415 -6.658
845.709 -10.100
846.004 -10.063
846.299 -14.669
846.593 -21.877
846.888 -19.118
847.183 -16.595
847.477 -9.018
847.772 -11.545
848.066 -24.824
848.361 -12.033
848.656 -5.496
848.950 -5.527
849.245 -3.406
849.540 -11.246
849.834 -20.591
850.129 -11.105
850.424 -11.089
850.718 -5.040
851.013 -9.165
851.308 -13.101
851.602 -7.529
851.897 -10.286
852.192 -9.969
852.486 -20.610
852.781 -31.727
853.076 -30.363
853.370 -32.137
853.665 -31.171
853.959 -25.093
854.254 -43.592
854.549 -44.503
854.843 -37.112
855.138 -33.498
855.433 -26.359
855.727 -30.413
856.022 -36.125
856.317 -24.905
856.611 -27.697
856.906 -28.616
857.201 -33.512
857.495 -42.911
857.790 -44.162
858.085 -45.468
858.379 -46.674
858.674 -43.694
858.969 -36.719
859.263 -21.569
859.558 -8.039
859.852 -12.506
860.147 -8.243
860.442 11.374
860.736 13.360
861.031 19.759
861.326 22.505
861.620 11.048
861.915 11.957
862.210 20.303
862.504 16.659
862.799 25.373
863.094 21.268
863.388 12.799
863.683 5.696
863.978 0.717
864.272 -4.228
864.567 -19.605
864.861 -19.845
865.156 -22.316
865.451 -31.629
865.745 -30.665
866.040 -23.406
866.335 -10.182
866.629 3.764
866.924 4.857
867.219 5.675
867.513 24.308
867.808 49.468
868.103 64.376
868.397 58.888
868.692 56.418
868.987 63.204
869.281 69.130
869.576 52.870
869.871 29.637
870.165 16.409
870.460 12.103
870.754 3.115
871.049 -15.647
871.344 -23.361
871.638 -16.277
871.933 -3.977
872.228 2.760
872.522 0.252
872.817 -0.978
873.112 2.999
873.406 -3.831
873.701 -8.988
873.996 -23.983
874.290 -42.136
874.585 -46.667
874.880 -42.909
875.174 -39.435
875.469 -42.383
875.764 -38.647
876.058 -26.186
876.353 -16.202
876.647 -11.888
876.942 -14.345
877.237 -17.881
877.531 -9.657
877.826 -12.509
878.121 -20.624
878.415 -20.168
878.710 -20.398
879.005 -25.203
879.299 -34.275
879.594 -37.485
879.889 -35.722
880.183 -31.893
880.478 -36.239
880.773 -38.313
881.067 -32.922
881.362 -16.900
881.656 -5.006
881.951 -2.900
882.246 -3.506
882.540 12.699
882.835 20.735
883.130 26.486
883.424 28.256
883.719 14.762
884.014 9.819
884.308 12.207
884.603 0.473
884.898 -8.064
885.192 -18.144
885.487 -19.506
885.782 -15.989
886.076 -20.947
886.371 -25.921
886.666 -28.826
886.960 -30.058
887.255 -34.081
887.549 -47.210
887.844 -51.132
888.139 -47.000
888.433 -44.277
888.728 -39.670
889.023 -40.236
889.317 -42.063
889.612 -41.124
889.907 -38.195
890.201 -29.345
890.496 -21.510
890.791 -17.974
891.085 -10.389
891.380 1.745
891.675 8.191
891.969 9.579
892.264 6.427
892.559 8.056
892.853 9.185
893.148 10.065
893.442 0.751
893.737 -4.156
894.032 -2.266
894.326 3.772
894.621 3.282
894.916 2.785
895.210 -1.878
895.505 1.006
895.800 3.260
896.094 -6.448
896.389 -28.904
896.684 -44.174
896.978 -50.364
897.273 -50.876
897.568 -41.410
897.862 -39.901
898.157 -27.910
898.451 -4.275
898.746 12.786
899.041 11.388
899.335 11.887
899.630 13.164
899.925 21.919
900.219 23.831
900.514 19.541
900.809 10.285
901.103 12.802
901.398 16.472
901.693 6.940
901.987 -8.711
902.282 -20.921
902.577 -29.698
902.871 -38.515
903.166 -41.727
903.461 -36.854
903.755 -36.367
904.050 -34.256
904.344 -25.576
904.639 -11.705
904.934 6.737
905.228 17.776
905.523 12.903
905.818 14.161
906.112 18.500
906.407 14.628
906.702 -0.209
906.996 -9.103
907.291 -13.077
907.586 -6.064
907.880 3.913
908.175 6.749
908.470 0.742
908.764 -5.563
909.059 -18.096
909.354 -28.280
909.648 -33.852
909.943 -35.359
910.237 -31.168
910.532 -21.117
910.827 -7.273
911.121 11.815
911.416 24.396
911.711 33.132
912.005 29.747
912.300 27.272
912.599 26.495
912.898 12.581
913.196 -4.887
913.495 -11.231
913.794 -28.336
914.093 -39.521
914.391 -42.578
914.690 -46.174
914.989 -33.821
915.288 -20.549
915.586 -14.270
915.885 -3.983
916.184 12.203
916.483 12.187
916.782 13.513
917.080 4.474
917.379 -2.007
917.678 -4.536
917.977 -8.164
918.275 -10.522
918.574 -4.971
918.873 -14.107
919.172 -12.965
919.471 -17.816
919.769 -29.187
920.068 -25.619
920.367 -26.109
920.666 -30.876
920.964 -25.779
921.263 -18.683
921.562 -4.417
921.861 18.249
922.159 24.718
922.458 22.831
922.757 22.118
923.056 27.657
923.355 27.517
923.653 28.559
923.952 16.904
924.251 5.723
924.550 -1.473
924.848 -4.906
925.147 -5.754
925.446 1.523
925.745 -8.264
926.043 -13.834
926.342 -7.963
926.641 -7.184
926.940 -9.011
927.239 -13.220
927.537 -17.887
927.836 -13.472
928.135 -13.855
928.434 -19.335
928.732 -13.238
929.031 2.972
929.330 7.609
929.629 -5.105
929.927 -11.078
930.226 -8.942
930.525 -1.626
930.824 3.259
931.123 -11.613
931.421 -20.740
931.720 -11.104
932.019 -12.404
932.318 -16.840
932.616 -18.298
932.915 -18.962
933.214 -11.617
933.513 -5.830
933.812 -3.285
934.110 6.017
934.409 18.711
934.708 18.033
935.007 8.071
935.305 2.100
935.604 -4.486
935.903 -19.777
936.202 -18.248
936.500 -20.231
936.799 -27.809
937.098 -32.321
937.397 -47.274
937.696 -60.676
937.994 -48.252
938.293 -47.618
938.592 -56.208
938.891 -45.732
939.189 -35.340
939.488 -17.134
939.787 10.433
940.086 3.898
940.384 -1.374
940.683 5.897
940.982 -1.958
941.281 -9.093
941.580 -19.948
941.878 -35.250
942.177 -30.907
942.476 -32.219
942.775 -51.013
943.073 -49.561
943.372 -36.651
943.671 -26.678
943.970 -18.308
944.268 -21.627
944.567 -27.036
944.866 -25.833
945.165 -37.816
945.464 -50.082
945.762 -56.391
946.061 -47.361
946.360 -25.679
946.659 -11.069
946.957 1.043
947.256 11.592
947.555 8.723
947.854 5.217
948.153 -4.444
948.451 -21.819
948.750 -25.937
949.049 -26.192
949.348 -27.514
949.646 -20.717
949.945 -13.982
950.244 -11.782
950.543 -13.950
950.841 -15.900
951.140 -19.482
951.439 -20.130
951.738 -22.137
952.037 -17.554
952.335 -20.428
952.634 -29.478
952.933 -45.613
953.232 -40.702
953.530 -36.343
953.829 -34.487
954.128 -20.102
954.427 -8.440
954.725 -2.013
955.024 9.285
955.323 17.632
955.622 20.811
955.921 22.353
956.219 0.043
956.518 -10.311
956.817 0.646
957.116 12.993
957.414 12.608
957.713 15.127
958.012 28.444
958.311 38.200
958.610 29.478
958.908 20.906
959.207 22.628
959.506 20.526
959.805 3.054
960.103 -7.747
960.402 -6.984
960.701 -11.087
961.000 -10.688
961.298 -19.774
961.597 -25.551
961.896 -27.485
962.195 -38.581
962.494 -34.857
962.792 -21.995
963.091 -19.095
963.390 -27.330
963.689 -34.914
963.987 -31.336
964.286 -30.250
964.585 -36.985
964.884 -26.813
965.182 -24.956
965.481 -14.427
965.780 3.307
966.080 24.954
966.380 35.994
966.680 34.630
966.981 23.912
967.281 15.682
967.581 6.250
967.881 -9.280
968.181 -21.350
968.481 -24.562
968.781 -28.740
969.082 -18.934
969.382 -2.881
969.682 3.340
969.982 16.903
970.282 17.795
970.582 11.795
970.882 11.990
971.183 8.207
971.483 2.140
971.783 -3.888
972.083 -13.275
972.383 -24.062
972.683 -25.011
972.983 -19.488
973.284 -28.916
973.584 -39.390
973.884 -21.451
974.184 -0.067
974.484 22.749
974.784 38.231
975.084 56.458
975.385 78.639
975.685 104.015
975.985 102.138
976.285 94.303
976.585 92.481
976.885 86.504
977.185 74.631
977.486 73.752
977.786 76.100
978.086 83.102
978.386 89.661
978.686 90.360
978.986 99.300
979.286 93.819
979.587 82.257
979.887 76.489
980.187 70.631
980.487 54.060
980.787 43.202
981.087 26.059
981.387 20.630
981.688 24.345
981.988 17.487
982.288 0.487
982.588 -1.799
982.888 -15.371
983.188 -21.799
983.488 -18.085
983.789 -21.228
984.089 -26.657
984.389 -15.515
984.689 -6.801
984.989 13.199
985.289 31.913
985.589 35.485
985.890 28.056
986.190 23.056
986.490 37.484
986.790 47.341
987.090 42.483
987.390 29.055
987.690 20.769
987.991 21.197
988.291 24.054
988.591 -4.518
988.891 -33.089
989.191 -46.518
989.491 -44.947
989.791 -40.661
990.092 -33.947
990.392 -37.090
990.692 -41.805
990.992 -31.376
991.292 -24.091
991.592 -25.663
991.892 -23.234
992.193 -20.092
992.493 -12.806
992.793 -2.378
993.093 -10.378
993.393 -13.950
993.693 -2.521
993.993 6.479
994.294 3.050
994.594 -1.379
994.894 1.764
995.194 2.621
995.494 4.192
995.794 -7.523
996.094 -27.237
996.395 -35.095
996.695 -38.523
996.995 -44.524
997.295 -35.952
997.595 -16.953
997.895 -4.381
998.195 -1.953
998.496 5.190
998.796 16.475
999.096 21.904
999.396 24.475
999.696 1.332
999.996 -18.526
1000.296 -15.097
1000.597 -19.812
1000.897 -31.669
1001.197 -34.098
1001.497 -23.098
1001.797 4.616
1002.097 19.473
1002.397 19.616
1002.698 21.615
1002.998 27.615
1003.298 34.329
1003.598 18.758
1003.898 -9.957
1004.198 -20.100
1004.498 -18.957
1004.799 -28.386
1005.099 -34.958
1005.399 -39.672
1005.699 -44.387
1005.999 -39.530
1006.299 -34.959
1006.599 -41.673
1006.900 -35.530
1007.200 -27.102
1007.500 -30.388
1007.800 -30.960
1008.100 -28.531
1008.400 -36.389
1008.700 -37.389
1009.001 -37.532
1009.301 -41.246
1009.601 -41.818
1009.901 -41.532
1010.201 -39.675
1010.501 -25.961
1010.801 -22.104
1011.102 -13.676
1011.402 -2.533
1011.702 7.752
1012.002 23.752
1012.302 26.323
1012.602 16.466
1012.902 14.466
1013.203 5.180
1013.503 -9.678
1013.803 -6.392
1014.103 -5.821
1014.403 -16.535
1014.703 -13.821
1015.003 -3.822
1015.304 -1.822
1015.604 -9.822
1015.904 -20.965
1016.204 -29.251
1016.504 -17.108
1016.804 -18.251
1017.104 -29.680
1017.405 -35.109
1017.705 -23.966
1018.005 -13.823
1018.305 -5.967
1018.605 -9.252
1018.905 -4.967
1019.205 5.461
1019.506 12.890
1019.806 17.461
1020.106 12.318
1020.406 -3.825
1020.706 -7.682
1021.006 -3.397
1021.306 1.460
1021.607 2.460
1021.907 0.317
1022.207 -4.683
1022.507 -2.969
1022.807 5.602
1023.107 0.316
1023.407 -10.398
1023.708 -17.541
1024.008 -17.685
1024.308 -15.256
1024.608 -4.828
1024.908 -10.114
1025.208 -7.971
1025.508 -0.685
1025.809 11.171
1026.109 15.314
1026.409 16.600
1026.709 6.314
1027.009 4.599
1027.309 16.313
1027.609 28.599
1027.910 31.170
1028.210 19.884
1028.510 14.455
1028.810 31.598
1029.110 53.598
1029.410 54.883
1029.710 40.740
1030.011 24.169
1030.311 20.740
1030.611 12.740
1030.911 -3.689
1031.211 -28.118
1031.511 -48.689
1031.811 -48.118
1032.112 -39.261
1032.412 -27.261
1032.712 -12.833
1033.012 -4.262
1033.312 -8.119
1033.612 -14.262
1033.912 -21.262
1034.212 -26.120
1034.513 -33.120
1034.813 -38.691
1035.113 -45.406
1035.413 -32.263
1035.713 -21.406
1036.013 -18.692
1036.313 -9.549
1036.614 -2.407
1036.914 -6.836
1037.214 -10.264
1037.514 -8.693
1037.814 -5.693
1038.114 -7.836
1038.414 -18.408
1038.715 -31.979
1039.015 -32.551
1039.315 -27.980
1039.615 -34.409
1039.915 -42.266
1040.215 -47.266
1040.515 -38.981
1040.816 -30.124
1041.116 -24.695
1041.416 -16.695
1041.716 -16.410
1042.016 -8.410
1042.316 3.447
1042.616 6.590
1042.917 -0.411
1043.217 7.018
1043.517 7.303
1043.817 2.875
1044.117 1.446
1044.417 -0.412
1044.717 -12.840
1045.018 -3.983
1045.318 5.302
1045.618 5.016
1045.918 1.730
1046.218 8.445
1046.518 12.444
1046.818 25.016
1047.119 28.730
1047.419 11.301
1047.719 -1.128
1048.019 -7.842
1048.319 -25.414
1048.619 -30.557
1048.919 -36.271
1049.220 -39.843
1049.520 -40.843
1049.820 -34.986
1050.120 -27.415
1050.420 -20.987
1050.720 -28.130
1051.020 -40.844
1051.321 -47.416
1051.621 -47.844
1051.921 -48.559
1052.221 -42.273
1052.521 -36.845
1052.821 -26.559
1053.121 -18.845
1053.422 -17.988
1053.722 -6.560
1054.022 -2.989
1054.322 -7.560
1054.622 1.725
1054.922 6.296
1055.222 17.725
1055.523 23.439
1055.823 14.867
1056.123 16.724
1056.423 18.867
1056.723 4.867
1057.023 -7.276
1057.323 -10.991
1057.624 -7.277
1057.924 9.009
1058.224 9.295
1058.524 8.294
1058.824 7.294
1059.124 3.151
1059.424 3.437
1059.725 1.151
1060.025 -9.564
1060.325 -10.850
1060.625 -6.421
1060.925 -13.421
1061.225 -9.279
1061.525 -17.564
1061.826 -24.850
1062.126 -31.279
1062.426 -43.136
1062.726 -39.279
1063.026 -24.994
1063.326 -16.280
1063.626 -7.994
1063.927 -6.566
1064.227 -14.995
1064.527 -19.566
1064.827 -31.709
1065.127 -32.281
1065.427 -40.995
1065.727 -56.567
1066.028 -51.996
1066.328 -33.282
1066.628 -24.996
1066.928 -21.853
1067.228 -24.711
1067.528 -12.711
1067.828 5.003
1068.129 4.717
1068.429 -6.426
1068.729 7.717
1069.029 15.431
1069.329 16.003
1069.629 4.288
1069.929 -12.855
1070.230 -4.141
1070.530 6.859
1070.830 -3.713
1071.130 -14.141
1071.430 -22.713
1071.730 -15.999
1072.030 -9.142
1072.331 -31.571
1072.631 -42.571
1072.931 -41.999
1073.231 -32.571
1073.531 -19.428
1073.831 -20.714
1074.131 -14.714
1074.432 3.428
1074.732 18.428
1075.032 15.285
1075.332 -0.001
1075.632 -11.572
1075.932 -17.573
1076.232 -29.144
1076.533 -43.144
1076.833 -59.573
1077.133 -61.288
1077.433 -57.859
1077.733 -64.288
1078.033 -66.288
1078.333 -71.288
1078.634 -75.003
1078.934 -74.431
1079.234 -73.860
1079.534 -62.860
1079.834 -45.432
1080.134 -38.432
1080.434 -23.861
1080.735 -17.432
1081.035 -10.861
1081.335 -7.290
1081.635 -10.433
1081.935 -10.004
1082.235 -3.147
1082.535 -3.433
1082.836 3.138
1083.136 -1.148
1083.436 -8.577
1083.736 -11.577
1084.036 -12.434
1084.336 -16.291
1084.636 -10.863
1084.937 -3.720
1085.237 -2.292
1085.537 11.136
1085.837 18.136
1086.137 14.565
1086.437 9.136
1086.737 -0.150
1087.038 -3.007
1087.338 6.421
1087.638 0.707
1087.938 -0.293
1088.238 2.135
1088.538 3.849
1088.838 5.135
1089.139 -6.723
1089.439 -13.723
1089.739 -11.437
1090.039 -12.437
1090.339 -18.580
1090.639 -17.723
1090.939 -2.866
1091.240 12.276
1091.540 13.990
1091.840 18.562
1092.140 33.847
1092.453 39.276
1092.766 32.276
1093.079 14.990
1093.392 -3.439
1093.705 -2.011
1094.018 -1.011
1094.330 -11.440
1094.643 -9.440
1094.956 -2.011
1095.269 0.274
1095.582 14.274
1095.895 13.988
1096.208 -4.869
1096.521 -26.298
1096.834 -34.727
1097.147 -40.441
1097.460 -37.155
1097.773 -41.298
1098.085 -51.013
1098.398 -49.013
1098.711 -41.727
1099.024 -38.870
1099.337 -29.585
1099.650 -28.299
1099.963 -35.585
1100.276 -23.157
1100.589 -14.300
1100.902 -9.729
1101.215 -1.872
1101.528 4.700
1101.841 0.271
1102.153 -2.015
1102.466 -17.586
1102.779 -12.729
1103.092 -4.301
1103.405 -5.444
1103.718 -13.159
1104.031 -8.587
1104.344 1.984
1104.657 13.412
1104.970 7.269
1105.283 6.269
1105.596 -5.159
1105.909 -13.302
1106.221 -14.160
1106.534 -10.303
1106.847 -9.731
1107.160 -8.017
1107.473 -22.446
1107.786 -26.732
1108.099 -31.018
1108.412 -39.446
1108.725 -53.161
1109.038 -73.018
1109.351 -90.304
1109.664 -78.590
1109.977 -63.876
1110.289 -49.590
1110.602 -41.448
1110.915 -47.733
1111.228 -45.448
1111.541 -35.448
1111.854 -41.877
1112.167 -45.448
1112.480 -40.306
1112.793 -48.163
1113.106 -40.877
1113.419 -33.735
1113.732 -30.449
1114.044 -29.878
1114.357 -26.449
1114.670 -26.449
1114.983 -15.021
1115.296 3.550
1115.609 14.693
1115.922 10.693
1116.235 15.407
1116.548 5.407
1116.861 -18.736
1117.174 -30.594
1117.487 -35.451
1117.800 -38.594
1118.112 -31.308
1118.425 -24.594
1118.738 -13.023
1119.051 -2.880
1119.364 6.120
1119.677 1.977
1119.990 -5.881
1120.303 -3.024
1120.616 -8.738
1120.929 -19.167
1121.242 -3.595
1121.555 10.547
1121.868 10.833
1122.180 20.118
1122.493 22.404
1122.806 17.261
1123.119 13.261
1123.432 1.118
1123.745 -19.025
1124.058 -19.168
1124.371 -11.740
1124.684 -14.026
1124.997 -17.311
1125.310 -13.454
1125.623 -8.169
1125.935 1.402
1126.248 -2.312
1126.561 -26.455
1126.874 -34.884
1127.187 -30.170
1127.500 -26.455
1127.813 -33.598
1128.126 -36.884
1128.439 -34.742
1128.752 -17.027
1129.065 -12.456
1129.378 -12.885
1129.691 -5.314
1130.003 0.972
1130.316 12.258
1130.629 21.829
1130.942 15.686
1131.255 10.257
1131.568 9.114
1131.881 3.543
1132.194 -4.886
1132.507 -15.315
1132.820 -18.601
1133.133 -7.744
1133.446 7.685
1133.759 5.970
1134.071 10.256
1134.384 19.827
1134.697 9.970
1135.010 -3.173
1135.323 -19.888
1135.636 -31.745
1135.949 -22.602
1136.262 -24.745
1136.575 -33.460
1136.888 -26.460
1137.201 -13.174
1137.514 -2.603
1137.826 1.397
1138.139 -2.889
1138.452 -15.460
1138.765 -13.603
1139.078 -6.318
1139.391 -10.318
1139.704 -20.747
1140.017 -26.033
1140.330 -27.461
1140.643 -9.461
1140.956 -5.462
1141.269 -6.176
1141.582 -6.033
1141.894 5.967
1142.207 24.109
1142.520 24.538
1142.833 10.395
1143.146 8.395
1143.459 1.680
1143.772 0.537
1144.085 -1.463
1144.398 -7.035
1144.711 -0.177
1145.024 12.108
1145.337 13.965
1145.650 16.251
1145.962 14.965
1146.275 17.536
1146.588 15.536
1146.901 12.393
1147.214 9.536
1147.527 8.393
1147.840 10.107
1148.153 12.535
1148.466 3.964
1148.779 -3.608
1149.092 -4.608
1149.405 -6.037
1149.718 -1.751
1150.030 -6.323
1150.343 -14.609
1150.656 -15.180
1150.969 -7.466
1151.282 -8.037
1151.595 -8.323
1151.908 -4.466
1152.221 -5.038
1152.534 -6.181
1152.847 -7.324
1153.160 -11.895
1153.473 -12.896
1153.785 -12.896
1154.098 -8.467
1154.411 3.104
1154.724 19.390
1155.037 29.104
1155.350 20.961
1155.663 23.103
1155.976 30.389
1156.289 16.675
1156.602 8.246
1156.915 3.103
1157.228 -4.754
1157.541 -10.326
1157.853 -25.897
1158.166 -34.040
1158.479 -28.183
1158.792 -25.612
1159.105 -28.184
1159.418 -8.755
1159.731 12.102
1160.044 22.673
1160.357 9.244
1160.670 -8.756
1160.983 -19.613
1161.296 -24.042
1161.609 -49.185
1161.921 -59.613
1162.234 -49.614
1162.547 -41.328
1162.860 -33.042
1163.173 -21.328
1163.486 -9.186
1163.799 -10.757
1164.112 -25.472
1164.425 -28.900
1164.738 -16.329
1165.051 -7.186
1165.364 -7.615
1165.676 -14.758
1165.989 -2.329
1166.302 4.385
1166.615 -9.758
1166.928 -23.187
1167.241 -23.759
1167.554 -21.473
1167.867 -25.902
1168.180 -27.759
1168.493 -20.473
1168.806 -14.759
1169.119 -12.474
1169.432 -23.474
1169.744 -34.331
1170.057 -33.617
1170.370 -23.903
1170.683 -22.331
1170.996 -24.046
1171.309 -33.332
1171.622 -28.332
1171.935 -18.189
1172.248 -16.475
1172.561 -23.475
1172.874 -21.618
1173.187 -20.618
1173.500 -7.618
1173.812 -8.476
1174.125 -16.333
1174.438 -17.190
1174.751 -12.476
1175.064 -5.762
1175.377 -4.905
1175.690 -12.476
1176.003 2.952
1176.316 11.809
1176.629 9.809
1176.942 1.238
1177.255 -11.620
1177.567 -8.906
1177.880 0.237
1178.193 -13.192
1178.506 -26.763
1178.819 -14.620
1179.132 -5.192
1179.445 -5.906
1179.758 -3.335
1180.071 -2.907
1180.384 1.950
1180.697 17.379
1181.010 8.379
1181.323 -2.907
1181.635 -4.193
1181.948 1.807
1182.261 5.664
1182.574 5.378
1182.887 -1.908
1183.200 2.235
1183.513 10.092
1183.826 18.235
1184.139 9.806
1184.452 5.092
1184.765 15.520
1185.078 23.377
1185.391 10.663
1185.703 9.234
1186.016 12.234
1186.329 -0.481
1186.642 -14.624
1186.955 -37.195
1187.268 -50.767
1187.581 -36.481
1187.894 -44.767
1188.207 -52.338
1188.520 -40.339
1188.833 -30.196
1189.146 -15.339
1189.459 -6.625
1189.771 -14.196
1190.084 -11.339
1190.397 -17.625
1190.710 -22.482
1191.023 -21.197
1191.336 -26.340
1191.649 -32.911
1191.962 -28.054
1192.275 -31.626
1192.588 -25.769
1192.901 -15.055
1193.214 -15.912
1193.526 -18.483
1193.839 -13.912
1194.152 -20.341
1194.465 -9.341
1194.778 -4.055
1195.091 -11.341
1195.404 -7.484
1195.717 -4.913
1196.030 -10.484
1196.343 -6.342
1196.656 -13.913
1196.969 -19.342
1197.282 -13.485
1197.594 -16.199
1197.907 -14.771
1198.220 3.372
1198.533 14.086
1198.846 20.229
1199.159 17.372
1199.472 8.943
1199.785 10.800
1200.098 2.371
1200.411 -13.200
1200.724 -18.486
1201.037 -16.058
1201.350 -8.915
1201.662 0.228
1201.975 1.228
1202.288 11.628
1202.601 17.978
