165.028 36.602
165.288 35.264
165.547 30.544
165.807 31.319
166.067 27.487
166.327 37.370
166.587 40.967
166.847 14.136
167.107 2.019
167.367 7.474
167.627 4.643
167.886 3.812
168.146 -2.018
168.406 -1.849
168.666 16.321
168.926 22.919
169.186 13.946
169.446 12.402
169.706 19.286
169.966 25.742
170.225 30.769
170.485 30.083
170.745 27.110
171.005 23.424
171.265 16.880
171.525 9.480
171.785 -6.064
172.045 -8.607
172.305 0.850
172.564 3.735
172.824 19.621
173.084 38.935
173.344 44.678
173.604 45.564
173.864 39.593
174.124 38.907
174.384 49.793
174.644 57.965
174.903 50.709
175.163 47.167
175.423 62.910
175.683 70.797
175.943 61.826
176.203 50.427
176.463 28.600
176.723 18.058
176.983 22.517
177.242 18.975
177.502 18.291
177.762 23.178
178.022 25.494
178.282 35.953
178.542 47.983
178.802 40.013
179.062 23.758
179.322 19.646
179.581 15.962
179.841 7.850
180.101 5.023
180.361 3.340
180.621 4.513
180.881 1.401
181.141 -9.425
181.401 -4.251
181.661 5.780
181.920 2.097
182.180 -2.015
182.440 0.874
182.700 12.476
182.960 21.365
183.220 10.253
183.480 4.285
183.740 7.745
184.000 13.776
184.259 11.808
184.519 13.840
184.779 20.443
185.039 40.617
185.299 50.935
185.559 60.538
185.819 52.856
186.079 38.459
186.339 27.776
186.598 8.380
186.858 -22.302
187.118 -37.127
187.378 -53.095
187.638 -54.063
187.898 -37.745
188.158 -35.999
188.418 -33.538
188.678 -26.220
188.937 -32.188
189.197 -35.870
189.457 -36.552
189.717 -33.805
189.977 -12.201
190.237 -4.169
190.497 11.150
190.757 44.468
191.017 62.786
191.276 70.676
191.536 71.137
191.796 55.741
192.056 47.916
192.316 34.806
192.576 17.267
192.836 10.728
193.096 0.190
193.356 -10.920
193.616 -12.031
193.875 -3.712
194.135 -0.394
194.395 -0.361
194.655 -6.900
194.915 -4.010
195.175 2.452
195.435 -0.515
195.695 0.660
195.955 7.264
196.214 20.154
196.474 29.759
196.734 28.077
196.994 33.682
197.254 47.000
197.514 49.747
197.774 49.352
198.034 38.527
198.294 32.989
198.553 29.164
198.813 17.626
199.073 7.087
199.333 0.120
199.593 7.724
199.853 7.472
200.113 7.790
200.373 26.394
200.633 27.856
200.892 22.889
201.152 21.350
201.412 4.954
201.672 0.701
201.932 -2.409
202.192 -15.233
202.452 -3.629
202.712 11.118
202.972 22.723
203.231 36.755
203.491 54.645
203.751 57.392
204.011 63.854
204.271 71.315
204.531 75.776
204.791 62.666
205.051 52.413
205.311 46.303
205.570 48.621
205.830 46.368
206.090 37.972
206.350 26.433
206.610 40.751
206.870 57.355
207.130 51.959
207.390 45.278
207.650 46.167
207.909 35.485
208.169 28.661
208.429 12.550
208.689 -4.703
208.949 -12.528
209.209 -6.638
209.469 -11.606
209.729 -11.717
209.989 -8.541
210.248 2.776
210.508 8.094
210.768 16.269
211.028 9.302
211.288 15.191
211.548 15.366
211.808 4.398
212.068 1.859
212.328 0.033
212.587 -1.220
212.847 17.812
213.107 21.272
213.367 18.447
213.627 26.479
213.887 28.511
214.147 25.400
214.407 23.288
214.667 14.749
214.926 7.923
215.186 20.669
215.446 15.558
215.706 -5.553
215.966 -5.664
216.226 -15.776
216.486 -30.459
216.746 -18.141
217.006 -10.110
217.265 7.064
217.525 36.524
217.785 38.698
218.045 40.587
218.305 53.618
218.565 53.506
218.825 49.823
219.085 52.854
219.345 52.885
219.604 53.345
219.864 59.804
220.124 55.978
220.384 40.295
220.644 32.897
220.904 23.785
221.164 17.959
221.424 24.132
221.684 26.592
221.943 20.622
222.203 15.796
222.463 11.826
222.723 8.857
222.983 4.459
223.243 5.489
223.503 1.805
223.763 3.407
224.023 4.294
224.282 4.610
224.542 6.498
224.802 -1.329
225.062 -12.014
225.322 -0.841
225.582 9.761
225.842 17.362
226.102 12.249
226.362 1.279
226.621 8.452
226.881 27.053
227.141 33.797
227.401 27.684
227.661 24.571
227.921 25.172
228.181 36.487
228.441 44.516
228.701 30.403
228.960 17.432
229.220 22.319
229.480 29.777
229.740 38.806
230.000 33.978
230.260 22.864
230.520 22.465
230.780 16.065
231.040 12.809
231.299 6.980
231.559 -7.705
231.819 -12.248
232.079 -6.647
232.339 3.096
232.599 10.553
232.859 10.724
233.119 13.610
233.379 23.067
233.638 22.096
233.898 24.267
234.158 17.724
234.418 14.895
234.678 26.352
234.938 36.380
235.198 29.122
235.458 29.008
235.718 28.179
235.978 27.207
236.237 30.092
236.497 23.834
236.757 18.004
237.017 34.175
237.277 50.346
237.537 51.088
237.797 55.258
238.057 53.143
238.317 51.313
238.576 50.341
238.836 50.511
239.096 41.681
239.356 38.280
239.616 37.021
239.876 33.477
240.136 18.504
240.396 12.960
240.656 14.415
240.915 16.442
241.175 8.898
241.435 5.353
241.695 10.666
241.955 26.693
242.215 32.862
242.475 24.032
242.735 21.630
242.995 26.228
243.254 30.968
243.514 35.995
243.774 39.593
244.034 47.333
244.294 60.788
244.554 77.386
244.814 92.412
245.074 90.724
245.334 78.607
245.593 70.061
245.853 62.373
246.113 60.399
246.373 56.853
246.633 57.022
246.893 62.333
247.153 76.930
247.413 86.527
247.673 76.267
247.932 61.292
248.192 54.604
248.452 43.915
248.712 40.654
248.972 35.965
249.232 35.705
249.492 39.444
249.752 38.755
250.012 33.637
250.271 25.948
250.531 15.973
250.791 11.140
251.051 0.022
251.311 3.476
251.571 26.072
251.831 42.382
252.091 56.692
252.351 54.288
252.610 52.741
252.870 64.766
253.130 69.362
253.390 51.672
253.650 50.982
253.911 46.577
254.172 58.316
254.433 66.483
254.694 51.221
254.955 30.959
255.216 15.840
255.477 -6.279
255.738 -9.398
255.999 -5.803
256.261 -3.065
256.522 7.387
256.783 25.268
257.044 37.577
257.305 52.458
257.566 64.624
257.827 63.791
258.088 50.385
258.349 37.123
258.610 37.432
258.871 38.312
259.132 30.192
259.393 27.072
259.654 29.095
259.915 41.833
260.176 50.856
260.437 48.878
260.698 63.044
260.959 69.781
261.221 60.661
261.482 52.398
261.743 43.706
262.004 38.871
262.265 39.322
262.526 30.630
262.787 23.653
263.048 21.818
263.309 18.840
263.570 21.434
263.831 31.027
264.092 36.192
264.353 40.357
264.614 49.379
264.875 47.401
265.136 51.280
265.397 52.445
265.658 44.895
265.919 43.917
266.181 44.081
266.442 41.817
266.703 46.267
266.964 48.146
267.225 41.024
267.486 32.188
267.747 25.210
268.008 23.231
268.269 23.252
268.530 27.416
268.791 34.866
269.052 47.459
269.313 57.622
269.574 52.358
269.835 42.950
270.096 30.828
270.357 24.277
270.618 16.727
270.879 20.319
271.141 36.054
271.402 41.503
271.663 53.666
271.924 74.115
272.185 83.279
272.446 67.585
272.707 37.319
272.968 20.340
273.229 30.503
273.490 33.523
273.751 31.115
274.012 29.849
274.273 44.012
274.534 64.175
274.795 67.337
275.056 62.786
275.317 49.806
275.578 34.826
275.839 33.417
276.101 39.294
276.362 45.313
276.623 48.190
276.884 45.210
277.145 45.658
277.406 48.534
277.667 45.268
277.928 39.287
278.189 35.164
278.450 31.183
278.711 32.059
278.972 40.936
279.233 54.812
279.494 57.688
279.755 51.136
280.016 48.155
280.277 56.459
280.538 54.478
280.799 47.783
281.061 37.801
281.322 32.106
281.583 34.696
281.844 34.572
282.105 12.304
282.366 10.609
282.627 15.341
282.888 5.074
283.149 0.664
283.410 1.111
283.671 -1.157
283.932 19.147
284.193 29.594
284.454 31.041
284.715 39.916
284.976 40.077
285.237 36.095
285.498 30.399
285.759 24.845
286.021 18.577
286.282 25.738
286.543 27.756
286.804 32.059
287.065 33.220
287.326 39.380
287.587 35.969
287.848 28.273
288.109 12.005
288.370 20.022
288.631 25.897
288.892 29.200
289.153 33.931
289.414 30.949
289.675 29.537
289.936 27.126
290.197 13.857
290.458 6.160
290.719 8.606
290.981 5.480
291.242 6.497
291.503 20.514
291.764 37.245
292.025 48.833
292.286 55.850
292.547 45.867
292.808 43.169
293.069 45.329
293.330 26.488
293.591 12.362
293.852 5.236
294.113 3.967
294.374 20.554
294.635 29.857
294.896 39.587
295.157 56.889
295.418 60.191
295.679 58.065
295.941 60.367
296.202 56.240
296.463 50.970
296.724 43.986
296.985 31.431
297.246 39.876
297.507 48.320
297.768 37.765
298.029 30.495
298.290 28.653
298.551 27.955
298.812 32.256
299.073 32.415
299.334 39.859
299.595 54.018
299.856 59.462
300.117 62.192
300.378 58.922
300.639 64.508
300.901 65.667
301.162 47.968
301.423 36.840
301.684 33.713
301.945 23.442
302.206 36.172
302.467 42.616
302.728 37.631
302.989 38.503
303.250 44.375
303.511 47.105
303.772 50.834
304.033 43.563
304.294 32.007
304.555 22.879
304.816 24.608
305.077 14.337
305.338 5.780
305.599 15.366
305.861 23.238
306.122 35.824
306.383 43.553
306.644 42.996
306.905 43.296
307.166 44.311
307.427 42.325
307.688 36.340
307.949 37.783
308.210 33.940
308.471 36.811
308.732 51.111
308.993 76.126
309.254 86.283
309.515 82.011
309.776 74.311
310.037 75.325
310.298 78.625
310.559 86.639
310.821 72.796
311.082 52.810
311.343 48.966
311.604 44.266
311.865 37.994
312.126 34.008
312.387 23.879
312.648 20.893
312.909 26.192
313.170 31.634
313.434 36.219
313.698 46.661
313.963 42.818
314.227 35.403
314.491 29.273
314.755 20.715
315.019 18.157
315.284 21.314
315.548 30.327
315.812 37.912
316.076 55.925
316.340 66.510
316.604 67.094
316.869 68.965
317.133 70.835
317.397 57.134
317.661 40.147
317.925 18.303
318.190 14.744
318.454 20.329
318.718 25.484
318.982 27.640
319.246 26.367
319.511 25.380
319.775 30.393
320.039 27.263
320.303 34.704
320.567 41.574
320.832 33.444
321.096 31.885
321.360 47.898
321.624 49.482
321.888 46.923
322.153 31.221
322.417 17.233
322.681 16.389
322.945 23.830
323.209 27.842
323.473 27.997
323.738 35.438
324.002 49.450
324.266 45.748
324.530 44.475
324.794 47.059
325.059 42.785
325.323 46.797
325.587 50.238
325.851 43.964
326.115 46.405
326.380 48.988
326.644 42.286
326.908 35.441
327.172 25.738
327.436 26.464
327.701 36.762
327.965 36.488
328.229 30.214
328.493 25.369
328.757 26.238
329.022 29.107
329.286 14.547
329.550 9.701
329.814 19.284
330.078 14.582
330.342 13.736
330.607 19.605
330.871 37.045
331.135 48.342
331.399 45.211
331.663 39.079
331.928 45.233
332.192 39.959
332.456 27.685
332.720 6.553
332.984 11.136
333.249 20.718
333.513 22.444
333.777 32.741
334.041 46.752
334.305 52.620
334.570 54.631
334.834 52.499
335.098 43.082
335.362 33.093
335.626 24.961
335.891 26.258
336.155 36.411
336.419 43.422
336.683 35.005
336.947 29.015
337.211 30.883
337.476 20.608
337.740 8.334
338.004 0.773
338.268 -0.931
338.532 6.651
338.797 19.233
339.061 32.387
339.325 47.826
339.589 47.837
339.853 42.561
340.118 43.858
340.382 30.725
340.646 25.593
340.910 26.746
341.174 22.328
341.439 28.196
341.703 35.349
341.967 33.359
342.231 33.941
342.495 29.237
342.759 16.104
343.024 14.400
343.288 18.553
343.552 27.563
343.816 32.716
344.080 33.012
344.345 39.165
344.609 48.604
344.873 49.757
345.137 49.338
345.401 48.634
345.666 45.787
345.930 56.225
346.194 59.235
346.458 60.388
346.722 66.541
346.987 63.551
347.251 46.418
347.515 37.284
347.779 32.723
348.043 38.304
348.308 40.599
348.572 37.038
348.836 41.762
349.100 49.057
349.364 63.924
349.628 68.791
349.893 60.800
350.157 56.238
350.421 49.391
350.685 59.543
350.949 71.981
351.214 59.705
351.478 61.857
351.742 74.009
352.006 69.876
352.270 71.171
352.535 59.466
352.799 49.047
353.063 54.342
353.327 46.065
353.591 29.646
353.856 41.798
354.120 48.379
354.384 42.245
354.648 30.683
354.912 19.121
355.177 8.701
355.441 4.853
355.705 -2.995
355.969 5.014
356.233 15.309
356.497 27.889
356.762 44.470
357.026 57.193
357.290 57.059
357.554 48.068
357.818 38.934
358.083 36.943
358.347 42.952
358.611 45.103
358.875 41.541
359.139 45.550
359.404 55.415
359.668 65.138
359.932 77.576
360.196 79.013
360.460 71.450
360.725 88.602
360.989 101.325
361.253 108.333
361.517 117.771
361.781 112.922
362.046 104.502
362.310 102.368
362.574 76.376
362.838 67.385
363.102 65.965
363.366 51.830
363.631 47.553
363.895 49.704
364.159 52.427
364.423 75.007
364.687 80.872
364.952 74.023
365.216 56.746
365.480 45.468
365.747 54.620
366.013 57.913
366.280 47.636
366.546 45.501
366.813 54.938
367.079 68.232
367.346 75.812
367.612 56.963
367.879 54.828
368.145 67.407
368.412 72.273
368.678 69.709
368.945 75.431
369.211 65.725
369.478 68.162
369.744 59.884
370.011 42.035
370.278 22.186
370.544 9.765
370.811 -0.941
371.077 10.495
371.344 19.789
371.610 27.654
371.877 35.804
372.143 45.669
372.410 45.534
372.676 34.542
372.943 23.121
373.209 14.272
373.476 7.851
373.742 5.001
374.009 3.152
374.276 11.588
374.542 31.739
374.809 40.460
375.075 46.468
375.342 57.047
375.608 59.197
375.875 58.348
376.141 59.070
376.408 56.220
376.674 52.799
376.941 44.806
377.207 28.242
377.474 13.393
377.740 11.686
378.007 2.122
378.273 -6.728
378.540 -10.292
378.807 -6.856
379.073 1.008
379.340 13.159
379.606 11.880
379.873 15.173
380.139 17.895
380.406 10.188
380.672 2.766
380.939 1.631
381.205 5.066
381.472 11.074
381.738 12.367
382.005 18.088
382.271 35.667
382.538 50.388
382.804 56.681
383.071 46.116
383.338 43.409
383.604 52.416
383.871 53.566
384.137 48.430
384.404 39.723
384.670 34.016
384.937 44.308
385.203 47.744
385.470 48.608
385.736 53.043
386.003 62.479
386.269 67.057
386.536 63.207
386.802 51.928
387.069 43.935
387.336 31.370
387.602 26.091
387.869 19.384
388.135 22.248
388.402 27.397
388.668 43.118
388.935 49.839
389.201 51.275
389.468 37.710
389.734 26.288
390.001 25.580
390.267 26.730
390.534 21.594
390.800 32.314
391.067 37.178
391.333 41.185
391.600 44.620
391.867 45.912
392.133 50.633
392.400 41.211
392.666 23.789
392.933 19.367
393.199 35.659
393.466 49.237
393.732 48.386
393.999 50.250
394.265 60.399
394.532 76.548
394.798 82.269
395.065 63.275
395.331 46.710
395.598 48.145
395.864 57.866
396.131 66.444
396.398 68.164
396.664 70.742
396.931 79.320
397.197 89.469
397.464 83.332
397.730 74.910
397.997 76.630
398.263 76.065
398.530 85.214
398.796 105.792
399.063 111.226
399.329 120.090
399.596 126.810
399.862 122.959
400.129 116.537
400.396 110.257
400.662 107.406
400.929 127.412
401.195 152.275
401.462 170.281
401.728 206.144
401.995 260.579
402.261 316.585
402.528 368.591
402.794 419.883
403.061 477.460
403.327 550.609
403.594 629.186
403.860 717.335
404.127 797.769
404.393 891.489
404.660 992.638
404.931 1093.215
405.202 1191.507
405.473 1266.656
405.745 1329.947
406.016 1411.953
406.287 1476.530
406.558 1521.393
406.829 1571.256
407.100 1615.976
407.371 1659.553
407.642 1679.559
407.914 1698.565
408.185 1717.999
408.456 1740.719
408.727 1748.582
408.998 1737.016
409.269 1728.593
409.540 1722.456
409.811 1699.747
410.083 1663.039
410.354 1635.330
410.625 1600.621
410.896 1557.198
411.167 1502.775
411.438 1460.352
411.709 1410.929
411.981 1367.792
412.252 1304.083
412.523 1234.803
412.794 1186.380
413.065 1140.814
413.336 1091.533
413.607 1033.825
413.878 971.402
414.150 921.407
414.421 874.698
414.692 818.989
414.963 780.852
415.234 724.000
415.505 657.148
415.776 610.439
416.047 564.445
416.319 509.736
416.590 451.884
416.861 379.032
417.132 332.466
417.403 317.757
417.674 289.191
417.945 249.196
418.217 218.487
418.488 188.206
418.759 171.640
419.030 156.788
419.301 132.365
419.572 109.084
419.843 95.518
420.114 86.523
420.386 84.671
420.657 74.105
420.928 61.539
421.199 61.972
421.470 55.120
421.741 40.697
422.012 36.273
422.283 38.421
422.555 50.141
422.826 50.003
423.097 41.722
423.368 43.156
423.639 47.732
423.910 50.452
424.181 52.457
424.453 54.319
424.724 73.610
424.995 75.900
425.266 76.334
425.537 90.196
425.808 93.772
426.079 92.634
426.350 86.639
426.622 69.073
426.893 65.363
427.164 71.940
427.435 66.087
427.706 63.092
427.977 58.526
428.248 43.530
428.519 28.964
428.791 25.397
429.062 20.831
429.333 25.121
429.604 24.555
429.875 29.274
430.146 56.707
430.417 74.426
430.689 73.288
430.960 65.864
431.231 59.154
431.502 62.588
431.773 65.592
432.044 63.597
432.315 66.030
432.586 61.464
432.858 63.754
433.129 69.330
433.400 60.763
433.671 38.197
433.942 14.058
434.213 11.063
434.484 19.068
434.755 18.358
435.027 20.362
435.298 28.081
435.569 51.086
435.840 66.376
436.116 57.095
436.391 51.242
436.667 63.247
436.942 62.251
437.218 60.113
437.493 61.832
437.769 59.408
438.045 65.841
438.320 80.131
438.596 70.993
438.871 64.140
439.147 54.716
439.422 45.292
439.698 41.439
439.974 38.015
440.249 32.305
440.525 35.881
440.800 35.600
441.076 45.032
441.351 44.180
441.627 37.613
441.903 36.760
442.178 28.050
442.454 19.769
442.729 20.916
443.005 25.063
443.281 33.210
443.556 50.214
443.832 59.647
444.107 64.223
444.383 60.370
444.658 44.374
444.934 36.807
445.210 41.669
445.485 37.244
445.761 39.534
446.036 44.681
446.312 56.543
446.587 82.833
446.863 101.408
447.139 94.127
447.414 80.416
447.690 78.564
447.965 85.853
448.241 91.286
448.516 90.290
448.792 87.009
449.068 103.299
449.343 125.445
449.619 129.164
449.894 130.739
450.170 141.743
450.445 150.748
450.721 147.609
450.997 138.613
451.272 133.617
451.548 135.907
451.823 141.054
452.099 129.772
452.375 115.490
452.650 113.351
452.926 112.498
453.201 115.359
453.477 114.078
453.752 110.653
454.028 115.943
454.304 131.947
454.579 145.094
454.855 153.097
455.130 164.959
455.406 168.105
455.681 161.252
455.957 154.113
456.233 138.117
456.508 132.550
456.784 131.696
457.059 121.557
457.335 110.847
457.610 101.279
457.886 98.998
458.162 102.430
458.437 93.720
458.713 86.152
458.988 82.727
459.264 87.302
459.539 81.021
459.815 72.881
460.091 71.885
460.366 75.603
460.642 74.607
460.917 73.754
461.193 56.329
461.468 54.761
461.744 59.336
462.020 48.340
462.295 39.344
462.571 32.062
462.846 33.337
463.122 53.038
463.397 69.314
463.673 79.442
463.949 90.589
464.224 91.007
464.500 87.437
464.775 83.576
465.051 81.439
465.327 69.311
465.602 53.616
465.878 46.604
466.153 41.193
466.429 48.056
466.704 46.233
466.980 41.843
467.256 51.587
467.531 62.177
467.807 68.252
468.082 82.319
468.358 89.690
468.633 92.901
468.909 96.841
469.185 99.922
469.460 100.135
469.736 85.794
470.011 73.624
470.287 77.029
470.562 78.236
470.838 69.775
471.114 67.827
471.389 62.706
471.665 78.628
471.940 96.182
472.216 97.859
472.491 87.051
472.767 89.987
473.043 83.077
473.318 78.763
473.594 78.103
473.869 67.708
474.145 59.215
474.421 63.455
474.696 66.968
474.972 87.224
475.247 99.306
475.523 82.886
475.798 79.125
476.074 78.122
476.350 82.774
476.625 71.284
476.901 37.229
477.176 27.618
477.452 58.983
477.727 74.209
478.003 70.264
478.279 55.439
478.554 60.077
478.830 81.114
479.105 89.782
479.381 73.760
479.656 54.584
479.932 39.661
480.208 38.670
480.483 38.652
480.759 31.378
481.034 24.826
481.310 21.595
481.585 14.396
481.861 22.050
482.137 29.248
482.412 28.064
482.688 30.897
482.963 39.404
483.239 38.609
483.514 37.932
483.790 42.346
484.066 48.296
484.341 51.824
484.617 48.354
484.892 44.564
485.168 52.861
485.443 65.781
485.719 59.102
485.995 60.607
486.270 68.729
486.546 72.358
486.821 69.279
487.097 80.921
487.373 75.519
487.648 65.289
487.924 51.895
488.199 50.123
488.475 55.412
488.750 51.034
489.026 33.711
489.302 46.578
489.577 78.358
489.853 94.442
490.128 86.011
490.404 74.650
490.679 75.899
490.955 71.145
491.231 59.950
491.506 48.631
491.782 42.344
492.057 39.277
492.333 35.508
492.608 30.062
492.884 33.154
493.160 34.281
493.435 19.315
493.711 16.390
493.986 34.205
494.262 53.989
494.537 59.608
494.813 65.526
495.089 76.210
495.364 90.530
495.640 95.337
495.915 83.457
496.191 77.345
496.467 82.601
496.742 80.303
497.018 81.000
497.293 89.537
497.569 97.537
497.844 105.977
498.120 110.308
498.396 108.409
498.671 96.288
498.947 82.587
499.222 79.571
499.498 78.534
499.773 76.369
500.049 70.212
500.325 67.587
500.600 83.388
500.876 103.380
501.151 100.907
501.427 92.276
501.702 87.050
501.978 79.779
502.254 79.677
502.529 84.096
502.805 85.514
503.080 89.933
503.356 102.117
503.631 104.925
503.907 111.152
504.183 113.922
504.458 99.245
504.734 99.273
505.009 103.469
505.285 99.278
505.560 98.703
505.836 95.383
506.112 97.264
506.387 98.848
506.663 83.097
506.938 72.517
507.214 72.186
507.490 81.667
507.765 80.639
508.041 73.393
508.316 88.271
508.592 100.289
508.867 100.667
509.143 87.829
509.419 75.936
509.694 93.761
509.970 108.284
510.245 98.865
510.521 85.170
510.796 83.977
511.072 90.495
511.348 84.608
511.623 68.698
511.899 59.635
512.174 59.237
512.450 68.666
512.725 67.607
513.001 64.303
513.277 75.117
513.552 90.575
513.828 108.070
514.103 118.330
514.379 115.101
514.654 114.493
514.930 112.082
515.206 115.342
515.481 114.987
515.757 110.561
516.032 114.799
516.308 130.554
516.583 154.788
516.859 185.313
517.135 197.413
517.410 210.152
517.686 230.854
517.961 244.200
518.237 263.805
518.513 283.919
518.788 305.209
519.064 330.469
519.339 359.689
519.615 380.609
519.890 414.919
520.166 444.968
520.442 472.136
520.717 497.692
520.993 523.695
521.268 542.783
521.544 559.793
521.819 587.580
522.095 604.781
522.371 611.525
522.646 608.880
522.922 622.107
523.197 639.232
523.473 655.892
523.748 641.204
524.024 637.697
524.300 630.981
524.575 633.444
524.851 618.956
525.126 592.776
525.402 571.515
525.677 557.984
525.953 532.768
526.229 516.987
526.504 499.217
526.780 490.265
527.055 492.662
527.331 478.719
527.606 454.537
527.882 439.717
528.158 433.729
528.433 436.640
528.709 425.181
528.984 393.502
529.260 384.461
529.535 397.601
529.811 408.342
530.087 412.060
530.362 405.832
530.638 405.017
530.913 427.363
531.189 430.945
531.465 414.344
531.740 398.303
532.016 385.030
532.291 382.269
532.567 373.734
532.842 345.288
533.118 326.732
533.394 326.461
533.669 329.058
533.945 337.131
534.220 331.886
534.496 329.530
534.771 344.279
535.047 362.154
535.323 370.631
535.598 381.081
535.874 396.674
536.149 430.119
536.425 485.450
536.700 530.725
536.976 582.849
537.252 662.691
537.527 749.379
537.803 829.381
538.078 915.344
538.354 1005.033
538.629 1125.459
538.905 1247.988
539.181 1370.374
539.456 1487.844
539.732 1598.432
540.007 1693.948
540.283 1770.385
540.558 1830.660
540.834 1893.163
541.110 1933.127
541.385 1976.532
541.661 2021.460
541.936 2063.189
542.212 2104.966
542.488 2134.434
542.763 2148.934
543.039 2162.013
543.314 2154.257
543.590 2134.438
543.865 2108.522
544.141 2081.737
544.417 2053.384
544.692 2021.892
544.968 1988.265
545.243 1953.775
545.519 1935.014
545.794 1919.392
546.070 1905.318
546.348 1888.159
546.627 1877.380
546.905 1881.787
547.183 1911.468
547.461 1949.810
547.740 1997.072
548.018 2043.779
548.296 2084.213
548.575 2131.994
548.853 2176.217
549.131 2221.268
549.409 2260.933
549.688 2315.107
549.966 2385.314
550.244 2484.439
550.523 2569.137
550.801 2652.544
551.079 2751.688
551.357 2861.368
551.636 2949.046
551.914 3031.450
552.192 3109.334
552.471 3190.980
552.749 3255.406
553.027 3285.677
553.306 3314.202
553.584 3339.603
553.862 3344.263
554.140 3348.152
554.419 3371.167
554.697 3388.570
554.975 3396.793
555.254 3392.418
555.532 3374.729
555.810 3346.908
556.088 3303.364
556.367 3218.377
556.645 3136.177
556.923 3058.297
557.202 2963.188
557.480 2870.197
557.758 2771.096
558.036 2659.020
558.315 2562.872
558.593 2456.252
558.871 2335.591
559.150 2212.117
559.428 2081.888
559.706 1953.254
559.984 1825.879
560.263 1700.839
560.541 1579.070
560.819 1456.986
561.098 1340.052
561.376 1242.112
561.654 1138.497
561.932 1038.191
562.211 943.588
562.489 867.151
562.767 804.425
563.046 742.455
563.324 687.070
563.602 659.048
563.880 626.146
564.159 584.782
564.437 546.533
564.715 515.125
564.994 495.110
565.272 473.526
565.550 447.346
565.828 427.057
566.107 406.533
566.385 383.408
566.663 378.784
566.942 369.152
567.220 348.873
567.498 333.548
567.776 328.230
568.055 319.544
568.333 311.346
568.611 295.205
568.890 279.172
569.168 254.543
569.446 227.036
569.725 214.631
570.003 208.430
570.281 194.451
570.559 173.950
570.838 166.748
571.116 171.422
571.394 175.098
571.673 162.892
571.951 152.184
572.229 146.031
572.507 140.715
572.786 128.342
573.064 131.389
573.342 137.515
573.621 146.421
573.899 145.538
574.177 149.669
574.455 142.772
574.734 131.931
575.012 119.757
575.290 104.191
575.569 84.259
575.847 75.625
576.125 65.769
576.403 69.756
576.682 78.793
576.960 76.040
577.243 77.932
577.527 83.481
577.810 90.714
578.093 97.944
578.377 95.906
578.660 101.092
578.944 115.210
579.227 117.262
579.510 118.307
579.794 120.930
580.077 116.489
580.360 108.300
580.644 95.737
580.927 74.070
581.210 75.858
581.494 79.916
581.777 66.594
582.061 55.809
582.344 52.688
582.627 48.712
582.911 44.737
583.194 42.065
583.477 40.532
583.761 44.678
584.044 57.385
584.327 68.519
584.611 86.649
584.894 99.210
585.178 98.242
585.461 106.688
585.744 123.983
586.028 123.142
586.311 132.726
586.594 117.892
586.878 94.622
587.161 82.195
587.444 80.196
587.728 86.453
588.011 90.009
588.295 88.154
588.578 95.169
588.861 118.313
589.145 131.586
589.428 132.992
589.711 122.310
589.995 108.611
590.278 101.018
590.562 96.416
590.845 88.270
591.128 75.853
591.412 52.021
591.695 37.578
591.978 45.275
592.262 44.980
592.545 49.103
592.828 59.192
593.112 68.153
593.395 70.427
593.679 77.099
593.962 91.256
594.245 100.759
594.529 99.999
594.812 96.420
595.095 97.949
595.379 109.705
595.662 108.798
595.945 96.123
596.229 89.657
596.512 87.783
596.796 91.966
597.079 102.938
597.362 105.141
597.646 115.284
597.929 123.415
598.212 129.015
598.496 133.075
598.779 127.958
599.062 105.346
599.346 95.446
599.629 87.771
599.913 77.035
600.196 67.827
600.479 67.926
600.763 78.712
601.046 101.186
601.329 111.833
601.613 115.877
601.896 125.813
602.179 120.892
602.463 116.925
602.746 116.183
603.030 104.350
603.313 93.954
603.596 85.368
603.880 82.652
604.163 97.028
604.446 110.721
604.730 97.529
605.013 102.976
605.296 104.370
605.580 99.614
605.863 89.394
606.147 73.325
606.430 63.238
606.713 72.877
606.997 78.431
607.280 92.844
607.563 104.023
607.847 113.809
608.130 131.161
608.414 142.955
608.697 155.566
608.980 151.135
609.264 145.540
609.547 150.593
609.830 148.358
610.114 138.577
610.397 134.377
610.680 127.567
610.964 124.100
611.247 133.668
611.531 145.315
611.814 152.930
612.097 163.036
612.381 159.695
612.664 156.351
612.947 170.540
613.231 165.656
613.514 154.074
613.797 147.081
614.081 133.211
614.364 127.336
614.648 130.307
614.931 129.382
615.214 133.363
615.498 130.452
615.781 139.647
616.064 151.475
616.348 151.655
616.631 154.657
616.914 146.965
617.198 141.120
617.481 159.507
617.765 163.110
618.048 171.942
618.331 184.969
618.615 173.909
618.898 169.732
619.181 169.793
619.465 157.903
619.748 153.906
620.031 153.907
620.315 156.051
620.598 163.368
620.882 174.554
621.165 184.463
621.448 183.613
621.732 177.913
622.015 172.663
622.298 156.820
622.582 153.686
622.865 141.984
623.148 121.162
623.432 119.464
623.715 129.673
623.999 133.720
624.282 147.369
624.565 157.872
624.849 169.822
625.132 188.330
625.415 200.185
625.699 193.231
625.982 187.860
626.265 181.709
626.549 184.223
626.832 28.810
627.116 -66.339
627.399 -70.818
627.682 -49.245
627.966 -33.064
628.249 -6.739
628.532 -19.752
628.816 135.814
629.099 232.600
629.383 228.561
629.666 209.133
629.949 205.497
630.233 198.995
630.516 221.600
630.799 230.885
631.083 226.341
631.366 240.233
631.649 260.405
631.933 271.142
632.216 270.591
632.500 274.939
632.783 283.053
633.066 300.871
633.350 312.390
633.633 315.097
633.916 317.091
634.200 326.900
634.483 340.205
634.766 352.091
635.050 357.446
635.333 362.725
635.617 371.426
635.900 385.267
636.183 400.846
636.467 404.077
636.750 403.487
637.033 408.806
637.317 411.955
637.600 430.164
637.883 447.097
638.167 459.189
638.450 478.829
638.734 507.297
639.017 550.531
639.300 599.144
639.584 620.324
639.867 643.945
640.150 678.649
640.434 721.221
640.717 769.064
641.000 812.102
641.284 858.208
641.567 935.557
641.851 1014.632
642.134 1101.950
642.417 1189.798
642.701 1289.175
642.984 1406.448
643.267 1527.379
643.551 1640.463
643.834 1776.296
644.117 1932.025
644.401 2111.733
644.684 2321.229
644.968 2540.582
645.251 2784.683
645.534 3049.337
645.818 3306.539
646.101 3566.232
646.384 3821.938
646.668 4071.964
646.951 4336.286
647.235 4594.638
647.518 4862.341
647.801 5164.976
648.085 5476.101
648.368 5808.503
648.651 6177.634
648.935 6545.454
649.218 6921.358
649.501 7330.453
649.785 7742.527
650.068 8138.038
650.352 8533.253
650.635 8903.816
650.918 9237.410
651.202 9569.126
651.485 9873.129
651.768 10140.303
652.052 10407.600
652.335 10671.446
652.618 10889.229
652.902 11134.115
653.185 11364.832
653.469 11577.391
653.752 11771.948
654.035 11947.977
654.319 12079.671
654.602 12199.456
654.885 12293.324
655.169 12351.822
655.452 12381.055
655.735 12405.453
656.019 12428.831
656.302 12468.473
656.586 12511.411
656.869 12548.974
657.152 12582.925
657.436 12596.361
657.719 12577.656
658.002 12525.644
658.286 12447.873
658.569 12353.580
658.852 12226.032
659.136 12090.417
659.419 11938.334
659.703 11783.700
659.986 11649.909
660.269 11505.330
660.553 11362.921
660.836 11237.456
661.119 11110.355
661.403 11021.007
661.686 10960.758
661.969 10902.455
662.253 10834.760
662.536 10790.555
662.820 10778.115
663.103 10769.719
663.386 10788.329
663.670 10846.318
663.953 10906.124
664.236 11004.985
664.520 11118.357
664.803 11209.997
665.086 11349.018
665.370 11457.820
665.653 11519.280
665.937 11607.549
666.220 11684.980
666.503 11719.902
666.787 11747.940
667.070 11755.620
667.353 11767.554
667.637 11803.578
667.920 11784.864
668.204 11734.931
668.487 11697.109
668.770 11656.559
669.054 11579.623
669.337 11459.859
669.620 11288.231
669.904 11099.226
670.187 10900.734
670.470 10676.743
670.754 10428.901
671.037 10137.080
671.321 9826.917
671.604 9502.984
671.887 9159.973
672.171 8779.522
672.454 8367.469
672.737 7935.929
673.021 7527.202
673.304 7119.654
673.587 6699.164
673.871 6283.066
674.154 5891.008
674.438 5509.186
674.721 5145.498
675.004 4797.454
675.288 4465.746
675.571 4153.917
675.854 3864.419
676.138 3588.612
676.421 3336.910
676.704 3094.555
676.988 2844.241
677.271 2606.964
677.555 2389.255
677.838 2185.335
678.121 2005.431
678.405 1851.671
678.688 1699.668
678.971 1581.183
679.255 1469.436
679.538 1349.465
679.821 1247.219
680.105 1152.044
680.388 1047.330
680.672 959.378
680.955 873.518
681.238 811.537
681.522 764.415
681.805 716.192
682.088 678.838
682.372 644.748
682.655 618.436
682.938 601.336
683.222 572.404
683.505 554.002
683.789 542.371
684.072 529.846
684.355 526.119
684.639 516.344
684.922 504.851
685.205 502.987
685.489 511.942
685.772 528.346
686.056 531.329
686.339 534.611
686.622 544.007
686.906 540.873
687.189 549.818
687.472 548.322
687.756 520.139
688.039 501.202
688.322 491.361
688.606 475.257
688.889 462.061
689.173 443.505
689.456 433.598
689.739 443.451
690.023 458.727
690.306 455.836
690.589 451.476
690.873 459.174
691.156 461.788
691.439 461.592
691.723 462.275
692.006 458.562
692.290 446.593
692.573 445.252
692.856 438.318
693.140 426.763
693.423 415.601
693.706 406.338
693.990 393.487
694.273 393.172
694.556 382.527
694.840 370.099
695.123 358.444
695.407 357.697
695.690 348.553
695.973 345.701
696.257 352.912
696.540 359.710
696.830 373.439
697.120 393.817
697.410 396.832
697.699 400.145
697.989 408.466
698.279 409.760
698.569 401.897
698.859 387.013
699.149 373.783
699.439 372.872
699.729 378.721
700.018 358.898
700.308 336.265
700.598 342.167
700.888 351.688
701.178 357.969
701.468 340.208
701.758 317.708
702.048 314.950
702.337 315.637
702.627 302.858
702.917 274.851
703.207 254.649
703.497 254.403
703.787 252.898
704.077 257.817
704.366 255.068
704.656 245.060
704.946 262.408
705.236 266.076
705.526 264.660
705.816 266.873
706.106 249.532
706.396 230.120
706.685 216.639
706.975 200.334
707.265 195.428
707.555 187.258
707.845 168.462
708.135 162.535
708.425 172.222
708.715 192.823
709.004 195.644
709.294 187.304
709.584 191.116
709.874 194.607
710.164 194.282
710.454 188.548
710.744 181.025
711.034 178.266
711.323 177.768
711.613 175.940
711.903 173.609
712.193 167.193
712.483 159.249
712.773 155.839
713.063 159.802
713.352 163.726
713.642 157.736
713.932 161.475
714.222 169.446
714.512 174.515
714.802 163.991
715.092 149.415
715.382 127.907
715.671 126.307
715.961 134.375
716.251 136.728
716.541 148.144
716.831 155.397
717.121 144.755
717.411 153.418
717.701 157.088
717.990 146.767
718.280 140.937
718.570 124.492
718.860 122.540
719.150 146.376
719.440 152.381
719.730 154.428
720.019 159.272
720.309 160.405
720.599 174.829
720.889 181.620
721.179 174.508
721.469 172.953
721.759 166.376
722.049 159.595
722.338 167.528
722.628 157.750
722.918 152.218
723.208 148.460
723.498 149.961
723.788 155.109
724.078 155.887
724.368 152.002
724.657 157.868
724.947 150.058
725.237 154.300
725.527 157.821
725.817 151.974
726.107 147.609
726.397 148.350
726.686 145.774
726.976 163.806
727.266 157.314
727.556 137.847
727.846 139.268
728.136 145.250
728.426 132.427
728.716 125.580
729.005 114.815
729.295 114.589
729.585 119.862
729.875 114.492
730.165 111.759
730.455 124.597
730.745 144.847
731.035 159.764
731.324 166.463
731.614 173.864
731.904 180.841
732.194 183.934
732.484 181.711
732.774 160.423
733.064 143.403
733.354 140.968
733.643 144.488
733.933 152.774
734.223 151.025
734.513 143.167
734.803 148.065
735.093 144.226
735.383 134.654
735.672 132.389
735.962 120.613
736.252 110.765
736.542 108.728
736.832 110.086
737.122 111.673
737.412 134.079
737.702 144.385
737.991 145.036
738.281 150.699
738.571 160.293
738.861 180.001
739.151 190.764
739.441 173.538
739.731 158.884
740.021 154.821
740.310 151.201
740.600 142.692
740.890 120.853
741.180 112.870
741.470 115.182
741.760 119.455
742.050 132.512
742.339 141.982
742.629 139.752
742.919 132.170
743.209 127.844
743.499 129.965
743.789 127.883
744.079 111.362
744.369 92.595
744.658 96.869
744.948 104.828
745.238 102.733
745.528 92.605
745.818 89.806
746.108 98.067
746.398 114.103
746.688 117.421
746.977 116.324
747.267 119.917
747.557 129.607
747.847 140.041
748.137 138.801
748.427 135.157
748.717 129.208
749.006 120.281
749.296 117.310
749.586 117.638
749.876 100.867
750.166 89.659
750.456 101.522
750.746 107.575
751.036 109.601
751.325 112.085
751.615 125.436
751.905 142.339
752.195 151.798
752.485 151.736
752.775 153.208
753.065 153.694
753.355 149.158
753.644 133.235
753.934 124.978
754.224 120.712
754.514 110.020
754.804 108.202
755.094 121.517
755.384 124.541
755.674 115.066
755.963 109.073
756.253 92.734
756.543 75.538
756.833 59.930
757.123 43.039
757.413 40.027
757.703 42.057
757.992 45.934
758.282 61.293
758.572 72.052
758.862 84.114
759.152 85.406
759.442 81.981
759.732 87.455
760.022 76.262
760.311 62.623
760.601 57.181
760.891 51.173
761.181 55.221
761.471 58.671
761.761 57.825
762.051 56.968
762.341 63.440
762.630 72.077
762.920 70.783
763.210 62.871
763.500 60.716
763.793 55.239
764.086 68.889
764.379 78.512
764.671 67.436
764.964 65.718
765.257 70.333
765.550 78.417
765.843 87.492
766.136 84.906
766.429 84.488
766.722 89.379
767.014 81.747
767.307 83.044
767.600 86.501
767.893 84.073
768.186 84.104
768.479 93.600
768.772 109.448
769.064 128.295
769.357 126.126
769.650 118.783
769.943 113.023
770.236 98.191
770.529 71.856
770.822 50.833
771.115 39.203
771.407 41.528
771.700 35.624
771.993 39.945
772.286 63.276
772.579 75.377
772.872 77.828
773.165 75.371
773.457 77.548
773.750 85.325
774.043 80.584
774.336 76.717
774.629 85.629
774.922 89.355
775.215 98.841
775.508 89.301
775.800 76.770
776.093 85.092
776.386 76.566
776.679 66.776
776.972 73.086
777.265 80.381
777.558 86.274
777.850 98.759
778.143 95.562
778.436 95.110
778.729 96.395
779.022 89.648
779.315 69.692
779.608 76.127
779.900 79.392
780.193 76.624
780.486 81.045
780.779 81.181
781.072 72.282
781.365 79.291
781.658 73.555
781.951 52.060
782.243 45.203
782.536 44.487
782.829 50.640
783.122 57.950
783.415 49.792
783.708 50.917
784.001 64.808
784.293 71.080
784.586 69.349
784.879 68.619
785.172 75.056
785.465 81.055
785.758 80.615
786.051 66.590
786.344 51.428
786.636 51.702
786.929 50.804
787.222 44.632
787.515 47.052
787.808 48.458
788.101 55.747
788.394 63.606
788.686 57.580
788.979 48.443
789.272 49.870
789.565 49.015
789.858 42.885
790.151 42.449
790.444 52.424
790.737 59.255
791.029 67.965
791.322 73.946
791.615 74.786
791.908 73.337
792.201 78.604
792.494 79.285
792.787 76.722
793.079 66.442
793.372 53.895
793.665 49.903
793.958 59.167
794.251 70.989
794.544 62.318
794.837 56.479
795.130 64.181
795.422 75.564
795.715 88.228
796.008 87.076
796.301 69.700
796.594 64.573
796.887 66.425
797.180 61.568
797.472 56.168
797.765 51.771
798.058 44.948
798.351 43.949
798.644 44.946
798.937 44.377
799.230 52.929
799.523 56.206
799.815 45.954
800.108 42.821
800.401 47.682
800.694 61.105
800.987 61.832
801.280 47.875
801.573 50.594
801.865 62.000
802.158 71.414
802.451 71.557
802.744 62.702
803.037 63.265
803.330 61.982
803.623 54.441
803.915 51.052
804.208 49.364
804.501 52.394
804.794 50.846
805.087 52.014
805.380 65.609
805.673 70.789
805.966 71.970
806.258 70.733
806.551 67.744
806.844 68.481
807.137 52.301
807.430 45.022
807.723 48.321
808.016 36.274
808.308 32.122
808.601 34.294
808.894 30.138
809.187 44.784
809.480 47.954
809.773 43.987
810.066 52.484
810.359 51.487
810.651 54.257
810.944 63.652
811.237 71.892
811.530 81.135
811.825 74.652
812.119 71.506
812.414 83.505
812.709 94.413
813.003 95.017
813.298 90.171
813.593 80.416
813.887 90.874
814.182 95.698
814.476 80.975
814.771 74.079
815.066 75.018
815.360 81.446
815.655 90.361
815.950 92.893
816.244 95.403
816.539 102.545
816.834 89.794
817.128 83.169
817.423 67.486
817.718 62.595
818.012 58.898
818.307 48.125
818.602 49.102
818.896 61.490
819.191 59.472
819.486 56.533
819.780 55.177
820.075 53.357
820.369 61.368
820.664 51.364
820.959 43.787
821.253 38.629
821.548 40.554
821.843 46.738
822.137 48.169
822.432 43.775
822.727 64.868
823.021 74.404
823.316 85.986
823.611 89.009
823.905 79.407
824.200 82.080
824.495 97.353
824.789 97.080
825.084 85.142
825.379 68.268
825.673 75.279
825.968 85.485
826.262 83.623
826.557 73.736
826.852 56.255
827.146 47.781
827.441 57.629
827.736 47.912
828.030 31.383
828.325 17.434
828.620 4.558
828.914 12.560
829.209 14.987
829.504 15.572
829.798 23.110
830.093 31.075
830.388 39.638
830.682 44.148
830.977 41.161
831.271 47.096
831.566 38.261
831.861 35.114
832.155 26.689
832.450 18.751
832.745 31.164
833.039 29.739
833.334 25.367
833.629 33.491
833.923 35.168
834.218 34.595
834.513 40.255
834.807 28.672
835.102 22.166
835.397 26.735
835.691 36.696
835.986 31.251
836.281 34.050
836.575 34.414
836.870 35.507
837.164 45.710
837.459 58.723
837.754 54.420
838.048 59.783
838.343 68.269
838.638 76.704
838.932 82.608
839.227 74.557
839.522 52.241
839.816 42.009
840.111 44.677
840.406 37.906
840.700 36.767
840.995 30.088
841.290 29.744
841.584 34.705
841.879 30.211
842.174 23.825
842.468 28.243
842.763 22.838
843.057 34.669
843.352 50.535
843.647 59.473
843.941 61.631
844.236 65.201
844.531 70.090
844.825 69.561
845.120 67.874
845.415 63.977
845.709 62.873
846.004 75.180
846.299 67.956
846.593 61.503
846.888 69.465
847.183 78.369
847.477 69.062
847.772 59.145
848.066 49.347
848.361 60.292
848.656 55.812
848.950 49.239
849.245 46.500
849.540 53.593
849.834 63.282
850.129 71.822
850.424 69.891
850.718 76.461
851.013 73.704
851.308 63.067
851.602 64.349
851.897 59.898
852.192 66.414
852.486 71.779
852.781 78.613
853.076 89.170
853.370 83.731
853.665 71.127
853.959 71.749
854.254 62.847
854.549 54.940
854.843 43.125
855.138 34.246
855.433 41.784
855.727 57.864
856.022 66.757
856.317 74.694
856.611 67.110
856.906 71.210
857.201 85.902
857.495 90.626
857.790 78.493
858.085 62.000
858.379 48.535
858.674 45.255
858.969 42.923
859.263 27.864
859.558 23.557
859.852 24.405
860.147 35.918
860.442 52.947
860.736 62.293
861.031 66.325
861.326 85.647
861.620 87.087
861.915 83.315
862.210 86.157
862.504 76.375
862.799 81.753
863.094 81.404
863.388 47.527
863.683 28.523
863.978 30.437
864.272 20.206
864.567 5.627
864.861 0.517
865.156 -4.112
865.451 11.357
865.745 31.309
866.040 32.700
866.335 40.551
866.629 60.954
866.924 62.175
867.219 64.981
867.513 73.669
867.808 69.368
868.103 68.423
868.397 70.965
868.692 82.582
868.987 107.082
869.281 115.790
869.576 105.711
869.871 96.464
870.165 96.396
870.460 86.163
870.754 65.055
871.049 28.403
871.344 22.990
871.638 23.185
871.933 29.184
872.228 42.688
872.522 44.881
872.817 50.125
873.112 70.228
873.406 73.991
873.701 77.522
873.996 68.318
874.290 49.602
874.585 45.415
874.880 46.968
875.174 41.736
875.469 33.724
875.764 31.834
876.058 38.030
876.353 37.222
876.647 38.851
876.942 39.938
877.237 45.110
877.531 50.738
877.826 48.458
878.121 40.840
878.415 41.409
878.710 45.948
879.005 29.529
879.299 9.379
879.594 -0.696
879.889 -1.578
880.183 7.796
880.478 9.410
880.773 5.206
881.067 13.071
881.362 20.557
881.656 17.363
881.951 21.093
882.246 17.996
882.540 20.609
882.835 17.963
883.130 18.817
883.424 26.997
883.719 33.109
884.014 27.418
884.308 32.929
884.603 29.149
884.898 30.437
885.192 26.265
885.487 24.334
885.782 26.575
886.076 35.504
886.371 33.259
886.666 34.163
886.960 34.792
887.255 31.224
887.549 19.338
887.844 11.653
888.139 1.651
888.433 7.675
888.728 12.737
889.023 12.846
889.317 16.788
889.612 25.152
889.907 25.027
890.201 26.024
890.496 18.660
890.791 18.269
891.085 21.168
891.380 31.989
891.675 43.317
891.969 57.187
892.264 67.779
892.559 79.226
892.853 77.958
893.148 77.065
893.442 68.632
893.737 62.200
894.032 52.740
894.326 45.668
894.621 38.896
894.916 44.336
895.210 44.722
895.505 34.893
895.800 19.394
896.094 22.550
896.389 22.574
896.684 19.041
896.978 22.199
897.273 30.543
897.568 49.489
897.862 62.499
898.157 58.350
898.451 56.717
898.746 60.283
899.041 43.981
899.335 34.640
899.630 34.167
899.925 35.091
900.219 37.256
900.514 44.501
900.809 38.308
901.103 38.536
901.398 41.862
901.693 36.955
901.987 33.658
902.282 35.084
902.577 26.603
902.871 23.422
903.166 28.521
903.461 28.831
903.755 22.847
904.050 19.542
904.344 22.166
904.639 24.392
904.934 34.428
905.228 47.819
905.523 45.278
905.818 47.482
906.112 53.036
906.407 55.584
906.702 54.705
906.996 49.076
907.291 42.972
907.586 45.473
907.880 50.029
908.175 52.292
908.470 49.620
908.764 52.923
909.059 53.859
909.354 45.547
909.648 36.046
909.943 38.998
910.237 44.565
910.532 45.027
910.827 44.818
911.121 41.834
911.416 47.369
911.711 58.314
912.005 47.312
912.300 31.435
912.599 19.598
912.898 13.448
913.196 12.537
913.495 18.696
913.794 17.700
914.093 21.699
914.391 23.022
914.690 27.679
914.989 33.178
915.288 37.880
915.586 30.876
915.885 24.890
916.184 35.387
916.483 47.489
916.782 46.299
917.080 48.530
917.379 57.500
917.678 63.245
917.977 67.737
918.275 58.262
918.574 59.323
918.873 58.794
919.172 49.208
919.471 34.614
919.769 20.609
920.068 15.600
920.367 16.485
920.666 4.685
920.964 -1.527
921.263 -2.772
921.562 2.219
921.861 18.988
922.159 35.464
922.458 49.549
922.757 56.419
923.056 67.149
923.355 74.725
923.653 83.111
923.952 81.201
924.251 58.382
924.550 30.433
924.848 33.815
925.147 34.452
925.446 37.403
925.745 32.035
926.043 31.918
926.342 47.645
926.641 47.062
926.940 35.119
927.239 36.676
927.537 33.353
927.836 31.918
928.135 28.490
928.434 30.595
928.732 46.297
929.031 53.787
929.330 53.793
929.629 55.713
929.927 60.629
930.226 63.936
930.525 55.374
930.824 67.328
931.123 74.041
931.421 82.471
931.720 84.239
932.019 75.855
932.318 63.400
932.616 55.297
932.915 48.199
933.214 57.785
933.513 56.141
933.812 55.839
934.110 59.082
934.409 72.254
934.708 84.253
935.007 72.990
935.305 52.285
935.604 42.741
935.903 37.409
936.202 30.416
936.500 23.454
936.799 33.912
937.098 48.179
937.397 37.862
937.696 34.739
937.994 46.290
938.293 54.869
938.592 55.247
938.891 48.701
939.189 48.161
939.488 65.242
939.787 68.980
940.086 46.772
940.384 44.019
940.683 52.289
940.982 43.852
941.281 38.905
941.580 28.501
941.878 14.496
942.177 16.353
942.476 11.701
942.775 -2.628
943.073 -0.903
943.372 4.853
943.671 19.467
943.970 41.410
944.268 64.588
944.567 65.419
944.866 61.075
945.165 55.644
945.464 42.643
945.762 31.121
946.061 29.577
946.360 11.223
946.659 13.599
946.957 29.279
947.256 49.559
947.555 42.918
947.854 35.532
948.153 23.324
948.451 18.428
948.750 13.613
949.049 8.345
949.348 -2.453
949.646 9.609
949.945 23.543
950.244 30.382
950.543 34.895
950.841 38.286
951.140 45.704
951.439 53.053
951.738 65.421
952.037 57.958
952.335 42.045
952.634 31.942
952.933 38.839
953.232 40.157
953.530 32.273
953.829 23.003
954.128 40.498
954.427 57.809
954.725 69.147
955.024 68.106
955.323 72.257
955.622 78.934
955.921 73.465
956.219 54.726
956.518 40.497
956.817 35.436
957.116 39.350
957.414 29.076
957.713 22.516
958.012 29.628
958.311 34.557
958.610 42.266
958.908 51.975
959.207 62.315
959.506 76.828
959.805 70.947
960.103 66.309
960.402 71.003
960.701 65.061
961.000 59.860
961.298 47.466
961.597 35.730
961.896 39.589
962.195 49.049
962.494 67.245
962.792 88.748
963.091 101.486
963.390 102.207
963.689 97.527
963.987 95.731
964.286 74.716
964.585 49.857
964.884 50.643
965.182 46.034
965.481 46.672
965.780 56.198
966.080 67.117
966.380 71.277
966.680 77.043
966.981 71.278
967.281 73.490
967.581 80.179
967.881 77.336
968.181 77.305
968.481 88.920
968.781 94.816
969.082 100.063
969.382 94.676
969.682 82.518
969.982 82.198
970.282 81.201
970.582 78.570
970.882 71.905
971.183 73.978
971.483 75.823
971.783 70.961
972.083 59.435
972.383 35.174
972.683 24.570
972.983 20.353
973.284 4.531
973.584 4.774
973.884 20.333
974.184 38.164
974.484 58.078
974.784 68.570
975.084 87.924
975.385 115.424
975.685 131.288
975.985 133.694
976.285 138.040
976.585 152.597
976.885 162.867
977.185 160.165
977.486 147.457
977.786 147.605
978.086 155.031
978.386 159.975
978.686 159.510
978.986 158.079
979.286 146.042
979.587 136.451
979.887 127.217
980.187 113.217
980.487 99.789
980.787 92.361
981.087 81.504
981.387 75.933
981.688 80.362
981.988 81.505
982.288 78.505
982.588 65.506
982.888 43.077
983.188 38.221
983.488 42.221
983.789 34.221
984.089 26.079
984.389 25.650
984.689 36.365
984.989 50.365
985.289 61.794
985.589 72.366
985.890 74.366
986.190 66.224
986.490 82.367
986.790 95.796
987.090 92.939
987.390 74.654
987.690 61.368
987.991 68.654
988.291 77.797
988.591 50.655
988.891 20.798
989.191 15.798
989.491 29.799
989.791 34.799
990.092 36.942
990.392 42.085
990.692 44.371
990.992 54.657
991.292 70.229
991.592 63.372
991.892 52.801
992.193 53.516
992.493 49.373
992.793 54.945
993.093 57.088
993.393 52.660
993.693 58.231
993.993 64.517
994.294 51.946
994.594 52.661
994.894 59.947
995.194 55.233
995.494 51.662
995.794 55.234
996.094 59.377
996.395 67.663
996.695 67.949
996.995 59.806
997.295 60.235
997.595 58.378
997.895 57.664
998.195 55.807
998.496 58.808
998.796 59.237
999.096 63.665
999.396 72.951
999.696 76.380
999.996 77.952
1000.296 91.524
1000.597 89.381
1000.897 85.096
1001.197 84.239
1001.497 80.954
1001.797 92.525
1002.097 102.526
1002.397 91.240
1002.698 81.812
1002.998 86.526
1003.298 85.955
1003.598 82.813
1003.898 68.099
1004.198 48.099
1004.498 47.099
1004.799 46.528
1005.099 37.529
1005.399 28.815
1005.699 22.243
1005.999 17.387
1006.299 13.387
1006.599 6.101
1006.900 5.245
1007.200 12.245
1007.500 14.674
1007.800 16.960
1008.100 24.531
1008.400 28.389
1008.700 28.961
1009.001 26.818
1009.301 25.533
1009.601 27.247
1009.901 24.962
1010.201 18.105
1010.501 18.391
1010.801 13.391
1011.102 18.963
1011.402 15.392
1011.702 7.821
1012.002 9.964
1012.302 15.821
1012.602 18.107
1012.902 15.536
1013.203 6.679
1013.503 17.251
1013.803 36.823
1014.103 52.394
1014.403 50.252
1014.703 48.538
1015.003 66.824
1015.304 88.824
1015.604 78.110
1015.904 69.967
1016.204 66.825
1016.504 74.682
1016.804 76.683
1017.104 70.969
1017.405 67.255
1017.705 73.683
1018.005 70.827
1018.305 63.827
1018.605 55.113
1018.905 61.827
1019.205 76.971
1019.506 71.114
1019.806 73.685
1020.106 88.257
1020.406 80.257
1020.706 72.115
1021.006 68.258
1021.306 53.973
1021.607 47.116
1021.907 43.116
1022.207 31.973
1022.507 36.974
1022.807 50.831
1023.107 45.117
1023.407 38.117
1023.708 35.261
1024.008 34.832
1024.308 34.832
1024.608 33.690
1024.908 27.262
1025.208 38.262
1025.508 48.119
1025.809 49.977
1026.109 36.120
1026.409 24.692
1026.709 24.978
1027.009 32.264
1027.309 31.407
1027.609 34.693
1027.910 44.407
1028.210 56.265
1028.510 61.836
1028.810 73.408
1029.110 77.694
1029.410 72.837
1029.710 55.980
1030.011 50.409
1030.311 49.838
1030.611 42.695
1030.911 36.124
1031.211 23.839
1031.511 9.839
1031.811 14.554
1032.112 5.554
1032.412 6.268
1032.712 19.554
1033.012 16.126
1033.312 9.269
1033.612 10.127
1033.912 13.841
1034.212 25.842
1034.513 27.985
1034.813 25.556
1035.113 26.842
1035.413 36.271
1035.713 47.271
1036.013 51.557
1036.313 48.701
1036.614 42.272
1036.914 43.701
1037.214 52.273
1037.514 58.130
1037.814 56.416
1038.114 45.416
1038.414 38.988
1038.715 39.274
1039.015 40.703
1039.315 40.132
1039.615 34.703
1039.915 32.704
1040.215 38.418
1040.515 47.133
1040.816 47.990
1041.116 40.562
1041.416 36.134
1041.716 37.705
1042.016 47.848
1042.316 57.706
1042.616 55.992
1042.917 48.563
1043.217 52.992
1043.517 49.278
1043.817 45.850
1044.117 44.136
1044.417 35.422
1044.717 23.851
1045.018 30.280
1045.318 36.851
1045.618 36.137
1045.918 27.995
1046.218 15.423
1046.518 15.281
1046.818 34.710
1047.119 42.567
1047.419 30.710
1047.719 28.425
1048.019 36.568
1048.319 39.140
1048.619 34.854
1048.919 19.997
1049.220 18.569
1049.520 16.141
1049.820 9.284
1050.120 6.713
1050.420 13.141
1050.720 19.285
1051.020 26.856
1051.321 24.856
1051.621 36.571
1051.921 47.143
1052.221 49.143
1052.521 47.143
1052.821 47.858
1053.121 41.715
1053.422 36.001
1053.722 40.144
1054.022 44.716
1054.322 43.145
1054.622 42.431
1054.922 44.574
1055.222 62.717
1055.523 79.146
1055.823 76.146
1056.123 82.003
1056.423 94.004
1056.723 98.147
1057.023 96.290
1057.323 85.576
1057.624 70.290
1057.924 70.148
1058.224 66.862
1058.524 58.434
1058.824 58.720
1059.124 61.149
1059.424 62.578
1059.725 68.006
1060.025 64.864
1060.325 57.721
1060.625 58.007
1060.925 41.007
1061.225 29.579
1061.525 21.579
1061.826 18.722
1062.126 18.866
1062.426 21.437
1062.726 30.866
1063.026 42.723
1063.326 47.295
1063.626 48.438
1063.927 44.153
1064.227 35.582
1064.527 27.725
1064.827 24.725
1065.127 34.868
1065.427 33.868
1065.727 29.583
1066.028 35.869
1066.328 35.726
1066.628 26.012
1066.928 11.298
1067.228 1.013
1067.528 6.870
1067.828 7.156
1068.129 -1.701
1068.429 2.728
1068.729 24.585
1069.029 33.443
1069.329 34.300
1069.629 29.300
1069.929 29.729
1070.230 35.015
1070.530 27.872
1070.830 15.444
1071.130 13.730
1071.430 17.730
1071.730 30.730
1072.030 41.588
1072.331 35.017
1072.631 40.303
1072.931 50.589
1073.231 56.303
1073.531 60.160
1073.831 53.589
1074.131 42.447
1074.432 49.161
1074.732 64.590
1075.032 64.162
1075.332 52.162
1075.632 40.019
1075.932 35.162
1076.232 39.020
1076.533 35.449
1076.833 19.877
1077.133 15.735
1077.433 21.306
1077.733 21.592
1078.033 20.164
1078.333 18.879
1078.634 19.736
1078.934 24.308
1079.234 23.165
1079.534 19.880
1079.834 24.308
1080.134 24.309
1080.434 24.595
1080.735 24.309
1081.035 14.595
1081.335 12.881
1081.635 14.310
1081.935 17.881
1082.235 32.024
1082.535 34.596
1082.836 40.168
1083.136 41.739
1083.436 39.883
1083.736 45.597
1084.036 44.454
1084.336 30.883
1084.636 31.169
1084.937 27.169
1085.237 32.170
1085.537 40.170
1085.837 42.170
1086.137 44.456
1086.437 48.742
1086.737 37.599
1087.038 34.314
1087.338 34.028
1087.638 27.886
1087.938 26.743
1088.238 36.029
1088.538 45.458
1088.838 63.458
1089.139 71.601
1089.439 81.316
1089.739 89.173
1090.039 85.316
1090.339 74.888
1090.639 66.888
1090.939 70.603
1091.240 78.031
1091.540 86.174
1091.840 92.175
1092.140 111.889
1092.453 109.318
1092.766 99.890
1093.079 92.318
1093.392 87.033
1093.705 75.033
1094.018 64.176
1094.330 53.605
1094.643 61.177
1094.956 68.463
1095.269 67.891
1095.582 69.892
1095.895 70.035
1096.208 66.892
1096.521 51.035
1096.834 39.893
1097.147 29.750
1097.460 18.464
1097.773 -3.107
1098.085 -15.249
1098.398 -17.963
1098.711 -12.392
1099.024 -7.249
1099.337 -3.248
1099.650 3.466
1099.963 16.609
1100.276 28.324
1100.589 30.181
1100.902 31.324
1101.215 33.181
1101.528 48.896
1101.841 58.753
1102.153 66.325
1102.466 69.182
1102.779 72.183
1103.092 74.040
1103.405 73.040
1103.718 61.183
1104.031 57.755
1104.344 60.612
1104.657 65.041
1104.970 68.184
1105.283 63.613
1105.596 50.470
1105.909 43.756
1106.221 34.899
1106.534 23.185
1106.847 15.043
1107.160 14.328
1107.473 10.186
1107.786 6.615
1108.099 1.186
1108.412 8.186
1108.725 11.187
1109.038 -2.956
1109.351 -18.099
1109.664 -23.813
1109.977 -25.384
1110.289 -15.812
1110.602 -12.098
1110.915 -12.383
1111.228 0.331
1111.541 17.617
1111.854 32.046
1112.167 48.475
1112.480 46.618
1112.793 36.190
1113.106 32.618
1113.419 27.619
1113.732 17.190
1114.044 14.905
1114.357 19.619
1114.670 29.334
1114.983 34.905
1115.296 38.048
1115.609 38.477
1115.922 32.335
1116.235 23.620
1116.548 15.764
1116.861 11.621
1117.174 14.764
1117.487 19.907
1117.800 17.050
1118.112 20.479
1118.425 23.050
1118.738 21.479
1119.051 15.765
1119.364 14.480
1119.677 9.337
1119.990 12.337
1120.303 30.623
1120.616 47.052
1120.929 56.338
1121.242 68.767
1121.555 71.053
1121.868 78.910
1122.180 85.196
1122.493 80.053
1122.806 66.339
1123.119 55.196
1123.432 44.054
1123.745 36.911
1124.058 32.769
1124.371 33.912
1124.684 29.340
1124.997 37.341
1125.310 48.484
1125.623 54.770
1125.935 56.770
1126.248 48.056
1126.561 39.485
1126.874 35.913
1127.187 25.342
1127.500 10.914
1127.813 5.342
1128.126 6.628
1128.439 6.200
1128.752 -0.800
1129.065 -2.657
1129.378 2.629
1129.691 18.772
1130.003 35.487
1130.316 48.630
1130.629 57.487
1130.942 70.487
1131.255 80.345
1131.568 83.345
1131.881 76.917
1132.194 61.631
1132.507 50.060
1132.820 55.917
1133.133 55.060
1133.446 53.060
1133.759 50.918
1134.071 50.347
1134.384 54.061
1134.697 51.918
1135.010 42.919
1135.323 41.490
1135.636 43.348
1135.949 45.205
1136.262 41.348
1136.575 35.062
1136.888 38.348
1137.201 57.491
1137.514 71.634
1137.826 76.492
1138.139 84.349
1138.452 88.921
1138.765 96.207
1139.078 95.778
1139.391 80.064
1139.704 66.350
1140.017 48.922
1140.330 26.779
1140.643 24.779
1140.956 20.637
1141.269 22.208
1141.582 21.066
1141.894 19.352
1142.207 32.780
1142.520 45.923
1142.833 43.352
1143.146 45.924
1143.459 36.067
1143.772 33.781
1144.085 38.924
1144.398 38.210
1144.711 45.068
1145.024 52.354
1145.337 54.068
1145.650 60.925
1145.962 60.497
1146.275 56.211
1146.588 52.640
1146.901 37.926
1147.214 30.212
1147.527 29.355
1147.840 35.498
1148.153 44.070
1148.466 50.070
1148.779 48.499
1149.092 53.785
1149.405 58.071
1149.718 64.214
1150.030 62.071
1150.343 46.357
1150.656 35.786
1150.969 41.643
1151.282 41.215
1151.595 46.786
1151.908 51.358
1152.221 50.787
1152.534 51.501
1152.847 41.787
1153.160 30.787
1153.473 35.787
1153.785 25.788
1154.098 12.645
1154.411 9.645
1154.724 28.074
1155.037 50.217
1155.350 45.360
1155.663 38.503
1155.976 43.932
1156.289 46.503
1156.602 51.504
1156.915 49.218
1157.228 44.933
1157.541 46.218
1157.853 35.219
1158.166 32.933
1158.479 32.790
1158.792 27.219
1159.105 20.934
1159.418 13.362
1159.731 14.220
1160.044 25.220
1160.357 26.363
1160.670 20.792
1160.983 13.078
1161.296 8.935
1161.609 9.364
1161.921 18.935
1162.234 29.936
1162.547 33.650
1162.860 25.365
1163.173 27.222
1163.486 41.793
1163.799 47.079
1164.112 43.508
1164.425 39.508
1164.738 36.366
1165.051 50.223
1165.364 62.223
1165.676 47.509
1165.989 45.366
1166.302 40.652
1166.615 34.081
1166.928 38.081
1167.241 38.939
1167.554 28.653
1167.867 26.082
1168.180 22.653
1168.493 24.082
1168.806 20.940
1169.119 5.511
1169.432 -11.060
1169.744 -20.774
1170.057 -15.488
1170.370 -6.345
1170.683 -6.917
1170.996 0.941
1171.309 11.941
1171.622 29.370
1171.935 46.227
1172.248 49.084
1172.561 44.513
1172.874 41.085
1173.187 36.799
1173.500 38.657
1173.812 30.657
1174.125 29.086
1174.438 32.086
1174.751 40.800
1175.064 52.229
1175.377 58.658
1175.690 66.372
1176.003 78.229
1176.316 74.944
1176.629 68.087
1176.942 67.230
1177.255 65.516
1177.567 61.230
1177.880 47.945
1178.193 40.088
1178.506 39.945
1178.819 42.945
1179.132 39.803
1179.445 42.660
1179.758 41.089
1180.071 38.089
1180.384 34.946
1180.697 28.232
1181.010 18.518
1181.323 12.090
1181.635 7.804
1181.948 7.376
1182.261 18.947
1182.574 30.090
1182.887 44.091
1183.200 50.091
1183.513 50.662
1183.826 47.234
1184.139 46.663
1184.452 38.949
1184.765 31.663
1185.078 27.378
1185.391 20.235
1185.703 27.806
1186.016 41.235
1186.329 44.521
1186.642 48.664
1186.955 49.664
1187.268 52.807
1187.581 72.093
1187.894 67.093
1188.207 58.094
1188.520 57.808
1188.833 53.951
1189.146 54.237
1189.459 45.237
1189.771 36.523
1190.084 33.095
1190.397 19.095
1190.710 12.381
1191.023 16.952
1191.336 13.953
1191.649 13.524
1191.962 9.239
1192.275 17.810
1192.588 35.239
1192.901 48.668
1193.214 43.668
1193.526 42.239
1193.839 46.097
1194.152 44.954
1194.465 39.811
1194.778 37.812
1195.091 24.669
1195.404 18.669
1195.717 21.241
1196.030 33.527
1196.343 41.098
1196.656 35.527
1196.969 22.956
1197.282 32.670
1197.594 39.242
1197.907 36.385
1198.220 33.528
1198.533 39.814
1198.846 50.385
1199.159 67.243
1199.472 68.243
1199.785 71.529
1200.098 76.243
1200.411 66.243
1200.724 54.672
1201.037 44.958
1201.350 24.672
1201.662 11.958
1201.975 7.006
1202.288 -2.327
1202.601 -12.327
