165.028 32.403
165.288 28.405
165.547 20.908
165.807 11.982
166.067 5.845
166.327 8.279
166.587 11.285
166.847 -6.710
167.107 -16.847
167.367 -16.698
167.627 -15.835
167.886 -19.972
168.146 -25.967
168.406 -27.247
168.666 -15.384
168.926 -23.806
169.186 -34.943
169.446 -27.366
169.706 -12.932
169.966 -8.354
170.225 -12.205
170.485 -17.628
170.745 -1.336
171.005 10.670
171.265 1.676
171.525 -5.604
171.785 -9.312
172.045 -2.592
172.305 6.129
172.564 -0.008
172.824 4.570
173.084 20.576
173.344 27.439
173.604 29.160
173.864 25.452
174.124 29.458
174.384 47.607
174.644 56.756
174.903 51.906
175.163 41.483
175.423 44.918
175.683 48.639
175.943 44.788
176.203 33.938
176.463 18.087
176.723 5.951
176.983 10.386
177.242 11.821
177.502 11.256
177.762 3.548
178.022 1.269
178.282 7.704
178.542 24.139
178.802 24.146
179.062 13.581
179.322 5.159
179.581 9.880
179.841 7.458
180.101 7.179
180.361 4.043
180.621 3.621
180.881 -1.658
181.141 -5.651
181.401 0.355
181.661 2.934
181.920 -0.345
182.180 -2.624
182.440 -3.903
182.700 1.104
182.960 9.110
183.220 5.546
183.480 7.553
183.740 12.845
184.000 13.995
184.259 12.859
184.519 24.009
184.779 34.444
185.039 44.308
185.299 53.172
185.559 58.465
185.819 52.615
186.079 35.050
186.339 11.343
186.598 -14.793
186.858 -41.929
187.118 -57.208
187.378 -73.772
187.638 -79.908
187.898 -59.901
188.158 -43.180
188.418 -32.887
188.678 -27.023
188.937 -34.302
189.197 -35.009
189.457 -31.430
189.717 -19.709
189.977 -8.131
190.237 -3.552
190.497 7.741
190.757 23.748
191.017 23.755
191.276 23.619
191.536 7.626
191.796 -9.510
192.056 -21.217
192.316 -32.210
192.576 -34.060
192.836 -21.624
193.096 -29.617
193.356 -36.753
193.616 -35.174
193.875 -29.739
194.135 -20.303
194.395 -17.010
194.655 -25.146
194.915 -11.567
195.175 7.726
195.435 9.018
195.695 5.311
195.955 7.604
196.214 12.754
196.474 17.904
196.734 18.054
196.994 13.490
197.254 25.211
197.514 41.504
197.774 45.940
198.034 35.375
198.294 32.525
198.553 27.961
198.813 16.540
199.073 6.261
199.333 2.554
199.593 2.704
199.853 4.854
200.113 10.718
200.373 16.154
200.633 16.875
200.892 14.168
201.152 8.604
201.412 -5.960
201.672 -20.096
201.932 -35.946
202.192 -42.225
202.452 -34.646
202.712 -27.639
202.972 -24.346
203.231 -14.196
203.491 8.954
203.751 24.104
204.011 36.254
204.271 50.118
204.531 52.697
204.791 38.418
205.051 33.568
205.311 25.432
205.570 26.296
205.830 36.446
206.090 33.596
206.350 28.032
206.610 39.468
206.870 45.903
207.130 46.339
207.390 34.632
207.650 9.353
207.909 -10.926
208.169 -18.776
208.429 -24.769
208.689 -39.619
208.949 -47.326
209.209 -42.890
209.469 -39.312
209.729 -32.448
209.989 -34.298
210.248 -26.005
210.508 -13.855
210.768 -4.134
211.028 0.444
211.288 8.166
211.548 8.173
211.808 13.037
212.068 11.187
212.328 7.765
212.587 4.201
212.847 8.208
213.107 4.643
213.367 -3.493
213.627 -9.343
213.887 -19.622
214.147 -27.758
214.407 -30.465
214.667 -31.887
214.926 -30.023
215.186 -26.730
215.446 -32.581
215.706 -36.145
215.966 -19.424
216.226 -18.131
216.486 -27.267
216.746 -17.832
217.006 -2.825
217.265 20.753
217.525 44.331
217.785 38.624
218.045 24.916
218.305 22.209
218.565 17.644
218.825 15.222
219.085 16.943
219.345 9.236
219.604 9.528
219.864 23.392
220.124 34.256
220.384 24.120
220.644 14.984
220.904 13.705
221.164 12.283
221.424 9.575
221.684 12.296
221.943 -2.268
222.203 -8.262
222.463 -2.255
222.723 -1.106
222.983 -2.242
223.243 -5.807
223.503 -21.086
223.763 -23.079
224.023 -13.216
224.282 -11.209
224.542 -17.917
224.802 -21.053
225.062 -15.761
225.322 8.817
225.582 26.252
225.842 21.116
226.102 6.551
226.362 -6.014
226.621 -2.150
226.881 5.285
227.141 2.577
227.401 -1.131
227.661 1.161
227.921 -0.832
228.181 8.317
228.441 9.466
228.701 -0.242
228.960 -7.092
229.220 -9.515
229.480 -8.222
229.740 -2.645
230.000 -9.353
230.260 -16.918
230.520 -13.911
230.780 -17.334
231.040 -24.899
231.299 -37.607
231.559 -48.029
231.819 -44.880
232.079 -31.445
232.339 -21.010
232.599 -10.718
232.859 -8.998
233.119 -8.992
233.379 -2.271
233.638 -11.836
233.898 -17.687
234.158 -19.824
234.418 -26.675
234.678 -23.526
234.938 -8.663
235.198 -3.657
235.458 5.349
235.718 7.641
235.978 0.219
236.237 6.225
236.497 19.517
236.757 24.666
237.017 26.386
237.277 28.963
237.537 30.969
237.797 36.118
238.057 33.124
238.317 36.844
238.576 37.993
238.836 49.428
239.096 50.577
239.356 47.154
239.616 49.160
239.876 36.452
240.136 17.315
240.396 7.463
240.656 -6.102
240.915 -8.239
241.175 -8.233
241.435 -12.370
241.695 0.778
241.955 19.784
242.215 26.790
242.475 32.081
242.735 28.801
242.995 24.522
243.254 22.527
243.514 13.247
243.774 -4.461
244.034 -10.027
244.294 -9.164
244.554 0.270
244.814 3.419
245.074 -5.433
245.334 -10.141
245.593 -11.993
245.853 -15.273
246.113 -11.553
246.373 -12.405
246.633 -9.970
246.893 1.749
247.153 17.041
247.413 18.903
247.673 16.052
247.932 14.915
248.192 14.491
248.452 6.640
248.712 4.645
248.972 5.651
249.232 9.085
249.492 12.662
249.752 10.096
250.012 2.530
250.271 -1.322
250.531 -8.031
250.791 -15.883
251.051 -21.163
251.311 -20.443
251.571 -7.009
251.831 11.568
252.091 15.573
252.351 9.007
252.610 12.155
252.870 33.589
253.130 38.166
253.390 18.599
253.650 16.605
253.911 19.181
254.172 25.472
254.433 18.620
254.694 -3.089
254.955 -16.655
255.216 -21.793
255.477 -41.787
255.738 -37.211
255.999 -21.920
256.261 -11.058
256.522 7.662
256.783 29.238
257.044 36.529
257.305 51.249
257.566 46.825
257.827 30.402
258.088 24.407
258.349 11.555
258.610 -0.869
258.871 -1.292
259.132 -10.145
259.393 -7.425
259.654 -1.992
259.915 -9.987
260.176 -14.839
260.437 -14.977
260.698 -6.115
260.959 1.176
261.221 -0.676
261.482 -3.957
261.743 -0.666
262.004 4.910
262.265 9.772
262.526 5.491
262.787 3.496
263.048 -0.071
263.309 3.934
263.570 10.225
263.831 15.087
264.092 18.091
264.353 17.668
264.614 20.958
264.875 24.534
265.136 25.825
265.397 30.258
265.658 28.406
265.919 33.125
266.181 38.558
266.442 34.706
266.703 35.567
266.964 41.858
267.225 42.434
267.486 39.724
267.747 29.586
268.008 31.448
268.269 37.167
268.530 52.886
268.791 57.462
269.052 56.609
269.313 61.756
269.574 59.332
269.835 44.766
270.096 28.056
270.357 5.775
270.618 -13.935
270.879 -21.502
271.141 -20.926
271.402 -17.207
271.663 0.511
271.924 21.944
272.185 23.806
272.446 17.239
272.707 12.672
272.968 7.248
273.229 12.824
273.490 8.399
273.751 2.547
274.012 -4.163
274.273 5.413
274.534 15.703
274.795 14.564
275.056 11.140
275.317 1.573
275.578 -5.566
275.839 9.867
276.101 24.300
276.362 29.733
276.623 35.737
276.884 39.170
277.145 39.888
277.406 35.035
277.667 32.468
277.928 18.901
278.189 7.619
278.450 -0.376
278.711 -4.229
278.972 -2.797
279.233 2.065
279.494 6.212
279.755 11.359
280.016 14.934
280.277 22.653
280.538 16.514
280.799 11.804
281.061 9.236
281.322 -0.760
281.583 -1.898
281.844 -8.752
282.105 -15.319
282.366 -21.601
282.627 -18.882
282.888 -18.450
283.149 -16.446
283.410 -12.870
283.671 -8.295
283.932 -7.291
284.193 6.999
284.454 8.288
284.715 13.578
284.976 16.868
285.237 10.443
285.498 5.018
285.759 0.737
286.021 -3.688
286.282 2.459
286.543 3.891
286.804 3.609
287.065 -0.673
287.326 7.617
287.587 16.906
287.848 6.767
288.109 -2.657
288.370 3.346
288.631 5.779
288.892 20.068
289.153 25.786
289.414 17.504
289.675 17.508
289.936 14.226
290.197 3.944
290.458 2.662
290.719 -1.620
290.981 -2.902
291.242 8.530
291.503 18.677
291.764 23.966
292.025 23.541
292.286 16.831
292.547 2.549
292.808 -1.019
293.069 -6.444
293.330 -12.440
293.591 -12.865
293.852 -15.148
294.113 -11.715
294.374 -2.569
294.635 0.435
294.896 17.867
295.157 35.013
295.418 35.445
295.679 32.449
295.941 32.881
296.202 36.313
296.463 37.459
296.724 21.749
296.985 10.466
297.246 15.613
297.507 21.473
297.768 6.620
298.029 -12.234
298.290 -31.088
298.551 -35.799
298.812 -36.652
299.073 -28.363
299.334 -20.931
299.595 -5.356
299.856 5.361
300.117 12.936
300.378 7.082
300.639 11.514
300.901 9.946
301.162 2.521
301.423 -5.476
301.684 -10.901
301.945 -14.040
302.206 8.534
302.467 19.395
302.728 19.255
302.989 28.258
303.250 42.833
303.511 49.694
303.772 53.125
304.033 38.414
304.294 21.275
304.555 10.707
304.816 4.995
305.077 -5.716
305.338 -8.141
305.599 9.577
305.861 20.723
306.122 28.583
306.383 30.586
306.644 22.161
306.905 18.164
307.166 22.596
307.427 8.456
307.688 -2.541
307.949 -4.538
308.210 -3.106
308.471 14.897
308.732 36.186
308.993 58.189
309.254 71.620
309.515 78.909
309.776 86.484
310.037 85.344
310.298 73.776
310.559 68.064
310.821 43.639
311.082 31.785
311.343 29.216
311.604 19.362
311.865 15.079
312.126 18.225
312.387 19.514
312.648 28.231
312.909 29.377
313.170 32.952
313.434 33.812
313.698 43.815
313.963 42.532
314.227 36.820
314.491 31.966
314.755 24.255
315.019 8.829
315.284 9.118
315.548 9.835
315.812 6.838
316.076 10.412
316.340 16.558
316.604 21.132
316.869 22.707
317.133 22.709
317.397 16.427
317.661 11.858
317.925 -0.853
318.190 -10.279
318.454 -9.134
318.718 -1.131
318.982 -0.128
319.246 -12.268
319.511 -19.408
319.775 -14.405
320.039 -12.688
320.303 -4.257
320.567 3.889
320.832 4.749
321.096 16.751
321.360 24.611
321.624 20.328
321.888 18.474
322.153 -7.523
322.417 -22.806
322.681 -37.089
322.945 -46.087
323.209 -38.513
323.473 -30.224
323.738 -26.364
324.002 -13.790
324.266 -17.788
324.530 -7.214
324.794 -2.354
325.059 -7.208
325.323 -6.063
325.587 3.797
325.851 10.800
326.115 17.659
326.380 18.805
326.644 20.379
326.908 15.810
327.172 8.384
327.436 11.672
327.701 21.675
327.965 21.106
328.229 13.252
328.493 9.111
328.757 15.542
329.022 21.973
329.286 9.833
329.550 -2.307
329.814 2.410
330.078 3.841
330.342 8.986
330.607 12.703
330.871 19.420
331.135 24.279
331.399 31.139
331.663 32.999
331.928 39.858
332.192 29.289
332.456 9.149
332.720 -4.563
332.984 -2.989
333.249 -10.130
333.513 -15.127
333.777 -11.268
334.041 0.306
334.305 13.309
334.570 14.168
334.834 11.028
335.098 8.173
335.362 1.604
335.626 -5.679
335.891 -12.391
336.155 -4.817
336.419 1.042
336.683 -3.813
336.947 -4.382
337.211 -0.808
337.476 -6.091
337.740 1.482
338.004 4.628
338.268 7.487
338.532 12.918
338.797 19.777
339.061 22.637
339.325 18.782
339.589 5.642
339.853 -4.499
340.118 -1.497
340.382 -12.352
340.646 -25.207
340.910 -19.919
341.174 1.655
341.439 17.229
341.703 13.088
341.967 -5.338
342.231 -2.622
342.495 13.238
342.759 3.669
343.024 -15.901
343.288 -23.613
343.552 -15.468
343.816 -11.323
344.080 -13.749
344.345 -21.461
344.609 -16.459
344.873 -6.457
345.137 -3.740
345.401 -8.309
345.666 -11.450
345.930 -5.591
346.194 -0.589
346.458 6.128
346.722 12.987
346.987 11.275
347.251 3.277
347.515 5.422
347.779 4.281
348.043 4.855
348.308 -1.000
348.572 -9.284
348.836 -14.139
349.100 -8.137
349.364 6.151
349.628 4.725
349.893 1.155
350.157 3.586
350.421 1.017
350.685 7.304
350.949 10.306
351.214 -3.834
351.478 -2.404
351.742 2.170
352.006 -10.257
352.270 -16.255
352.535 -23.538
352.799 -25.679
353.063 -22.106
353.327 -28.675
353.591 -39.102
353.856 -29.385
354.120 -28.812
354.384 -22.810
354.648 -23.951
354.912 -30.663
355.177 -31.804
355.441 -29.088
355.705 -26.657
355.969 -20.655
356.233 -18.368
356.497 -5.509
356.762 4.351
357.026 8.495
357.290 8.212
357.554 1.499
357.818 0.787
358.083 2.075
358.347 0.934
358.611 4.793
358.875 8.223
359.139 5.796
359.404 6.084
359.668 19.372
359.932 33.374
360.196 26.518
360.460 20.949
360.725 32.808
360.989 47.953
361.253 57.526
361.517 49.813
361.781 31.672
362.046 25.389
362.310 28.248
362.574 13.678
362.838 -0.606
363.102 -7.033
363.366 -15.602
363.631 -13.172
363.895 -5.598
364.159 -11.025
364.423 0.691
364.687 13.693
364.952 17.694
365.216 15.553
365.480 18.984
365.747 23.986
366.013 35.987
366.280 34.561
366.546 29.991
366.813 41.278
367.079 59.566
367.346 58.853
367.612 51.141
367.879 47.143
368.145 42.859
368.412 35.860
368.678 20.291
368.945 17.007
369.211 18.580
369.478 18.725
369.744 13.441
370.011 18.157
370.278 24.873
370.544 29.874
370.811 21.019
371.077 20.306
371.344 23.022
371.610 24.024
371.877 22.311
372.143 15.742
372.410 6.743
372.676 4.745
372.943 -2.967
373.209 -5.823
373.476 -5.678
373.742 -8.820
374.009 -0.389
374.276 10.041
374.542 13.471
374.809 17.187
375.075 15.760
375.342 23.476
375.608 32.049
375.875 25.765
376.141 12.338
376.408 6.340
376.674 6.484
376.941 3.486
377.207 -17.941
377.474 -33.939
377.740 -29.224
378.007 -21.222
378.273 -17.220
378.540 -14.362
378.807 3.640
379.073 20.356
379.340 26.643
379.606 20.359
379.873 9.218
380.139 2.505
380.406 -10.208
380.672 -31.063
380.939 -33.919
381.205 -24.203
381.472 -7.344
381.738 4.657
382.005 11.373
382.271 26.660
382.538 33.662
382.804 28.235
383.071 10.522
383.338 -10.048
383.604 -3.903
383.871 -1.473
384.137 -7.329
384.404 -7.470
384.670 -9.183
384.937 -8.467
385.203 -8.751
385.470 -17.464
385.736 -15.891
386.003 -5.604
386.269 7.540
386.536 14.542
386.802 16.115
387.069 19.402
387.336 18.403
387.602 11.691
387.869 -7.022
388.135 -20.021
388.402 -26.019
388.668 -16.589
388.935 -15.731
389.201 -9.729
389.468 -0.442
389.734 6.845
390.001 8.847
390.267 3.848
390.534 -7.293
390.800 -12.435
391.067 -15.719
391.333 -24.289
391.600 -31.716
391.867 -28.000
392.133 -10.999
392.400 -6.855
392.666 5.004
392.933 4.005
393.199 15.864
393.466 38.151
393.732 40.581
393.999 41.582
394.265 47.727
394.532 48.299
394.798 42.586
395.065 19.588
395.331 -8.268
395.598 -16.552
395.864 -12.551
396.131 -12.121
396.398 -12.691
396.664 10.310
396.931 31.169
397.197 41.313
397.464 36.029
397.730 28.316
397.997 37.317
398.263 44.033
398.530 44.034
398.796 53.750
399.063 64.180
399.329 83.181
399.596 89.468
399.862 81.469
400.129 63.756
400.396 52.043
400.662 39.473
400.929 43.617
401.195 61.047
401.462 73.906
401.728 92.907
401.995 136.480
402.261 177.195
402.528 222.197
402.794 270.484
403.061 317.485
403.327 373.629
403.594 438.773
403.860 502.060
404.127 562.633
404.393 628.920
404.660 691.207
404.931 742.065
405.202 809.924
405.473 875.211
405.745 929.926
406.016 992.213
406.287 1054.643
406.558 1110.930
406.829 1169.931
407.100 1228.076
407.371 1262.505
407.642 1279.649
407.914 1296.079
408.185 1303.938
408.456 1313.653
408.727 1319.369
408.998 1305.941
409.269 1291.371
409.540 1290.944
409.811 1281.659
410.083 1258.946
410.354 1239.090
410.625 1212.234
410.896 1170.521
411.167 1147.094
411.438 1124.238
411.709 1086.811
411.981 1044.955
412.252 992.813
412.523 933.814
412.794 889.387
413.065 848.388
413.336 815.389
413.607 767.676
413.878 726.392
414.150 696.821
414.421 675.680
414.692 642.252
414.963 600.396
415.234 542.112
415.505 493.399
415.776 452.257
416.047 402.687
416.319 342.688
416.590 286.832
416.861 236.976
417.132 197.548
417.403 172.121
417.674 151.979
417.945 138.552
418.217 125.410
418.488 115.840
418.759 102.698
419.030 93.699
419.301 88.843
419.572 74.273
419.843 59.417
420.114 49.704
420.386 39.991
420.657 30.992
420.928 18.279
421.199 13.994
421.470 14.995
421.741 -0.004
422.012 1.140
422.283 15.570
422.555 35.142
422.826 36.144
423.097 26.145
423.368 24.717
423.639 33.290
423.910 31.291
424.181 30.578
424.453 26.007
424.724 36.294
424.995 40.581
425.266 35.582
425.537 34.440
425.808 32.441
426.079 30.014
426.350 26.443
426.622 19.159
426.893 19.874
427.164 34.304
427.435 43.590
427.706 39.306
427.977 26.735
428.248 6.594
428.519 -6.977
428.791 -8.833
429.062 -20.975
429.333 -26.831
429.604 -20.544
429.875 -5.972
430.146 20.172
430.417 25.888
430.689 19.603
430.960 21.033
431.231 18.891
431.502 13.463
431.773 4.750
432.044 7.465
432.315 25.466
432.586 28.467
432.858 21.183
433.129 16.755
433.400 15.899
433.671 1.043
433.942 -20.813
434.213 -31.670
434.484 -29.669
434.755 -19.668
435.027 -1.952
435.298 9.906
435.569 25.621
435.840 36.479
436.116 36.195
436.391 41.196
436.667 55.339
436.942 52.340
437.218 46.341
437.493 42.914
437.769 37.772
438.045 43.059
438.320 47.060
438.596 26.918
438.871 6.347
439.147 -5.938
439.422 -10.508
439.698 -9.078
439.974 -9.220
440.249 -15.791
440.525 -8.361
440.800 1.497
441.076 11.641
441.351 13.356
441.627 6.071
441.903 0.501
442.178 -1.070
442.454 -2.355
442.729 2.075
443.005 15.362
443.281 32.505
443.556 45.078
443.832 47.364
444.107 47.937
444.383 40.509
444.658 29.510
444.934 18.368
445.210 15.512
445.485 13.227
445.761 12.371
446.036 13.229
446.312 18.515
446.587 32.516
446.863 38.374
447.139 23.947
447.414 13.805
447.690 19.091
447.965 23.521
448.241 28.522
448.516 19.380
448.792 10.666
449.068 25.382
449.343 48.240
449.619 57.526
449.894 60.813
450.170 64.528
450.445 74.958
450.721 80.244
450.997 75.245
451.272 61.103
451.548 46.390
451.823 38.962
452.099 32.391
452.375 19.392
452.650 25.107
452.926 30.537
453.201 28.109
453.477 37.110
453.752 50.397
454.028 51.826
454.304 71.398
454.579 74.399
454.855 68.829
455.130 82.544
455.406 82.830
455.681 66.974
455.957 59.689
456.233 45.261
456.508 35.262
456.784 37.549
457.059 32.121
457.335 26.979
457.610 28.980
457.886 29.838
458.162 31.553
458.437 29.840
458.713 22.983
458.988 20.413
459.264 24.414
459.539 22.557
459.815 19.987
460.091 16.845
460.366 19.417
460.642 23.418
460.917 18.561
461.193 -3.724
461.468 -15.008
461.744 -9.436
462.020 -7.435
462.295 -7.577
462.571 -9.291
462.846 -0.729
463.122 16.124
463.397 25.555
463.673 28.835
463.949 32.408
464.224 22.422
464.500 7.149
464.775 -10.682
465.051 -8.112
465.327 2.440
465.602 -5.551
465.878 -5.420
466.153 0.853
466.429 11.556
466.704 19.971
466.980 20.137
467.256 17.885
467.531 20.885
467.807 16.334
468.082 22.787
468.358 32.257
468.633 44.479
468.909 52.861
469.185 55.343
469.460 59.947
469.736 51.747
470.011 43.561
470.287 38.696
470.562 23.455
470.838 9.075
471.114 0.015
471.389 -0.963
471.665 17.532
471.940 33.314
472.216 36.225
472.491 38.246
472.767 55.095
473.043 60.911
473.318 51.780
473.594 44.127
473.869 37.049
474.145 33.146
474.421 28.633
474.696 18.196
474.972 17.919
475.247 23.879
475.523 12.247
475.798 3.523
476.074 4.837
476.350 16.480
476.625 2.522
476.901 -16.092
477.176 -15.658
477.452 11.651
477.727 29.515
478.003 21.661
478.279 15.259
478.554 22.088
478.830 30.965
479.105 33.565
479.381 21.484
479.656 8.838
479.932 11.610
480.208 11.895
480.483 9.007
480.759 13.783
481.034 16.641
481.310 19.767
481.585 20.758
481.861 27.655
482.137 25.785
482.412 25.518
482.688 25.512
482.963 25.740
483.239 11.095
483.514 -1.911
483.790 -4.795
484.066 -5.926
484.341 -13.583
484.617 -18.703
484.892 -20.025
485.168 -16.032
485.443 -9.032
485.719 -11.593
485.995 -1.125
486.270 6.289
486.546 4.913
486.821 -2.599
487.097 8.915
487.373 12.161
487.648 4.024
487.924 -5.995
488.199 1.873
488.475 7.648
488.750 3.872
489.026 -4.290
489.302 -0.515
489.577 11.679
489.853 17.554
490.128 12.926
490.404 1.335
490.679 12.808
490.955 17.426
491.231 16.443
491.506 13.368
491.782 0.090
492.057 -7.318
492.333 0.080
492.608 -11.671
492.884 -15.444
493.160 -16.978
493.435 -26.920
493.711 -17.273
493.986 -11.965
494.262 3.176
494.537 23.654
494.813 28.295
495.089 37.425
495.364 49.763
495.640 47.515
495.915 43.850
496.191 23.035
496.467 6.892
496.742 -1.239
497.018 -4.965
497.293 9.765
497.569 19.676
497.844 30.842
498.120 53.484
498.396 62.566
498.671 60.869
498.947 57.924
499.222 44.092
499.498 38.582
499.773 47.339
500.049 48.731
500.325 52.960
500.600 64.717
500.876 74.532
501.151 83.467
501.427 86.371
501.702 73.382
501.978 55.919
502.254 43.452
502.529 45.384
502.805 39.976
503.080 32.261
503.356 36.773
503.631 44.881
503.907 47.181
504.183 49.203
504.458 46.063
504.734 60.373
505.009 72.085
505.285 67.025
505.560 66.014
505.836 76.415
506.112 86.526
506.387 79.295
506.663 57.482
506.938 43.592
507.214 42.568
507.490 49.317
507.765 41.078
508.041 21.904
508.316 28.061
508.592 31.785
508.867 29.188
509.143 13.258
509.419 -2.739
509.694 4.108
509.970 10.296
510.245 8.673
510.521 10.765
510.796 9.338
511.072 21.656
511.348 24.923
511.623 19.047
511.899 25.999
512.174 25.092
512.450 22.068
512.725 32.382
513.001 45.480
513.277 59.251
513.552 70.649
513.828 80.727
514.103 90.634
514.379 96.060
514.654 95.996
514.930 91.565
515.206 82.926
515.481 81.535
515.757 81.256
516.032 76.801
516.308 78.531
516.583 88.992
516.859 110.161
517.135 132.598
517.410 140.828
517.686 153.983
517.961 181.811
518.237 206.667
518.513 220.079
518.788 224.562
519.064 232.181
519.339 249.245
519.615 253.891
519.890 257.551
520.166 279.914
520.442 309.210
520.717 341.284
520.993 360.625
521.268 384.336
521.544 413.793
521.819 442.664
522.095 456.008
522.371 455.162
522.646 440.424
522.922 450.458
523.197 459.851
523.473 461.782
523.748 451.938
524.024 452.006
524.300 456.259
524.575 469.246
524.851 460.908
525.126 431.750
525.402 414.890
525.677 399.169
525.953 370.147
526.229 341.365
526.504 315.528
526.780 303.544
527.055 314.247
527.331 309.414
527.606 293.371
527.882 273.933
528.158 270.065
528.433 266.272
528.709 261.330
528.984 255.905
529.260 254.051
529.535 261.051
529.811 275.558
530.087 282.469
530.362 285.365
530.638 283.501
530.913 278.529
531.189 279.972
531.465 280.257
531.740 277.612
532.016 277.115
532.291 281.182
532.567 275.037
532.842 262.122
533.118 252.922
533.394 256.757
533.669 255.402
533.945 245.053
534.220 240.982
534.496 243.833
534.771 247.124
535.047 247.675
535.323 241.874
535.598 252.248
535.874 280.180
536.149 303.339
536.425 337.167
536.700 375.560
536.976 418.843
537.252 477.772
537.527 538.676
537.803 602.429
538.078 659.337
538.354 721.112
538.629 822.829
538.905 927.428
539.181 1024.546
539.456 1116.684
539.732 1188.683
540.007 1278.715
540.283 1356.044
540.558 1392.229
540.834 1436.052
541.110 1474.050
541.385 1503.522
541.661 1530.056
541.936 1558.786
542.212 1595.909
542.488 1632.322
542.763 1647.891
543.039 1652.888
543.314 1644.119
543.590 1641.009
543.865 1610.412
544.141 1573.632
544.417 1542.452
544.692 1510.250
544.968 1476.118
545.243 1448.929
545.519 1428.607
545.794 1420.435
546.070 1408.487
546.348 1395.081
546.627 1391.393
546.905 1400.274
547.183 1438.331
547.461 1479.650
547.740 1510.664
548.018 1551.411
548.296 1592.268
548.575 1612.190
548.853 1646.279
549.131 1678.704
549.409 1715.742
549.688 1765.974
549.966 1808.688
550.244 1854.787
550.523 1931.411
550.801 2000.747
551.079 2061.468
551.357 2102.673
551.636 2151.773
551.914 2220.477
552.192 2297.944
552.471 2358.531
552.749 2410.229
553.027 2453.587
553.306 2515.917
553.584 2567.069
553.862 2583.199
554.140 2585.810
554.419 2603.234
554.697 2609.250
554.975 2589.189
555.254 2550.684
555.532 2511.046
555.810 2479.229
556.088 2435.950
556.367 2368.483
556.645 2295.172
556.923 2241.475
557.202 2192.770
557.480 2120.955
557.758 2036.221
558.036 1955.133
558.315 1873.128
558.593 1792.254
558.871 1704.307
559.150 1612.170
559.428 1511.671
559.706 1417.144
559.984 1327.341
560.263 1241.205
560.541 1148.065
560.819 1059.995
561.098 979.812
561.376 915.217
561.654 838.206
561.932 757.689
562.211 688.387
562.489 642.085
562.767 601.902
563.046 549.189
563.324 507.686
563.602 489.046
563.880 471.086
564.159 440.030
564.437 408.635
564.715 373.152
564.994 348.749
565.272 328.281
565.550 303.421
565.828 281.485
566.107 265.609
566.385 248.637
566.663 248.342
566.942 243.203
567.220 231.098
567.498 227.011
567.776 222.321
568.055 211.393
568.333 204.225
568.611 187.029
568.890 168.018
569.168 156.015
569.446 151.773
569.725 145.390
570.003 135.102
570.281 124.527
570.559 121.550
570.838 117.183
571.116 112.136
571.394 93.655
571.673 71.826
571.951 68.248
572.229 63.016
572.507 52.404
572.786 52.898
573.064 51.565
573.342 58.589
573.621 83.028
573.899 93.112
574.177 94.260
574.455 95.856
574.734 93.820
575.012 95.288
575.290 82.605
575.569 53.958
575.847 37.450
576.125 30.884
576.403 24.893
576.682 26.216
576.960 20.354
577.243 19.240
577.527 18.086
577.810 21.601
578.093 31.061
578.377 30.526
578.660 26.779
578.944 30.369
579.227 33.632
579.510 46.367
579.794 52.754
580.077 46.281
580.360 41.756
580.644 33.406
580.927 21.496
581.210 23.512
581.494 25.116
581.777 21.868
582.061 19.885
582.344 18.032
582.627 16.180
582.911 13.039
583.194 5.211
583.477 0.663
583.761 -10.747
584.044 -11.885
584.327 -8.176
584.611 4.097
584.894 18.078
585.178 32.362
585.461 42.510
585.744 63.788
586.028 77.218
586.311 94.648
586.594 87.088
586.878 77.241
587.161 74.670
587.444 72.527
587.728 70.373
588.011 65.079
588.295 51.080
588.578 40.216
588.861 40.502
589.145 38.636
589.428 38.767
589.711 38.064
589.995 36.637
590.278 37.625
590.562 41.925
590.845 34.790
591.128 18.386
591.412 1.689
591.695 -2.046
591.978 3.222
592.262 5.495
592.545 17.178
592.828 31.572
593.112 41.263
593.395 42.559
593.679 38.707
593.962 35.250
594.245 29.548
594.529 32.352
594.812 35.604
595.095 45.104
595.379 54.324
595.662 53.744
595.945 49.045
596.229 58.366
596.512 53.665
596.796 52.344
597.079 60.494
597.362 73.174
597.646 82.909
597.929 91.637
598.212 94.703
598.496 101.735
598.779 99.455
599.062 80.800
599.346 68.639
599.629 74.356
599.913 77.005
600.196 70.343
600.479 69.038
600.763 76.604
601.046 83.205
601.329 83.465
601.613 69.958
601.896 63.738
602.179 62.046
602.463 64.954
602.746 63.385
603.030 61.542
603.313 59.567
603.596 60.254
603.880 57.149
604.163 58.520
604.446 53.873
604.730 54.828
605.013 67.275
605.296 65.732
605.580 64.892
605.863 65.166
606.147 64.475
606.430 65.304
606.713 69.764
606.997 64.562
607.280 65.541
607.563 63.301
607.847 69.312
608.130 80.086
608.414 93.274
608.697 98.609
608.980 98.075
609.264 104.931
609.547 115.427
609.830 110.955
610.114 96.827
610.397 86.604
610.680 78.519
610.964 74.618
611.247 72.958
611.531 84.316
611.814 92.611
612.097 96.261
612.381 91.368
612.664 82.823
612.947 80.025
613.231 76.387
613.514 69.558
613.797 66.347
614.081 65.653
614.364 59.909
614.648 59.635
614.931 74.832
615.214 88.624
615.498 82.893
615.781 84.199
616.064 95.884
616.348 101.666
616.631 112.376
616.914 105.796
617.198 102.894
617.481 107.159
617.765 104.661
618.048 107.418
618.331 114.081
618.615 99.878
618.898 87.627
619.181 73.817
619.465 75.295
619.748 81.154
620.031 82.822
620.315 84.765
620.598 88.472
620.882 102.557
621.165 120.485
621.448 117.454
621.732 109.719
622.015 101.440
622.298 92.968
622.582 94.873
622.865 88.965
623.148 78.389
623.432 80.927
623.715 84.889
623.999 82.265
624.282 84.081
624.565 91.774
624.849 99.353
625.132 104.607
625.415 114.548
625.699 116.048
625.982 115.088
626.265 116.987
626.549 121.205
626.832 -31.606
627.116 -122.848
627.399 -127.293
627.682 -117.033
627.966 -103.071
628.249 -95.735
628.532 -108.646
628.816 50.267
629.099 147.564
629.383 147.869
629.666 135.335
629.949 122.972
630.233 128.280
630.516 149.246
630.799 142.077
631.083 134.575
631.366 136.251
631.649 148.538
631.933 157.034
632.216 160.595
632.500 156.621
632.783 169.325
633.066 182.796
633.350 190.736
633.633 189.225
633.916 194.742
634.200 196.140
634.483 200.796
634.766 203.305
635.050 206.699
635.333 213.168
635.617 231.349
635.900 249.615
636.183 265.091
636.467 280.620
636.750 295.864
637.033 311.130
637.317 321.392
637.600 329.424
637.883 340.454
638.167 351.877
638.450 365.847
638.734 384.068
639.017 416.367
639.300 446.967
639.584 470.708
639.867 487.959
640.150 504.139
640.434 531.400
640.717 565.611
641.000 598.810
641.284 637.832
641.567 698.244
641.851 766.334
642.134 837.362
642.417 912.965
642.701 985.156
642.984 1059.348
643.267 1145.869
643.551 1233.943
643.834 1337.703
644.117 1466.621
644.401 1597.184
644.684 1752.157
644.968 1917.301
645.251 2089.442
645.534 2299.249
645.818 2507.491
646.101 2705.479
646.384 2904.873
646.668 3091.847
646.951 3304.242
647.235 3525.302
647.518 3717.304
647.801 3930.539
648.085 4180.595
648.368 4445.712
648.651 4731.937
648.935 5015.351
649.218 5310.760
649.501 5618.847
649.785 5912.530
650.068 6197.606
650.352 6491.909
650.635 6755.347
650.918 6992.625
651.202 7238.955
651.485 7489.920
651.768 7712.495
652.052 7916.876
652.335 8118.935
652.618 8321.576
652.902 8523.243
653.185 8684.907
653.469 8834.210
653.752 8990.491
654.035 9144.337
654.319 9252.246
654.602 9353.379
654.885 9441.052
655.169 9502.969
655.452 9530.056
655.735 9567.361
656.019 9575.399
656.302 9591.077
656.586 9608.878
656.869 9622.691
657.152 9629.436
657.436 9632.001
657.719 9615.386
658.002 9600.475
658.286 9560.775
658.569 9494.924
658.852 9404.341
659.136 9309.424
659.419 9197.340
659.703 9071.116
659.986 8939.950
660.269 8814.857
660.553 8675.303
660.836 8547.729
661.119 8453.245
661.403 8405.081
661.686 8346.574
661.969 8289.608
662.253 8247.162
662.536 8253.243
662.820 8273.446
663.103 8277.447
663.386 8275.676
663.670 8316.682
663.953 8375.129
664.236 8450.264
664.520 8519.406
664.803 8611.991
665.086 8728.565
665.370 8813.381
665.653 8878.510
665.937 8942.347
666.220 8988.927
666.503 9023.096
666.787 9046.854
667.070 9056.851
667.353 9084.026
667.637 9093.024
667.920 9099.453
668.204 9095.100
668.487 9084.480
668.770 9049.926
669.054 8975.110
669.337 8865.801
669.620 8744.533
669.904 8581.150
670.187 8396.959
670.470 8206.663
670.754 8001.098
671.037 7760.314
671.321 7497.072
671.604 7235.952
671.887 6964.845
672.171 6688.531
672.454 6384.348
672.737 6061.211
673.021 5741.818
673.304 5439.931
673.587 5124.528
673.871 4834.286
674.154 4544.655
674.438 4251.001
674.721 3974.349
675.004 3720.816
675.288 3464.684
675.571 3229.626
675.854 2972.115
676.138 2728.309
676.421 2524.314
676.704 2318.384
676.988 2117.887
677.271 1940.547
677.555 1781.203
677.838 1649.058
678.121 1517.797
678.405 1381.907
678.688 1258.533
678.971 1166.308
679.255 1079.252
679.538 996.352
679.821 916.187
680.105 844.649
680.388 778.521
680.672 711.090
680.955 655.460
681.238 620.857
681.522 580.522
681.805 538.311
682.088 504.836
682.372 469.908
682.655 459.971
682.938 454.454
683.222 432.322
683.505 415.252
683.789 406.305
684.072 410.033
684.355 413.613
684.639 395.060
684.922 373.415
685.205 358.834
685.489 358.358
685.772 369.244
686.056 371.332
686.339 386.244
686.622 409.507
686.906 419.539
687.189 435.100
687.472 439.454
687.756 430.358
688.039 431.551
688.322 432.297
688.606 413.359
688.889 396.867
689.173 382.651
689.456 367.541
689.739 348.081
690.023 335.396
690.306 323.141
690.589 329.690
690.873 334.319
691.156 336.502
691.439 339.326
691.723 351.825
692.006 354.871
692.290 335.393
692.573 319.597
692.856 318.817
693.140 304.128
693.423 284.340
693.706 278.734
693.990 265.623
694.273 277.758
694.556 291.800
694.840 279.754
695.123 269.337
695.407 267.038
695.690 254.267
695.973 247.850
696.257 245.983
696.540 234.873
696.830 236.351
697.120 250.252
697.410 265.817
697.699 275.795
697.989 287.106
698.279 288.765
698.569 284.334
698.859 285.326
699.149 280.505
699.439 267.863
699.729 267.661
700.018 254.805
700.308 237.780
700.598 249.415
700.888 252.785
701.178 246.097
701.468 239.639
701.758 231.312
702.048 227.044
702.337 221.466
702.627 202.698
702.917 183.437
703.207 182.180
703.497 186.170
703.787 175.522
704.077 171.980
704.366 171.486
704.656 170.697
704.946 182.396
705.236 180.885
705.526 172.978
705.816 168.802
706.106 156.002
706.396 144.614
706.685 129.444
706.975 123.567
707.265 130.220
707.555 125.967
707.845 120.815
708.135 129.931
708.425 132.430
708.715 131.083
709.004 118.562
709.294 104.886
709.584 109.262
709.874 122.214
710.164 123.159
710.454 127.592
710.744 135.587
711.034 143.979
711.323 145.333
711.613 146.077
711.903 140.644
712.193 128.338
712.483 126.135
712.773 136.206
713.063 146.635
713.352 150.351
713.642 145.263
713.932 144.159
714.222 152.478
714.512 148.786
714.802 129.817
715.092 103.826
715.382 83.774
715.671 88.005
715.961 94.600
716.251 93.038
716.541 100.122
716.831 107.288
717.121 118.189
717.411 131.271
717.701 132.072
717.990 119.891
718.280 110.686
718.570 98.762
718.860 99.959
719.150 107.274
719.440 107.956
719.730 107.001
720.019 114.965
720.309 120.585
720.599 120.077
720.889 117.132
721.179 104.918
721.469 102.924
721.759 100.707
722.049 100.765
722.338 113.328
722.628 116.251
722.918 115.207
723.208 117.314
723.498 109.404
723.788 98.583
724.078 83.940
724.368 73.697
724.657 82.158
724.947 79.016
725.237 74.798
725.527 79.099
725.817 82.580
726.107 90.195
726.397 91.192
726.686 86.536
726.976 100.682
727.266 103.446
727.556 95.714
727.846 103.209
728.136 104.204
728.426 96.484
728.716 92.804
729.005 87.291
729.295 87.187
729.585 93.010
729.875 89.855
730.165 88.634
730.455 102.565
730.745 115.463
731.035 114.270
731.324 117.903
731.614 120.428
731.904 111.703
732.194 102.973
732.484 89.076
732.774 75.823
733.064 71.002
733.354 72.023
733.643 68.563
733.933 69.278
734.223 77.792
734.513 80.477
734.803 77.699
735.093 74.116
735.383 66.903
735.672 67.219
735.962 69.625
736.252 58.762
736.542 54.185
736.832 57.739
737.122 61.272
737.412 80.993
737.702 89.576
737.991 85.965
738.281 88.504
738.571 100.042
738.861 115.942
739.151 121.905
739.441 101.985
739.731 92.335
740.021 96.000
740.310 97.846
740.600 87.483
740.890 69.125
741.180 58.586
741.470 51.831
741.760 52.833
742.050 64.033
742.339 67.003
742.629 55.998
742.919 50.656
743.209 54.500
743.499 65.946
743.789 73.040
744.079 59.340
744.369 52.147
744.658 62.335
744.948 65.181
745.238 58.828
745.528 60.444
745.818 62.175
746.108 69.431
746.398 74.826
746.688 77.403
746.977 80.402
747.267 80.136
747.557 70.501
747.847 72.542
748.137 63.757
748.427 58.799
748.717 58.383
749.006 55.133
749.296 60.973
749.586 70.242
749.876 56.307
750.166 54.042
750.456 72.296
750.746 80.326
751.036 88.628
751.325 86.531
751.615 86.577
751.905 97.744
752.195 102.758
752.485 90.523
752.775 76.973
753.065 72.609
753.355 76.507
753.644 68.535
753.934 57.391
754.224 50.959
754.514 50.116
754.804 60.441
755.094 68.739
755.384 70.474
755.674 63.303
755.963 65.753
756.253 60.304
756.543 49.264
756.833 37.807
757.123 26.936
757.413 17.757
757.703 21.777
757.992 11.871
758.282 21.343
758.572 29.379
758.862 31.819
759.152 22.487
759.442 25.086
759.732 34.719
760.022 35.579
760.311 20.935
760.601 15.626
760.891 17.939
761.181 35.059
761.471 32.185
761.761 23.999
762.051 33.204
762.341 47.866
762.630 48.440
762.920 39.233
763.210 20.387
763.500 25.130
763.793 31.017
764.086 31.154
764.379 28.843
764.671 21.211
764.964 20.777
765.257 29.128
765.550 29.581
765.843 33.333
766.136 43.394
766.429 48.720
766.722 59.662
767.014 64.847
767.307 67.583
767.600 72.767
767.893 67.742
768.186 64.609
768.479 65.473
768.772 74.405
769.064 80.732
769.357 73.673
769.650 62.728
769.943 52.072
770.236 32.775
770.529 22.415
770.822 5.705
771.115 -6.388
771.407 -2.923
771.700 -8.395
771.993 -1.194
772.286 20.695
772.579 27.753
772.872 34.096
773.165 34.820
773.457 34.393
773.750 42.170
774.043 42.753
774.336 34.409
774.629 30.087
774.922 25.196
775.215 24.481
775.508 18.135
775.800 9.783
776.093 15.236
776.386 10.327
776.679 6.733
776.972 13.771
777.265 22.248
777.558 22.248
777.850 26.845
778.143 17.918
778.436 10.158
778.729 11.308
779.022 14.323
779.315 0.827
779.608 6.136
779.900 14.870
780.193 26.167
780.486 39.788
780.779 43.374
781.072 28.020
781.365 31.479
781.658 26.603
781.951 10.981
782.243 -4.909
782.536 -11.070
782.829 -9.640
783.122 -1.464
783.415 -1.325
783.708 5.976
784.001 16.003
784.293 28.303
784.586 32.595
784.879 32.733
785.172 34.308
785.465 39.464
785.758 38.885
786.051 26.724
786.344 13.994
786.636 16.275
786.929 17.831
787.222 9.835
787.515 12.689
787.808 14.246
788.101 12.966
788.394 18.537
788.686 16.654
788.979 10.660
789.272 24.218
789.565 20.222
789.858 12.373
790.151 9.108
790.444 1.547
790.737 -4.870
791.029 5.977
791.322 2.263
791.615 -3.718
791.908 -1.727
792.201 10.105
792.494 21.210
792.787 26.765
793.079 10.649
793.372 2.243
793.665 12.778
793.958 23.320
794.251 34.287
794.544 32.444
794.837 25.465
795.130 29.167
795.422 37.709
795.715 39.559
796.008 17.208
796.301 -5.866
796.594 -18.542
796.887 -18.684
797.180 -11.851
797.472 -9.427
797.765 -13.551
798.058 -6.866
798.351 7.231
798.644 18.910
798.937 11.504
799.230 8.661
799.523 5.385
799.815 -8.870
800.108 -18.982
800.401 -26.677
800.694 -25.668
800.987 -9.414
801.280 -12.548
801.573 -11.832
801.865 11.265
802.158 34.491
802.451 40.057
802.744 36.059
803.037 32.486
803.330 35.340
803.623 45.502
803.915 47.966
804.208 45.701
804.501 47.424
804.794 47.287
805.087 45.301
805.380 42.302
805.673 33.736
805.966 21.442
806.258 7.985
806.551 9.139
806.844 11.153
807.137 0.549
807.430 -0.316
807.723 -1.320
808.016 -3.761
808.308 10.183
808.601 16.947
808.894 15.802
809.187 26.854
809.480 37.211
809.773 40.257
810.066 44.431
810.359 40.411
810.651 40.734
810.944 44.644
811.237 43.502
811.530 33.285
811.825 28.386
812.119 31.723
812.414 29.421
812.709 22.521
813.003 16.895
813.298 20.675
813.593 32.849
813.887 42.286
814.182 48.276
814.476 53.077
814.771 54.108
815.066 60.944
815.360 65.759
815.655 68.424
815.950 70.072
816.244 65.007
816.539 65.028
816.834 58.491
817.128 45.368
817.423 32.421
817.718 25.611
818.012 16.757
818.307 4.622
818.602 3.368
818.896 12.485
819.191 24.099
819.486 31.026
819.780 33.608
820.075 37.043
820.369 59.504
820.664 53.765
820.959 44.340
821.253 35.179
821.548 32.092
821.843 34.244
822.137 28.939
822.432 14.456
822.727 30.011
823.021 39.744
823.316 50.385
823.611 49.507
823.905 36.076
824.200 30.828
824.495 27.692
824.789 20.732
825.084 21.410
825.379 12.531
825.673 16.943
825.968 28.303
826.262 41.626
826.557 54.654
826.852 53.334
827.146 37.281
827.441 34.398
827.736 18.014
828.030 -0.042
828.325 -13.533
828.620 -35.802
828.914 -40.662
829.209 -36.247
829.504 -32.606
829.798 -15.955
830.093 3.377
830.388 10.907
830.682 14.771
830.977 9.372
831.271 9.262
831.566 -5.520
831.861 -26.719
832.155 -39.887
832.450 -48.620
832.745 -41.203
833.039 -39.658
833.334 -29.815
833.629 -9.868
833.923 11.574
834.218 16.766
834.513 28.341
834.807 31.371
835.102 23.697
835.397 19.590
835.691 31.083
835.986 32.214
836.281 25.755
836.575 19.540
836.870 19.507
837.164 37.016
837.459 49.749
837.754 45.170
838.048 37.494
838.343 40.134
838.638 47.794
838.932 50.721
839.227 45.903
839.522 27.086
839.816 14.589
840.111 21.241
840.406 22.509
840.700 20.312
840.995 16.482
841.290 16.020
841.584 21.580
841.879 22.750
842.174 22.717
842.468 33.951
842.763 45.367
843.057 55.825
843.352 59.660
843.647 54.959
843.941 52.011
844.236 53.653
844.531 46.985
844.825 29.760
845.120 19.610
845.415 17.112
845.709 24.733
846.004 27.874
846.299 17.617
846.593 14.016
846.888 18.086
847.183 27.756
847.477 32.237
847.772 20.288
848.066 6.583
848.361 7.038
848.656 1.493
848.950 -11.555
849.245 -15.031
849.540 -25.293
849.834 -20.253
850.129 7.258
850.424 25.785
850.718 39.219
851.013 43.290
851.308 29.525
851.602 29.856
851.897 21.351
852.192 20.647
852.486 16.831
852.781 7.484
853.076 11.921
853.370 20.414
853.665 25.628
853.959 32.517
854.254 25.412
854.549 23.179
854.843 29.165
855.138 30.132
855.433 24.113
855.727 26.320
856.022 36.783
856.317 36.549
856.611 29.069
856.906 35.865
857.201 42.849
857.495 49.364
857.790 45.627
858.085 37.298
858.379 35.786
858.674 26.457
858.969 21.231
859.263 20.324
859.558 22.267
859.852 22.998
860.147 29.682
860.442 46.636
860.736 62.484
861.031 66.031
861.326 73.541
861.620 66.044
861.915 52.573
862.210 47.892
862.504 37.874
862.799 35.137
863.094 28.144
863.388 14.181
863.683 0.388
863.978 2.515
864.272 -4.662
864.567 -18.423
864.861 -21.243
865.156 -31.346
865.451 -35.628
865.745 -31.833
866.040 -30.495
866.335 -6.846
866.629 6.031
866.924 5.377
867.219 22.286
867.513 35.071
867.808 48.815
868.103 66.367
868.397 57.717
868.692 54.360
868.987 58.597
869.281 50.455
869.576 36.933
869.871 34.457
870.165 30.732
870.460 23.665
870.754 9.733
871.049 0.747
871.344 5.358
871.638 3.874
871.933 4.691
872.228 8.088
872.522 9.452
872.817 11.756
873.112 10.243
873.406 11.830
873.701 22.577
873.996 13.829
874.290 -4.668
874.585 -11.465
874.880 -0.252
875.174 6.113
875.469 -8.259
875.764 -4.194
876.058 9.448
876.353 14.591
876.647 8.361
876.942 -2.622
877.237 -5.522
877.531 -3.154
877.826 -8.694
878.121 -19.198
878.415 -21.309
878.710 -17.276
879.005 -19.236
879.299 -27.954
879.594 -24.961
879.889 -32.879
880.183 -30.968
880.478 -28.511
880.773 -25.648
881.067 -20.800
881.362 -12.361
881.656 -8.798
881.951 6.371
882.246 9.016
882.540 11.541
882.835 17.977
883.130 20.335
883.424 27.358
883.719 26.406
884.014 13.699
884.308 18.713
884.603 8.905
884.898 5.247
885.192 6.642
885.487 4.229
885.782 2.409
886.076 1.919
886.371 -9.903
886.666 -0.095
886.960 -1.117
887.255 -15.912
887.549 -24.724
887.844 -23.077
888.139 -14.048
888.433 1.078
888.728 8.544
889.023 12.599
889.317 21.280
889.612 24.968
889.907 23.444
890.201 17.855
890.496 12.896
890.791 9.090
891.085 4.542
891.380 9.843
891.675 15.135
891.969 17.152
892.264 20.808
892.559 19.668
892.853 14.244
893.148 12.864
893.442 2.920
893.737 -10.300
894.032 -9.420
894.326 -8.421
894.621 -12.577
894.916 -10.813
895.210 -11.448
895.505 -4.149
895.800 2.013
896.094 0.881
896.389 -3.899
896.684 -2.889
896.978 2.921
897.273 10.873
897.568 15.928
897.862 18.074
898.157 22.257
898.451 27.826
898.746 32.133
899.041 24.931
899.335 23.674
899.630 21.531
899.925 20.896
900.219 14.569
900.514 13.825
900.809 4.305
901.103 -1.179
901.398 -3.833
901.693 -3.693
901.987 -2.293
902.282 -3.185
902.577 -4.430
902.871 -0.873
903.166 9.330
903.461 12.798
903.755 6.917
904.050 2.435
904.344 6.410
904.639 3.363
904.934 10.301
905.228 19.328
905.523 20.382
905.818 22.420
906.112 22.011
906.407 21.779
906.702 23.338
906.996 14.171
907.291 3.894
907.586 5.360
907.880 12.749
908.175 23.125
908.470 16.754
908.764 20.301
909.059 23.934
909.354 14.536
909.648 0.318
909.943 -9.186
910.237 -14.381
910.532 -1.802
910.827 -0.053
911.121 1.920
911.416 11.875
911.711 22.244
912.005 28.819
912.300 25.519
912.599 14.604
912.898 7.660
913.196 7.145
913.495 0.922
913.794 -10.915
914.093 -21.958
914.391 -16.773
914.690 -7.174
914.989 6.747
915.288 12.659
915.586 10.752
915.885 21.022
916.184 36.410
916.483 44.106
916.782 42.152
917.080 27.713
917.379 23.857
917.678 26.505
917.977 26.517
918.275 28.511
918.574 30.243
918.873 21.594
919.172 17.099
919.471 8.664
919.769 -0.841
920.068 -0.001
920.367 -8.004
920.666 -23.393
920.964 -22.746
921.263 -14.351
921.562 -1.394
921.861 27.216
922.159 33.247
922.458 32.570
922.757 41.902
923.056 54.509
923.355 56.407
923.653 48.933
923.952 27.168
924.251 14.971
924.550 6.901
924.848 5.577
925.147 -2.826
925.446 -6.723
925.745 5.428
926.043 22.253
926.342 27.940
926.641 27.661
926.940 20.091
927.239 18.823
927.537 16.401
927.836 13.308
928.135 8.714
928.434 11.528
928.732 26.958
929.031 31.328
929.330 25.723
929.629 21.126
929.927 15.676
930.226 11.490
930.525 4.848
930.824 1.289
931.123 1.649
931.421 11.853
931.720 20.901
932.019 14.574
932.318 5.526
932.616 2.786
932.915 5.618
933.214 12.985
933.513 13.552
933.812 9.775
934.110 5.458
934.409 9.019
934.708 15.828
935.007 7.091
935.305 -2.550
935.604 -2.106
935.903 -0.989
936.202 11.822
936.500 15.660
936.799 17.269
937.098 18.581
937.397 -4.861
937.696 -24.646
937.994 -20.668
938.293 -18.777
938.592 -8.089
938.891 4.889
939.189 18.905
939.488 44.532
939.787 48.734
940.086 33.968
940.384 32.439
940.683 28.416
940.982 9.529
941.281 -2.057
941.580 -10.901
941.878 -15.673
942.177 -10.959
942.476 -9.915
942.775 -15.382
943.073 0.055
943.372 13.048
943.671 18.449
943.970 33.089
944.268 44.791
944.567 36.833
944.866 28.726
945.165 -0.138
945.464 -25.680
945.762 -29.134
946.061 -23.646
946.360 -30.550
946.659 -33.573
946.957 -32.402
947.256 -0.454
947.555 12.624
947.854 9.802
948.153 11.943
948.451 12.502
948.750 -1.781
949.049 -6.409
949.348 -31.328
949.646 -37.368
949.945 -31.552
950.244 -37.909
950.543 -32.895
950.841 -10.722
951.140 1.167
951.439 16.119
951.738 39.398
952.037 48.786
952.335 39.421
952.634 10.826
952.933 -0.820
953.232 4.275
953.530 11.503
953.829 7.330
954.128 20.518
954.427 36.516
954.725 55.957
955.024 63.121
955.323 68.881
955.622 72.299
955.921 73.249
956.219 56.786
956.518 40.849
956.817 47.312
957.116 49.145
957.414 39.868
957.713 24.304
958.012 13.135
958.311 6.938
958.610 10.763
958.908 10.484
959.207 31.506
959.506 44.664
959.805 40.436
960.103 30.821
960.402 30.544
960.701 26.774
961.000 23.684
961.298 11.599
961.597 3.774
961.896 -3.217
962.195 1.906
962.494 13.720
962.792 27.792
963.091 32.138
963.390 12.347
963.689 -5.526
963.987 5.617
964.286 6.830
964.585 -5.360
964.884 -11.000
965.182 -14.741
965.481 2.703
965.780 18.740
966.080 20.861
966.380 18.247
966.680 31.518
966.981 38.211
967.281 45.209
967.581 47.081
967.881 47.177
968.181 55.286
968.481 55.592
968.781 43.878
969.082 39.115
969.382 37.374
969.682 30.384
969.982 35.068
970.282 41.443
970.582 47.134
970.882 52.360
971.183 57.392
971.483 53.290
971.783 53.798
972.083 42.863
972.383 12.951
972.683 3.292
972.983 -4.420
973.284 -28.296
973.584 -33.907
973.884 -30.400
974.184 -21.495
974.484 3.107
974.784 17.265
975.084 35.813
975.385 75.681
975.685 99.687
975.985 109.313
976.285 118.947
976.585 119.596
976.885 111.298
977.185 111.707
977.486 105.987
977.786 95.906
978.086 91.650
978.386 94.638
978.686 100.754
978.986 117.014
979.286 108.017
979.587 92.853
979.887 89.749
980.187 87.321
980.487 71.463
980.787 63.321
981.087 51.321
981.387 43.749
981.688 44.892
981.988 51.750
982.288 56.464
982.588 61.750
982.888 46.464
983.188 35.607
983.488 38.750
983.789 38.464
984.089 22.179
984.389 11.750
984.689 10.607
984.989 12.036
985.289 18.036
985.589 14.608
985.890 8.465
986.190 8.608
986.490 16.179
986.790 13.608
987.090 15.465
987.390 12.179
987.690 14.465
987.991 20.894
988.291 23.037
988.591 10.894
988.891 -4.820
989.191 -9.106
989.491 0.037
989.791 9.037
990.092 21.609
990.392 26.180
990.692 14.752
990.992 24.609
991.292 41.752
991.592 37.895
991.892 28.895
992.193 18.895
992.493 24.323
992.793 31.752
993.093 17.609
993.393 0.038
993.693 -7.391
993.993 -12.105
994.294 -20.676
994.594 -30.676
994.894 -25.390
995.194 -7.533
995.494 -0.676
995.794 -2.962
996.094 -2.104
996.395 -2.247
996.695 2.467
996.995 6.896
997.295 9.039
997.595 19.610
997.895 34.610
998.195 38.039
998.496 45.896
998.796 49.468
999.096 46.039
999.396 44.039
999.696 31.468
999.996 24.182
1000.296 35.182
1000.597 38.325
1000.897 29.468
1001.197 23.040
1001.497 31.182
1001.797 56.468
1002.097 64.040
1002.397 51.325
1002.698 40.611
1002.998 45.040
1003.298 51.897
1003.598 46.183
1003.898 21.612
1004.198 15.040
1004.498 24.183
1004.799 21.326
1005.099 10.612
1005.399 7.469
1005.699 0.469
1005.999 -1.959
1006.299 -10.817
1006.599 -21.388
1006.900 -19.816
1007.200 -11.959
1007.500 -22.816
1007.800 -31.959
1008.100 -32.673
1008.400 -27.245
1008.700 -24.673
1009.001 -24.387
1009.301 -23.387
1009.601 -16.530
1009.901 -14.816
1010.201 -21.673
1010.501 -32.816
1010.801 -42.816
1011.102 -39.530
1011.402 -45.530
1011.702 -48.815
1012.002 -37.244
1012.302 -20.958
1012.602 -13.244
1012.902 -12.815
1013.203 -18.958
1013.503 -19.244
1013.803 -1.815
1014.103 0.328
1014.403 -12.386
1014.703 -15.958
1015.003 -11.529
1015.304 -0.815
1015.604 2.471
1015.904 -6.100
1016.204 -7.100
1016.504 7.186
1016.804 6.186
1017.104 1.757
1017.405 -8.528
1017.705 -4.957
1018.005 4.472
1018.305 7.472
1018.605 4.472
1018.905 16.758
1019.205 37.758
1019.506 47.472
1019.806 47.758
1020.106 41.186
1020.406 32.758
1020.706 28.615
1021.006 39.044
1021.306 36.044
1021.607 33.472
1021.907 38.758
1022.207 44.901
1022.507 51.758
1022.807 59.901
1023.107 52.616
1023.407 53.187
1023.708 55.758
1024.008 50.187
1024.308 36.473
1024.608 26.902
1024.908 19.759
1025.208 22.187
1025.508 11.902
1025.809 6.045
1026.109 1.616
1026.409 8.188
1026.709 24.616
1027.009 30.616
1027.309 32.331
1027.609 49.188
1027.910 61.759
1028.210 62.902
1028.510 54.902
1028.810 55.760
1029.110 57.474
1029.410 51.474
1029.710 33.474
1030.011 24.045
1030.311 25.046
1030.611 36.331
1030.911 35.188
1031.211 35.046
1031.511 28.331
1031.811 34.189
1032.112 42.189
1032.412 58.046
1032.712 53.617
1033.012 39.046
1033.312 25.903
1033.612 24.189
1033.912 17.903
1034.212 5.761
1034.513 -8.382
1034.813 -7.811
1035.113 -5.382
1035.413 -2.239
1035.713 4.475
1036.013 9.475
1036.313 10.904
1036.614 5.190
1036.914 -6.525
1037.214 -16.239
1037.514 -10.667
1037.814 -9.096
1038.114 -10.524
1038.414 -11.381
1038.715 -13.096
1039.015 -7.810
1039.315 -2.238
1039.615 -9.524
1039.915 -18.381
1040.215 -20.381
1040.515 -15.095
1040.816 -12.238
1041.116 -14.095
1041.416 -11.667
1041.716 -7.809
1042.016 -0.381
1042.316 8.762
1042.616 7.334
1042.917 3.905
1043.217 12.191
1043.517 13.191
1043.817 12.048
1044.117 19.477
1044.417 14.048
1044.717 5.048
1045.018 12.048
1045.318 23.334
1045.618 38.763
1045.918 33.906
1046.218 24.334
1046.518 31.049
1046.818 51.049
1047.119 51.049
1047.419 33.906
1047.719 13.620
1048.019 16.192
1048.319 14.335
1048.619 3.049
1048.919 -10.522
1049.220 -7.808
1049.520 -10.094
1049.820 -7.665
1050.120 -2.094
1050.420 7.907
1050.720 6.907
1051.020 2.621
1051.321 -1.522
1051.621 3.192
1051.921 8.764
1052.221 12.764
1052.521 15.621
1052.821 28.193
1053.121 24.764
1053.422 18.621
1053.722 26.050
1054.022 19.336
1054.322 5.622
1054.622 -5.664
1054.922 -14.664
1055.222 6.479
1055.523 26.765
1055.823 21.479
1056.123 25.050
1056.423 40.622
1056.723 46.765
1057.023 57.622
1057.323 57.479
1057.624 51.622
1057.924 61.336
1058.224 68.194
1058.524 60.908
1058.824 53.622
1059.124 45.765
1059.424 43.337
1059.725 45.908
1060.025 45.765
1060.325 34.194
1060.625 33.194
1060.925 35.051
1061.225 32.908
1061.525 21.194
1061.826 10.909
1062.126 6.623
1062.426 12.052
1062.726 17.194
1063.026 19.052
1063.326 20.480
1063.626 32.909
1063.927 38.909
1064.227 25.766
1064.527 13.195
1064.827 6.623
1065.127 3.195
1065.427 -11.948
1065.727 -37.805
1066.028 -45.519
1066.328 -36.091
1066.628 -29.662
1066.928 -24.948
1067.228 -28.090
1067.528 -10.948
1067.828 8.767
1068.129 12.195
1068.429 6.481
1068.729 24.196
1069.029 25.624
1069.329 24.481
1069.629 18.196
1069.929 2.481
1070.230 0.482
1070.530 2.910
1070.830 -6.233
1071.130 -1.518
1071.430 -1.518
1071.730 1.196
1072.030 14.196
1072.331 8.339
1072.631 6.768
1072.931 5.196
1073.231 4.196
1073.531 8.054
1073.831 4.054
1074.131 -1.375
1074.432 5.339
1074.732 21.625
1075.032 21.197
1075.332 8.197
1075.632 8.340
1075.932 17.054
1076.232 25.340
1076.533 27.483
1076.833 11.911
1077.133 8.626
1077.433 14.911
1077.733 9.769
1078.033 -4.089
1078.333 -22.089
1078.634 -29.946
1078.934 -29.374
1079.234 -29.088
1079.534 -31.803
1079.834 -22.660
1080.134 -17.517
1080.434 -9.517
1080.735 -3.945
1081.035 -5.659
1081.335 -12.945
1081.635 -18.659
1081.935 -26.659
1082.235 -15.659
1082.535 -3.231
1082.836 -5.373
1083.136 -10.231
1083.436 -7.231
1083.736 3.055
1084.036 16.198
1084.336 14.627
1084.636 16.055
1084.937 22.484
1085.237 24.056
1085.537 35.913
1085.837 37.770
1086.137 31.770
1086.437 22.913
1086.737 6.484
1087.038 -2.801
1087.338 -5.944
1087.638 -20.516
1087.938 -25.087
1088.238 -25.944
1088.538 -20.801
1088.838 -12.087
1089.139 -7.515
1089.439 5.056
1089.739 8.628
1090.039 12.342
1090.339 15.056
1090.639 10.771
1090.939 18.342
1091.240 33.628
1091.540 42.628
1091.840 54.057
1092.140 65.914
1092.453 71.057
1092.766 61.628
1093.079 40.771
1093.392 24.485
1093.705 18.914
1094.018 16.486
1094.330 9.628
1094.643 11.200
1094.956 24.486
1095.269 29.771
1095.582 20.343
1095.895 7.914
1096.208 -5.800
1096.521 -22.086
1096.834 -34.514
1097.147 -34.800
1097.460 -24.800
1097.773 -17.942
1098.085 -16.085
1098.398 -9.371
1098.711 -4.371
1099.024 -4.085
1099.337 -0.799
1099.650 -6.942
1099.963 -0.085
1100.276 8.344
1100.589 5.058
1100.902 8.915
1101.215 29.344
1101.528 36.058
1101.841 36.487
1102.153 32.344
1102.466 33.487
1102.779 45.344
1103.092 43.487
1103.405 24.058
1103.718 15.773
1104.031 19.630
1104.344 32.773
1104.657 45.773
1104.970 45.202
1105.283 39.630
1105.596 27.487
1105.909 21.345
1106.221 22.916
1106.534 16.059
1106.847 7.345
1107.160 3.059
1107.473 1.488
1107.786 3.059
1108.099 -1.084
1108.412 -2.369
1108.725 -4.798
1109.038 -24.084
1109.351 -34.369
1109.664 -33.798
1109.977 -29.369
1110.289 -17.512
1110.602 -16.369
1110.915 -26.369
1111.228 -20.512
1111.541 -2.226
1111.854 3.345
1112.167 15.060
1112.480 9.631
1112.793 -7.083
1113.106 -9.226
1113.419 -5.654
1113.732 -17.654
1114.044 -16.940
1114.357 -14.797
1114.670 -15.511
1114.983 -10.654
1115.296 -9.654
1115.609 -10.797
1115.922 -10.511
1116.235 -10.940
1116.548 -27.654
1116.861 -32.082
1117.174 -26.940
1117.487 -19.511
1117.800 -20.511
1118.112 -22.939
1118.425 -18.796
1118.738 -9.796
1119.051 -9.511
1119.364 -2.368
1119.677 0.061
1119.990 3.918
1120.303 18.490
1120.616 17.347
1120.929 18.632
1121.242 24.633
1121.555 24.633
1121.868 19.633
1122.180 16.918
1122.493 9.918
1122.806 5.347
1123.119 -5.510
1123.432 -12.796
1123.745 -19.510
1124.058 -12.653
1124.371 -12.081
1124.684 -15.367
1124.997 -20.367
1125.310 -16.510
1125.623 -7.653
1125.935 -4.081
1126.248 -14.510
1126.561 -17.795
1126.874 -18.081
1127.187 -9.652
1127.500 -1.081
1127.813 -3.367
1128.126 -1.366
1128.439 9.062
1128.752 12.634
1129.065 9.062
1129.378 5.062
1129.691 5.348
1130.003 13.062
1130.316 28.634
1130.629 35.205
1130.942 24.920
1131.255 8.063
1131.568 6.491
1131.881 6.634
1132.194 -3.223
1132.507 -15.937
1132.820 -31.509
1133.133 -24.223
1133.446 3.920
1133.759 17.920
1134.071 25.063
1134.384 29.063
1134.697 20.492
1135.010 21.920
1135.323 19.206
1135.636 10.635
1135.949 5.206
1136.262 -6.080
1136.575 -12.937
1136.888 -9.508
1137.201 2.778
1137.514 16.635
1137.826 21.635
1138.139 20.349
1138.452 20.635
1138.765 26.921
1139.078 29.921
1139.391 24.207
1139.704 16.778
1140.017 12.064
1140.330 4.778
1140.643 7.921
1140.956 6.921
1141.269 12.635
1141.582 10.635
1141.894 14.493
1142.207 16.493
1142.520 13.921
1142.833 2.921
1143.146 9.207
1143.459 2.921
1143.772 5.493
1144.085 4.350
1144.398 -0.079
1144.711 14.636
1145.024 28.350
1145.337 22.636
1145.650 24.065
1145.962 26.350
1146.275 34.207
1146.588 47.350
1146.901 44.636
1147.214 45.636
1147.527 41.779
1147.840 38.636
1148.153 34.779
1148.466 30.065
1148.779 32.351
1149.092 40.494
1149.405 37.351
1149.718 45.065
1150.030 48.494
1150.343 43.637
1150.656 32.208
1150.969 22.351
1151.282 10.208
1151.595 11.780
1151.908 13.780
1152.221 8.065
1152.534 12.494
1152.847 12.780
1153.160 9.780
1153.473 9.923
1153.785 3.066
1154.098 10.923
1154.411 19.637
1154.724 23.637
1155.037 39.494
1155.350 39.066
1155.663 37.780
1155.976 44.923
1156.289 30.066
1156.602 24.923
1156.915 17.066
1157.228 0.209
1157.541 -6.505
1157.853 -26.362
1158.166 -33.505
1158.479 -27.219
1158.792 -23.648
1159.105 -18.362
1159.418 -2.505
1159.731 6.495
1160.044 26.781
1160.357 22.638
1160.670 9.638
1160.983 -5.933
1161.296 -10.791
1161.609 -25.505
1161.921 -21.076
1162.234 -12.505
1162.547 -6.219
1162.860 -4.505
1163.173 11.638
1163.486 18.495
1163.799 24.067
1164.112 17.638
1164.425 13.496
1164.738 18.353
1165.051 25.924
1165.364 27.067
1165.676 23.781
1165.989 18.639
1166.302 15.067
1166.615 5.496
1166.928 2.496
1167.241 8.925
1167.554 8.067
1167.867 9.210
1168.180 11.496
1168.493 7.068
1168.806 10.353
1169.119 8.496
1169.432 -7.218
1169.744 -19.647
1170.057 -28.075
1170.370 -28.075
1170.683 -20.932
1170.996 -24.504
1171.309 -26.218
1171.622 -14.361
1171.935 -3.075
1172.248 7.925
1172.561 13.497
1172.874 21.640
1173.187 31.068
1173.500 30.211
1173.812 25.068
1174.125 22.354
1174.438 21.497
1174.751 25.783
1175.064 18.211
1175.377 9.497
1175.690 18.068
1176.003 32.926
1176.316 38.640
1176.629 30.354
1176.942 20.497
1177.255 18.783
1177.567 21.926
1177.880 15.497
1178.193 11.355
1178.506 6.355
1178.819 26.926
1179.132 43.640
1179.445 56.783
1179.758 56.783
1180.071 44.640
1180.384 26.926
1180.697 16.783
1181.010 -9.074
1181.323 -29.359
1181.635 -44.359
1181.948 -39.502
1182.261 -16.645
1182.574 -7.502
1182.887 0.927
1183.200 15.498
1183.513 21.498
1183.826 26.641
1184.139 22.498
1184.452 12.498
1184.765 13.070
1185.078 14.784
1185.391 12.070
1185.703 22.641
1186.016 31.784
1186.329 34.927
1186.642 34.641
1186.955 27.070
1187.268 24.356
1187.581 30.499
1187.894 18.641
1188.207 2.213
1188.520 -12.501
1188.833 -19.644
1189.146 -12.216
1189.459 -14.644
1189.771 -27.501
1190.084 -25.787
1190.397 -27.930
1190.710 -17.787
1191.023 -9.787
1191.336 -7.072
1191.649 -8.072
1191.962 -7.930
1192.275 -5.215
1192.588 14.499
1192.901 27.356
1193.214 31.785
1193.526 25.214
1193.839 23.214
1194.152 29.785
1194.465 33.928
1194.778 22.357
1195.091 5.642
1195.404 -3.786
1195.717 0.357
1196.030 13.642
1196.343 13.642
1196.656 2.357
1196.969 0.928
1197.282 5.928
1197.594 8.071
1197.907 6.785
1198.220 10.643
1198.533 14.786
1198.846 26.500
1199.159 40.929
1199.472 45.500
1199.785 46.214
1200.098 45.357
1200.411 32.072
1200.724 23.643
1201.037 15.929
1201.350 13.072
1201.662 16.215
1201.975 20.762
1202.288 23.729
1202.601 31.429
