165.028 36.962
165.288 25.303
165.547 24.194
165.807 21.828
166.067 5.239
166.327 -1.493
166.587 -4.940
166.847 -13.529
167.107 -17.833
167.367 -24.280
167.627 -27.013
167.886 -10.174
168.146 -1.478
168.406 -2.211
168.666 12.056
168.926 21.180
169.186 14.305
169.446 13.571
169.706 8.981
169.966 7.105
170.225 5.086
170.485 -10.219
170.745 -14.953
171.005 3.885
171.265 4.723
171.525 5.418
171.785 9.256
172.045 12.665
172.305 17.645
172.564 18.054
172.824 12.177
173.084 18.586
173.344 18.280
173.604 5.688
173.864 6.383
174.124 19.648
174.384 27.771
174.644 41.322
174.903 48.016
175.163 46.424
175.423 61.118
175.683 63.098
175.943 59.077
176.203 65.485
176.463 46.893
176.723 20.873
176.983 20.566
177.242 16.117
177.502 11.953
177.762 -0.639
178.022 -11.375
178.282 -3.967
178.542 20.440
178.802 27.562
179.062 27.398
179.322 18.806
179.581 14.927
179.841 10.620
180.101 6.884
180.361 2.863
180.621 -3.301
180.881 -16.180
181.141 -13.058
181.401 -5.509
181.661 -9.530
181.920 -12.838
182.180 -17.002
182.440 -20.881
182.700 -17.903
182.960 -17.496
183.220 -14.375
183.480 -0.111
183.740 2.010
184.000 -1.441
184.259 0.252
184.519 16.515
184.779 33.779
185.039 42.757
185.299 41.306
185.559 46.713
185.819 49.405
186.079 43.097
186.339 20.932
186.598 -9.090
186.858 -37.827
187.118 -54.564
187.378 -68.443
187.638 -69.180
187.898 -63.773
188.158 -59.796
188.418 -49.247
188.678 -34.555
188.937 -32.149
189.197 -33.314
189.457 -44.480
189.717 -47.502
189.977 -32.239
190.237 -29.976
190.497 -24.141
190.757 0.979
191.017 17.528
191.276 27.219
191.536 24.482
191.796 14.031
192.056 9.151
192.316 -7.443
192.576 -25.751
192.836 -33.345
193.096 -38.082
193.356 -35.248
193.616 -26.271
193.875 -14.579
194.135 1.112
194.395 6.804
194.655 5.210
194.915 7.473
195.175 20.307
195.435 10.427
195.695 5.118
195.955 7.667
196.214 4.644
196.474 -3.093
196.734 -7.259
196.994 -14.424
197.254 1.696
197.514 6.387
197.774 -3.493
198.034 -6.516
198.294 2.890
198.553 6.296
198.813 -0.870
199.073 -14.607
199.333 -19.916
199.593 -6.367
199.853 3.610
200.113 1.301
200.373 6.993
200.633 21.541
200.892 27.090
201.152 27.496
201.412 13.187
201.672 0.736
201.932 4.141
202.192 -0.739
202.452 -6.476
202.712 -8.356
202.972 -7.664
203.231 -3.115
203.491 14.005
203.751 13.696
204.011 12.673
204.271 17.079
204.531 21.199
204.791 15.034
205.051 9.725
205.311 0.702
205.570 3.966
205.830 24.514
206.090 31.349
206.350 31.897
206.610 46.303
206.870 62.852
207.130 60.972
207.390 54.521
207.650 42.641
207.909 24.333
208.169 20.168
208.429 17.717
208.689 3.694
208.949 -4.614
209.209 -3.922
209.469 -18.373
209.729 -24.967
209.989 -29.990
210.248 -37.869
210.508 -34.320
210.768 -23.057
211.028 -25.794
211.288 -13.245
211.548 -8.838
211.808 -15.004
212.068 -14.312
212.328 -13.905
212.587 -13.356
212.847 -1.093
213.107 5.314
213.367 11.149
213.627 19.698
213.887 23.533
214.147 24.225
214.407 23.632
214.667 17.181
214.926 5.587
215.186 2.565
215.446 -2.599
215.706 -16.193
215.966 -15.358
216.226 -23.808
216.486 -24.973
216.746 -12.566
217.006 -1.017
217.265 13.247
217.525 27.940
217.785 26.347
218.045 24.468
218.305 26.589
218.565 28.853
218.825 32.403
219.085 28.524
219.345 26.645
219.604 17.766
219.864 26.459
220.124 29.295
220.384 7.559
220.644 -4.891
220.904 1.087
221.164 1.352
221.424 11.045
221.684 7.595
221.943 0.716
222.203 12.266
222.463 7.102
222.723 -14.776
222.983 -19.940
223.243 -16.676
223.503 -26.125
223.763 -32.146
224.023 -37.453
224.282 -31.760
224.542 -16.638
224.802 -15.088
225.062 -18.394
225.322 -0.844
225.582 8.135
225.842 7.400
226.102 -6.621
226.362 -18.070
226.621 -10.234
226.881 0.460
227.141 -4.989
227.401 -9.724
227.661 -3.602
227.921 6.520
228.181 20.786
228.441 16.622
228.701 -1.684
228.960 2.724
229.220 3.704
229.480 1.398
229.740 10.377
230.000 1.214
230.260 8.480
230.520 16.459
230.780 2.725
231.040 -1.010
231.299 -5.458
231.559 -18.336
231.819 -22.356
232.079 -29.661
232.339 -25.253
232.599 -14.130
232.859 -11.864
233.119 -14.884
233.379 -9.475
233.638 -6.352
233.898 4.628
234.158 4.180
234.418 0.446
234.678 9.569
234.938 13.835
235.198 8.673
235.458 1.653
235.718 -9.224
235.978 -23.386
236.237 -30.120
236.497 -32.853
236.757 -19.016
237.017 -6.463
237.277 14.803
237.537 23.069
237.797 34.907
238.057 47.031
238.317 48.441
238.576 37.421
238.836 24.974
239.096 0.669
239.356 -10.064
239.616 -11.512
239.876 -19.245
240.136 -22.407
240.396 -14.711
240.656 0.984
240.915 18.108
241.175 30.090
241.435 40.500
241.695 47.624
241.955 54.462
242.215 49.729
242.475 47.139
242.735 41.407
242.995 22.245
243.254 5.227
243.514 1.780
243.774 -0.524
244.034 6.172
244.294 8.868
244.554 16.564
244.814 29.117
245.074 26.528
245.334 10.367
245.593 5.063
245.853 -6.098
246.113 -8.402
246.373 -6.848
246.633 -2.866
246.893 5.830
247.153 24.098
247.413 26.080
247.673 25.206
247.932 24.759
248.192 27.742
248.452 12.867
248.712 9.421
248.972 6.832
249.232 11.957
249.492 19.225
249.752 8.779
250.012 -1.381
250.271 3.030
250.531 5.870
250.791 8.281
251.051 -4.165
251.311 -10.468
251.571 5.087
251.831 26.927
252.091 34.767
252.351 20.750
252.610 10.447
252.870 19.716
253.130 15.842
253.390 -2.032
253.650 -19.764
253.911 -23.066
254.172 -15.511
254.433 -10.243
254.694 -10.831
254.955 -8.562
255.216 -13.293
255.477 -26.309
255.738 -33.897
255.999 -27.057
256.261 -22.073
256.522 -19.089
256.783 -5.249
257.044 11.878
257.305 23.719
257.566 41.845
257.827 43.115
258.088 33.527
258.349 19.939
258.610 12.495
258.871 11.764
259.132 8.034
259.393 3.446
259.654 5.859
259.915 6.129
260.176 8.256
260.437 6.811
260.698 3.938
260.959 2.923
261.221 -5.522
261.482 -21.538
261.743 -23.410
262.004 -20.140
262.265 -13.870
262.526 -4.029
262.787 -5.044
263.048 -18.488
263.309 -17.075
263.570 -8.519
263.831 -2.820
264.092 -3.836
264.353 -3.708
264.614 5.562
264.875 21.119
265.136 30.961
265.397 33.517
265.658 28.787
265.919 30.772
266.181 32.186
266.442 32.457
266.703 30.727
266.964 25.712
267.225 16.840
267.486 11.968
267.747 -0.904
268.008 -16.490
268.269 -22.076
268.530 -12.377
268.791 4.894
269.052 22.308
269.313 37.865
269.574 39.422
269.835 37.407
270.096 35.679
270.357 29.664
270.618 9.364
270.879 -7.365
271.141 -4.522
271.402 3.464
271.663 15.021
271.924 30.578
272.185 30.707
272.446 29.978
272.707 23.107
272.968 3.379
273.229 1.079
273.490 5.350
273.751 -5.521
274.012 -15.963
274.273 -4.120
274.534 12.437
274.795 20.852
275.056 22.695
275.317 7.396
275.578 -5.761
275.839 11.083
276.101 13.926
276.362 9.770
276.623 10.470
276.884 12.028
277.145 17.015
277.406 25.144
277.667 21.559
277.928 20.546
278.189 30.246
278.450 38.519
278.711 31.934
278.972 27.635
279.233 35.050
279.494 33.894
279.755 29.452
280.016 18.725
280.277 13.569
280.538 9.413
280.799 12.828
281.061 -8.613
281.322 -26.912
281.583 -25.068
281.844 -20.938
282.105 -28.094
282.366 -29.535
282.627 -35.262
282.888 -32.989
283.149 -26.145
283.410 -34.872
283.671 -40.599
283.932 -29.040
284.193 -15.910
284.454 -11.780
284.715 -5.793
284.976 -4.091
285.237 -3.246
285.498 -11.830
285.759 -20.414
286.021 -27.427
286.282 -26.296
286.543 -21.880
286.804 -17.607
287.065 -18.047
287.326 -9.060
287.587 -9.929
287.848 -17.798
288.109 -23.953
288.370 -17.823
288.631 -14.692
288.892 -1.847
289.153 6.570
289.414 5.700
289.675 10.974
289.936 13.105
290.197 7.236
290.458 1.081
290.719 -11.645
290.981 -13.657
291.242 -9.097
291.503 -4.538
291.764 -0.121
292.025 8.153
292.286 19.856
292.547 17.987
292.808 12.404
293.069 4.678
293.330 -3.476
293.591 2.226
293.852 -0.357
294.113 -7.082
294.374 7.621
294.635 22.466
294.896 39.741
295.157 48.443
295.418 38.861
295.679 33.992
295.941 38.410
296.202 43.541
296.463 34.387
296.724 23.233
296.985 15.079
297.246 14.354
297.507 17.057
297.768 -3.526
298.029 -26.965
298.290 -33.976
298.551 -34.844
298.812 -27.998
299.073 -14.866
299.334 -11.877
299.595 1.683
299.856 9.958
300.117 5.090
300.378 -10.778
300.639 -13.931
300.901 -11.799
301.162 -20.667
301.423 -21.963
301.684 -22.260
301.945 -23.699
302.206 -2.710
302.467 6.851
302.728 -8.302
302.989 -14.741
303.250 -13.895
303.511 -14.762
303.772 -12.344
304.033 -19.212
304.294 -25.936
304.555 -19.518
304.816 -4.814
305.077 -3.253
305.338 -12.120
305.599 -7.702
305.861 -2.426
306.122 -3.722
306.383 -12.733
306.644 -15.743
306.905 -14.753
307.166 -2.763
307.427 -5.630
307.688 -18.640
307.949 -11.507
308.210 2.626
308.471 -0.956
308.732 -2.537
308.993 2.453
309.254 7.872
309.515 22.433
309.776 25.138
310.037 11.699
310.298 6.547
310.559 10.680
310.821 8.670
311.082 16.803
311.343 19.651
311.604 16.212
311.865 25.631
312.126 36.193
312.387 26.469
312.648 18.174
312.909 14.879
313.170 10.298
313.434 6.003
313.698 9.850
313.963 9.984
314.227 23.975
314.491 35.679
314.755 19.527
315.019 6.089
315.284 3.366
315.548 4.928
315.812 0.776
316.076 -8.233
316.340 -8.528
316.604 10.177
316.869 28.596
317.133 41.730
317.397 38.435
317.661 24.854
317.925 16.417
318.190 10.122
318.454 -1.601
318.718 -11.753
318.982 -26.619
319.246 -40.057
319.511 -33.494
319.775 -22.217
320.039 -26.369
320.303 -21.235
320.567 -10.387
320.832 1.319
321.096 15.881
321.360 24.301
321.624 18.292
321.888 21.998
322.153 16.275
322.417 4.123
322.681 -4.885
322.945 -6.894
323.209 -0.903
323.473 8.946
323.738 11.366
324.002 15.500
324.266 18.777
324.530 23.769
324.794 29.475
325.059 28.609
325.323 25.744
325.587 30.592
325.851 28.013
326.115 24.147
326.380 21.567
326.644 19.845
326.908 17.408
327.172 8.542
327.436 4.105
327.701 9.526
327.965 15.946
328.229 5.652
328.493 -4.785
328.757 -7.793
329.022 -4.658
329.286 -3.523
329.550 -5.388
329.814 -9.682
330.078 -7.833
330.342 -0.127
330.607 11.151
330.871 28.000
331.135 36.849
331.399 38.984
331.663 34.690
331.928 39.540
332.192 33.532
332.456 21.524
332.720 7.945
332.984 0.508
333.249 -0.357
333.513 3.064
333.777 10.485
334.041 10.477
334.305 13.612
334.570 12.319
334.834 14.311
335.098 9.018
335.362 1.867
335.626 -8.283
335.891 -10.148
336.155 -13.870
336.419 -10.306
336.683 -11.457
336.947 -5.750
337.211 15.385
337.476 18.521
337.740 16.799
338.004 23.792
338.268 26.213
338.532 28.920
338.797 31.198
339.061 29.048
339.325 37.469
339.589 36.747
339.853 23.168
340.118 24.161
340.382 14.154
340.646 8.861
340.910 4.425
341.174 0.703
341.439 10.125
341.703 11.118
341.967 -1.318
342.231 6.818
342.495 7.382
342.759 -5.911
343.024 -12.490
343.288 -16.354
343.552 -3.789
343.816 2.918
344.080 -12.375
344.345 -23.811
344.609 -12.675
344.873 -6.253
345.137 -17.260
345.401 -21.981
345.666 -18.845
345.930 -3.567
346.194 13.855
346.458 20.420
346.722 19.556
346.987 24.692
347.251 15.542
347.515 9.535
347.779 2.671
348.043 2.950
348.308 4.515
348.572 10.222
348.836 19.644
349.100 32.209
349.364 45.202
349.628 50.338
349.893 36.046
350.157 14.325
350.421 5.033
350.685 4.740
350.949 0.448
351.214 -14.844
351.478 -9.137
351.742 5.571
352.006 16.136
352.270 20.272
352.535 8.409
352.799 6.688
353.063 5.539
353.327 -12.182
353.591 -19.760
353.856 -14.909
354.120 -19.344
354.384 -12.636
354.648 -12.357
354.912 -2.221
355.177 -5.084
355.441 -18.948
355.705 -20.811
355.969 -13.389
356.233 -15.824
356.497 -16.544
356.762 -22.265
357.026 -14.557
357.290 4.294
357.554 6.002
357.818 -2.147
358.083 0.133
358.347 4.270
358.611 6.121
358.875 9.829
359.139 1.394
359.404 -3.898
359.668 3.668
359.932 15.804
360.196 17.227
360.460 14.507
360.725 16.929
360.989 24.780
361.253 28.774
361.517 28.340
361.781 20.905
362.046 20.756
362.310 22.750
362.574 13.887
362.838 7.882
363.102 5.590
363.366 1.727
363.631 -0.850
363.895 -5.571
364.159 -2.862
364.423 17.132
364.687 31.412
364.952 36.263
365.216 36.400
365.480 39.823
365.747 49.246
366.013 52.526
366.280 45.235
366.546 39.229
366.813 48.223
367.079 58.789
367.346 60.783
367.612 49.778
367.879 44.486
368.145 51.481
368.412 55.618
368.678 36.184
368.945 24.892
369.211 26.173
369.478 25.596
369.744 15.876
370.011 -1.273
370.278 -10.992
370.544 -3.712
370.811 -1.861
371.077 -0.152
371.344 6.128
371.610 15.980
371.877 12.832
372.143 11.684
372.410 10.392
372.676 -0.899
372.943 -18.618
373.209 -28.624
373.476 -34.915
373.742 -33.777
374.009 -30.925
374.276 -24.931
374.542 -9.365
374.809 0.344
375.075 -2.090
375.342 6.048
375.608 20.900
375.875 19.895
376.141 9.461
376.408 -1.687
376.674 -5.407
376.941 0.445
377.207 -2.703
377.474 -17.279
377.740 -21.713
378.007 -17.718
378.273 -17.723
378.540 -21.586
378.807 -17.877
379.073 -11.453
379.340 -4.601
379.606 -11.320
379.873 -8.897
380.139 -5.473
380.406 -19.336
380.672 -31.769
380.939 -51.203
381.205 -59.922
381.472 -49.213
381.738 -53.646
382.005 -53.508
382.271 -28.228
382.538 -15.804
382.804 -3.666
383.071 1.900
383.338 -0.676
383.604 5.176
383.871 -3.114
384.137 -12.976
384.404 -19.410
384.670 -24.272
384.937 -18.991
385.203 -15.853
385.470 -20.001
385.736 1.280
386.003 19.418
386.269 32.271
386.536 33.980
386.802 29.690
387.069 31.685
387.336 37.109
387.602 30.676
387.869 15.814
388.135 9.380
388.402 13.947
388.668 23.371
388.935 18.081
389.201 17.647
389.468 15.071
389.734 14.781
390.001 25.491
390.267 21.058
390.534 13.196
390.800 23.191
391.067 28.758
391.333 22.896
391.600 18.177
391.867 18.459
392.133 32.454
392.400 37.164
392.666 30.159
392.933 13.298
393.199 24.722
393.466 38.860
393.732 31.570
393.999 33.851
394.265 37.989
394.532 49.414
394.798 63.266
395.065 49.690
395.331 28.257
395.598 28.110
395.864 34.391
396.131 37.387
396.398 35.526
396.664 46.664
396.931 62.374
397.197 80.227
397.464 84.651
397.730 85.647
397.997 96.785
398.263 103.067
398.530 115.062
398.796 145.344
399.063 182.482
399.329 211.907
399.596 231.902
399.862 251.469
400.129 286.894
400.396 321.032
400.662 340.314
400.929 361.595
401.195 401.020
401.462 458.444
401.728 535.154
401.995 632.150
402.261 737.003
402.528 875.285
402.794 1021.852
403.061 1184.848
403.327 1353.844
403.594 1529.268
403.860 1725.407
404.127 1926.260
404.393 2121.684
404.660 2328.537
404.931 2524.105
405.202 2716.815
405.473 2899.811
405.745 3045.950
406.016 3182.517
406.287 3317.513
406.558 3438.366
406.829 3536.362
407.100 3630.501
407.371 3687.497
407.642 3725.636
407.914 3754.203
408.185 3751.057
408.456 3726.338
408.727 3689.049
408.998 3635.045
409.269 3597.755
409.540 3550.608
409.811 3494.890
410.083 3437.601
410.354 3396.597
410.625 3348.307
410.896 3279.732
411.167 3206.014
411.438 3120.724
411.709 3019.006
411.981 2907.145
412.252 2774.855
412.523 2649.851
412.794 2522.562
413.065 2383.558
413.336 2261.983
413.607 2137.979
413.878 2009.832
414.150 1874.972
414.421 1726.539
414.692 1593.964
414.963 1470.389
415.234 1335.814
415.505 1203.810
415.776 1087.521
416.047 971.945
416.319 865.942
416.590 759.938
416.861 656.220
417.132 567.073
417.403 483.784
417.674 404.066
417.945 348.634
418.217 308.059
418.488 263.484
418.759 229.909
419.030 203.762
419.301 191.187
419.572 177.612
419.843 165.608
420.114 152.462
420.386 135.173
420.657 113.883
420.928 98.308
421.199 87.162
421.470 69.301
421.741 45.583
422.012 38.580
422.283 45.719
422.555 56.144
422.826 52.855
423.097 43.994
423.368 49.419
423.639 56.273
423.910 62.127
424.181 64.123
424.453 59.834
424.724 64.545
424.995 68.399
425.266 70.824
425.537 77.535
425.808 66.103
426.079 49.385
426.350 33.381
426.622 19.521
426.893 9.375
427.164 3.657
427.435 -0.061
427.706 0.507
427.977 4.361
428.248 8.501
428.519 8.069
428.791 13.922
429.062 19.490
429.333 18.344
429.604 14.341
429.875 17.052
430.146 29.049
430.417 39.760
430.689 32.471
430.960 23.039
431.231 16.178
431.502 19.318
431.773 25.886
432.044 28.454
432.315 29.737
432.586 32.019
432.858 32.873
433.129 32.584
433.400 28.295
433.671 15.435
433.942 0.289
434.213 -4.143
434.484 -13.289
434.755 -23.435
435.027 -12.439
435.298 0.987
435.569 10.698
435.840 17.838
436.116 18.263
436.391 27.974
436.667 44.257
436.942 35.254
437.218 25.536
437.493 21.247
437.769 13.959
438.045 6.527
438.320 7.809
438.596 4.521
438.871 0.803
439.147 -7.343
439.422 -4.774
439.698 2.080
439.974 9.505
440.249 12.931
440.525 17.928
440.800 32.210
441.076 44.636
441.351 41.061
441.627 34.915
441.903 40.912
442.178 44.338
442.454 37.763
442.729 33.475
443.005 42.757
443.281 54.326
443.556 64.323
443.832 65.606
444.107 59.317
444.383 62.457
444.658 59.597
444.934 50.308
445.210 52.734
445.485 57.731
445.761 62.585
446.036 74.725
446.312 90.579
446.587 110.290
446.863 126.859
447.139 128.427
447.414 135.139
447.690 150.707
447.965 164.990
448.241 186.559
448.516 199.699
448.792 205.553
449.068 234.693
449.343 259.976
449.619 271.830
449.894 282.256
450.170 284.539
450.445 296.107
450.721 303.676
450.997 299.387
451.272 297.670
451.548 296.667
451.823 304.807
452.099 290.233
452.375 266.802
452.650 272.656
452.926 264.511
453.201 257.793
453.477 267.791
453.752 277.217
454.028 296.785
454.304 322.068
454.579 326.780
454.855 346.205
455.130 363.346
455.406 354.057
455.681 343.197
455.957 341.195
456.233 331.906
456.508 317.618
456.784 304.758
457.059 293.184
457.335 282.038
457.610 265.321
457.886 250.176
458.162 232.316
458.437 220.313
458.713 207.025
458.988 183.594
459.264 170.019
459.539 151.160
459.815 122.014
460.091 105.440
460.366 90.152
460.642 68.720
460.917 50.146
461.193 28.572
461.468 18.713
461.744 18.139
462.020 14.279
462.295 19.705
462.571 24.131
462.846 32.977
463.122 46.534
463.397 55.948
463.673 68.359
463.949 74.214
464.224 63.497
464.500 48.217
464.775 40.935
465.051 39.648
465.327 30.509
465.602 16.949
465.878 15.074
466.153 22.214
466.429 41.060
466.704 49.928
466.980 62.697
467.256 82.315
467.531 94.756
467.807 102.831
468.082 115.479
468.358 135.487
468.633 156.950
468.909 161.813
469.185 168.108
469.460 183.409
469.736 197.583
470.011 208.202
470.287 202.294
470.562 187.990
470.838 173.946
471.114 159.773
471.389 146.645
471.665 135.359
471.940 136.379
472.216 139.520
472.491 143.354
472.767 158.088
473.043 163.971
473.318 158.673
473.594 141.452
473.869 114.659
474.145 85.675
474.421 68.451
474.696 54.978
474.972 43.222
475.247 29.555
475.523 24.463
475.798 24.324
476.074 32.330
476.350 36.251
476.625 17.486
476.901 1.771
477.176 15.421
477.452 48.673
477.727 64.192
478.003 65.192
478.279 61.250
478.554 61.403
478.830 73.158
479.105 73.558
479.381 45.819
479.656 28.816
479.932 25.443
480.208 28.741
480.483 43.181
480.759 45.024
481.034 32.581
481.310 40.770
481.585 48.083
481.861 41.164
482.137 33.947
482.412 27.985
482.688 31.237
482.963 44.389
483.239 31.463
483.514 17.265
483.790 26.110
484.066 37.622
484.341 39.004
484.617 36.653
484.892 30.049
485.168 37.154
485.443 40.153
485.719 32.469
485.995 28.301
486.270 37.694
486.546 42.284
486.821 46.730
487.097 59.053
487.373 66.077
487.648 64.680
487.924 55.369
488.199 51.908
488.475 54.792
488.750 49.149
489.026 42.227
489.302 46.405
489.577 61.649
489.853 75.909
490.128 76.555
490.404 66.023
490.679 70.765
490.955 77.339
491.231 73.973
491.506 62.928
491.782 54.958
492.057 47.840
492.333 43.509
492.608 36.801
492.884 32.193
493.160 31.218
493.435 28.278
493.711 23.663
493.986 26.203
494.262 41.356
494.537 59.039
494.813 71.689
495.089 80.826
495.364 89.677
495.640 100.933
495.915 93.788
496.191 93.436
496.467 91.134
496.742 85.346
497.018 84.048
497.293 90.880
497.569 96.481
497.844 110.395
498.120 118.708
498.396 116.839
498.671 109.715
498.947 107.080
499.222 109.030
499.498 113.119
499.773 118.940
500.049 119.980
500.325 126.136
500.600 146.028
500.876 177.006
501.151 195.800
501.427 212.385
501.702 223.291
501.978 228.037
502.254 248.450
502.529 273.255
502.805 277.650
503.080 293.224
503.356 321.461
503.631 356.646
503.907 392.438
504.183 403.831
504.458 397.926
504.734 413.860
505.009 433.378
505.285 431.496
505.560 419.927
505.836 412.847
506.112 409.956
506.387 401.237
506.663 388.329
506.938 370.240
507.214 352.170
507.490 338.016
507.765 314.621
508.041 291.226
508.316 287.529
508.592 276.942
508.867 256.996
509.143 237.376
509.419 218.879
509.694 208.354
509.970 202.596
510.245 188.811
510.521 161.865
510.796 143.297
511.072 139.514
511.348 129.113
511.623 123.114
511.899 123.530
512.174 115.553
512.450 120.278
512.725 124.955
513.001 126.469
513.277 149.449
513.552 172.167
513.828 195.615
514.103 225.364
514.379 260.684
514.654 286.072
514.930 311.514
515.206 328.879
515.481 346.761
515.757 370.333
516.032 403.456
516.308 437.407
516.583 489.737
516.859 546.691
517.135 608.108
517.410 660.919
517.686 717.776
517.961 790.190
518.237 854.252
518.513 919.256
518.788 995.620
519.064 1069.401
519.339 1150.126
519.615 1235.195
519.890 1306.376
520.166 1399.259
520.442 1498.597
520.717 1587.853
520.993 1673.720
521.268 1761.000
521.544 1845.384
521.819 1939.859
522.095 2006.606
522.371 2033.683
522.646 2038.000
522.922 2054.174
523.197 2074.424
523.473 2066.885
523.748 2038.663
524.024 2019.773
524.300 2013.076
524.575 2004.189
524.851 1973.155
525.126 1920.969
525.402 1873.028
525.677 1814.243
525.953 1745.540
526.229 1675.403
526.504 1618.259
526.780 1560.898
527.055 1529.553
527.331 1491.697
527.606 1446.840
527.882 1401.077
528.158 1367.544
528.433 1340.529
528.709 1328.347
528.984 1306.943
529.260 1294.988
529.535 1307.398
529.811 1332.379
530.087 1346.731
530.362 1346.333
530.638 1345.868
530.913 1341.610
531.189 1327.605
531.465 1290.373
531.740 1257.545
532.016 1237.291
532.291 1217.667
532.567 1194.081
532.842 1168.413
533.118 1151.790
533.394 1151.750
533.669 1150.760
533.945 1145.632
534.220 1141.845
534.496 1138.351
534.771 1142.872
535.047 1152.282
535.323 1185.739
535.598 1229.050
535.874 1298.471
536.149 1406.533
536.425 1547.801
536.700 1722.410
536.976 1929.970
537.252 2155.158
537.527 2428.141
537.803 2739.007
538.078 3065.563
538.354 3415.748
538.629 3787.910
538.905 4183.363
539.181 4584.676
539.456 4953.806
539.732 5283.867
540.007 5593.005
540.283 5845.381
540.558 6076.502
540.834 6267.901
541.110 6425.759
541.385 6562.089
541.661 6674.722
541.936 6770.662
542.212 6869.681
542.488 6927.255
542.763 6952.821
543.039 6940.150
543.314 6906.221
543.590 6848.175
543.865 6759.223
544.141 6649.140
544.417 6521.768
544.692 6403.168
544.968 6318.923
545.243 6214.077
545.519 6138.459
545.794 6093.636
546.070 6063.433
546.348 6081.287
546.627 6126.682
546.905 6179.572
547.183 6278.122
547.461 6392.467
547.740 6520.986
548.018 6672.480
548.296 6818.741
548.575 6979.112
548.853 7184.676
549.131 7425.280
549.409 7688.347
549.688 7971.808
549.966 8276.142
550.244 8586.986
550.523 8928.995
550.801 9273.304
551.079 9606.501
551.357 9913.519
551.636 10230.292
551.914 10542.152
552.192 10859.035
552.471 11136.805
552.749 11365.216
553.027 11561.870
553.306 11774.595
553.584 11948.198
553.862 12061.591
554.140 12126.017
554.419 12167.739
554.697 12190.912
554.975 12202.444
555.254 12168.028
555.532 12083.699
555.810 11983.982
556.088 11847.684
556.367 11655.267
556.645 11407.016
556.923 11101.112
557.202 10753.168
557.480 10363.222
557.758 9943.553
558.036 9522.740
558.315 9096.667
558.593 8665.688
558.871 8230.780
559.150 7787.045
559.428 7349.489
559.706 6908.609
559.984 6462.122
560.263 6024.187
560.541 5591.690
560.819 5156.709
561.098 4741.136
561.376 4368.559
561.654 4012.719
561.932 3678.549
562.211 3377.907
562.489 3125.955
562.767 2922.868
563.046 2735.764
563.324 2553.780
563.602 2408.454
563.880 2274.507
564.159 2139.921
564.437 2006.111
564.715 1869.426
564.994 1742.745
565.272 1636.031
565.550 1531.870
565.828 1437.682
566.107 1344.599
566.385 1254.529
566.663 1183.445
566.942 1120.224
567.220 1043.036
567.498 977.137
567.776 924.656
568.055 874.862
568.333 828.552
568.611 783.699
568.890 737.415
569.168 693.811
569.446 659.105
569.725 624.317
570.003 580.006
570.281 543.299
570.559 513.964
570.838 478.137
571.116 448.118
571.394 412.227
571.673 374.852
571.951 353.318
572.229 325.255
572.507 290.959
572.786 271.748
573.064 256.906
573.342 250.466
573.621 261.327
573.899 268.952
574.177 264.657
574.455 258.429
574.734 251.725
575.012 243.901
575.290 225.858
575.569 194.685
575.847 166.388
576.125 148.876
576.403 148.176
576.682 158.154
576.960 162.879
577.243 156.070
577.527 147.873
577.810 146.399
578.093 155.053
578.377 152.960
578.660 143.261
578.944 142.586
579.227 150.576
579.510 159.134
579.794 163.604
580.077 154.371
580.360 131.897
580.644 116.232
580.927 106.212
581.210 106.029
581.494 101.868
581.777 97.955
582.061 92.442
582.344 107.998
582.627 111.297
582.911 102.073
583.194 99.831
583.477 101.009
583.761 98.041
584.044 103.481
584.327 103.642
584.611 125.347
584.894 147.758
585.178 152.507
585.461 160.526
585.744 157.537
586.028 158.121
586.311 166.426
586.594 153.317
586.878 140.487
587.161 135.486
587.444 133.913
587.728 152.027
588.011 159.861
588.295 152.431
588.578 143.443
588.861 141.728
589.145 140.567
589.428 144.821
589.711 140.848
589.995 128.430
590.278 130.954
590.562 133.907
590.845 133.321
591.128 129.026
591.412 114.040
591.695 121.802
591.978 143.747
592.262 147.853
592.545 153.818
592.828 164.877
593.112 169.262
593.395 165.930
593.679 148.667
593.962 142.716
594.245 141.381
594.529 139.164
594.812 138.831
595.095 145.164
595.379 148.670
595.662 154.822
595.945 154.885
596.229 151.219
596.512 139.701
596.796 134.355
597.079 135.817
597.362 137.448
597.646 139.807
597.929 139.420
598.212 139.212
598.496 148.775
598.779 154.778
599.062 152.569
599.346 153.784
599.629 159.318
599.913 156.451
600.196 160.717
600.479 168.255
600.763 166.357
601.046 172.492
601.329 190.961
601.613 198.202
601.896 205.711
602.179 208.210
602.463 218.367
602.746 236.968
603.030 240.245
603.313 232.188
603.596 217.392
603.880 212.684
604.163 212.989
604.446 210.259
604.730 191.569
605.013 191.676
605.296 189.268
605.580 195.844
605.863 205.882
606.147 215.424
606.430 226.573
606.713 245.840
606.997 249.966
607.280 256.681
607.563 264.761
607.847 266.018
608.130 264.198
608.414 264.284
608.697 263.204
608.980 259.916
609.264 262.433
609.547 259.948
609.830 249.603
610.114 240.815
610.397 240.394
610.680 245.659
610.964 250.770
611.247 257.147
611.531 267.263
611.814 272.668
612.097 279.003
612.381 269.792
612.664 258.469
612.947 260.330
613.231 255.599
613.514 254.138
613.797 262.729
614.081 266.551
614.364 275.565
614.648 285.291
614.931 292.258
615.214 299.923
615.498 298.597
615.781 302.235
616.064 306.950
616.348 298.492
616.631 297.875
616.914 297.825
617.198 301.342
617.481 319.934
617.765 334.604
618.048 342.537
618.331 349.558
618.615 351.990
618.898 345.203
619.181 333.607
619.465 328.883
619.748 319.620
620.031 311.929
620.315 321.836
620.598 326.749
620.882 337.363
621.165 353.324
621.448 344.957
621.732 334.989
622.015 343.954
622.298 338.647
622.582 329.993
622.865 318.426
623.148 304.091
623.432 307.853
623.715 325.274
623.999 331.535
624.282 340.455
624.565 354.288
624.849 380.405
625.132 405.720
625.415 411.702
625.699 406.593
625.982 402.211
626.265 405.353
626.549 407.486
626.832 395.898
627.116 393.899
627.399 416.327
627.682 440.616
627.966 460.724
628.249 489.596
628.532 496.507
628.816 519.288
629.099 542.087
629.383 544.851
629.666 537.419
629.949 530.595
630.233 519.348
630.516 540.334
630.799 553.900
631.083 555.568
631.366 562.716
631.649 591.831
631.933 629.835
632.216 659.924
632.500 682.636
632.783 707.724
633.066 747.767
633.350 799.671
633.633 831.051
633.916 863.175
634.200 895.905
634.483 930.405
634.766 970.471
635.050 1011.733
635.333 1046.511
635.617 1095.162
635.900 1136.195
636.183 1186.362
636.467 1235.410
636.750 1289.796
637.033 1340.937
637.317 1387.709
637.600 1459.877
637.883 1550.833
638.167 1643.180
638.450 1744.740
638.734 1853.475
639.017 1974.131
639.300 2109.685
639.584 2224.377
639.867 2343.232
640.150 2507.324
640.434 2688.082
640.717 2880.117
641.000 3105.039
641.284 3368.569
641.567 3678.641
641.851 4023.250
642.134 4369.978
642.417 4759.711
642.701 5191.434
642.984 5671.391
643.267 6178.525
643.551 6731.634
643.834 7365.220
644.117 8086.446
644.401 8853.545
644.684 9702.403
644.968 10601.131
645.251 11560.979
645.534 12579.783
645.818 13587.983
646.101 14578.458
646.384 15590.520
646.668 16640.743
646.951 17690.447
647.235 18763.418
647.518 19822.591
647.801 20980.703
648.085 22253.179
648.368 23598.754
648.651 24968.843
648.935 26434.526
649.218 27935.011
649.501 29485.896
649.785 30993.374
650.068 32434.810
650.352 33863.162
650.635 35261.454
650.918 36523.822
651.202 37753.138
651.485 38946.477
651.768 40048.415
652.052 41110.098
652.335 42064.205
652.618 42883.220
652.902 43664.144
653.185 44343.943
653.469 44906.018
653.752 45395.265
654.035 45817.712
654.319 46158.045
654.602 46497.465
654.885 46736.277
655.169 46919.732
655.452 47072.908
655.735 47217.880
656.019 47302.618
656.302 47374.856
656.586 47408.430
656.869 47492.837
657.152 47565.187
657.436 47626.714
657.719 47676.935
658.002 47691.789
658.286 47659.642
658.569 47571.039
658.852 47410.193
659.136 47181.138
659.419 46886.925
659.703 46521.559
659.986 46084.253
660.269 45673.286
660.553 45246.455
660.836 44790.749
661.119 44346.097
661.403 43969.248
661.686 43607.894
661.969 43337.087
662.253 43101.390
662.536 42923.180
662.820 42819.386
663.103 42809.219
663.386 42852.889
663.670 42997.467
663.953 43200.440
664.236 43501.556
664.520 43877.333
664.803 44303.771
665.086 44773.052
665.370 45249.782
665.653 45732.644
665.937 46260.182
666.220 46712.327
666.503 47102.883
666.787 47421.734
667.070 47682.527
667.353 47854.188
667.637 47959.591
667.920 47905.631
668.204 47727.570
668.487 47447.004
668.770 47059.315
669.054 46484.308
669.337 45807.137
669.620 44960.269
669.904 43943.328
670.187 42818.006
670.470 41595.958
670.754 40303.481
671.037 39003.785
671.321 37651.070
671.604 36266.144
671.887 34905.648
672.171 33567.283
672.454 32218.059
672.737 30844.598
673.021 29392.348
673.304 27866.267
673.587 26327.732
673.871 24820.060
674.154 23288.394
674.438 21776.681
674.721 20339.094
675.004 18987.440
675.288 17739.012
675.571 16573.561
675.854 15460.512
676.138 14448.038
676.421 13505.931
676.704 12599.008
676.988 11774.130
677.271 10994.704
677.555 10259.838
677.838 9574.509
678.121 8898.240
678.405 8258.778
678.688 7646.223
678.971 7045.264
679.255 6456.664
679.538 5895.976
679.821 5345.995
680.105 4822.079
680.388 4312.565
680.672 3849.949
680.955 3438.039
681.238 3101.757
681.522 2788.907
681.805 2505.136
682.088 2271.797
682.372 2054.051
682.655 1866.736
682.938 1700.886
683.222 1543.717
683.505 1445.449
683.789 1373.423
684.072 1330.327
684.355 1340.764
684.639 1352.048
684.922 1371.752
685.205 1399.437
685.489 1424.492
685.772 1474.446
686.056 1510.980
686.339 1532.602
686.622 1565.855
686.906 1591.933
687.189 1625.494
687.472 1648.306
687.756 1656.954
688.039 1665.304
688.322 1684.540
688.606 1688.714
688.889 1676.135
689.173 1650.110
689.456 1627.218
689.739 1610.646
690.023 1588.190
690.306 1555.141
690.589 1523.775
690.873 1497.808
691.156 1471.836
691.439 1445.919
691.723 1414.960
692.006 1392.440
692.290 1359.108
692.573 1334.080
692.856 1324.382
693.140 1311.915
693.423 1302.032
693.706 1290.816
693.990 1278.739
694.273 1281.260
694.556 1288.805
694.840 1285.736
695.123 1276.640
695.407 1263.137
695.690 1256.258
695.973 1243.671
696.257 1235.652
696.540 1232.920
696.830 1226.451
697.120 1223.210
697.410 1229.414
697.699 1234.993
697.989 1242.370
698.279 1238.377
698.569 1223.999
698.859 1217.262
699.149 1226.639
699.439 1226.749
699.729 1202.824
700.018 1163.043
700.308 1132.633
700.598 1124.167
700.888 1121.942
701.178 1101.981
701.468 1058.840
701.758 1035.788
702.048 1042.014
702.337 1029.180
702.627 987.190
702.917 928.117
703.207 888.972
703.497 868.268
703.787 825.486
704.077 773.322
704.366 729.010
704.656 697.101
704.946 669.104
705.236 634.155
705.526 608.104
705.816 600.542
706.106 579.467
706.396 560.635
706.685 538.626
706.975 525.600
707.265 518.458
707.555 505.523
707.845 487.675
708.135 478.426
708.425 472.005
708.715 471.396
709.004 462.323
709.294 440.116
709.584 425.999
709.874 414.871
710.164 405.167
710.454 398.305
710.744 389.596
711.034 381.132
711.323 384.488
711.613 384.917
711.903 380.070
712.193 370.557
712.483 362.161
712.773 362.878
713.063 368.055
713.352 358.468
713.642 355.366
713.932 355.352
714.222 353.282
714.512 348.660
714.802 341.162
715.092 329.448
715.382 326.616
715.671 325.093
715.961 325.818
716.251 339.626
716.541 346.677
716.831 335.980
717.121 330.761
717.411 332.023
717.701 326.308
717.990 316.117
718.280 300.488
718.570 280.166
718.860 266.988
719.150 264.013
719.440 252.960
719.730 247.911
720.019 251.987
720.309 252.063
720.599 262.854
720.889 276.245
721.179 282.993
721.469 287.231
721.759 283.759
722.049 269.488
722.338 274.897
722.628 272.860
722.918 275.080
723.208 275.107
723.498 270.367
723.788 269.373
724.078 279.981
724.368 277.810
724.657 274.378
724.947 266.195
725.237 262.258
725.527 269.400
725.817 266.224
726.107 262.193
726.397 259.788
726.686 263.312
726.976 279.351
727.266 274.239
727.556 252.999
727.846 254.862
728.136 257.421
728.426 247.256
728.716 237.146
729.005 223.353
729.295 226.361
729.585 235.108
729.875 231.708
730.165 225.401
730.455 232.605
730.745 249.942
731.035 256.714
731.324 255.397
731.614 267.846
731.904 272.076
732.194 269.358
732.484 262.965
732.774 245.912
733.064 234.483
733.354 240.435
733.643 232.020
733.933 228.639
734.223 232.208
734.513 232.887
734.803 236.961
735.093 229.680
735.383 209.972
735.672 204.811
735.962 198.361
736.252 181.293
736.542 171.333
736.832 171.780
737.122 177.322
737.412 191.778
737.702 196.067
737.991 195.912
738.281 203.565
738.571 207.843
738.861 209.035
739.151 208.874
739.441 202.219
739.731 196.308
740.021 192.814
740.310 191.190
740.600 191.010
740.890 185.228
741.180 186.134
741.470 178.450
741.760 180.478
742.050 190.032
742.339 186.947
742.629 172.302
742.919 157.964
743.209 145.610
743.499 146.316
743.789 139.149
744.079 131.401
744.369 134.003
744.658 148.608
744.948 152.749
745.238 144.708
745.528 138.556
745.818 151.505
746.108 156.541
746.398 164.669
746.688 159.207
746.977 159.104
747.267 171.504
747.557 175.801
747.847 168.500
748.137 156.048
748.427 148.736
748.717 153.020
749.006 156.900
749.296 155.643
749.586 159.102
749.876 156.159
750.166 157.776
750.456 157.677
750.746 158.917
751.036 163.411
751.325 163.072
751.615 164.573
751.905 160.350
752.195 156.543
752.485 153.891
752.775 143.218
753.065 130.879
753.355 122.778
753.644 110.259
753.934 104.708
754.224 111.900
754.514 118.243
754.804 123.575
755.094 132.729
755.384 137.332
755.674 137.461
755.963 145.240
756.253 132.639
756.543 118.907
756.833 108.467
757.123 90.139
757.413 80.815
757.703 76.678
757.992 61.602
758.282 55.293
758.572 54.707
758.862 56.573
759.152 61.454
759.442 67.077
759.732 71.542
760.022 72.984
760.311 80.737
760.601 76.734
760.891 67.982
761.181 68.436
761.471 61.968
761.761 58.097
762.051 68.750
762.341 76.702
762.630 81.744
762.920 87.210
763.210 78.290
763.500 87.056
763.793 93.657
764.086 89.902
764.379 83.684
764.671 73.760
764.964 79.096
765.257 93.212
765.550 99.006
765.843 108.949
766.136 113.835
766.429 115.429
766.722 124.921
767.014 121.033
767.307 119.304
767.600 114.263
767.893 94.272
768.186 91.430
768.479 101.500
768.772 112.888
769.064 121.365
769.357 110.991
769.650 103.934
769.943 109.406
770.236 100.621
770.529 80.343
770.822 60.184
771.115 49.129
771.407 51.012
771.700 41.219
771.993 42.659
772.286 60.227
772.579 63.392
772.872 56.904
773.165 44.931
773.457 39.599
773.750 43.630
774.043 32.399
774.336 16.134
774.629 19.292
774.922 19.446
775.215 23.339
775.508 30.662
775.800 28.354
776.093 38.852
776.386 39.985
776.679 31.208
776.972 38.389
777.265 47.148
777.558 47.147
777.850 49.295
778.143 41.373
778.436 41.640
778.729 54.416
779.022 57.000
779.315 49.534
779.608 42.201
779.900 44.769
780.193 50.481
780.486 59.057
780.779 62.485
781.072 59.897
781.365 59.035
781.658 62.620
781.951 56.030
782.243 50.600
782.536 42.289
782.829 37.399
783.122 40.404
783.415 40.403
783.708 38.818
784.001 41.679
784.293 42.378
784.586 31.918
784.879 19.881
785.172 7.134
785.465 12.419
785.758 17.707
786.051 3.974
786.344 -1.316
786.636 10.123
786.929 9.408
787.222 10.710
787.515 11.989
787.808 14.111
788.101 21.407
788.394 25.258
788.686 26.079
788.979 34.348
789.272 44.766
789.565 34.348
789.858 28.644
790.151 28.363
790.444 21.658
790.737 9.397
791.029 12.401
791.322 16.957
791.615 22.947
791.908 19.510
792.201 21.934
792.494 25.354
792.787 28.344
793.079 13.224
793.372 0.110
793.665 1.815
793.958 10.932
794.251 29.305
794.544 27.169
794.837 19.762
795.130 26.601
795.422 25.038
795.715 25.607
796.008 7.667
796.301 -18.825
796.594 -14.980
796.887 -9.568
797.180 -18.965
797.472 -16.263
797.765 -16.259
798.058 -9.430
798.351 3.384
798.644 6.802
798.937 4.380
799.230 23.174
799.523 31.007
799.815 21.459
800.108 21.886
800.401 20.613
800.694 22.766
800.987 28.042
801.280 8.807
801.573 9.525
801.865 28.915
802.158 28.487
802.451 23.777
802.744 19.634
803.037 18.774
803.330 22.905
803.623 23.212
803.915 11.528
804.208 22.241
804.501 34.689
804.794 36.703
805.087 41.716
805.380 46.287
805.673 40.858
805.966 30.968
806.258 7.043
806.551 -0.537
806.844 -1.667
807.137 -12.258
807.430 -17.139
807.723 -21.298
808.016 -25.913
808.308 -20.473
808.601 -28.516
808.894 -38.418
809.187 -34.256
809.480 -29.512
809.773 -32.264
810.066 -14.431
810.359 1.842
810.651 18.404
810.944 29.490
811.237 29.782
811.530 27.910
811.825 38.150
812.119 37.884
812.414 37.900
812.709 36.934
813.003 33.765
813.298 29.716
813.593 39.140
813.887 50.623
814.182 49.634
814.476 39.368
814.771 37.367
815.066 41.015
815.360 53.215
815.655 48.882
815.950 34.533
816.244 33.817
816.539 37.743
816.834 19.829
817.128 12.117
817.423 -3.182
817.718 -11.355
818.012 -12.220
818.307 -14.248
818.602 -18.642
818.896 -12.088
819.191 -20.794
819.486 -14.493
819.780 -5.361
820.075 -4.907
820.369 7.396
820.664 11.673
820.959 17.139
821.253 31.769
821.548 30.435
821.843 34.199
822.137 36.600
822.432 26.418
822.727 36.908
823.021 46.380
823.316 47.343
823.611 48.692
823.905 41.567
824.200 39.800
824.495 37.276
824.789 27.725
825.084 18.909
825.379 11.681
825.673 16.545
825.968 19.895
826.262 25.373
826.557 28.561
826.852 20.841
827.146 3.397
827.441 6.729
827.736 -1.921
828.030 -17.401
828.325 -38.604
828.620 -58.147
828.914 -42.410
829.209 -33.729
829.504 -39.778
829.798 -30.259
830.093 -3.097
830.388 10.669
830.682 16.700
830.977 4.026
831.271 10.946
831.566 9.257
831.861 -4.006
832.155 -10.286
832.450 -4.458
832.745 12.636
833.039 9.377
833.334 -2.161
833.629 -1.683
833.923 8.507
834.218 -2.219
834.513 -11.746
834.807 -27.745
835.102 -28.867
835.397 -17.980
835.691 -0.946
835.986 0.796
836.281 1.770
836.575 5.431
836.870 12.460
837.164 27.021
837.459 44.231
837.754 38.937
838.048 34.057
838.343 29.274
838.638 30.555
838.932 35.085
839.227 29.125
839.522 7.204
839.816 -5.302
840.111 -7.900
840.406 -17.219
840.700 -20.087
840.995 -24.956
841.290 -27.981
841.584 -15.299
841.879 -15.244
842.174 -21.237
842.468 -12.043
842.763 -5.070
843.057 3.485
843.352 5.157
843.647 -5.977
843.941 -4.512
844.236 2.707
844.531 7.765
844.825 2.441
845.120 -7.155
845.415 -16.212
845.709 -13.241
846.004 0.283
846.299 3.315
846.593 8.828
846.888 15.004
847.183 13.172
847.477 23.257
847.772 23.758
848.066 10.839
848.361 10.542
848.656 -5.056
848.950 -15.468
849.245 -3.382
849.540 -10.418
849.834 -19.440
850.129 -14.538
850.424 -22.405
850.718 -17.679
851.013 -19.340
851.308 -27.368
851.602 -22.939
851.897 -26.021
852.192 -19.316
852.486 -9.651
852.781 -8.657
853.076 -2.418
853.370 -2.093
853.665 -5.670
853.959 -1.540
854.254 -12.794
854.549 -16.066
854.843 -10.214
855.138 -9.417
855.433 -9.905
855.727 -5.676
856.022 -1.248
856.317 1.034
856.611 1.191
856.906 5.625
857.201 7.032
857.495 10.363
857.790 16.228
858.085 19.740
858.379 18.812
858.674 11.254
858.969 -3.937
859.263 -8.214
859.558 -14.821
859.852 -31.583
860.147 -31.918
860.442 -16.691
860.736 -2.983
861.031 19.937
861.326 36.976
861.620 31.691
861.915 34.054
862.210 34.948
862.504 29.972
862.799 25.922
863.094 15.525
863.388 -2.972
863.683 -5.948
863.978 0.186
864.272 -1.785
864.567 -15.024
864.861 -11.529
865.156 -8.385
865.451 -4.944
865.745 -2.366
866.040 -4.956
866.335 4.991
866.629 14.573
866.924 8.068
867.219 4.887
867.513 15.862
867.808 31.178
868.103 37.888
868.397 28.810
868.692 28.013
868.987 32.883
869.281 38.649
869.576 27.363
869.871 20.730
870.165 22.259
870.460 13.338
870.754 4.543
871.049 -2.141
871.344 -10.007
871.638 -10.295
871.933 -9.451
872.228 -8.798
872.522 -2.823
872.817 -3.876
873.112 -8.857
873.406 -10.137
873.701 -11.943
873.996 -27.189
874.290 -44.505
874.585 -49.038
874.880 -39.181
875.174 -27.814
875.469 -27.556
875.764 -24.383
876.058 -10.243
876.353 2.610
876.647 9.647
876.942 4.837
877.237 4.779
877.531 0.965
877.826 -5.822
878.121 -7.163
878.415 -10.522
878.710 -16.035
879.005 -19.239
879.299 -36.044
879.594 -39.884
879.889 -38.210
880.183 -43.509
880.478 -46.117
880.773 -45.376
881.067 -40.812
881.362 -27.685
881.656 -16.797
881.951 -6.894
882.246 3.838
882.540 19.114
882.835 34.455
883.130 37.318
883.424 39.656
883.719 35.046
884.014 23.308
884.308 17.831
884.603 2.225
884.898 -16.077
885.192 -19.970
885.487 -16.418
885.782 -16.419
886.076 -13.289
886.371 -13.911
886.666 -12.817
886.960 -16.332
887.255 -27.910
887.549 -40.294
887.844 -36.108
888.139 -33.424
888.433 -35.045
888.728 -33.350
889.023 -21.359
889.317 -13.685
889.612 -17.183
889.907 -24.400
890.201 -30.329
890.496 -33.588
890.791 -33.957
891.085 -36.356
891.380 -29.035
891.675 -15.152
891.969 -12.124
892.264 -10.107
892.559 0.857
892.853 3.132
893.148 -4.542
893.442 -16.122
893.737 -24.559
894.032 -25.189
894.326 -17.254
894.621 -20.526
894.916 -21.290
895.210 -11.598
895.505 -9.218
895.800 -13.268
896.094 -13.269
896.389 -17.927
896.684 -25.625
896.978 -29.162
897.273 -23.099
897.568 -7.693
897.862 -3.157
898.157 -2.400
898.451 0.256
898.746 8.335
899.041 4.907
899.335 -1.535
899.630 -10.385
899.925 -8.118
900.219 -4.946
900.514 -7.223
900.809 -9.765
901.103 -2.696
901.398 -0.152
901.693 4.817
901.987 7.870
902.282 4.699
902.577 6.740
902.871 3.924
903.166 2.373
903.461 -1.196
903.755 -9.114
904.050 -14.104
904.344 -13.589
904.639 -13.954
904.934 -12.706
905.228 -2.305
905.523 1.301
905.818 -0.534
906.112 -4.169
906.407 -10.644
906.702 -15.812
906.996 -9.743
907.291 -13.324
907.586 -18.759
907.880 -11.516
908.175 -2.466
908.470 3.628
908.764 14.037
909.059 7.136
909.354 -1.997
909.648 -7.912
909.943 -3.963
910.237 -3.293
910.532 -5.654
910.827 -11.386
911.121 -10.108
911.416 -9.636
911.711 -5.619
912.005 -16.926
912.300 -22.198
912.599 -25.265
912.898 -26.578
913.196 -23.023
913.495 -18.024
913.794 -16.331
914.093 -17.312
914.391 -17.060
914.690 -13.494
914.989 -11.621
915.288 -9.607
915.586 -4.256
915.885 -2.533
916.184 14.344
916.483 25.890
916.782 16.721
917.080 3.237
917.379 -1.878
917.678 -1.695
917.977 1.413
918.275 -3.483
918.574 -2.445
918.873 6.011
919.172 15.031
919.471 10.626
919.769 -0.023
920.068 -3.296
920.367 -11.205
920.666 -28.973
920.964 -38.689
921.263 -35.541
921.562 -23.305
921.861 -12.823
922.159 4.455
922.458 10.857
922.757 8.928
923.056 19.134
923.355 14.643
923.653 9.235
923.952 3.373
924.251 -20.601
924.550 -31.882
924.848 -22.509
925.147 -23.955
925.446 -17.306
925.745 -8.596
926.043 -4.752
926.342 4.325
926.641 6.364
926.940 -6.507
927.239 -12.651
927.537 -25.234
927.836 -33.807
928.135 -31.131
928.434 -30.524
928.732 -21.800
929.031 -2.459
929.330 9.177
929.629 16.972
929.927 21.736
930.226 15.866
930.525 9.014
930.824 12.891
931.123 5.961
931.421 1.157
931.720 0.791
932.019 -11.831
932.318 -21.164
932.616 -26.203
932.915 -29.190
933.214 -13.411
933.513 -2.381
933.812 0.551
934.110 6.132
934.409 11.771
934.708 17.079
935.007 9.189
935.305 -5.978
935.604 -9.447
935.903 -19.993
936.202 -26.721
936.500 -24.294
936.799 -11.897
937.098 -9.614
937.397 -21.052
937.696 -34.231
937.994 -18.663
938.293 1.609
938.592 2.587
938.891 5.536
939.189 20.106
939.488 37.524
939.787 51.170
940.086 36.777
940.384 20.188
940.683 18.886
940.982 -2.996
941.281 -20.160
941.580 -30.700
941.878 -45.326
942.177 -38.518
942.476 -32.820
942.775 -49.642
943.073 -45.852
943.372 -44.847
943.671 -50.506
943.970 -50.285
944.268 -50.899
944.567 -47.564
944.866 -23.937
945.165 -25.490
945.464 -42.303
945.762 -48.649
946.061 -49.045
946.360 -55.671
946.659 -64.068
946.957 -71.446
947.256 -47.913
947.555 -28.793
947.854 -3.302
948.153 18.449
948.451 26.606
948.750 20.359
949.049 20.104
949.348 -1.471
949.646 -13.913
949.945 -27.595
950.244 -47.556
950.543 -56.146
950.841 -42.635
951.140 -39.901
951.439 -30.551
951.738 -9.653
952.037 -6.538
952.335 -10.442
952.634 -5.921
952.933 -4.581
953.232 -2.768
953.530 -3.556
953.829 -5.664
954.128 9.649
954.427 18.167
954.725 5.198
955.024 -3.918
955.323 -7.061
955.622 -5.404
955.921 -9.531
956.219 -21.177
956.518 -15.694
956.817 -0.511
957.116 2.997
957.414 10.551
957.713 7.979
958.012 16.489
958.311 19.209
958.610 10.809
958.908 3.760
959.207 5.596
959.506 3.180
959.805 3.653
960.103 0.980
960.402 -9.052
960.701 -12.141
961.000 3.981
961.298 6.517
961.597 -3.512
961.896 -17.679
962.195 -23.822
962.494 -0.962
962.792 18.612
963.091 14.417
963.390 4.580
963.689 8.423
963.987 28.443
964.286 32.719
964.585 25.427
964.884 18.339
965.182 13.554
965.481 23.920
965.780 35.278
966.080 32.736
966.380 23.526
966.680 11.711
966.981 7.724
967.281 17.038
967.581 23.523
967.881 18.153
968.181 20.367
968.481 25.375
968.781 24.043
969.082 28.855
969.382 33.157
969.682 27.226
969.982 28.682
970.282 25.194
970.582 20.987
970.882 20.560
971.183 7.274
971.483 -6.838
971.783 -14.297
972.083 -22.185
972.383 -34.460
972.683 -35.449
972.983 -31.138
973.284 -24.411
973.584 -24.681
973.884 -10.718
974.184 6.575
974.484 26.776
974.784 37.433
975.084 50.687
975.385 73.128
975.685 89.585
975.985 96.857
976.285 100.081
976.585 100.594
976.885 102.166
977.185 99.845
977.486 86.522
977.786 85.434
978.086 84.457
978.386 90.059
978.686 98.197
978.986 112.492
979.286 111.955
979.587 111.178
979.887 111.632
980.187 99.203
980.487 77.203
980.787 64.917
981.087 47.345
981.387 38.773
981.688 42.487
981.988 34.344
982.288 33.916
982.588 39.772
982.888 26.629
983.188 15.201
983.488 21.486
983.789 7.343
984.089 -1.943
984.389 4.200
984.689 8.199
984.989 16.199
985.289 26.628
985.589 16.913
985.890 12.770
986.190 12.484
986.490 12.912
986.790 12.198
987.090 14.626
987.390 7.198
987.690 2.626
987.991 16.911
988.291 24.054
988.591 3.197
988.891 -21.089
989.191 -27.089
989.491 -21.375
989.791 -9.518
990.092 -8.233
990.392 -0.805
990.692 7.481
990.992 26.052
991.292 32.909
991.592 26.909
991.892 17.766
992.193 16.908
992.493 6.765
992.793 1.765
993.093 -6.092
993.393 -14.950
993.693 -11.521
993.993 -14.664
994.294 -22.950
994.594 -17.950
994.894 -3.522
995.194 5.621
995.494 9.192
995.794 4.763
996.094 9.763
996.395 16.477
996.695 14.477
996.995 2.476
997.295 -0.952
997.595 4.190
997.895 19.047
998.195 26.904
998.496 31.333
998.796 43.904
999.096 52.475
999.396 55.618
999.696 41.475
999.996 24.046
1000.296 20.188
1000.597 9.045
1000.897 -7.241
1001.197 -10.098
1001.497 -6.812
1001.797 24.616
1002.097 43.473
1002.397 31.616
1002.698 32.615
1002.998 38.329
1003.298 39.044
1003.598 33.900
1003.898 9.615
1004.198 -12.386
1004.498 -11.243
1004.799 -21.100
1005.099 -35.243
1005.399 -40.958
1005.699 -46.101
1005.999 -44.530
1006.299 -36.673
1006.599 -35.959
1006.900 -19.959
1007.200 3.184
1007.500 2.898
1007.800 0.326
1008.100 11.897
1008.400 11.183
1008.700 8.754
1009.001 -3.675
1009.301 -22.532
1009.601 -23.104
1009.901 -22.247
1010.201 -37.390
1010.501 -34.819
1010.801 -25.676
1011.102 -13.390
1011.402 -3.819
1011.702 -6.105
1012.002 -6.820
1012.302 -3.391
1012.602 -8.534
1012.902 -23.677
1013.203 -33.249
1013.503 -34.392
1013.803 -10.106
1014.103 9.893
1014.403 9.465
1014.703 10.464
1015.003 21.464
1015.304 25.321
1015.604 18.035
1015.904 3.892
1016.204 -5.965
1016.504 4.749
1016.804 3.749
1017.104 -6.109
1017.405 -12.109
1017.705 -7.395
1018.005 -2.252
1018.305 -0.967
1018.605 -13.110
1018.905 -8.967
1019.205 17.176
1019.506 26.747
1019.806 28.747
1020.106 26.318
1020.406 13.175
1020.706 7.318
1021.006 11.603
1021.306 -0.540
1021.607 -0.969
1021.907 1.603
1022.207 0.888
1022.507 8.031
1022.807 21.602
1023.107 19.030
1023.407 23.173
1023.708 21.030
1024.008 22.173
1024.308 19.744
1024.608 18.601
1024.908 19.172
1025.208 29.886
1025.508 24.172
1025.809 10.743
1026.109 -7.400
1026.409 -16.543
1026.709 -14.686
1027.009 -10.972
1027.309 -14.258
1027.609 -4.258
1027.910 20.599
1028.210 36.741
1028.510 36.313
1028.810 36.741
1029.110 41.027
1029.410 38.883
1029.710 22.026
1030.011 1.455
1030.311 -11.403
1030.611 -10.403
1030.911 -11.260
1031.211 -28.261
1031.511 -47.261
1031.811 -45.261
1032.112 -36.547
1032.412 -20.833
1032.712 -13.833
1033.012 -13.262
1033.312 -13.833
1033.612 -11.976
1033.912 -10.834
1034.212 -11.548
1034.513 -20.691
1034.813 -28.120
1035.113 -40.406
1035.413 -43.120
1035.713 -24.406
1036.013 -13.978
1036.313 -12.264
1036.614 -16.835
1036.914 -23.550
1037.214 -16.836
1037.514 -4.836
1037.814 -17.122
1038.114 -32.836
1038.414 -32.694
1038.715 -22.694
1039.015 -16.408
1039.315 -17.123
1039.615 -26.409
1039.915 -25.552
1040.215 -9.838
1040.515 -3.409
1040.816 -6.409
1041.116 0.590
1041.416 11.162
1041.716 18.447
1042.016 18.304
1042.316 7.018
1042.616 2.447
1042.917 -4.839
1043.217 -10.268
1043.517 -16.982
1043.817 -26.697
1044.117 -24.840
1044.417 -25.840
1044.717 -42.126
1045.018 -43.412
1045.318 -32.412
1045.618 -34.269
1045.918 -40.270
1046.218 -38.698
1046.518 -24.699
1046.818 -2.270
1047.119 14.730
1047.419 12.587
1047.719 14.444
1048.019 30.443
1048.319 31.015
1048.619 18.300
1048.919 6.871
1049.220 -0.272
1049.520 -11.272
1049.820 -16.986
1050.120 -21.415
1050.420 -19.129
1050.720 -21.701
1051.020 -28.273
1051.321 -34.987
1051.621 -31.844
1051.921 -23.273
1052.221 -21.845
1052.521 -28.131
1052.821 -26.131
1053.121 -29.560
1053.422 -30.845
1053.722 -24.274
1054.022 -23.989
1054.322 -30.846
1054.622 -29.275
1054.922 -25.561
1055.222 -4.704
1055.523 9.296
1055.823 8.153
1056.123 16.867
1056.423 29.438
1056.723 33.581
1057.023 31.152
1057.323 19.867
1057.624 13.723
1057.924 15.152
1058.224 1.723
1058.524 -4.848
1058.824 -7.420
1059.124 -11.992
1059.424 -20.563
1059.725 -22.278
1060.025 -21.278
1060.325 -17.850
1060.625 -18.564
1060.925 -29.993
1061.225 -31.564
1061.525 -19.422
1061.826 -18.850
1062.126 -18.136
1062.426 -15.279
1062.726 -14.708
1063.026 -4.137
1063.326 -0.566
1063.626 0.149
1063.927 8.006
1064.227 1.005
1064.527 -7.709
1064.827 -16.424
1065.127 -21.424
1065.427 -21.281
1065.727 -33.567
1066.028 -46.424
1066.328 -42.282
1066.628 -38.282
1066.928 -28.139
1067.228 -20.711
1067.528 -16.425
1067.828 -12.997
1068.129 -8.283
1068.429 -13.283
1068.729 -12.426
1069.029 -17.854
1069.329 -23.569
1069.629 -25.569
1069.929 -26.141
1070.230 -28.427
1070.530 -27.998
1070.830 -28.570
1071.130 -27.713
1071.430 -23.142
1071.730 -17.285
1072.030 -19.285
1072.331 -28.142
1072.631 -28.142
1072.931 -27.999
1073.231 -30.143
1073.531 -29.714
1073.831 -28.143
1074.131 -21.000
1074.432 -13.143
1074.732 -6.000
1075.032 -1.429
1075.332 -0.429
1075.632 0.428
1075.932 5.999
1076.232 8.427
1076.533 0.427
1076.833 -12.002
1077.133 -23.145
1077.433 -23.859
1077.733 -28.145
1078.033 -36.859
1078.333 -45.574
1078.634 -40.146
1078.934 -28.431
1079.234 -23.432
1079.534 -22.575
1079.834 -21.860
1080.134 -30.861
1080.434 -27.718
1080.735 -21.147
1081.035 -23.718
1081.335 -27.433
1081.635 -32.576
1081.935 -37.576
1082.235 -25.005
1082.535 -21.148
1082.836 -26.576
1083.136 -33.148
1083.436 -29.720
1083.736 -14.434
1084.036 -1.006
1084.336 -0.149
1084.636 4.566
1084.937 11.708
1085.237 14.137
1085.537 17.851
1085.837 21.136
1086.137 18.136
1086.437 9.279
1086.737 -7.578
1087.038 -19.150
1087.338 -21.436
1087.638 -26.436
1087.938 -36.008
1088.238 -35.436
1088.538 -21.008
1088.838 -11.008
1089.139 -5.008
1089.439 9.277
1089.739 15.277
1090.039 16.706
1090.339 20.277
1090.639 14.848
1090.939 33.419
1091.240 44.562
1091.540 42.276
1091.840 50.847
1092.140 65.704
1092.453 63.419
1092.766 56.704
1093.079 43.132
1093.392 33.132
1093.705 23.132
1094.018 4.703
1094.330 -10.440
1094.643 -21.154
1094.956 -19.726
1095.269 -18.154
1095.582 -10.440
1095.895 1.417
1096.208 0.559
1096.521 -10.584
1096.834 -3.584
1097.147 -12.727
1097.460 -20.441
1097.773 -28.156
1098.085 -43.727
1098.398 -43.156
1098.711 -41.013
1099.024 -44.870
1099.337 -36.013
1099.650 -42.299
1099.963 -49.300
1100.276 -38.014
1100.589 -36.871
1100.902 -32.871
1101.215 -18.729
1101.528 -1.015
1101.841 18.842
1102.153 30.414
1102.466 29.699
1102.779 40.699
1103.092 47.413
1103.405 39.842
1103.718 27.413
1104.031 25.270
1104.344 22.555
1104.657 28.270
1104.970 29.984
1105.283 18.841
1105.596 2.555
1105.909 -2.874
1106.221 -8.588
1106.534 -9.446
1106.847 -12.017
1107.160 -19.303
1107.473 -15.732
1107.786 -7.018
1108.099 -17.732
1108.412 -29.161
1108.725 -30.875
1109.038 -48.018
1109.351 -57.304
1109.664 -54.733
1109.977 -50.447
1110.289 -33.019
1110.602 -15.733
1110.915 -18.305
1111.228 -11.734
1111.541 -2.162
1111.854 -1.305
1112.167 -5.877
1112.480 -14.306
1112.793 -30.591
1113.106 -32.163
1113.419 -25.877
1113.732 -23.449
1114.044 -16.592
1114.357 -1.878
1114.670 6.122
1114.983 8.693
1115.296 22.836
1115.609 24.836
1115.922 17.121
1116.235 11.407
1116.548 0.978
1116.861 -9.165
1117.174 -6.165
1117.487 -10.879
1117.800 -14.165
1118.112 -7.023
1118.425 8.549
1118.738 20.120
1119.051 22.977
1119.364 28.691
1119.677 31.405
1119.990 32.548
1120.303 39.976
1120.616 22.262
1120.929 -1.024
1121.242 6.262
1121.555 9.690
1121.868 1.690
1122.180 6.976
1122.493 13.833
1122.806 19.832
1123.119 25.689
1123.432 17.832
1123.745 7.546
1124.058 10.546
1124.371 9.975
1124.684 -6.311
1124.997 -8.597
1125.310 -1.597
1125.623 4.260
1125.935 3.402
1126.248 -1.883
1126.561 -11.741
1126.874 -16.884
1127.187 -27.884
1127.500 -33.313
1127.813 -30.884
1128.126 -15.599
1128.439 -7.313
1128.752 -8.027
1129.065 -11.028
1129.378 -5.742
1129.691 -1.885
1130.003 -11.314
1130.316 -22.600
1130.629 -28.743
1130.942 -31.171
1131.255 -30.029
1131.568 -33.172
1131.881 -39.172
1132.194 -42.172
1132.507 -41.743
1132.820 -31.744
1133.133 -25.744
1133.446 -23.458
1133.759 -19.744
1134.071 -9.744
1134.384 4.113
1134.697 9.970
1135.010 6.255
1135.323 -1.459
1135.636 3.398
1135.949 14.112
1136.262 9.826
1136.575 -8.317
1136.888 -11.745
1137.201 -8.888
1137.514 1.540
1137.826 2.683
1138.139 -13.460
1138.452 -20.889
1138.765 -14.318
1139.078 -16.889
1139.391 -18.032
1139.704 -25.032
1140.017 -34.890
1140.330 -34.176
1140.643 -23.319
1140.956 -21.319
1141.269 -8.176
1141.582 -10.319
1141.894 -10.176
1142.207 -0.176
1142.520 10.681
1142.833 6.109
1143.146 9.966
1143.459 -2.320
1143.772 -9.177
1144.085 -2.177
1144.398 1.680
1144.711 2.680
1145.024 1.251
1145.337 -2.463
1145.650 7.822
1145.962 17.536
1146.275 17.965
1146.588 23.822
1146.901 23.250
1147.214 28.821
1147.527 26.536
1147.840 8.821
1148.153 -6.322
1148.466 -12.465
1148.779 -23.751
1149.092 -28.751
1149.405 -30.608
1149.718 -13.751
1150.030 -4.037
1150.343 -4.037
1150.656 -9.466
1150.969 1.391
1151.282 15.534
1151.595 25.677
1151.908 22.534
1152.221 23.105
1152.534 38.105
1152.847 43.676
1153.160 39.676
1153.473 26.819
1153.785 10.533
1154.098 8.533
1154.411 6.961
1154.724 2.390
1155.037 20.389
1155.350 20.675
1155.663 22.389
1155.976 24.246
1156.289 7.675
1156.602 4.675
1156.915 5.389
1157.228 -13.754
1157.541 -30.754
1157.853 -43.612
1158.166 -43.755
1158.479 -33.612
1158.792 -33.755
1159.105 -40.184
1159.418 -49.184
1159.731 -46.041
1160.044 -39.470
1160.357 -40.041
1160.670 -41.327
1160.983 -41.899
1161.296 -44.470
1161.609 -38.042
1161.921 -21.899
1162.234 -11.185
1162.547 -16.471
1162.860 -28.614
1163.173 -25.328
1163.486 -15.043
1163.799 -19.471
1164.112 -35.900
1164.425 -41.757
1164.738 -36.472
1165.051 -27.043
1165.364 -24.758
1165.676 -37.329
1165.989 -29.901
1166.302 -30.758
1166.615 -40.901
1166.928 -33.044
1167.241 -18.330
1167.554 -16.187
1167.867 -1.616
1168.180 1.527
1168.493 -1.902
1168.806 7.669
1169.119 7.526
1169.432 -11.045
1169.744 -26.760
1170.057 -37.474
1170.370 -30.760
1170.683 -15.903
1170.996 -17.189
1171.309 -17.617
1171.622 -2.475
1171.935 9.097
1172.248 11.954
1172.561 1.239
1172.874 -5.475
1173.187 -3.475
1173.500 -3.475
1173.812 -16.047
1174.125 -15.476
1174.438 -14.619
1174.751 -7.619
1175.064 0.381
1175.377 6.667
1175.690 1.381
1176.003 9.952
1176.316 11.238
1176.629 15.238
1176.942 7.380
1177.255 -5.763
1177.567 -17.048
1177.880 -18.906
1178.193 -21.620
1178.506 -14.049
1178.819 -7.620
1179.132 6.522
1179.445 16.951
1179.758 15.665
1180.071 19.665
1180.384 15.093
1180.697 0.807
1181.010 -15.478
1181.323 -28.193
1181.635 -28.336
1181.948 -23.622
1182.261 -21.622
1182.574 -10.765
1182.887 3.949
1183.200 12.235
1183.513 18.949
1183.826 16.806
1184.139 18.663
1184.452 14.806
1184.765 5.520
1185.078 -3.623
1185.391 -9.480
1185.703 -3.337
1186.016 -2.052
1186.329 -7.766
1186.642 -3.766
1186.955 0.948
1187.268 1.091
1187.581 16.519
1187.894 6.233
1188.207 7.376
1188.520 7.519
1188.833 0.518
1189.146 -3.482
1189.459 -10.482
1189.771 -27.625
1190.084 -27.339
1190.397 -40.768
1190.710 -42.625
1191.023 -35.054
1191.336 -29.482
1191.649 -22.768
1191.962 -22.197
1192.275 -30.626
1192.588 -20.197
1192.901 -11.626
1193.214 -14.340
1193.526 -19.912
1193.839 -19.341
1194.152 -13.626
1194.465 -4.484
1194.778 -10.055
1195.091 -18.341
1195.404 -24.627
1195.717 -20.341
1196.030 -11.056
1196.343 -8.199
1196.656 -17.342
1196.969 -20.770
1197.282 -14.056
1197.594 -13.199
1197.907 -26.914
1198.220 -25.199
1198.533 -16.200
1198.846 -0.914
1199.159 13.657
1199.472 13.943
1199.785 20.086
1200.098 36.228
1200.411 19.085
1200.724 1.942
1201.037 -5.915
1201.350 -13.629
1201.662 -16.772
1201.975 -19.772
1202.288 -30.372
1202.601 -28.772
