165.028 44.996
165.288 32.930
165.547 30.881
165.807 31.556
166.067 17.811
166.327 20.637
166.587 24.177
166.847 15.431
167.107 11.685
167.367 13.224
167.627 13.049
167.886 19.874
168.146 13.414
168.406 8.381
168.666 22.920
168.926 25.030
169.186 11.569
169.446 5.250
169.706 13.503
169.966 22.041
170.225 29.579
170.485 19.260
170.745 29.083
171.005 45.335
171.265 40.015
171.525 28.838
171.785 18.519
172.045 16.770
172.305 33.307
172.564 36.415
172.824 32.809
173.084 47.203
173.344 53.883
173.604 52.276
173.864 48.527
174.124 38.920
174.384 22.742
174.644 23.707
174.903 23.385
175.163 15.636
175.423 28.028
175.683 29.850
175.943 28.528
176.203 38.206
176.463 27.313
176.723 14.848
176.983 13.812
177.242 12.776
177.502 23.311
177.762 27.988
178.022 26.952
178.282 33.629
178.542 45.878
178.802 49.127
179.062 32.661
179.322 12.195
179.581 -1.842
179.841 -13.165
180.101 -7.774
180.361 -0.954
180.621 4.580
180.881 -5.743
181.141 3.219
181.401 20.753
181.661 28.572
181.920 22.677
182.180 11.782
182.440 7.744
182.700 17.706
182.960 11.096
183.220 13.487
183.480 27.448
183.740 30.553
184.000 26.943
184.259 23.333
184.519 38.580
184.779 58.256
185.039 64.789
185.299 57.322
185.559 64.712
185.819 73.387
186.079 66.205
186.339 44.452
186.598 14.699
186.858 -19.769
187.118 -28.950
187.378 -40.847
187.638 -50.029
187.898 -43.496
188.158 -30.821
188.418 -15.289
188.678 2.672
188.937 9.632
189.197 6.022
189.457 -1.161
189.717 7.657
189.977 25.046
190.237 27.578
190.497 31.824
190.757 42.213
191.017 57.316
191.276 71.705
191.536 65.951
191.796 42.912
192.056 27.872
192.316 20.261
192.576 7.364
192.836 -6.961
193.096 -24.573
193.356 -39.327
193.616 -33.224
193.875 -26.264
194.135 -27.303
194.395 -24.915
194.655 -29.097
194.915 -20.709
195.175 -0.320
195.435 0.354
195.695 5.171
195.955 10.131
196.214 14.949
196.474 25.052
196.734 25.297
196.994 25.972
197.254 38.360
197.514 41.892
197.774 40.994
198.034 37.812
198.294 37.200
198.553 38.732
198.813 27.263
199.073 13.652
199.333 5.326
199.593 17.572
199.853 24.674
200.113 18.063
200.373 10.880
200.633 12.126
200.892 10.514
201.152 17.189
201.412 5.292
201.672 -10.320
201.932 -11.645
202.192 4.743
202.452 18.989
202.712 22.235
202.972 21.338
203.231 24.441
203.491 37.829
203.751 51.218
204.011 47.464
204.271 39.710
204.531 45.242
204.791 41.773
205.051 36.591
205.311 27.408
205.570 22.654
205.830 29.614
206.090 35.575
206.350 31.821
206.610 37.781
206.870 54.170
207.130 56.702
207.390 53.805
207.650 46.765
207.909 29.154
208.169 20.115
208.429 14.790
208.689 -4.250
208.949 -10.146
209.209 -3.328
209.469 -12.082
209.729 -11.407
209.989 -3.304
210.248 4.372
210.508 17.332
210.768 28.579
211.028 15.397
211.288 24.929
211.548 35.319
211.808 29.137
212.068 23.812
212.328 17.916
212.587 17.163
212.847 40.267
213.107 48.085
213.367 42.760
213.627 40.150
213.887 33.540
214.147 18.501
214.407 14.462
214.667 5.710
214.926 -2.186
215.186 -2.082
215.446 0.737
215.706 -1.873
215.966 9.231
216.226 6.621
216.486 6.869
216.746 21.688
217.006 31.364
217.265 34.040
217.525 62.002
217.785 74.678
218.045 68.640
218.305 58.316
218.565 41.992
218.825 45.097
219.085 53.488
219.345 35.736
219.604 22.984
219.864 35.518
220.124 42.194
220.384 34.442
220.644 22.119
220.904 20.510
221.164 12.473
221.424 6.864
221.684 7.255
221.943 0.932
222.203 -1.677
222.463 -7.428
222.723 -10.751
222.983 -2.788
223.243 3.746
223.503 -8.291
223.763 -10.042
224.023 -4.793
224.282 2.456
224.542 2.562
224.802 2.097
225.062 3.203
225.322 18.452
225.582 30.130
225.842 32.093
226.102 24.485
226.362 16.020
226.621 18.841
226.881 28.091
227.141 33.340
227.401 38.733
227.661 48.268
227.921 55.518
228.181 60.625
228.441 59.874
228.701 51.696
228.960 39.660
229.220 23.196
229.480 9.446
229.740 6.124
230.000 2.946
230.260 3.053
230.520 6.732
230.780 -5.589
231.040 -8.767
231.299 -13.231
231.559 -21.980
231.819 -19.872
232.079 -13.336
232.339 -8.942
232.599 5.308
232.859 15.131
233.119 18.953
233.379 33.204
233.638 37.884
233.898 37.849
234.158 29.386
234.418 21.780
234.678 27.317
234.938 37.569
235.198 33.820
235.458 24.214
235.718 12.609
235.978 8.432
236.237 12.255
236.497 1.650
236.757 -3.813
237.017 -1.847
237.277 10.691
237.537 15.800
237.797 22.338
238.057 22.733
238.317 30.842
238.576 31.809
238.836 28.776
239.096 17.028
239.356 16.566
239.616 13.819
239.876 7.928
240.136 3.181
240.396 2.148
240.656 8.687
240.915 19.654
241.175 22.478
241.435 28.446
241.695 35.270
241.955 40.523
242.215 44.205
242.475 48.030
242.735 45.712
242.995 35.965
243.254 27.647
243.514 25.329
243.774 13.012
244.034 15.551
244.294 19.662
244.554 19.487
244.814 27.884
245.074 26.424
245.334 14.106
245.593 15.075
245.853 6.472
246.113 2.583
246.373 1.552
246.633 1.092
246.893 16.632
247.153 38.029
247.413 46.712
247.673 50.395
247.932 45.650
248.192 51.048
248.452 45.446
248.712 28.558
248.972 30.384
249.232 44.925
249.492 58.037
249.752 61.578
250.012 59.119
250.271 51.088
250.531 45.772
250.791 35.314
251.051 13.712
251.311 -1.890
251.571 5.223
251.831 10.765
252.091 26.878
252.351 37.133
252.610 40.104
252.870 49.931
253.130 48.616
253.390 28.586
253.650 28.842
253.911 21.670
254.172 18.212
254.433 13.183
254.694 -2.989
254.955 -2.304
255.216 -5.191
255.477 -23.934
255.738 -23.249
255.999 -17.706
256.261 -15.735
256.522 -2.335
256.783 7.065
257.044 21.036
257.305 36.579
257.566 43.693
257.827 43.808
258.088 47.351
258.349 48.608
258.610 50.437
258.871 50.552
259.132 41.381
259.393 39.496
259.654 37.039
259.915 34.440
260.176 28.983
260.437 19.813
260.698 19.356
260.959 20.043
261.221 11.301
261.482 14.131
261.743 18.246
262.004 20.790
262.265 29.049
262.526 37.307
262.787 36.851
263.048 32.824
263.309 24.226
263.570 18.770
263.831 26.315
264.092 27.145
264.353 19.261
264.614 22.520
264.875 27.636
265.136 31.610
265.397 38.012
265.658 26.985
265.919 25.244
266.181 26.218
266.442 26.478
266.703 35.880
266.964 42.711
267.225 44.685
267.486 50.944
267.747 41.633
268.008 43.321
268.269 60.724
268.530 65.127
268.791 65.672
269.052 58.933
269.313 53.764
269.574 51.881
269.835 42.713
270.096 12.688
270.357 -10.480
270.618 -23.220
270.879 -21.388
271.141 -13.128
271.402 -7.581
271.663 0.965
271.924 23.512
272.185 42.201
272.446 47.033
272.707 37.152
272.968 22.413
273.229 25.816
273.490 33.649
273.751 27.339
274.012 16.457
274.273 20.004
274.534 29.551
274.795 39.384
275.056 29.931
275.317 6.907
275.578 -5.117
275.839 11.288
276.101 12.549
276.362 6.668
276.623 5.359
276.884 14.478
277.145 16.454
277.406 11.430
277.667 -2.593
277.928 -2.617
278.189 -5.497
278.450 -12.807
278.711 -18.116
278.972 -16.853
279.233 -5.448
279.494 -0.185
279.755 -3.494
280.016 11.054
280.277 22.745
280.538 21.437
280.799 30.271
281.061 31.962
281.322 22.654
281.583 15.060
281.844 4.180
282.105 -6.128
282.366 -17.294
282.627 -30.173
282.888 -35.339
283.149 -30.933
283.410 -23.955
283.671 -20.120
283.932 -9.142
284.193 8.550
284.454 11.242
284.715 10.649
284.976 12.627
285.237 14.033
285.498 8.583
285.759 1.990
286.021 6.968
286.282 23.375
286.543 32.353
286.804 30.189
287.065 23.881
287.326 33.574
287.587 44.696
287.848 38.388
288.109 27.367
288.370 29.917
288.631 33.467
288.892 39.446
289.153 42.140
289.414 26.547
289.675 16.955
289.936 5.934
290.197 -5.373
290.458 -2.537
290.719 1.157
290.981 -3.007
291.242 3.973
291.503 13.809
291.764 29.503
292.025 35.054
292.286 23.033
292.547 6.870
292.808 5.993
293.069 2.829
293.330 -11.619
293.591 -21.640
293.852 -17.803
294.113 -11.251
294.374 3.586
294.635 7.566
294.896 12.117
295.157 26.955
295.418 33.078
295.679 24.486
295.941 25.181
296.202 27.304
296.463 21.856
296.724 23.836
296.985 15.817
297.246 15.369
297.507 15.492
297.768 2.473
298.029 -12.546
298.290 -8.994
298.551 -5.014
298.812 4.110
299.073 4.234
299.334 5.929
299.595 27.624
299.856 44.177
300.117 29.586
300.378 11.139
300.639 10.834
300.901 18.530
301.162 20.511
301.423 9.493
301.684 1.902
301.945 14.170
302.206 31.437
302.467 32.561
302.728 25.971
302.989 19.810
303.250 24.077
303.511 28.202
303.772 25.612
304.033 11.880
304.294 8.147
304.555 12.844
304.816 20.540
305.077 7.665
305.338 -5.639
305.599 -4.657
305.861 6.897
306.122 14.450
306.383 7.861
306.644 -7.728
306.905 -8.603
307.166 2.665
307.427 9.933
307.688 9.487
307.949 8.898
308.210 15.881
308.471 36.577
308.732 56.989
308.993 63.828
309.254 62.811
309.515 64.222
309.776 65.062
310.037 58.331
310.298 49.314
310.559 47.011
310.821 33.851
311.082 23.406
311.343 19.246
311.604 9.086
311.865 11.355
312.126 16.624
312.387 5.464
312.648 10.305
312.909 14.288
313.170 8.700
313.434 10.826
313.698 17.381
313.963 10.508
314.227 14.777
314.491 21.618
314.755 20.601
315.019 22.728
315.284 30.283
315.548 42.695
315.812 45.393
316.076 37.806
316.340 27.790
316.604 23.345
316.869 22.900
317.133 20.884
317.397 -1.846
317.661 -23.576
317.925 -27.449
318.190 -13.894
318.454 -7.766
318.718 -11.925
318.982 -17.369
319.246 -16.099
319.511 -1.972
319.775 8.584
320.039 1.140
320.303 11.410
320.567 25.252
320.832 27.522
321.096 27.792
321.360 30.063
321.624 25.762
321.888 19.175
322.153 5.445
322.417 0.002
322.681 -3.728
322.945 8.828
323.209 30.813
323.473 43.941
323.738 48.069
324.002 47.340
324.266 44.182
324.530 43.881
324.794 36.295
325.059 20.995
325.323 12.123
325.587 14.251
325.851 16.236
326.115 13.793
326.380 15.778
326.644 17.192
326.908 13.892
327.172 9.592
327.436 13.435
327.701 24.420
327.965 38.120
328.229 38.677
328.493 30.091
328.757 31.934
329.022 31.777
329.286 24.191
329.550 24.320
329.814 23.020
330.078 22.578
330.342 21.992
330.607 20.692
330.871 36.107
331.135 43.379
331.399 32.793
331.663 21.637
331.928 19.909
332.192 19.323
332.456 10.310
332.720 -1.133
332.984 -0.575
333.249 2.126
333.513 9.683
333.777 23.241
334.041 30.085
334.305 37.928
334.570 37.915
334.834 35.901
335.098 29.031
335.362 17.875
335.626 -0.996
335.891 -9.866
336.155 -9.737
336.419 -4.322
336.683 -1.335
336.947 4.509
337.211 7.925
337.476 6.911
337.740 6.755
338.004 11.885
338.268 9.729
338.532 4.431
338.797 4.418
339.061 8.976
339.325 13.820
339.589 16.093
339.853 13.366
340.118 18.068
340.382 14.912
340.646 17.185
340.910 22.458
341.174 27.302
341.439 31.004
341.703 22.992
341.967 5.979
342.231 -2.748
342.495 -11.332
342.759 -27.487
343.024 -34.357
343.288 -32.941
343.552 -10.953
343.816 6.463
344.080 13.879
344.345 19.724
344.609 32.712
344.873 39.414
345.137 31.688
345.401 14.390
345.666 1.949
345.930 8.223
346.194 10.639
346.458 11.056
346.722 12.044
346.987 16.889
347.251 8.448
347.515 6.151
347.779 1.139
348.043 3.698
348.308 1.544
348.572 0.675
348.836 4.520
349.100 17.508
349.364 23.639
349.628 26.342
349.893 18.045
350.157 9.033
350.421 0.021
350.685 4.010
350.949 9.141
351.214 6.130
351.478 -2.882
351.742 4.678
352.006 17.095
352.270 24.798
352.535 14.072
352.799 4.061
353.063 4.050
353.327 7.610
353.591 5.599
353.856 10.730
354.120 14.148
354.384 19.708
354.648 24.839
354.912 19.257
355.177 20.246
355.441 17.806
355.705 12.795
355.969 21.356
356.233 21.059
356.497 19.191
356.762 33.894
357.026 27.597
357.290 16.587
357.554 2.719
357.818 -11.149
358.083 -3.303
358.347 4.115
358.611 -2.467
358.875 -0.621
359.139 -2.775
359.404 -5.500
359.668 -2.367
359.932 -6.092
360.196 -20.246
360.460 -27.971
360.725 -14.695
360.989 4.294
361.253 15.569
361.517 14.987
361.781 16.977
362.046 26.681
362.310 26.528
362.574 11.232
362.838 7.793
363.102 9.782
363.366 6.772
363.631 0.905
363.895 4.180
364.159 18.170
364.423 31.160
364.687 31.435
364.952 30.711
365.216 26.558
365.480 26.119
365.747 19.681
366.013 11.099
366.280 16.232
366.546 14.936
366.813 14.498
367.079 29.059
367.346 34.335
367.612 28.182
367.879 45.315
368.145 56.877
368.412 65.010
368.678 61.000
368.945 47.990
369.211 42.409
369.478 47.542
369.744 24.675
370.011 -3.763
370.278 -18.201
370.544 -14.496
370.811 -12.649
371.077 -5.659
371.344 -3.240
371.610 6.608
371.877 14.599
372.143 9.303
372.410 -3.706
372.676 -14.287
372.943 -25.582
373.209 -31.449
373.476 -34.458
373.742 -39.610
374.009 -28.048
374.276 -10.058
374.542 6.790
374.809 6.638
375.075 0.772
375.342 3.763
375.608 13.182
375.875 10.887
376.141 5.592
376.408 7.440
376.674 8.145
376.941 15.851
377.207 7.984
377.474 -12.596
377.740 -10.462
378.007 -4.471
378.273 -19.052
378.540 -15.204
378.807 -6.213
379.073 4.779
379.340 29.484
379.606 22.761
379.873 10.323
380.139 14.029
380.406 -1.551
380.672 -15.560
380.939 -19.998
381.205 -31.864
381.472 -28.872
381.738 -16.595
382.005 -8.604
382.271 10.245
382.538 16.093
382.804 17.799
383.071 23.219
383.338 20.781
383.604 26.201
383.871 31.336
384.137 28.184
384.404 27.890
384.670 25.453
384.937 18.016
385.203 15.008
385.470 4.856
385.736 5.276
386.003 17.554
386.269 27.403
386.536 26.680
386.802 22.672
387.069 14.949
387.336 14.941
387.602 14.075
387.869 -1.219
388.135 -17.656
388.402 -21.949
388.668 -8.958
388.935 -4.680
389.201 -12.260
389.468 -20.125
389.734 -20.847
390.001 -8.570
390.267 -11.149
390.534 -17.300
390.800 -4.451
391.067 4.684
391.333 4.818
391.600 3.239
391.867 1.803
392.133 12.652
392.400 15.501
392.666 11.922
392.933 6.628
393.199 1.763
393.466 17.041
393.732 16.319
393.999 17.311
394.265 15.303
394.532 15.581
394.798 11.859
395.065 -1.577
395.331 -30.728
395.598 -29.164
395.864 -16.029
396.131 -6.608
396.398 -3.045
396.664 9.234
396.931 39.512
397.197 66.790
397.464 64.068
397.730 48.632
397.997 49.910
398.263 60.474
398.530 67.466
398.796 73.316
399.063 86.451
399.329 109.587
399.596 126.150
399.862 136.143
400.129 144.421
400.396 152.700
400.662 151.407
400.929 160.542
401.195 181.392
401.462 216.813
401.728 261.234
401.995 315.227
402.261 388.934
402.528 487.784
402.794 582.777
403.061 683.055
403.327 798.191
403.594 926.041
403.860 1067.605
404.127 1200.598
404.393 1335.448
404.660 1469.440
404.931 1603.576
405.202 1723.998
405.473 1826.991
405.745 1933.269
406.016 2055.405
406.287 2164.684
406.558 2268.105
406.829 2352.098
407.100 2430.663
407.371 2497.370
407.642 2530.506
407.914 2543.070
408.185 2537.349
408.456 2519.056
408.727 2502.335
408.998 2472.757
409.269 2440.750
409.540 2410.457
409.811 2370.022
410.083 2337.729
410.354 2313.008
410.625 2280.144
410.896 2239.423
411.167 2195.702
411.438 2144.410
411.709 2074.975
411.981 1991.539
412.252 1892.247
412.523 1797.383
412.794 1728.519
413.065 1649.084
413.336 1571.077
413.607 1497.071
413.878 1420.493
414.150 1352.200
414.421 1267.622
414.692 1172.759
414.963 1095.466
415.234 1002.603
415.505 911.453
415.776 830.732
416.047 748.583
416.319 669.148
416.590 579.284
416.861 488.421
417.132 419.843
417.403 364.836
417.674 310.973
417.945 265.538
418.217 235.531
418.488 205.811
418.759 178.233
419.030 158.941
419.301 146.935
419.572 127.071
419.843 109.636
420.114 80.487
420.386 60.767
420.657 50.903
420.928 43.754
421.199 31.605
421.470 19.884
421.741 11.021
422.012 13.301
422.283 11.723
422.555 15.431
422.826 5.711
423.097 0.419
423.368 8.984
423.639 13.978
423.910 23.115
424.181 31.394
424.453 26.817
424.724 21.668
424.995 10.948
425.266 4.942
425.537 3.793
425.808 2.072
426.079 2.924
426.350 -1.511
426.622 2.769
426.893 21.477
427.164 35.471
427.435 38.465
427.706 42.459
427.977 50.168
428.248 59.733
428.519 60.442
428.791 50.721
429.062 40.573
429.333 36.138
429.604 20.418
429.875 7.841
430.146 11.978
430.417 13.972
430.689 7.966
430.960 -1.611
431.231 -6.474
431.502 2.235
431.773 10.943
432.044 17.938
432.315 26.075
432.586 26.926
432.858 37.349
433.129 38.915
433.400 30.052
433.671 4.189
433.942 -26.816
434.213 -41.251
434.484 -42.685
434.755 -49.262
435.027 -36.839
435.298 -18.702
435.569 10.436
435.840 29.716
436.116 38.853
436.391 47.705
436.667 58.271
436.942 51.980
437.218 49.260
437.493 43.540
437.769 45.963
438.045 56.958
438.320 57.381
438.596 53.232
438.871 45.941
439.147 22.364
439.422 17.073
439.698 6.925
439.974 -3.509
440.249 -4.086
440.525 -4.948
440.800 5.189
441.076 24.470
441.351 16.607
441.627 14.316
441.903 11.597
442.178 12.591
442.454 16.729
442.729 14.152
443.005 16.433
443.281 35.427
443.556 53.851
443.832 65.274
444.107 69.555
444.383 66.835
444.658 53.116
444.934 41.682
445.210 44.391
445.485 47.100
445.761 48.809
446.036 54.090
446.312 69.371
446.587 98.365
446.863 117.789
447.139 110.784
447.414 102.207
447.690 100.916
447.965 94.054
448.241 93.621
448.516 95.187
448.792 97.325
449.068 115.320
449.343 128.601
449.619 135.310
449.894 150.162
450.170 158.443
450.445 166.438
450.721 164.861
450.997 168.142
451.272 178.851
451.548 183.989
451.823 179.270
452.099 164.265
452.375 146.260
452.650 151.541
452.926 147.679
453.201 132.674
453.477 125.669
453.752 136.522
454.028 146.945
454.304 164.369
454.579 175.936
454.855 179.502
455.130 185.355
455.406 188.921
455.681 176.774
455.957 167.626
456.233 150.193
456.508 121.188
456.784 107.612
457.059 98.179
457.335 92.317
457.610 92.598
457.886 93.450
458.162 90.303
458.437 98.727
458.713 95.865
458.988 95.003
459.264 91.141
459.539 69.565
459.815 61.846
460.091 63.556
460.366 64.265
460.642 59.118
460.917 48.685
461.193 34.537
461.468 33.104
461.744 29.243
462.020 24.095
462.295 11.662
462.571 2.372
462.846 -1.488
463.122 10.496
463.397 31.903
463.673 46.309
463.949 50.305
464.224 50.013
464.500 50.870
464.775 53.576
465.051 46.293
465.327 33.726
465.602 18.451
465.878 9.302
466.153 -2.415
466.429 1.291
466.704 8.010
466.980 13.600
467.256 16.476
467.531 16.477
467.807 23.791
468.082 41.384
468.358 46.404
468.633 49.312
468.909 48.349
469.185 49.101
469.460 59.027
469.736 55.022
470.011 54.330
470.287 63.874
470.562 59.150
470.838 53.258
471.114 46.209
471.389 45.414
471.665 64.825
471.940 79.338
472.216 85.333
472.491 79.411
472.767 85.083
473.043 100.053
473.318 95.168
473.594 77.674
473.869 58.984
474.145 38.260
474.421 44.953
474.696 48.894
474.972 42.515
475.247 45.864
475.523 35.682
475.798 36.555
476.074 40.919
476.350 40.472
476.625 40.891
476.901 36.508
477.176 31.256
477.452 52.747
477.727 60.285
478.003 51.408
478.279 43.408
478.554 32.934
478.830 28.712
479.105 26.377
479.381 14.736
479.656 14.248
479.932 22.217
480.208 22.945
480.483 20.623
480.759 29.253
481.034 35.860
481.310 36.835
481.585 32.328
481.861 33.449
482.137 37.467
482.412 39.037
482.688 29.242
482.963 21.306
483.239 2.555
483.514 -16.309
483.790 -14.776
484.066 -10.537
484.341 -13.110
484.617 -21.207
484.892 -17.811
485.168 1.403
485.443 21.033
485.719 13.636
485.995 1.580
486.270 1.584
486.546 16.720
486.821 14.560
487.097 18.428
487.373 9.532
487.648 6.171
487.924 11.955
488.199 24.995
488.475 26.220
488.750 34.329
489.026 45.476
489.302 62.832
489.577 82.976
489.853 92.616
490.128 80.835
490.404 72.561
490.679 73.654
490.955 62.317
491.231 55.869
491.506 47.339
491.782 31.121
492.057 29.300
492.333 25.383
492.608 6.775
492.884 -4.983
493.160 -14.633
493.435 -19.246
493.711 -13.238
493.986 -1.470
494.262 14.087
494.537 32.734
494.813 42.271
495.089 56.295
495.364 54.472
495.640 52.498
495.915 46.764
496.191 39.907
496.467 33.193
496.742 36.627
497.018 42.519
497.293 56.237
497.569 60.331
497.844 63.200
498.120 78.971
498.396 92.352
498.671 90.014
498.947 77.023
499.222 72.132
499.498 78.700
499.773 81.319
500.049 73.614
500.325 57.873
500.600 58.242
500.876 73.796
501.151 78.603
501.427 71.199
501.702 74.273
501.978 80.101
502.254 91.633
502.529 105.662
502.805 106.195
503.080 109.761
503.356 128.706
503.631 134.710
503.907 132.759
504.183 130.343
504.458 122.315
504.734 120.744
505.009 116.259
505.285 108.592
505.560 106.275
505.836 103.671
506.112 103.235
506.387 100.904
506.663 94.676
506.938 90.597
507.214 84.645
507.490 84.303
507.765 80.359
508.041 75.843
508.316 84.372
508.592 91.050
508.867 90.563
509.143 84.501
509.419 74.786
509.694 72.856
509.970 77.513
510.245 65.390
510.521 54.972
510.796 53.779
511.072 55.190
511.348 53.431
511.623 51.947
511.899 47.894
512.174 50.219
512.450 57.222
512.725 66.048
513.001 77.581
513.277 92.317
513.552 106.082
513.828 126.267
514.103 136.540
514.379 140.876
514.654 145.389
514.930 154.388
515.206 156.486
515.481 158.377
515.757 158.130
516.032 165.163
516.308 186.975
516.583 210.651
516.859 237.267
517.135 258.774
517.410 289.103
517.686 327.747
517.961 360.288
518.237 384.183
518.513 410.701
518.788 441.529
519.064 482.520
519.339 519.735
519.615 558.124
519.890 609.107
520.166 664.165
520.442 720.125
520.717 771.864
520.993 811.334
521.268 844.713
521.544 877.866
521.819 921.122
522.095 952.713
522.371 963.187
522.646 961.744
522.922 985.328
523.197 1013.816
523.473 1022.572
523.748 1006.823
524.024 1000.111
524.300 994.929
524.575 990.415
524.851 971.000
525.126 942.308
525.402 915.124
525.677 880.808
525.953 841.331
526.229 811.653
526.504 784.036
526.780 752.273
527.055 739.127
527.331 714.312
527.606 685.824
527.882 648.256
528.158 624.693
528.433 624.613
528.709 617.888
528.984 590.038
529.260 572.203
529.535 578.555
529.811 601.028
530.087 602.920
530.362 583.164
530.638 572.837
530.913 575.932
531.189 588.319
531.465 579.385
531.740 556.336
532.016 553.263
532.291 551.423
532.567 544.946
532.842 539.130
533.118 526.445
533.394 522.713
533.669 523.741
533.945 517.648
534.220 507.919
534.496 503.319
534.771 498.531
535.047 501.059
535.323 516.208
535.598 549.536
535.874 602.231
536.149 663.481
536.425 746.245
536.700 833.620
536.976 930.629
537.252 1048.991
537.527 1182.662
537.803 1313.876
538.078 1455.688
538.354 1602.385
538.629 1777.718
538.905 1958.671
539.181 2138.296
539.456 2309.001
539.732 2469.817
540.007 2633.223
540.283 2783.762
540.558 2892.450
540.834 3003.832
541.110 3102.763
541.385 3178.162
541.661 3241.398
541.936 3308.515
542.212 3366.516
542.488 3419.269
542.763 3439.103
543.039 3444.033
543.314 3446.834
543.590 3431.611
543.865 3369.473
544.141 3285.564
544.417 3214.698
544.692 3149.722
544.968 3089.710
545.243 3027.282
545.519 2984.280
545.794 2979.175
546.070 2993.517
546.348 3002.594
546.627 3024.864
546.905 3039.332
547.183 3075.825
547.461 3140.101
547.740 3179.107
548.018 3227.464
548.296 3295.273
548.575 3362.147
548.853 3449.149
549.131 3532.842
549.409 3624.195
549.688 3747.708
549.966 3885.445
550.244 4023.194
550.523 4176.540
550.801 4337.486
551.079 4502.624
551.357 4648.265
551.636 4795.677
551.914 4940.251
552.192 5080.507
552.471 5214.940
552.749 5329.956
553.027 5431.996
553.306 5529.351
553.584 5592.926
553.862 5632.490
554.140 5678.914
554.419 5708.712
554.697 5712.966
554.975 5694.046
555.254 5657.092
555.532 5628.034
555.810 5584.601
556.088 5492.906
556.367 5363.256
556.645 5234.124
556.923 5099.542
557.202 4954.061
557.480 4764.644
557.758 4573.006
558.036 4390.760
558.315 4212.234
558.593 4024.476
558.871 3829.248
559.150 3624.570
559.428 3424.889
559.706 3217.544
559.984 3014.207
560.263 2810.323
560.541 2602.929
560.819 2403.178
561.098 2216.171
561.376 2053.292
561.654 1877.347
561.932 1705.443
562.211 1562.965
562.489 1443.960
562.767 1338.038
563.046 1235.190
563.324 1151.204
563.602 1099.477
563.880 1034.353
564.159 964.262
564.437 909.558
564.715 855.564
564.994 809.771
565.272 754.024
565.550 693.766
565.828 659.214
566.107 632.828
566.385 586.412
566.663 548.519
566.942 524.939
567.220 503.069
567.498 484.871
567.776 459.029
568.055 425.261
568.333 401.858
568.611 384.224
568.890 357.248
569.168 333.124
569.446 318.953
569.725 301.753
570.003 283.852
570.281 281.384
570.559 271.136
570.838 256.627
571.116 246.832
571.394 224.948
571.673 206.939
571.951 196.091
572.229 172.914
572.507 156.259
572.786 142.925
573.064 130.386
573.342 131.630
573.621 145.984
573.899 150.410
574.177 151.608
574.455 154.102
574.734 150.830
575.012 146.025
575.290 135.482
575.569 118.664
575.847 113.848
576.125 101.865
576.403 91.287
576.682 97.413
576.960 97.461
577.243 95.972
577.527 84.211
577.810 78.782
578.093 87.550
578.377 98.227
578.660 99.485
578.944 102.973
579.227 91.559
579.510 92.285
579.794 98.009
580.077 95.112
580.360 71.485
580.644 53.668
580.927 44.902
581.210 52.867
581.494 54.460
581.777 44.695
582.061 45.440
582.344 53.988
582.627 58.843
582.911 54.444
583.194 55.171
583.477 52.043
583.761 48.914
584.044 41.231
584.327 47.087
584.611 58.512
584.894 70.501
585.178 74.231
585.461 89.090
585.744 93.520
586.028 99.951
586.311 106.962
586.594 91.267
586.878 72.709
587.161 70.564
587.444 66.562
587.728 72.689
588.011 80.525
588.295 67.380
588.578 65.811
588.861 79.809
589.145 78.512
589.428 78.067
589.711 77.079
589.995 59.523
590.278 56.513
590.562 63.485
590.845 70.323
591.128 66.605
591.412 54.187
591.695 54.574
591.978 71.964
592.262 82.498
592.545 84.906
592.828 77.595
593.112 78.579
593.395 83.118
593.679 76.693
593.962 67.669
594.245 67.638
594.529 69.002
594.812 67.134
595.095 72.504
595.379 74.892
595.662 84.192
595.945 84.727
596.229 82.954
596.512 76.402
596.796 85.403
597.079 86.910
597.362 88.708
597.646 97.144
597.929 107.537
598.212 107.355
598.496 114.944
598.779 117.005
599.062 112.589
599.346 107.066
599.629 105.843
599.913 111.992
600.196 120.368
600.479 118.914
600.763 116.186
601.046 126.703
601.329 134.123
601.613 116.815
601.896 95.543
602.179 85.136
602.463 89.438
602.746 97.114
603.030 89.353
603.313 84.425
603.596 80.907
603.880 84.806
604.163 93.429
604.446 87.374
604.730 67.177
605.013 76.259
605.296 81.986
605.580 95.556
605.863 105.330
606.147 98.351
606.430 101.552
606.713 114.825
606.997 124.419
607.280 131.693
607.563 134.751
607.847 142.996
608.130 155.168
608.414 165.421
608.697 166.975
608.980 157.937
609.264 152.339
609.547 152.776
609.830 142.430
610.114 135.730
610.397 138.109
610.680 148.378
610.964 143.651
611.247 152.231
611.531 161.352
611.814 166.588
612.097 162.118
612.381 147.003
612.664 137.487
612.947 140.870
613.231 130.647
613.514 118.493
613.797 115.987
614.081 122.033
614.364 120.781
614.648 114.197
614.931 119.436
615.214 125.367
615.498 119.914
615.781 116.171
616.064 116.348
616.348 125.953
616.631 136.814
616.914 131.508
617.198 134.667
617.481 162.902
617.765 170.713
618.048 174.742
618.331 183.415
618.615 179.127
618.898 172.684
619.181 166.667
619.465 146.858
619.748 142.700
620.031 140.121
620.315 127.803
620.598 127.189
620.882 148.872
621.165 160.325
621.448 163.858
621.732 164.403
622.015 170.665
622.298 170.895
622.582 167.881
622.865 151.500
623.148 149.288
623.432 142.850
623.715 147.325
623.999 149.384
624.282 154.156
624.565 165.068
624.849 168.818
625.132 161.189
625.415 169.683
625.699 169.204
625.982 166.147
626.265 172.108
626.549 180.963
626.832 194.044
627.116 208.536
627.399 214.301
627.682 227.959
627.966 237.086
628.249 255.318
628.532 257.569
628.816 262.245
629.099 267.292
629.383 272.461
629.666 268.674
629.949 269.311
630.233 264.620
630.516 275.654
630.799 276.590
631.083 270.922
631.366 274.016
631.649 285.514
631.933 303.016
632.216 318.607
632.500 323.917
632.783 333.351
633.066 351.170
633.350 368.162
633.633 378.635
633.916 389.633
634.200 388.364
634.483 400.177
634.766 418.900
635.050 431.052
635.333 450.175
635.617 476.029
635.900 486.960
636.183 505.021
636.467 527.791
636.750 544.665
637.033 566.481
637.317 574.958
637.600 591.844
637.883 630.067
638.167 661.607
638.450 680.318
638.734 718.535
639.017 779.292
639.300 851.486
639.584 906.317
639.867 956.971
640.150 1028.199
640.434 1098.891
640.717 1174.795
641.000 1258.023
641.284 1351.166
641.567 1471.582
641.851 1600.827
642.134 1745.552
642.417 1915.360
642.701 2091.977
642.984 2285.359
643.267 2495.195
643.551 2702.418
643.834 2944.365
644.117 3224.884
644.401 3538.187
644.684 3889.736
644.968 4257.324
645.251 4640.372
645.534 5059.786
645.818 5485.338
646.101 5907.469
646.384 6323.185
646.668 6753.661
646.951 7190.561
647.235 7623.155
647.518 8081.036
647.801 8570.928
648.085 9100.188
648.368 9684.809
648.651 10288.864
648.935 10920.173
649.218 11590.469
649.501 12272.319
649.785 12928.669
650.068 13566.105
650.352 14185.928
650.635 14795.574
650.918 15346.088
651.202 15880.302
651.485 16375.651
651.768 16842.601
652.052 17286.955
652.335 17717.118
652.618 18101.743
652.902 18505.725
653.185 18861.717
653.469 19183.601
653.752 19501.185
654.035 19797.948
654.319 20019.194
654.602 20215.898
654.885 20368.537
655.169 20492.243
655.452 20564.469
655.735 20611.629
656.019 20642.578
656.302 20691.907
656.586 20706.146
656.869 20722.887
657.152 20774.175
657.436 20824.053
657.719 20839.420
658.002 20827.218
658.286 20780.137
658.569 20661.608
658.852 20478.402
659.136 20240.318
659.419 20026.397
659.703 19797.743
659.986 19519.139
660.269 19213.468
660.553 18981.118
660.836 18785.530
661.119 18580.443
661.403 18398.769
661.686 18237.618
661.969 18109.042
662.253 18036.480
662.536 17981.671
662.820 17949.847
663.103 17959.267
663.386 17975.437
663.670 18072.576
663.953 18206.485
664.236 18361.082
664.520 18545.921
664.803 18751.450
665.086 18974.293
665.370 19171.945
665.653 19281.134
665.937 19416.274
666.220 19538.649
666.503 19620.629
666.787 19681.252
667.070 19743.551
667.353 19793.072
667.637 19858.206
667.920 19870.537
668.204 19814.480
668.487 19746.532
668.770 19642.013
669.054 19439.964
669.337 19229.662
669.620 18974.932
669.904 18648.190
670.187 18271.586
670.470 17858.139
670.754 17408.294
671.037 16925.339
671.321 16383.131
671.604 15793.609
671.887 15187.631
672.171 14589.891
672.454 13941.923
672.737 13267.516
673.021 12604.989
673.304 11910.795
673.587 11224.950
673.871 10561.133
674.154 9908.262
674.438 9276.397
674.721 8652.850
675.004 8074.593
675.288 7525.288
675.571 7010.407
675.854 6523.396
676.138 6052.094
676.421 5612.142
676.704 5204.482
676.988 4790.564
677.271 4409.058
677.555 4053.336
677.838 3713.996
678.121 3410.020
678.405 3127.650
678.688 2863.438
678.971 2629.880
679.255 2428.196
679.538 2232.399
679.821 2038.202
680.105 1859.147
680.388 1693.136
680.672 1534.295
680.955 1403.069
681.238 1295.276
681.522 1191.254
681.805 1107.871
682.088 1035.322
682.372 958.490
682.655 907.939
682.938 872.738
683.222 822.338
683.505 793.698
683.789 775.653
684.072 758.652
684.355 754.625
684.639 737.665
684.922 712.287
685.205 698.504
685.489 698.428
685.772 701.111
686.056 691.566
686.339 694.398
686.622 702.002
686.906 698.522
687.189 706.521
687.472 698.095
687.756 685.568
688.039 688.400
688.322 699.732
688.606 705.546
688.889 697.142
689.173 685.114
689.456 668.028
689.739 659.640
690.023 665.569
690.306 659.865
690.589 649.891
690.873 660.775
691.156 661.868
691.439 664.583
691.723 662.376
692.006 650.536
692.290 621.964
692.573 608.486
692.856 594.766
693.140 574.586
693.423 564.914
693.706 552.581
693.990 534.805
694.273 540.611
694.556 540.375
694.840 533.984
695.123 530.074
695.407 528.225
695.690 531.962
695.973 532.224
696.257 530.321
696.540 538.732
696.830 546.041
697.120 553.223
697.410 563.913
697.699 580.424
697.989 597.605
698.279 600.104
698.569 597.047
698.859 588.607
699.149 584.357
699.439 570.013
699.729 544.772
700.018 510.036
700.308 486.806
700.598 475.798
700.888 474.259
701.178 472.227
701.468 467.046
701.758 457.838
702.048 458.140
702.337 455.772
702.627 445.147
702.917 422.021
703.207 406.934
703.497 395.440
703.787 373.870
704.077 361.334
704.366 347.872
704.656 330.003
704.946 331.652
705.236 322.466
705.526 313.654
705.816 314.261
706.106 304.430
706.396 295.004
706.685 278.340
706.975 252.925
707.265 240.048
707.555 232.928
707.845 224.858
708.135 213.240
708.425 200.991
708.715 211.103
709.004 216.188
709.294 205.174
709.584 190.069
709.874 182.109
710.164 186.425
710.454 185.485
710.744 175.854
711.034 176.464
711.323 182.859
711.613 187.670
711.903 192.073
712.193 186.458
712.483 185.644
712.773 194.267
713.063 194.439
713.352 189.012
713.642 198.460
713.932 202.210
714.222 210.487
714.512 215.731
714.802 197.515
715.092 184.871
715.382 177.604
715.671 168.015
715.961 172.168
716.251 180.180
716.541 190.278
716.831 197.933
717.121 198.216
717.411 208.584
717.701 215.617
717.990 203.757
718.280 182.453
718.570 159.170
718.860 143.979
719.150 141.470
719.440 139.149
719.730 130.279
720.019 128.843
720.309 132.570
720.599 142.613
720.889 152.642
721.179 163.541
721.469 160.345
721.759 150.191
722.049 149.706
722.338 158.468
722.628 156.913
722.918 166.057
723.208 159.837
723.498 151.967
723.788 150.905
724.078 142.468
724.368 134.178
724.657 142.677
724.947 137.081
725.237 134.282
725.527 141.088
725.817 146.387
726.107 148.497
726.397 144.673
726.686 132.160
726.976 141.232
727.266 143.166
727.556 141.542
727.846 154.450
728.136 162.508
728.426 158.253
728.716 153.472
729.005 143.672
729.295 145.255
729.585 146.796
729.875 135.482
730.165 139.410
730.455 156.978
730.745 180.972
731.035 195.471
731.324 198.150
731.614 204.877
731.904 206.721
732.194 190.654
732.484 180.230
732.774 168.847
733.064 154.609
733.354 154.680
733.643 143.453
733.933 136.546
734.223 144.941
734.513 138.610
734.803 126.498
735.093 122.108
735.383 114.080
735.672 114.993
735.962 120.226
736.252 117.662
736.542 120.105
736.832 126.344
737.122 128.356
737.412 139.410
737.702 152.087
737.991 154.855
738.281 149.298
738.571 152.582
738.861 166.107
739.151 170.544
739.441 153.015
739.731 131.015
740.021 114.288
740.310 121.796
740.600 126.253
740.890 125.119
741.180 122.907
741.470 125.057
741.760 143.439
742.050 170.450
742.339 165.951
742.629 138.448
742.919 113.086
743.209 107.207
743.499 108.619
743.789 93.094
744.079 65.262
744.369 60.632
744.658 76.203
744.948 84.296
745.238 83.759
745.528 88.778
745.818 100.287
746.108 110.516
746.398 121.316
746.688 125.476
746.977 129.057
747.267 127.395
747.557 116.486
747.847 114.414
748.137 113.307
748.427 110.665
748.717 108.123
749.006 94.929
749.296 98.925
749.586 111.759
749.876 103.669
750.166 95.442
750.456 98.614
750.746 104.813
751.036 110.826
751.325 109.179
751.615 107.240
751.905 111.276
752.195 119.444
752.485 113.359
752.775 100.675
753.065 98.155
753.355 94.188
753.644 83.506
753.934 74.938
754.224 66.368
754.514 57.228
754.804 64.410
755.094 76.579
755.384 73.004
755.674 63.394
755.963 64.699
756.253 60.974
756.543 53.520
756.833 39.195
757.123 24.450
757.413 21.581
757.703 22.582
757.992 20.714
758.282 32.058
758.572 40.808
758.862 52.867
759.152 56.743
759.442 53.446
759.732 66.236
760.022 68.109
760.311 60.068
760.601 56.921
760.891 48.892
761.181 44.598
761.471 48.478
761.761 41.728
762.051 42.310
762.341 45.493
762.630 54.272
762.920 56.286
763.210 49.523
763.500 52.828
763.793 52.246
764.086 58.417
764.379 70.759
764.671 64.291
764.964 63.579
765.257 73.659
765.550 77.420
765.843 90.228
766.136 91.233
766.429 81.471
766.722 75.996
767.014 64.907
767.307 67.210
767.600 82.474
767.893 73.419
768.186 63.224
768.479 63.224
768.772 77.625
769.064 95.323
769.357 92.576
769.650 78.030
769.943 68.669
770.236 56.859
770.529 47.510
770.822 37.723
771.115 25.211
771.407 23.356
771.700 20.763
771.993 33.291
772.286 56.619
772.579 58.345
772.872 48.398
773.165 43.926
773.457 37.873
773.750 34.272
774.043 24.048
774.336 15.703
774.629 22.892
774.922 30.234
775.215 38.151
775.508 41.592
775.800 40.001
776.093 49.924
776.386 41.705
776.679 25.166
776.972 35.930
777.265 43.529
777.558 40.079
777.850 32.457
778.143 18.793
778.436 19.653
778.729 36.026
779.022 28.847
779.315 14.058
779.608 12.619
779.900 21.649
780.193 32.104
780.486 32.674
780.779 27.499
781.072 25.197
781.365 25.202
781.658 23.050
781.951 14.163
782.243 15.900
782.536 29.512
782.829 34.808
783.122 32.940
783.415 34.943
783.708 43.820
784.001 47.688
784.293 46.942
784.586 40.484
784.879 30.739
785.172 27.157
785.465 36.871
785.758 39.151
786.051 34.000
786.344 30.579
786.636 38.435
786.929 40.858
787.222 39.148
787.515 42.134
787.808 45.540
788.101 48.114
788.394 41.381
788.686 27.501
788.979 30.491
789.272 47.045
789.565 34.628
789.858 20.497
790.151 15.365
790.444 8.807
790.737 3.961
791.029 8.533
791.322 9.374
791.615 10.227
791.908 10.943
792.201 18.639
792.494 36.012
792.787 47.405
793.079 37.271
793.372 22.728
793.665 23.579
793.958 37.251
794.251 53.345
794.544 56.203
794.837 53.923
795.130 57.202
795.422 68.585
795.715 87.081
796.008 82.514
796.301 65.707
796.594 53.600
796.887 45.908
797.180 47.180
797.472 42.205
797.765 31.400
798.058 24.572
798.351 28.411
798.644 31.971
798.937 32.825
799.230 29.269
799.523 17.874
799.815 4.481
800.108 2.771
800.401 -3.922
800.694 3.222
800.987 4.078
801.280 -9.038
801.573 -0.489
801.865 12.342
802.158 17.759
802.451 20.898
802.744 19.032
803.037 22.167
803.330 34.713
803.623 41.731
803.915 40.041
804.208 37.337
804.501 35.051
804.794 26.928
805.087 28.227
805.380 21.931
805.673 13.787
805.966 9.362
806.258 7.796
806.551 15.539
806.844 17.121
807.137 0.355
807.430 0.764
807.723 -2.105
808.016 -11.441
808.308 -2.664
808.601 -1.357
808.894 -6.811
809.187 5.239
809.480 14.440
809.773 16.312
810.066 25.371
810.359 18.183
810.651 16.766
810.944 22.381
811.237 29.446
811.530 30.463
811.825 19.209
812.119 14.159
812.414 16.186
812.709 17.081
813.003 15.352
813.298 10.031
813.593 12.963
813.887 45.546
814.182 59.339
814.476 48.474
814.771 45.739
815.066 52.722
815.360 52.293
815.655 48.831
815.950 32.905
816.244 25.651
816.539 40.194
816.834 30.730
817.128 8.382
817.423 2.834
817.718 6.371
818.012 0.994
818.307 -4.556
818.602 -11.385
818.896 -2.148
819.191 4.252
819.486 7.323
819.780 7.260
820.075 6.385
820.369 14.072
820.664 10.528
820.959 3.447
821.253 8.887
821.548 6.949
821.843 8.648
822.137 16.705
822.432 7.055
822.727 26.331
823.021 36.200
823.316 37.227
823.611 40.061
823.905 37.916
824.200 39.504
824.495 47.760
824.789 37.044
825.084 32.573
825.379 27.118
825.673 29.247
825.968 29.296
826.262 36.197
826.557 40.768
826.852 37.162
827.146 24.271
827.441 19.707
827.736 10.908
828.030 -9.883
828.325 -42.457
828.620 -67.454
828.914 -65.952
829.209 -70.583
829.504 -62.987
829.798 -44.702
830.093 -16.310
830.388 12.029
830.682 29.872
830.977 25.635
831.271 38.941
831.566 35.017
831.861 11.899
832.155 -4.324
832.450 -21.761
832.745 -21.975
833.039 -27.035
833.334 -27.287
833.629 -21.042
833.923 -0.743
834.218 1.690
834.513 0.996
834.807 -0.761
835.102 5.264
835.397 15.651
835.691 36.221
835.986 34.773
836.281 35.587
836.575 43.314
836.870 45.264
837.164 48.334
837.459 50.432
837.754 31.282
838.048 18.685
838.343 1.504
838.638 -1.289
838.932 -2.242
839.227 -9.862
839.522 -30.667
839.816 -36.855
840.111 -31.777
840.406 -19.446
840.700 -11.695
840.995 -3.829
841.290 2.423
841.584 11.732
841.879 7.154
842.174 0.066
842.468 1.488
842.763 -1.851
843.057 -6.226
843.352 -8.112
843.647 -4.554
843.941 10.940
844.236 26.214
844.531 43.819
844.825 47.445
845.120 44.435
845.415 35.379
845.709 24.438
846.004 25.230
846.299 17.893
846.593 -0.739
846.888 -8.966
847.183 -7.790
847.477 -1.446
847.772 0.530
848.066 -11.131
848.361 -12.094
848.656 -16.208
848.950 -21.939
849.245 -20.274
849.540 -14.711
849.834 -4.906
850.129 14.765
850.424 27.066
850.718 32.129
851.013 31.114
851.308 24.558
851.602 23.403
851.897 11.607
852.192 5.012
852.486 5.132
852.781 11.509
853.076 20.535
853.370 21.361
853.665 16.952
853.959 26.269
854.254 19.067
854.549 5.185
854.843 5.770
855.138 4.943
855.433 6.081
855.727 12.051
856.022 7.217
856.317 10.258
856.611 8.834
856.906 13.548
857.201 14.964
857.495 17.339
857.790 12.837
858.085 11.450
858.379 14.087
858.674 16.959
858.969 6.735
859.263 7.322
859.558 16.651
859.852 24.279
860.147 29.027
860.442 36.512
860.736 41.129
861.031 52.960
861.326 65.002
861.620 47.477
861.915 32.697
862.210 35.277
862.504 28.625
862.799 29.602
863.094 17.903
863.388 0.021
863.683 -7.361
863.978 -4.688
864.272 -5.785
864.567 -22.864
864.861 -26.255
865.156 -28.627
865.451 -26.361
865.745 -14.936
866.040 -20.116
866.335 -16.783
866.629 -3.459
866.924 -9.899
867.219 -8.564
867.513 2.143
867.808 11.985
868.103 34.199
868.397 31.237
868.692 28.748
868.987 44.970
869.281 49.677
869.576 35.854
869.871 27.061
870.165 25.293
870.460 28.516
870.754 31.753
871.049 22.270
871.344 21.653
871.638 23.245
871.933 31.501
872.228 34.011
872.522 36.722
872.817 35.843
873.112 31.497
873.406 31.872
873.701 40.771
873.996 26.709
874.290 4.312
874.585 -7.773
874.880 -2.839
875.174 6.130
875.469 3.197
875.764 -1.268
876.058 1.815
876.353 6.971
876.647 11.657
876.942 5.705
877.237 5.327
877.531 7.351
877.826 9.886
878.121 11.691
878.415 7.848
878.710 -1.030
879.005 -12.467
879.299 -32.930
879.594 -34.981
879.889 -42.121
880.183 -47.292
880.478 -39.481
880.773 -28.104
881.067 -12.617
881.362 12.524
881.656 19.092
881.951 38.033
882.246 51.117
882.540 46.410
882.835 41.928
883.130 36.369
883.424 31.134
883.719 24.017
884.014 6.175
884.308 1.295
884.603 2.135
884.898 -1.190
885.192 -2.479
885.487 -7.445
885.782 -8.092
886.076 -2.577
886.371 -7.195
886.666 -7.791
886.960 -6.093
887.255 -10.158
887.549 -12.714
887.844 -7.131
888.139 -10.343
888.433 -4.740
888.728 4.158
889.023 6.210
889.317 5.235
889.612 9.788
889.907 4.711
890.201 0.794
890.496 -3.000
890.791 -3.391
891.085 -3.768
891.380 7.586
891.675 11.734
891.969 16.650
892.264 22.828
892.559 26.858
892.853 27.480
893.148 38.308
893.442 32.266
893.737 21.686
894.032 17.146
894.326 22.677
894.621 25.208
894.916 21.809
895.210 9.595
895.505 1.902
895.800 -4.543
896.094 -9.964
896.389 -23.322
896.684 -31.146
896.978 -35.820
897.273 -36.836
897.568 -23.079
897.862 -10.075
898.157 -3.132
898.451 -2.508
898.746 0.142
899.041 1.401
899.335 8.353
899.630 3.930
899.925 -3.423
900.219 -8.492
900.514 -2.032
900.809 -4.449
901.103 -5.482
901.398 -6.993
901.693 -5.459
901.987 -7.631
902.282 -8.281
902.577 -11.966
902.871 -14.017
903.166 -5.587
903.461 -2.625
903.755 -5.303
904.050 4.913
904.344 12.207
904.639 18.123
904.934 27.997
905.228 33.816
905.523 35.000
905.818 29.314
906.112 18.759
906.407 13.738
906.702 10.007
906.996 13.425
907.291 9.498
907.586 11.617
907.880 26.641
908.175 36.087
908.470 30.345
908.764 31.790
909.059 25.446
909.354 15.949
909.648 -5.985
909.943 -16.640
910.237 -12.554
910.532 3.808
910.827 8.420
911.121 5.810
911.416 4.603
911.711 20.859
912.005 27.187
912.300 21.570
912.599 16.753
912.898 9.001
913.196 10.062
913.495 19.864
913.794 15.218
914.093 12.994
914.391 12.603
914.690 12.770
914.989 20.792
915.288 22.813
915.586 18.977
915.885 19.227
916.184 22.331
916.483 24.495
916.782 18.476
917.080 10.310
917.379 5.470
917.678 -3.586
917.977 -8.900
918.275 -13.860
918.574 -5.544
918.873 -8.147
919.172 -24.799
919.471 -31.793
919.769 -26.252
920.068 -15.357
920.367 -8.881
920.666 -23.592
920.964 -28.078
921.263 -11.302
921.562 -3.109
921.861 5.352
922.159 9.450
922.458 4.251
922.757 8.265
923.056 23.304
923.355 27.656
923.653 32.291
923.952 27.039
924.251 16.956
924.550 13.863
924.848 14.162
925.147 12.968
925.446 15.737
925.745 20.512
926.043 28.851
926.342 28.093
926.641 12.631
926.940 1.233
927.239 -11.852
927.537 -21.610
927.836 -29.448
928.135 -40.351
928.434 -35.874
928.732 -19.134
929.031 -7.246
929.330 5.462
929.629 15.489
929.927 18.340
930.226 15.337
930.525 19.255
930.824 31.627
931.123 31.379
931.421 26.353
931.720 21.360
932.019 20.256
932.318 26.784
932.616 24.806
932.915 18.242
933.214 25.264
933.513 26.702
933.812 21.975
934.110 29.879
934.409 37.569
934.708 34.283
935.007 22.277
935.305 13.750
935.604 15.408
935.903 21.957
936.202 13.916
936.500 4.704
936.799 5.768
937.098 9.434
937.397 -0.892
937.696 -6.020
937.994 3.797
938.293 17.426
938.592 17.149
938.891 25.033
939.189 29.576
939.488 32.559
939.787 27.791
940.086 1.599
940.384 -3.913
940.683 5.552
940.982 -6.952
941.281 -5.824
941.580 2.790
941.878 3.142
942.177 16.104
942.476 9.521
942.775 -2.156
943.073 2.802
943.372 13.297
943.671 12.467
943.970 8.299
944.268 -8.596
944.567 -26.759
944.866 -34.212
945.165 -39.596
945.464 -56.278
945.762 -60.587
946.061 -46.679
946.360 -37.710
946.659 -26.160
946.957 -20.483
947.256 -4.716
947.555 2.952
947.854 11.789
948.153 16.384
948.451 23.111
948.750 23.786
949.049 26.227
949.348 11.892
949.646 4.617
949.945 -5.676
950.244 -16.383
950.543 -25.735
950.841 -28.637
951.140 -32.893
951.439 -27.057
951.738 -17.037
952.037 -11.709
952.335 -17.437
952.634 -24.816
952.933 -13.884
953.232 8.641
953.530 22.546
953.829 22.937
954.128 28.716
954.427 48.236
954.725 61.596
955.024 56.360
955.323 48.649
955.622 34.516
955.921 26.432
956.219 9.992
956.518 -7.376
956.817 -10.423
957.116 -13.128
957.414 -16.142
957.713 -17.052
958.012 -9.137
958.311 15.763
958.610 36.023
958.908 42.098
959.207 60.148
959.506 61.410
959.805 52.964
960.103 46.506
960.402 37.050
960.701 22.545
961.000 27.350
961.298 15.571
961.597 8.897
961.896 16.613
962.195 15.958
962.494 17.436
962.792 24.318
963.091 14.123
963.390 -5.071
963.689 -8.052
963.987 -3.576
964.286 -8.366
964.585 -6.968
964.884 -6.770
965.182 -4.849
965.481 12.049
965.780 20.780
966.080 20.542
966.380 25.312
966.680 22.047
966.981 12.250
967.281 20.514
967.581 27.160
967.881 13.456
968.181 11.733
968.481 12.934
968.781 11.520
969.082 23.581
969.382 22.187
969.682 17.769
969.982 33.412
970.282 38.934
970.582 39.520
970.882 33.234
971.183 29.877
971.483 28.804
971.783 28.108
972.083 24.303
972.383 8.972
972.683 3.634
972.983 -0.303
973.284 -6.249
973.584 -9.792
973.884 -7.018
974.184 2.715
974.484 24.044
974.784 31.206
975.084 57.371
975.385 88.247
975.685 116.881
975.985 127.969
976.285 128.714
976.585 136.148
976.885 141.066
977.185 127.592
977.486 106.094
977.786 94.102
978.086 100.409
978.386 108.739
978.686 102.158
978.986 107.164
979.286 109.828
979.587 107.319
979.887 104.605
980.187 91.891
980.487 70.033
980.787 60.033
981.087 48.889
981.387 41.460
981.688 42.889
981.988 47.031
982.288 46.745
982.588 57.459
982.888 51.744
983.188 43.458
983.488 49.172
983.789 47.172
984.089 34.743
984.389 27.599
984.689 12.742
984.989 12.456
985.289 26.884
985.589 31.169
985.890 25.740
986.190 19.883
986.490 31.740
986.790 43.739
987.090 42.739
987.390 26.167
987.690 12.310
987.991 21.166
988.291 30.737
988.591 9.308
988.891 -12.692
989.191 -19.407
989.491 -8.693
989.791 4.593
990.092 12.735
990.392 23.163
990.692 25.877
990.992 45.591
991.292 59.734
991.592 53.448
991.892 42.304
992.193 32.304
992.493 14.161
992.793 12.875
993.093 2.731
993.393 -2.412
993.693 -4.555
993.993 -2.698
994.294 -8.699
994.594 -7.985
994.894 -5.699
995.194 -1.843
995.494 0.157
995.794 1.300
996.094 2.442
996.395 3.585
996.695 2.298
996.995 1.869
997.295 4.155
997.595 1.012
997.895 8.297
998.195 5.725
998.496 8.582
998.796 24.010
999.096 31.296
999.396 30.724
999.696 40.438
999.996 49.580
1000.296 61.580
1000.597 63.865
1000.897 56.293
1001.197 55.007
1001.497 63.578
1001.797 73.864
1002.097 63.149
1002.397 38.149
1002.698 22.863
1002.998 14.862
1003.298 10.433
1003.598 -1.853
1003.898 -24.710
1004.198 -28.854
1004.498 -19.425
1004.799 -19.283
1005.099 -25.283
1005.399 -28.998
1005.699 -31.855
1005.999 -29.284
1006.299 -34.999
1006.599 -37.142
1006.900 -29.428
1007.200 -22.000
1007.500 -20.143
1007.800 -21.286
1008.100 -21.287
1008.400 -16.144
1008.700 -11.573
1009.001 -14.716
1009.301 -11.860
1009.601 -8.288
1009.901 -12.146
1010.201 -20.146
1010.501 -14.575
1010.801 -1.861
1011.102 15.853
1011.402 23.709
1011.702 27.423
1012.002 45.709
1012.302 57.708
1012.602 54.279
1012.902 38.708
1013.203 23.850
1013.503 12.707
1013.803 18.707
1014.103 13.135
1014.403 -5.008
1014.703 -22.580
1015.003 -17.295
1015.304 -5.009
1015.604 -9.153
1015.904 -17.439
1016.204 -7.153
1016.504 14.846
1016.804 31.989
1017.104 30.274
1017.405 14.845
1017.705 20.559
1018.005 19.702
1018.305 14.273
1018.605 7.130
1018.905 8.272
1019.205 15.700
1019.506 20.129
1019.806 24.985
1020.106 34.842
1020.406 20.556
1020.706 9.556
1021.006 10.984
1021.306 7.412
1021.607 8.698
1021.907 7.269
1022.207 0.554
1022.507 5.268
1022.807 19.268
1023.107 15.696
1023.407 23.838
1023.708 24.267
1024.008 22.695
1024.308 23.123
1024.608 18.123
1024.908 23.694
1025.208 45.408
1025.508 41.122
1025.809 33.693
1026.109 19.693
1026.409 11.264
1026.709 16.692
1027.009 5.120
1027.309 -6.309
1027.609 -8.881
1027.910 -4.167
1028.210 7.547
1028.510 6.547
1028.810 7.261
1029.110 16.404
1029.410 10.403
1029.710 4.117
1030.011 -1.312
1030.311 -10.312
1030.611 -14.170
1030.911 -15.884
1031.211 -23.170
1031.511 -30.456
1031.811 -31.599
1032.112 -23.314
1032.412 -1.172
1032.712 9.971
1033.012 9.256
1033.312 0.399
1033.612 -2.601
1033.912 -5.030
1034.212 -8.316
1034.513 -28.031
1034.813 -35.746
1035.113 -34.032
1035.413 -21.318
1035.713 -7.747
1036.013 5.396
1036.313 18.253
1036.614 22.967
1036.914 26.109
1037.214 28.109
1037.514 32.537
1037.814 26.251
1038.114 10.679
1038.414 -8.035
1038.715 -5.607
1039.015 -1.036
1039.315 1.964
1039.615 -3.036
1039.915 1.106
1040.215 5.106
1040.515 9.105
1040.816 -2.181
1041.116 -8.324
1041.416 -1.038
1041.716 -0.467
1042.016 -4.468
1042.316 1.961
1042.616 10.675
1042.917 15.103
1043.217 8.103
1043.517 -11.326
1043.817 -16.612
1044.117 -12.184
1044.417 -21.042
1044.717 -38.185
1045.018 -32.614
1045.318 -13.614
1045.618 -5.900
1045.918 -16.043
1046.218 -19.615
1046.518 -0.901
1046.818 18.670
1047.119 19.813
1047.419 8.384
1047.719 5.098
1048.019 14.383
1048.319 13.240
1048.619 5.668
1048.919 -2.475
1049.220 -3.332
1049.520 -6.618
1049.820 -7.904
1050.120 -0.476
1050.420 2.666
1050.720 -9.763
1051.020 -13.191
1051.321 -10.192
1051.621 -2.478
1051.921 3.379
1052.221 -4.193
1052.521 -0.336
1052.821 10.950
1053.121 11.235
1053.422 11.092
1053.722 11.092
1054.022 5.234
1054.322 10.519
1054.622 5.233
1054.922 5.090
1055.222 14.090
1055.523 14.947
1055.823 17.375
1056.123 37.232
1056.423 37.517
1056.723 31.231
1057.023 27.660
1057.323 21.088
1057.624 12.373
1057.924 11.230
1058.224 -10.627
1058.524 -25.628
1058.824 -31.771
1059.124 -39.200
1059.424 -36.200
1059.725 -21.486
1060.025 -12.772
1060.325 -3.487
1060.625 11.370
1060.925 10.656
1061.225 11.798
1061.525 8.084
1061.826 -6.488
1062.126 -22.346
1062.426 -23.346
1062.726 -17.060
1063.026 -1.061
1063.326 -0.061
1063.626 -4.061
1063.927 7.224
1064.227 10.938
1064.527 8.938
1064.827 3.937
1065.127 9.794
1065.427 14.365
1065.727 4.222
1066.028 -8.349
1066.328 -12.350
1066.628 -22.064
1066.928 -24.350
1067.228 -34.208
1067.528 -31.208
1067.828 -13.208
1068.129 -6.352
1068.429 -0.066
1068.729 22.076
1069.029 21.790
1069.329 13.076
1069.629 7.076
1069.929 -4.639
1070.230 -9.496
1070.530 -12.068
1070.830 -19.069
1071.130 -12.783
1071.430 -3.498
1071.730 -0.641
1072.030 4.216
1072.331 -4.070
1072.631 -14.070
1072.931 -18.213
1073.231 -25.499
1073.531 -21.357
1073.831 -19.357
1074.131 -12.500
1074.432 6.785
1074.732 32.071
1075.032 36.356
1075.332 30.070
1075.632 21.927
1075.932 22.212
1076.232 18.498
1076.533 8.783
1076.833 -1.931
1077.133 -0.217
1077.433 6.925
1077.733 5.353
1078.033 -0.504
1078.333 -3.219
1078.634 -0.505
1078.934 -9.505
1079.234 -20.077
1079.534 -18.363
1079.834 -9.077
1080.134 -3.649
1080.434 5.065
1080.735 2.351
1081.035 12.207
1081.335 17.779
1081.635 7.635
1081.935 6.492
1082.235 22.635
1082.535 23.063
1082.836 28.634
1083.136 20.777
1083.436 13.919
1083.736 23.491
1084.036 18.633
1084.336 -1.796
1084.636 -3.939
1084.937 -3.796
1085.237 -1.654
1085.537 9.917
1085.837 16.489
1086.137 22.203
1086.437 25.059
1086.737 13.059
1087.038 11.487
1087.338 16.201
1087.638 9.344
1087.938 7.487
1088.238 13.343
1088.538 26.057
1088.838 30.200
1089.139 22.628
1089.439 24.057
1089.739 31.771
1090.039 23.485
1090.339 11.913
1090.639 -0.659
1090.939 12.341
1091.240 23.912
1091.540 25.198
1091.840 20.340
1092.140 24.626
1092.453 19.054
1092.766 7.054
1093.079 -10.804
1093.392 -19.376
1093.705 -25.519
1094.018 -25.662
1094.330 -23.091
1094.643 -7.948
1094.956 8.766
1095.269 14.766
1095.582 24.908
1095.895 36.622
1096.208 26.051
1096.521 1.622
1096.834 -14.379
1097.147 -22.665
1097.460 -15.665
1097.773 -20.237
1098.085 -33.951
1098.398 -31.666
1098.711 -26.666
1099.024 -20.809
1099.337 -15.238
1099.650 -19.667
1099.963 -23.238
1100.276 -20.667
1100.589 -14.525
1100.902 -1.096
1101.215 7.046
1101.528 6.189
1101.841 7.474
1102.153 13.474
1102.466 10.759
1102.779 12.616
1103.092 16.616
1103.405 10.330
1103.718 11.187
1104.031 13.044
1104.344 18.615
1104.657 25.758
1104.970 26.043
1105.283 24.900
1105.596 18.757
1105.909 22.042
1106.221 17.899
1106.534 9.327
1106.847 8.041
1107.160 -0.530
1107.473 -16.388
1107.786 -21.817
1108.099 -33.388
1108.412 -35.389
1108.725 -41.389
1109.038 -39.818
1109.351 -30.389
1109.664 -17.818
1109.977 -5.961
1110.289 2.038
1110.602 9.610
1110.915 10.324
1111.228 3.609
1111.541 6.037
1111.854 9.609
1112.167 6.323
1112.480 -2.963
1112.793 -20.249
1113.106 -22.392
1113.419 -15.678
1113.732 -14.107
1114.044 -2.108
1114.357 14.035
1114.670 22.892
1114.983 29.035
1115.296 34.606
1115.609 27.463
1115.922 9.462
1116.235 -11.824
1116.548 -27.252
1116.861 -30.110
1117.174 -27.396
1117.487 -27.110
1117.800 -26.396
1118.112 -17.397
1118.425 1.603
1118.738 14.460
1119.051 11.460
1119.364 17.602
1119.677 24.459
1119.990 25.602
1120.303 32.459
1120.616 14.458
1120.929 2.887
1121.242 11.029
1121.555 8.029
1121.868 -1.828
1122.180 -0.686
1122.493 -1.686
1122.806 -2.115
1123.119 -14.972
1123.432 -17.830
1123.745 -16.544
1124.058 -21.544
1124.371 -21.830
1124.684 -23.545
1124.997 -15.545
1125.310 -5.831
1125.623 -6.403
1125.935 -2.974
1126.248 0.168
1126.561 -1.261
1126.874 -8.975
1127.187 -23.261
1127.500 -16.547
1127.813 -12.833
1128.126 -14.405
1128.439 -12.834
1128.752 -16.405
1129.065 -17.406
1129.378 -8.406
1129.691 -7.549
1130.003 -1.692
1130.316 10.308
1130.629 24.450
1130.942 33.450
1131.255 39.593
1131.568 45.021
1131.881 42.449
1132.194 24.592
1132.507 7.735
1132.820 -2.123
1133.133 -9.694
1133.446 -13.838
1133.759 -11.838
1134.071 -10.695
1134.384 0.447
1134.697 -0.410
1135.010 -7.839
1135.323 -13.410
1135.636 -10.268
1135.949 -9.554
1136.262 -17.554
1136.575 -30.554
1136.888 -29.983
1137.201 -19.126
1137.514 -6.412
1137.826 0.159
1138.139 -5.413
1138.452 -7.413
1138.765 3.730
1139.078 5.872
1139.391 0.443
1139.704 -3.842
1140.017 -14.128
1140.330 -16.700
1140.643 -8.415
1140.956 -14.558
1141.269 -4.987
1141.582 -7.130
1141.894 -14.416
1142.207 1.870
1142.520 7.012
1142.833 4.155
1143.146 13.869
1143.459 5.726
1143.772 8.583
1144.085 20.154
1144.398 6.297
1144.711 11.868
1145.024 19.153
1145.337 9.725
1145.650 7.867
1145.962 6.010
1146.275 7.581
1146.588 13.438
1146.901 2.152
1147.214 -0.705
1147.527 2.152
1147.840 -2.849
1148.153 -3.563
1148.466 -1.849
1148.779 -2.564
1149.092 0.865
1149.405 0.864
1149.718 14.578
1150.030 25.292
1150.343 26.864
1150.656 14.578
1150.969 19.149
1151.282 31.577
1151.595 38.720
1151.908 31.720
1152.221 27.434
1152.534 30.862
1152.847 32.290
1153.160 21.290
1153.473 4.004
1153.785 -10.282
1154.098 -7.568
1154.411 -5.425
1154.724 -1.997
1155.037 8.717
1155.350 14.717
1155.663 28.717
1155.976 39.145
1156.289 28.145
1156.602 19.573
1156.915 11.859
1157.228 -3.142
1157.541 -19.999
1157.853 -51.285
1158.166 -61.714
1158.479 -50.000
1158.792 -41.571
1159.105 -39.429
1159.418 -25.143
1159.731 -26.143
1160.044 -8.286
1160.357 2.570
1160.670 -10.001
1160.983 -20.144
1161.296 -16.002
1161.609 -17.859
1161.921 7.141
1162.234 14.855
1162.547 9.997
1162.860 10.854
1163.173 17.711
1163.486 24.997
1163.799 18.854
1164.112 9.425
1164.425 16.710
1164.738 25.710
1165.051 32.996
1165.364 39.281
1165.676 27.709
1165.989 31.566
1166.302 26.138
1166.615 6.566
1166.928 -4.149
1167.241 0.851
1167.554 -0.149
1167.867 -3.006
1168.180 -8.721
1168.493 -13.721
1168.806 -1.436
1169.119 2.850
1169.432 -15.293
1169.744 -29.436
1170.057 -26.294
1170.370 -17.294
1170.683 -7.151
1170.996 -7.152
1171.309 -6.866
1171.622 3.419
1171.935 17.276
1172.248 20.276
1172.561 14.133
1172.874 15.704
1173.187 18.133
1173.500 22.990
1173.812 21.989
1174.125 15.275
1174.438 5.703
1174.751 8.417
1175.064 16.274
1175.377 10.131
1175.690 9.988
1176.003 20.988
1176.316 29.702
1176.629 43.273
1176.942 39.987
1177.255 17.130
1177.567 6.272
1177.880 -6.299
1178.193 -12.300
1178.506 -13.300
1178.819 -12.157
1179.132 -4.872
1179.445 8.271
1179.758 18.557
1180.071 22.985
1180.384 16.985
1180.697 14.270
1181.010 0.127
1181.323 -15.873
1181.635 -23.731
1181.948 -23.302
1182.261 -24.017
1182.574 -22.731
1182.887 -13.874
1183.200 -7.017
1183.513 4.125
1183.826 14.697
1184.139 11.268
1184.452 5.553
1184.765 7.982
1185.078 -5.590
1185.391 -20.447
1185.703 -11.305
1186.016 -2.876
1186.329 1.838
1186.642 -2.591
1186.955 -18.306
1187.268 -11.163
1187.581 6.694
1187.894 -10.449
1188.207 -23.164
1188.520 -21.592
1188.833 -8.021
1189.146 11.836
1189.459 6.835
1189.771 -1.022
1190.084 2.835
1190.397 -5.879
1190.710 -11.880
1191.023 -14.451
1191.336 -17.880
1191.649 -12.595
1191.962 -4.880
1192.275 2.405
1192.588 19.548
1192.901 25.405
1193.214 22.833
1193.526 15.833
1193.839 6.975
1194.152 0.547
1194.465 -7.454
1194.778 -23.882
1195.091 -35.454
1195.404 -40.169
1195.717 -31.454
1196.030 -12.455
1196.343 -5.312
1196.656 -7.455
1196.969 -0.741
1197.282 9.116
1197.594 14.116
1197.907 5.830
1198.220 18.486
1198.533 22.486
1198.846 28.200
1199.159 17.200
1199.472 9.629
1199.785 9.343
1200.098 6.343
1200.411 -2.229
1200.724 -5.514
1201.037 -7.372
1201.350 -5.943
1201.662 -9.514
1201.975 -7.443
1202.288 -6.743
1202.601 -3.943
