165.028 -5.331
165.288 -7.281
165.547 -13.248
165.807 -18.796
166.067 -23.083
166.327 -24.513
166.587 -24.657
166.847 -33.230
167.107 -40.659
167.367 -36.089
167.627 -24.661
167.886 -15.948
168.146 -18.521
168.406 -21.522
168.666 -16.666
168.926 -16.667
169.186 -27.240
169.446 -42.955
169.706 -48.528
169.966 -36.529
170.225 -27.387
170.485 -30.532
170.745 -20.961
171.005 -6.820
171.265 -4.678
171.525 -6.536
171.785 -23.823
172.045 -36.253
172.305 -38.540
172.564 -52.113
172.824 -57.114
173.084 -45.972
173.344 -44.974
173.604 -33.403
173.864 -18.833
174.124 -16.406
174.384 -8.121
174.644 5.020
174.903 5.019
175.163 8.589
175.423 7.873
175.683 0.444
175.943 1.157
176.203 1.727
176.463 -16.132
176.723 -30.276
176.983 -33.849
177.242 -30.278
177.502 -31.708
177.762 -36.281
178.022 -31.711
178.282 -28.284
178.542 -15.428
178.802 -15.143
179.062 -26.145
179.322 -22.003
179.581 -11.147
179.841 -20.720
180.101 -13.007
180.361 -15.151
180.621 -22.438
180.881 -27.583
181.141 -39.584
181.401 -50.585
181.661 -55.301
181.920 -66.302
182.180 -65.447
182.440 -58.162
182.700 -47.592
182.960 -44.593
183.220 -46.309
183.480 -35.882
183.740 -24.026
184.000 -24.028
184.259 -22.743
184.519 -14.030
184.779 -3.032
185.039 11.396
185.299 10.537
185.559 12.107
185.819 10.677
186.079 6.247
186.339 -5.611
186.598 -25.470
186.858 -49.043
187.118 -52.758
187.378 -61.046
187.638 -57.476
187.898 -41.477
188.158 -38.764
188.418 -33.765
188.678 -27.338
188.937 -35.054
189.197 -49.341
189.457 -56.200
189.717 -65.487
189.977 -58.488
190.237 -51.775
190.497 -42.634
190.757 -25.064
191.017 -12.780
191.276 -10.352
191.536 -9.354
191.796 -21.641
192.056 -24.214
192.316 -33.358
192.576 -43.502
192.836 -45.361
193.096 -58.934
193.356 -73.935
193.616 -74.651
193.875 -70.795
194.135 -52.939
194.395 -42.084
194.655 -41.371
194.915 -29.372
195.175 -7.088
195.435 -1.947
195.695 -8.805
195.955 -20.521
196.214 -26.665
196.474 -28.381
196.734 -31.097
196.994 -25.384
197.254 -11.242
197.514 -7.101
197.774 -3.959
198.034 -6.532
198.294 -1.677
198.553 1.322
198.813 -23.108
199.073 -40.824
199.333 -44.111
199.593 -37.684
199.853 -28.114
200.113 -29.829
200.373 -21.259
200.633 -9.404
200.892 1.309
201.152 6.736
201.412 -5.694
201.672 -19.552
201.932 -21.554
202.192 -25.555
202.452 -22.699
202.712 -27.129
202.972 -35.417
203.231 -30.704
203.491 -7.991
203.751 -3.849
204.011 -8.422
204.271 -2.424
204.531 6.432
204.791 8.716
205.051 11.001
205.311 0.285
205.570 3.284
205.830 16.425
206.090 11.424
206.350 1.136
206.610 9.849
206.870 13.419
207.130 9.561
207.390 0.131
207.650 -13.871
207.909 -29.158
208.169 -32.731
208.429 -39.161
208.689 -47.591
208.949 -56.592
209.209 -54.022
209.469 -62.309
209.729 -58.310
209.989 -52.455
210.248 -46.599
210.508 -50.172
210.768 -47.745
211.028 -49.746
211.288 -33.319
211.548 -29.749
211.808 -34.607
212.068 -32.752
212.328 -22.753
212.587 -8.754
212.847 6.101
213.107 3.957
213.367 2.384
213.627 -0.046
213.887 -9.190
214.147 -19.477
214.407 -32.478
214.667 -42.337
214.926 -48.195
215.186 -50.483
215.446 -53.627
215.706 -66.342
215.966 -55.201
216.226 -53.345
216.486 -58.632
216.746 -42.491
217.006 -25.206
217.265 -16.065
217.525 9.077
217.785 17.218
218.045 18.645
218.305 20.787
218.565 9.643
218.825 7.070
219.085 9.211
219.345 -4.790
219.604 -23.077
219.864 -15.650
220.124 -1.223
220.384 0.776
220.644 -7.368
220.904 -14.798
221.164 -17.085
221.424 -17.801
221.684 -32.802
221.943 -57.661
222.203 -71.948
222.463 -72.520
222.723 -63.950
222.983 -55.237
223.243 -48.382
223.503 -47.526
223.763 -42.813
224.023 -43.243
224.282 -47.672
224.542 -46.531
224.802 -42.104
225.062 -36.534
225.322 -11.821
225.582 -1.965
225.842 8.463
226.102 2.604
226.362 -18.397
226.621 -25.256
226.881 -22.828
227.141 -29.973
227.401 -33.260
227.661 -31.547
227.921 -20.976
228.181 -0.978
228.441 7.592
228.701 0.020
228.960 -6.696
229.220 -3.126
229.480 -1.698
229.740 -1.842
230.000 -13.415
230.260 -21.988
230.520 -22.418
230.780 -29.276
231.040 -32.277
231.299 -37.850
231.559 -40.566
231.819 -37.710
232.079 -29.997
232.339 -20.141
232.599 -10.142
232.859 -5.143
233.119 -9.859
233.379 -13.431
233.638 -15.290
233.898 -14.577
234.158 -24.149
234.418 -31.008
234.678 -31.723
234.938 -23.725
235.198 -22.154
235.458 -23.584
235.718 -30.014
235.978 -31.729
236.237 -29.302
236.497 -28.018
236.757 -26.019
237.017 -22.449
237.277 -7.164
237.537 5.406
237.797 20.548
238.057 20.261
238.317 10.688
238.576 3.544
238.836 2.257
239.096 -18.887
239.356 -29.317
239.616 -32.889
239.876 -36.176
240.136 -34.463
240.396 -40.178
240.656 -37.608
240.915 -21.895
241.175 -20.039
241.435 -18.469
241.695 -10.756
241.955 -2.900
242.215 7.099
242.475 0.384
242.735 -3.760
242.995 -12.190
243.254 -25.763
243.514 -33.764
243.774 -44.336
244.034 -45.480
244.294 -34.910
244.554 -31.054
244.814 -25.627
245.074 -25.199
245.334 -31.200
245.593 -29.630
245.853 -42.488
246.113 -45.489
246.373 -49.062
246.633 -47.777
246.893 -40.350
247.153 -21.494
247.413 -15.924
247.673 -4.068
247.932 -3.354
248.192 -4.641
248.452 -6.214
248.712 -12.786
248.972 -19.073
249.232 -14.360
249.492 -9.789
249.752 -14.791
250.012 -9.220
250.271 -19.221
250.531 -19.508
250.791 -24.509
251.051 -37.653
251.311 -36.797
251.571 -14.512
251.831 -3.371
252.091 12.343
252.351 15.913
252.610 19.912
252.870 36.911
253.130 27.624
253.390 5.480
253.650 15.193
253.911 12.907
254.172 13.334
254.433 16.476
254.694 1.761
254.955 3.331
255.216 0.187
255.477 -38.243
255.738 -46.386
255.999 -47.245
256.261 -47.960
256.522 -38.390
256.783 -35.533
257.044 -33.249
257.305 -18.964
257.566 -20.822
257.827 -30.823
258.088 -40.681
258.349 -47.111
258.610 -44.398
258.871 -40.542
259.132 -45.257
259.393 -34.829
259.654 -16.545
259.915 -7.831
260.176 -8.118
260.437 -17.690
260.698 -19.834
260.959 -9.978
261.221 -14.550
261.482 -24.694
261.743 -25.124
262.004 -24.839
262.265 -10.697
262.526 -6.127
262.787 -8.556
263.048 -7.986
263.309 -3.844
263.570 -2.274
263.831 1.154
264.092 2.725
264.353 7.295
264.614 1.151
264.875 -6.993
265.136 -7.279
265.397 -7.566
265.658 -8.281
265.919 -8.139
266.181 -4.712
266.442 -1.427
266.703 6.715
266.964 10.000
267.225 12.570
267.486 7.855
267.747 -3.574
268.008 -7.861
268.269 0.567
268.530 7.851
268.791 6.993
269.052 0.135
269.313 2.134
269.574 -3.866
269.835 -25.153
270.096 -46.583
270.357 -56.583
270.618 -65.299
270.879 -61.300
271.141 -48.015
271.402 -33.159
271.663 -7.445
271.924 7.125
272.185 11.267
272.446 8.552
272.707 -2.592
272.968 -12.735
273.229 -10.879
273.490 -11.737
273.751 -1.309
274.012 1.261
274.273 8.403
274.534 17.402
274.795 13.544
275.056 1.543
275.317 -12.600
275.578 -31.315
275.839 -32.745
276.101 -25.746
276.362 -13.604
276.623 -0.033
276.884 13.823
277.145 17.394
277.406 19.821
277.667 18.964
277.928 11.963
278.189 -1.181
278.450 -11.325
278.711 -15.754
278.972 -21.184
279.233 -16.613
279.494 -12.185
279.755 -7.757
280.016 -15.330
280.277 -22.902
280.538 -30.046
280.799 -23.332
281.061 -20.904
281.322 -22.762
281.583 -24.906
281.844 -18.335
282.105 -25.336
282.366 -39.480
282.627 -54.338
282.888 -67.053
283.149 -69.768
283.410 -74.769
283.671 -74.627
283.932 -50.199
284.193 -18.057
284.454 -2.058
284.715 10.799
284.976 7.084
285.237 7.369
285.498 4.368
285.759 -10.490
286.021 -25.777
286.282 -17.492
286.543 -21.350
286.804 -27.208
287.065 -30.923
287.326 -25.638
287.587 -19.496
287.848 -30.639
288.109 -47.640
288.370 -46.212
288.631 -44.499
288.892 -36.785
289.153 -24.786
289.414 -26.215
289.675 -20.073
289.936 -24.788
290.197 -28.360
290.458 -18.218
290.719 -22.362
290.981 -35.362
291.242 -33.363
291.503 -22.507
291.764 -0.222
292.025 14.635
292.286 5.777
292.547 -11.367
292.808 -12.653
293.069 -11.940
293.330 -27.798
293.591 -42.227
293.852 -56.513
294.113 -55.657
294.374 -31.515
294.635 -21.516
294.896 -16.802
295.157 -6.660
295.418 -1.660
295.679 1.053
295.941 4.624
296.202 -2.520
296.463 -11.235
296.724 -16.664
296.985 -25.950
297.246 -31.523
297.507 -25.238
297.768 -24.667
298.029 -29.953
298.290 -31.240
298.551 -29.383
298.812 -20.384
299.073 -7.242
299.334 -12.957
299.595 -10.386
299.856 -2.529
300.117 -2.673
300.378 -10.531
300.639 -0.960
300.901 4.039
301.162 -6.104
301.423 -23.962
301.684 -38.106
301.945 -39.392
302.206 -27.678
302.467 -26.679
302.728 -37.537
302.989 -31.966
303.250 -15.967
303.511 -5.253
303.772 -1.254
304.033 -11.540
304.294 -24.969
304.555 -29.684
304.816 -32.399
305.077 -39.114
305.338 -41.972
305.599 -42.401
305.861 -31.402
306.122 -20.259
306.383 -25.974
306.644 -28.261
306.905 -28.118
307.166 -29.976
307.427 -34.834
307.688 -37.406
307.949 -39.692
308.210 -31.693
308.471 -18.979
308.732 -11.837
308.993 5.877
309.254 16.590
309.515 14.447
309.776 11.732
310.037 10.588
310.298 7.445
310.559 20.873
310.821 13.872
311.082 7.729
311.343 13.014
311.604 12.728
311.865 15.584
312.126 16.298
312.387 -0.417
312.648 2.011
312.909 4.582
313.170 -9.990
313.434 -14.562
313.698 -10.849
313.963 -17.992
314.227 -18.993
314.491 -23.136
314.755 -37.280
315.019 -41.280
315.284 -38.566
315.548 -34.138
315.812 -25.139
316.076 -19.568
316.340 -14.712
316.604 -7.141
316.869 0.859
317.133 10.858
317.397 -0.714
317.661 -20.286
317.925 -32.144
318.190 -27.144
318.454 -19.716
318.718 -15.145
318.982 -22.860
319.246 -24.289
319.511 -17.433
319.775 -13.290
320.039 -26.291
320.303 -22.291
320.567 -15.435
320.832 -13.578
321.096 -12.293
321.360 -9.008
321.624 -1.151
321.888 6.134
322.153 -11.010
322.417 -26.153
322.681 -38.296
322.945 -38.583
323.209 -25.583
323.473 -17.441
323.738 -28.299
324.002 -24.728
324.266 -20.157
324.530 -10.443
324.794 -7.872
325.059 -12.158
325.323 -22.159
325.587 -16.302
325.851 -20.589
326.115 -27.875
326.380 -28.304
326.644 -15.876
326.908 -19.162
327.172 -31.020
327.436 -28.163
327.701 -9.021
327.965 2.550
328.229 1.264
328.493 -17.879
328.757 -23.737
329.022 -14.166
329.286 -14.167
329.550 -23.881
329.814 -24.596
330.078 -32.882
330.342 -27.312
330.607 -15.026
330.871 -7.027
331.135 -9.313
331.399 -12.599
331.663 -19.028
331.928 -3.029
332.192 -8.601
332.456 -25.173
332.720 -33.602
332.984 -24.316
333.249 -14.603
333.513 -6.746
333.777 -7.461
334.041 -2.461
334.305 5.395
334.570 3.823
334.834 -5.748
335.098 -16.749
335.362 -22.035
335.626 -35.178
335.891 -40.179
336.155 -41.179
336.419 -39.180
336.683 -26.466
336.947 -13.038
337.211 -15.610
337.476 -15.182
337.740 -9.611
338.004 -10.183
338.268 -10.040
338.532 -24.755
338.797 -34.184
339.061 -23.899
339.325 -19.042
339.589 -27.185
339.853 -28.329
340.118 -24.044
340.382 -26.473
340.646 -22.616
340.910 -17.759
341.174 -11.617
341.439 -1.331
341.703 -8.189
341.967 -24.618
342.231 -30.761
342.495 -34.048
342.759 -51.334
343.024 -58.620
343.288 -50.335
343.552 -27.192
343.816 -12.621
344.080 -4.193
344.345 -0.479
344.609 8.377
344.873 9.234
345.137 -4.623
345.401 -11.910
345.666 -7.910
345.930 -4.196
346.194 -5.054
346.458 -3.483
346.722 -0.483
346.987 1.659
347.251 -16.198
347.515 -33.770
347.779 -38.342
348.043 -27.342
348.308 -24.914
348.572 -22.343
348.836 -25.344
349.100 -19.916
349.364 0.370
349.628 1.798
349.893 -22.488
350.157 -27.631
350.421 -34.060
350.685 -18.061
350.949 -2.204
351.214 -12.062
351.478 -6.205
351.742 10.509
352.006 12.080
352.270 16.651
352.535 5.222
352.799 3.793
353.063 15.078
353.327 12.792
353.591 7.649
353.856 10.506
354.120 7.505
354.384 5.219
354.648 -7.496
354.912 -12.924
355.177 -22.639
355.441 -30.497
355.705 -37.640
355.969 -34.212
356.233 -34.355
356.497 -31.641
356.762 -29.070
357.026 -23.356
357.290 -14.785
357.554 -15.500
357.818 -23.929
358.083 -16.786
358.347 -11.358
358.611 -16.930
358.875 -14.502
359.139 -21.359
359.404 -18.217
359.668 -10.931
359.932 -7.218
360.196 -8.647
360.460 -16.075
360.725 -10.933
360.989 5.924
361.253 16.066
361.517 28.066
361.781 28.351
362.046 32.779
362.310 28.922
362.574 8.207
362.838 -3.507
363.102 -10.651
363.366 -26.937
363.631 -27.080
363.895 -26.652
364.159 -18.938
364.423 11.776
364.687 27.061
364.952 28.918
365.216 29.204
365.480 22.632
365.747 23.917
366.013 35.203
366.280 29.345
366.546 24.059
366.813 33.630
367.079 38.630
367.346 32.201
367.612 28.058
367.879 32.057
368.145 32.200
368.412 30.056
368.678 14.056
368.945 9.199
369.211 12.484
369.478 9.627
369.744 -8.374
370.011 -17.374
370.278 -25.232
370.544 -19.946
370.811 -18.661
371.077 -12.518
371.344 -5.804
371.610 4.052
371.877 10.481
372.143 13.480
372.410 8.051
372.676 3.908
372.943 -6.235
373.209 -23.093
373.476 -32.807
373.742 -46.379
374.009 -54.379
374.276 -52.237
374.542 -47.094
374.809 -43.380
375.075 -36.523
375.342 -27.667
375.608 -21.096
375.875 -21.810
376.141 -27.668
376.408 -33.525
376.674 -41.668
376.941 -45.383
377.207 -67.812
377.474 -87.384
377.740 -90.527
378.007 -95.384
378.273 -100.670
378.540 -91.099
378.807 -75.242
379.073 -47.957
379.340 -25.100
379.606 -26.529
379.873 -25.101
380.139 -21.101
380.406 -32.673
380.672 -48.673
380.939 -66.531
381.205 -76.102
381.472 -66.817
381.738 -59.817
382.005 -47.103
382.271 -24.246
382.538 -13.675
382.804 -5.247
383.071 -4.819
383.338 -1.105
383.604 15.181
383.871 12.609
384.137 4.323
384.404 -1.535
384.670 -8.106
384.937 -1.535
385.203 -7.393
385.470 -25.536
385.736 -30.107
386.003 -20.822
386.269 -4.394
386.536 5.034
386.802 -0.394
387.069 -0.680
387.336 3.748
387.602 4.748
387.869 -10.538
388.135 -24.967
388.402 -27.825
388.668 -11.539
388.935 -1.682
389.201 -4.254
389.468 -13.826
389.734 -14.540
390.001 -15.826
390.267 -25.398
390.534 -37.256
390.800 -40.684
391.067 -31.542
391.333 -20.114
391.600 -24.114
391.867 -18.686
392.133 -2.543
392.400 -3.543
392.666 -2.972
392.933 -10.687
393.199 -7.544
393.466 13.027
393.732 10.598
393.999 0.312
394.265 -5.545
394.532 -12.546
394.798 -9.260
395.065 -20.832
395.331 -48.975
395.598 -48.975
395.864 -30.976
396.131 -18.119
396.398 -8.833
396.664 0.309
396.931 15.166
397.197 31.880
397.464 34.880
397.730 27.451
397.997 19.022
398.263 10.022
398.530 10.307
398.796 18.879
399.063 32.593
399.329 41.021
399.596 49.021
399.862 67.735
400.129 81.592
400.396 77.734
400.662 76.877
400.929 89.877
401.195 112.019
401.462 130.019
401.728 149.733
401.995 195.161
402.261 249.447
402.528 311.446
402.794 366.446
403.061 425.303
403.327 498.160
403.594 578.731
403.860 653.159
404.127 734.731
404.393 822.016
404.660 914.301
404.931 994.587
405.202 1081.730
405.473 1175.158
405.745 1262.586
406.016 1339.443
406.287 1416.586
406.558 1474.300
406.829 1532.585
407.100 1594.299
407.371 1636.727
407.642 1670.442
407.914 1694.870
408.185 1693.870
408.456 1699.012
408.727 1705.012
408.998 1686.726
409.269 1666.297
409.540 1636.011
409.811 1613.725
410.083 1593.439
410.354 1568.439
410.625 1535.867
410.896 1487.296
411.167 1443.724
411.438 1401.867
411.709 1343.866
411.981 1284.866
412.252 1227.723
412.523 1175.580
412.794 1132.008
413.065 1063.722
413.336 1015.151
413.607 965.436
413.878 910.436
414.150 861.436
414.421 812.435
414.692 764.721
414.963 733.292
415.234 675.149
415.505 622.292
415.776 572.720
416.047 515.577
416.319 448.291
416.590 379.434
416.861 310.148
417.132 254.576
417.403 211.862
417.674 170.290
417.945 139.290
418.217 120.718
418.488 98.861
418.759 89.432
419.030 88.860
419.301 78.003
419.572 63.431
419.843 51.574
420.114 35.574
420.386 27.288
420.657 14.002
420.928 -3.713
421.199 -9.285
421.470 -10.142
421.741 -17.999
422.012 -17.714
422.283 -7.428
422.555 0.714
422.826 -1.429
423.097 -5.857
423.368 -7.572
423.639 -8.429
423.910 -4.001
424.181 -4.716
424.453 -2.001
424.724 11.284
424.995 17.998
425.266 18.998
425.537 29.712
425.808 27.855
426.079 21.426
426.350 15.283
426.622 7.854
426.893 8.568
427.164 10.282
427.435 -2.290
427.706 -3.147
427.977 -0.576
428.248 -7.290
428.519 -12.433
428.791 -14.291
429.062 -2.719
429.333 7.852
429.604 -0.720
429.875 -3.006
430.146 14.280
430.417 20.565
430.689 11.137
430.960 -11.435
431.231 -14.578
431.502 -11.721
431.773 -15.007
432.044 -11.436
432.315 -1.436
432.586 1.421
432.858 5.563
433.129 -4.865
433.400 -15.723
433.671 -34.866
433.942 -57.294
434.213 -61.152
434.484 -58.438
434.755 -52.724
435.027 -38.295
435.298 -26.724
435.569 -2.724
435.840 8.418
436.116 -9.296
436.391 -16.011
436.667 -2.582
436.942 1.418
437.218 12.989
437.493 12.274
437.769 18.988
438.045 38.845
438.320 49.560
438.596 31.845
438.871 10.988
439.147 -13.298
439.422 -20.013
439.698 -36.870
439.974 -55.584
440.249 -66.728
440.525 -59.442
440.800 -40.871
441.076 -21.157
441.351 -27.014
441.627 -32.729
441.903 -24.014
442.178 -13.443
442.454 -18.729
442.729 -26.872
443.005 -25.729
443.281 -5.872
443.556 16.984
443.832 25.699
444.107 18.413
444.383 21.270
444.658 19.269
444.934 17.555
445.210 31.555
445.485 39.840
445.761 47.697
446.036 67.269
446.312 79.840
446.587 91.982
446.863 96.554
447.139 72.982
447.414 49.268
447.690 44.839
447.965 41.839
448.241 43.410
448.516 49.267
448.792 54.410
449.068 79.409
449.343 98.409
449.619 96.695
449.894 91.123
450.170 92.552
450.445 100.551
450.721 101.123
450.997 104.551
451.272 118.979
451.548 123.693
451.823 127.408
452.099 116.122
452.375 102.122
452.650 106.407
452.926 90.407
453.201 61.407
453.477 58.549
453.752 73.406
454.028 88.835
454.304 92.406
454.579 94.692
454.855 104.549
455.130 126.977
455.406 135.263
455.681 120.691
455.957 105.405
456.233 96.262
456.508 85.262
456.784 76.690
457.059 62.833
457.335 50.547
457.610 38.547
457.886 34.261
458.162 41.832
458.437 36.689
458.713 32.403
458.988 28.832
459.264 18.832
459.539 19.403
459.815 23.974
460.091 9.545
460.366 12.545
460.642 9.974
460.917 0.259
461.193 -2.312
461.468 0.259
461.744 4.973
462.020 17.544
462.295 13.544
462.571 16.258
462.846 28.395
463.122 36.962
463.397 34.677
463.673 36.238
463.949 35.381
464.224 23.685
464.500 7.125
464.775 -3.574
465.051 -9.568
465.327 -8.855
465.602 -18.845
465.878 -26.133
466.153 -16.580
466.429 -4.877
466.704 -8.182
466.980 -19.781
467.256 -18.779
467.531 -9.770
467.807 -6.609
468.082 -1.444
468.358 1.861
468.633 16.189
468.909 35.977
469.185 41.018
469.460 38.619
469.736 40.507
470.011 37.075
470.287 45.753
470.562 58.330
470.838 59.368
471.114 51.447
471.389 46.135
471.665 42.547
471.940 48.063
472.216 48.983
472.491 36.598
472.767 36.492
473.043 41.569
473.318 41.429
473.594 43.474
473.869 38.846
474.145 19.698
474.421 14.632
474.696 14.356
474.972 12.615
475.247 4.469
475.523 -12.110
475.798 -17.930
476.074 -6.577
476.350 2.296
476.625 -0.327
476.901 -3.964
477.176 7.375
477.452 38.903
477.727 54.591
478.003 51.382
478.279 41.345
478.554 29.015
478.830 28.586
479.105 28.574
479.381 9.987
479.656 -0.045
479.932 2.540
480.208 7.448
480.483 12.240
480.759 12.255
481.034 7.482
481.310 16.684
481.585 9.772
481.861 -3.460
482.137 -19.541
482.412 -24.529
482.688 -23.226
482.963 -17.506
483.239 -30.859
483.514 -37.670
483.790 -31.631
484.066 -19.884
484.341 -20.541
484.617 -24.650
484.892 -28.799
485.168 -19.281
485.443 0.475
485.719 -2.617
485.995 -10.390
486.270 -8.350
486.546 -8.309
486.821 -12.114
487.097 -6.691
487.373 -20.942
487.648 -24.555
487.924 -17.767
488.199 -5.533
488.475 2.344
488.750 3.335
489.026 -6.225
489.302 4.145
489.577 16.760
489.853 26.126
490.128 23.171
490.404 11.011
490.679 15.907
490.955 14.368
491.231 -1.572
491.506 -14.712
491.782 -28.970
492.057 -42.386
492.333 -43.374
492.608 -50.792
492.884 -51.071
493.160 -44.086
493.435 -43.825
493.711 -40.894
493.986 -30.831
494.262 -17.822
494.537 -9.972
494.813 -9.270
495.089 5.032
495.364 19.338
495.640 24.673
495.915 28.330
496.191 24.112
496.467 21.449
496.742 26.113
497.018 27.750
497.293 28.206
497.569 31.626
497.844 43.852
498.120 57.744
498.396 61.015
498.671 45.703
498.947 22.592
499.222 19.355
499.498 18.821
499.773 12.930
500.049 10.024
500.325 9.344
500.600 30.197
500.876 55.210
501.151 52.215
501.427 43.058
501.702 36.504
501.978 30.518
502.254 30.823
502.529 29.293
502.805 21.138
503.080 20.989
503.356 22.417
503.631 24.170
503.907 21.583
504.183 14.228
504.458 4.135
504.734 5.297
505.009 7.176
505.285 7.031
505.560 2.115
505.836 -3.663
506.112 3.704
506.387 9.482
506.663 0.673
506.938 1.966
507.214 13.217
507.490 20.281
507.765 23.754
508.041 14.250
508.316 22.258
508.592 33.754
508.867 31.160
509.143 28.527
509.419 28.757
509.694 37.911
509.970 51.652
510.245 45.721
510.521 36.245
510.796 36.245
511.072 34.769
511.348 35.988
511.623 35.078
511.899 29.779
512.174 26.747
512.450 32.122
512.725 40.028
513.001 43.793
513.277 48.090
513.552 62.421
513.828 77.867
514.103 83.442
514.379 85.357
514.654 84.883
514.930 86.782
515.206 83.480
515.481 64.720
515.757 60.381
516.032 67.249
516.308 77.068
516.583 92.962
516.859 105.375
517.135 114.335
517.410 130.947
517.686 147.713
517.961 175.231
518.237 207.487
518.513 230.955
518.788 259.482
519.064 296.811
519.339 335.495
519.615 371.205
519.890 395.328
520.166 415.601
520.442 451.720
520.717 487.733
520.993 514.553
521.268 533.526
521.544 549.434
521.819 577.798
522.095 602.849
522.371 607.242
522.646 590.472
522.922 588.379
523.197 602.786
523.473 608.781
523.748 598.479
524.024 592.647
524.300 585.515
524.575 590.983
524.851 580.730
525.126 551.006
525.402 532.211
525.677 514.439
525.953 500.560
526.229 480.131
526.504 463.316
526.780 455.173
527.055 460.426
527.331 440.170
527.606 416.924
527.882 384.445
528.158 371.044
528.433 365.148
528.709 362.170
528.984 357.348
529.260 356.209
529.535 361.614
529.811 378.648
530.087 380.524
530.362 369.975
530.638 361.021
530.913 353.924
531.189 351.393
531.465 337.221
531.740 321.567
532.016 325.399
532.291 330.872
532.567 327.697
532.842 314.727
533.118 313.324
533.394 324.378
533.669 318.749
533.945 306.521
534.220 306.526
534.496 304.568
534.771 303.435
535.047 301.933
535.323 302.166
535.598 319.966
535.874 344.443
536.149 375.493
536.425 418.612
536.700 475.724
536.976 545.999
537.252 628.036
537.527 724.533
537.803 821.509
538.078 898.312
538.354 993.421
538.629 1114.684
538.905 1237.649
539.181 1356.623
539.456 1463.390
539.732 1558.212
540.007 1659.310
540.283 1744.476
540.558 1815.498
540.834 1875.038
541.110 1924.730
541.385 1961.038
541.661 2008.775
541.936 2066.768
542.212 2114.211
542.488 2137.603
542.763 2146.569
543.039 2145.034
543.314 2137.961
543.590 2140.266
543.865 2116.917
544.141 2078.218
544.417 2050.440
544.692 2027.883
544.968 1996.085
545.243 1960.019
545.519 1909.028
545.794 1878.077
546.070 1864.841
546.348 1842.568
546.627 1838.170
546.905 1852.944
547.183 1887.167
547.461 1925.390
547.740 1965.136
548.018 2010.860
548.296 2055.121
548.575 2090.560
548.853 2139.318
549.131 2197.848
549.409 2258.498
549.688 2312.978
549.966 2371.040
550.244 2446.692
550.523 2527.861
550.801 2624.810
551.079 2717.724
551.357 2813.122
551.636 2922.282
551.914 3030.956
552.192 3128.902
552.471 3218.867
552.749 3288.834
553.027 3331.737
553.306 3381.333
553.584 3419.670
553.862 3449.192
554.140 3467.475
554.419 3488.936
554.697 3489.591
554.975 3492.020
555.254 3467.340
555.532 3434.217
555.810 3388.805
556.088 3343.784
556.367 3266.980
556.645 3168.387
556.923 3070.797
557.202 2981.940
557.480 2877.843
557.758 2777.012
558.036 2656.433
558.315 2539.802
558.593 2434.905
558.871 2315.953
559.150 2181.440
559.428 2051.087
559.706 1913.440
559.984 1782.601
560.263 1659.948
560.541 1542.337
560.819 1437.345
561.098 1328.824
561.376 1223.214
561.654 1113.414
561.932 1012.553
562.211 925.779
562.489 851.957
562.767 790.322
563.046 734.113
563.324 694.367
563.602 673.744
563.880 642.348
564.159 597.144
564.437 563.692
564.715 526.244
564.994 496.219
565.272 459.289
565.550 418.021
565.828 392.246
566.107 376.657
566.385 348.041
566.663 324.047
566.942 311.929
567.220 293.675
567.498 282.047
567.776 268.733
568.055 253.851
568.333 237.495
568.611 224.156
568.890 202.698
569.168 193.204
569.446 181.408
569.725 170.753
570.003 159.681
570.281 153.679
570.559 146.971
570.838 138.190
571.116 131.516
571.394 122.466
571.673 107.712
571.951 96.115
572.229 82.428
572.507 71.252
572.786 65.618
573.064 60.272
573.342 53.401
573.621 63.212
573.899 69.805
574.177 75.553
574.455 78.537
574.734 76.195
575.012 66.879
575.290 64.550
575.569 52.980
575.847 31.681
576.125 15.981
576.403 14.627
576.682 12.544
576.960 18.752
577.243 19.217
577.527 22.913
577.810 46.858
578.093 66.602
578.377 65.949
578.660 70.643
578.944 75.390
579.227 75.434
579.510 74.191
579.794 69.433
580.077 59.998
580.360 44.696
580.644 23.821
580.927 0.553
581.210 3.301
581.494 9.317
581.777 0.806
582.061 -9.865
582.344 -6.898
582.627 2.772
582.911 1.321
583.194 -19.329
583.477 -31.577
583.761 -40.282
584.044 -25.168
584.327 -10.330
584.611 3.225
584.894 21.054
585.178 38.608
585.461 49.466
585.744 63.743
586.028 62.180
586.311 69.476
586.594 68.630
586.878 55.638
587.161 53.495
587.444 56.637
587.728 60.770
588.011 64.760
588.295 49.331
588.578 35.184
588.861 44.755
589.145 47.888
589.428 43.450
589.711 39.459
589.995 18.480
590.278 10.775
590.562 15.350
590.845 7.639
591.128 -10.763
591.412 -28.459
591.695 -33.461
591.978 -10.925
592.262 4.605
592.545 11.441
592.828 17.427
593.112 21.570
593.395 25.580
593.679 28.422
593.962 24.823
594.245 30.487
594.529 39.538
594.812 50.609
595.095 72.044
595.379 89.628
595.662 89.469
595.945 80.240
596.229 68.277
596.512 65.400
596.796 70.701
597.079 67.809
597.362 61.118
597.646 74.381
597.929 94.408
598.212 106.241
598.496 102.958
598.779 94.730
599.062 78.770
599.346 73.682
599.629 68.836
599.913 58.523
600.196 50.170
600.479 45.079
600.763 40.411
601.046 51.934
601.329 59.505
601.613 49.799
601.896 48.509
602.179 45.694
602.463 54.372
602.746 64.313
603.030 65.405
603.313 64.966
603.596 72.515
603.880 73.331
604.163 79.741
604.446 80.694
604.730 79.543
605.013 88.487
605.296 85.539
605.580 86.939
605.863 90.704
606.147 90.156
606.430 88.604
606.713 84.396
606.997 78.911
607.280 89.265
607.563 93.308
607.847 98.759
608.130 107.994
608.414 122.585
608.697 130.291
608.980 127.800
609.264 120.944
609.547 113.123
609.830 98.027
610.114 79.559
610.397 68.215
610.680 67.971
610.964 71.638
611.247 72.499
611.531 86.091
611.814 104.044
612.097 117.925
612.381 108.688
612.664 89.762
612.947 75.603
613.231 70.562
613.514 62.604
613.797 52.380
614.081 42.853
614.364 46.929
614.648 63.504
614.931 77.004
615.214 84.046
615.498 86.321
615.781 95.641
616.064 104.231
616.348 99.478
616.631 98.946
616.914 100.947
617.198 105.921
617.481 118.658
617.765 118.858
618.048 123.857
618.331 130.652
618.615 126.897
618.898 121.153
619.181 110.173
619.465 97.117
619.748 97.196
620.031 88.782
620.315 88.861
620.598 91.900
620.882 98.362
621.165 112.184
621.448 115.834
621.732 103.550
622.015 106.330
622.298 102.543
622.582 98.641
622.865 92.596
623.148 87.603
623.432 92.467
623.715 112.219
623.999 123.816
624.282 131.822
624.565 145.579
624.849 158.356
625.132 159.171
625.415 151.103
625.699 140.681
625.982 127.798
626.265 125.524
626.549 119.657
626.832 -39.210
627.116 -132.179
627.399 -127.370
627.682 -118.124
627.966 -102.452
628.249 -78.383
628.532 -77.693
628.816 82.218
629.099 183.369
629.383 185.117
629.666 180.928
629.949 179.402
630.233 172.162
630.516 184.915
630.799 184.867
631.083 180.819
631.366 191.145
631.649 202.162
631.933 205.686
632.216 202.221
632.500 198.733
632.783 211.998
633.066 227.144
633.350 233.436
633.633 242.063
633.916 263.671
634.200 279.100
634.483 284.102
634.766 277.378
635.050 277.412
635.333 290.823
635.617 298.235
635.900 293.013
636.183 304.728
636.467 327.195
636.750 350.767
637.033 368.674
637.317 379.493
637.600 399.631
637.883 425.630
638.167 431.366
638.450 447.690
638.734 478.302
639.017 517.524
639.300 548.352
639.584 574.613
639.867 599.443
640.150 642.452
640.434 687.845
640.717 732.613
641.000 773.656
641.284 837.400
641.567 913.946
641.851 1000.767
642.134 1100.100
642.417 1197.431
642.701 1295.467
642.984 1411.513
643.267 1541.275
643.551 1671.763
643.834 1813.627
644.117 1964.684
644.401 2143.994
644.684 2356.029
644.968 2581.404
645.251 2821.112
645.534 3093.042
645.818 3373.199
646.101 3651.268
646.384 3913.421
646.668 4178.079
646.951 4442.399
647.235 4698.066
647.518 4951.694
647.801 5244.155
648.085 5563.672
648.368 5932.543
648.651 6311.406
648.935 6703.974
649.218 7126.263
649.501 7554.429
649.785 7944.080
650.068 8339.854
650.352 8707.627
650.635 9064.934
650.918 9417.495
651.202 9723.060
651.485 10012.122
651.768 10310.299
652.052 10585.533
652.335 10870.222
652.618 11136.153
652.902 11397.179
653.185 11660.683
653.469 11924.796
653.752 12141.785
654.035 12345.905
654.319 12498.781
654.602 12618.584
654.885 12695.325
655.169 12753.338
655.452 12781.817
655.735 12827.133
656.019 12849.339
656.302 12874.862
656.586 12921.754
656.869 12992.125
657.152 13027.415
657.436 13025.972
657.719 13005.000
658.002 12962.205
658.286 12871.983
658.569 12760.190
658.852 12612.729
659.136 12463.841
659.419 12317.059
659.703 12145.368
659.986 11975.209
660.269 11835.453
660.553 11669.321
660.836 11499.496
661.119 11338.917
661.403 11235.138
661.686 11167.194
661.969 11098.820
662.253 11041.624
662.536 11035.728
662.820 11043.539
663.103 11064.575
663.386 11085.517
663.670 11142.058
663.953 11218.194
664.236 11304.809
664.520 11397.278
664.803 11529.267
665.086 11675.327
665.370 11788.084
665.653 11857.414
665.937 11927.467
666.220 12009.256
666.503 12068.103
666.787 12106.209
667.070 12159.817
667.353 12203.141
667.637 12228.574
667.920 12249.814
668.204 12232.259
668.487 12202.490
668.770 12122.451
669.054 11964.725
669.337 11814.832
669.620 11665.348
669.904 11464.225
670.187 11235.210
670.470 10974.151
670.754 10686.851
671.037 10402.558
671.321 10084.993
671.604 9736.068
671.887 9372.920
672.171 8976.189
672.454 8556.532
672.737 8144.800
673.021 7725.895
673.304 7288.407
673.587 6843.018
673.871 6418.939
674.154 6022.552
674.438 5636.225
674.721 5251.712
675.004 4873.813
675.288 4511.373
675.571 4186.338
675.854 3873.493
676.138 3577.408
676.421 3305.574
676.704 3051.551
676.988 2826.422
677.271 2622.606
677.555 2403.128
677.838 2200.686
678.121 2018.122
678.405 1855.769
678.688 1701.954
678.971 1556.370
679.255 1419.331
679.538 1304.850
679.821 1194.440
680.105 1090.797
680.388 987.693
680.672 901.793
680.955 838.917
681.238 772.883
681.522 710.442
681.805 667.408
682.088 632.399
682.372 586.061
682.655 559.396
682.938 526.030
683.222 503.320
683.505 490.574
683.789 462.390
684.072 440.171
684.355 440.767
684.639 426.230
684.922 410.407
685.205 402.257
685.489 419.272
685.772 445.517
686.056 458.043
686.339 465.350
686.622 470.122
686.906 474.473
687.189 491.799
687.472 475.976
687.756 459.722
688.039 447.942
688.322 447.196
688.606 451.968
688.889 441.891
689.173 411.573
689.456 397.951
689.739 382.349
690.023 378.151
690.306 363.815
690.589 353.356
690.873 357.805
691.156 358.354
691.439 367.704
691.723 386.107
692.006 391.209
692.290 390.985
692.573 383.754
692.856 371.237
693.140 366.032
693.423 342.645
693.706 322.792
693.990 303.611
694.273 305.510
694.556 303.301
694.840 306.273
695.123 312.039
695.407 318.550
695.690 323.119
695.973 324.482
696.257 314.946
696.540 324.544
696.830 326.993
697.120 322.758
697.410 319.069
697.699 310.382
697.989 315.083
698.279 314.117
698.569 306.690
698.859 295.801
699.149 300.004
699.439 320.011
699.729 325.781
700.018 315.238
700.308 319.848
700.598 327.484
700.888 337.784
701.178 330.392
701.468 304.932
701.758 295.250
702.048 288.651
702.337 265.376
702.627 238.206
702.917 204.225
703.207 195.015
703.497 187.183
703.787 167.052
704.077 163.070
704.366 154.153
704.656 148.090
704.946 166.813
705.236 164.982
705.526 171.612
705.816 179.546
706.106 169.579
706.396 167.458
706.685 159.833
706.975 149.980
707.265 143.161
707.555 127.383
707.845 122.770
708.135 125.233
708.425 119.117
708.715 129.166
709.004 123.419
709.294 123.035
709.584 129.528
709.874 132.735
710.164 138.475
710.454 153.905
710.744 148.234
711.034 151.415
711.323 155.148
711.613 156.021
711.903 151.300
712.193 137.583
712.483 120.392
712.773 115.940
713.063 115.365
713.352 102.054
713.642 95.274
713.932 100.285
714.222 116.906
714.512 124.548
714.802 118.311
715.092 107.056
715.382 106.528
715.671 106.217
715.961 107.557
716.251 97.275
716.541 92.741
716.831 93.635
717.121 92.759
717.411 91.306
717.701 90.364
717.990 78.053
718.280 70.894
718.570 69.500
718.860 81.765
719.150 92.921
719.440 96.742
719.730 99.880
720.019 101.689
720.309 101.707
720.599 107.079
720.889 106.062
721.179 108.479
721.469 110.035
721.759 104.925
722.049 103.317
722.338 121.907
722.628 126.496
722.918 121.484
723.208 110.702
723.498 101.141
723.788 95.812
724.078 96.418
724.368 86.046
724.657 85.017
724.947 84.081
725.237 86.755
725.527 97.545
725.817 101.444
726.107 91.946
726.397 87.144
726.686 78.475
726.976 69.400
727.266 56.827
727.556 46.060
727.846 49.267
728.136 65.467
728.426 67.430
728.716 65.664
729.005 78.542
729.295 102.791
729.585 113.742
729.875 112.246
730.165 99.938
730.455 93.742
730.745 101.648
731.035 102.115
731.324 98.275
731.614 100.266
731.904 93.483
732.194 84.602
732.484 91.967
732.774 91.207
733.064 87.360
733.354 84.775
733.643 75.481
733.933 83.026
734.223 102.671
734.513 101.338
734.803 92.563
735.093 86.468
735.383 76.326
735.672 78.746
735.962 75.024
736.252 63.623
736.542 62.980
736.832 76.609
737.122 80.838
737.412 93.387
737.702 100.997
737.991 101.751
738.281 110.491
738.571 107.723
738.861 105.515
739.151 113.162
739.441 106.179
739.731 95.834
740.021 86.978
740.310 82.367
740.600 84.527
740.890 88.545
741.180 80.968
741.470 64.617
741.760 60.677
742.050 74.675
742.339 75.673
742.629 72.308
742.919 59.642
743.209 53.738
743.499 61.651
743.789 64.632
744.079 56.586
744.369 50.814
744.658 55.081
744.948 53.398
745.238 45.190
745.528 45.494
745.818 55.581
746.108 59.719
746.398 68.383
746.688 69.704
746.977 80.369
747.267 93.014
747.557 94.162
747.847 92.079
748.137 84.854
748.427 75.219
748.717 69.549
749.006 61.047
749.296 60.773
749.586 64.775
749.876 46.698
750.166 37.732
750.456 39.451
750.746 35.923
751.036 36.522
751.325 34.420
751.615 28.166
751.905 33.162
752.195 38.013
752.485 42.464
752.775 41.475
753.065 36.649
753.355 30.799
753.644 34.545
753.934 42.860
754.224 49.597
754.514 46.179
754.804 49.915
755.094 61.946
755.384 72.275
755.674 68.398
755.963 68.132
756.253 65.128
756.543 55.953
756.833 43.480
757.123 23.414
757.413 9.501
757.703 6.495
757.992 -5.278
758.282 -10.299
758.572 -10.010
758.862 -6.707
759.152 1.046
759.442 4.636
759.732 2.913
760.022 -2.838
760.311 -1.546
760.601 -1.837
760.891 -2.700
761.181 4.934
761.471 10.539
761.761 12.984
762.051 23.191
762.341 28.523
762.630 36.865
762.920 36.865
763.210 26.075
763.500 26.362
763.793 33.834
764.086 37.137
764.379 36.261
764.671 26.331
764.964 29.786
765.257 36.988
765.550 37.149
765.843 32.555
766.136 34.567
766.429 35.292
766.722 35.583
767.014 23.918
767.307 11.678
767.600 9.661
767.893 8.514
768.186 6.514
768.479 7.521
768.772 23.935
769.064 44.516
769.357 48.260
769.650 39.908
769.943 28.531
770.236 9.522
770.529 -2.140
770.822 -18.273
771.115 -28.772
771.407 -27.041
771.700 -29.489
771.993 -16.672
772.286 9.393
772.579 17.894
772.872 18.471
773.165 15.731
773.457 19.629
773.750 30.718
774.043 24.380
774.336 15.167
774.629 14.875
774.922 16.896
775.215 16.467
775.508 10.119
775.800 -3.555
776.093 -1.394
776.386 -12.767
776.679 -26.137
776.972 -21.542
777.265 -20.245
777.558 -19.814
777.850 -15.350
778.143 -23.966
778.436 -20.792
778.729 -15.327
779.022 -18.486
779.315 -22.506
779.608 -21.072
779.900 -15.479
780.193 -4.004
780.486 9.903
780.779 21.382
781.072 23.963
781.365 33.139
781.658 33.569
781.951 25.970
782.243 19.523
782.536 9.637
782.829 9.486
783.122 7.906
783.415 -4.985
783.708 -9.713
784.001 -2.833
784.293 9.473
784.586 14.483
784.879 11.756
785.172 12.756
785.465 22.353
785.758 28.791
786.051 21.496
786.344 8.476
786.636 7.470
786.929 7.456
787.222 -1.115
787.515 -6.539
787.808 -8.973
788.101 -13.825
788.394 -14.953
788.686 -18.528
788.979 -18.676
789.272 -7.116
789.565 0.163
789.858 3.021
790.151 9.456
790.444 15.449
790.737 10.321
791.029 8.898
791.322 6.326
791.615 2.190
791.908 -1.384
792.201 4.459
792.494 2.322
792.787 4.031
793.079 -1.530
793.372 -2.672
793.665 -0.252
793.958 13.279
794.251 23.107
794.544 25.385
794.837 26.524
795.130 20.534
795.422 13.560
795.715 18.113
796.008 11.838
796.301 1.868
796.594 -7.105
796.887 -7.532
797.180 0.026
797.472 8.567
797.765 6.009
798.058 -7.087
798.351 -5.809
798.644 1.740
798.937 -2.106
799.230 -1.680
799.523 -6.807
799.815 -15.216
800.108 -16.213
800.401 -25.050
800.694 -21.054
800.987 -17.641
801.280 -23.487
801.573 -24.915
801.865 -20.067
802.158 -13.800
802.451 -15.228
802.744 -19.937
803.037 -17.795
803.330 -18.515
803.623 -14.234
803.915 -18.668
804.208 -26.383
804.501 -26.975
804.794 -29.980
805.087 -27.694
805.380 -23.994
805.673 -20.691
805.966 -12.961
806.258 -5.534
806.551 -4.401
806.844 -4.698
807.137 -4.407
807.430 -1.978
807.723 -1.404
808.016 -13.471
808.308 -14.334
808.601 1.894
808.894 5.479
809.187 -2.566
809.480 -3.286
809.773 -5.855
810.066 2.911
810.359 3.630
810.651 2.507
810.944 13.328
811.237 26.716
811.530 27.289
811.825 24.261
812.119 16.018
812.414 9.083
812.709 2.173
813.003 -12.410
813.298 -23.530
813.593 -10.484
813.887 1.116
814.182 9.210
814.476 11.351
814.771 13.680
815.066 23.832
815.360 30.941
815.655 23.563
815.950 18.075
816.244 20.405
816.539 24.467
816.834 9.449
817.128 -1.637
817.423 -7.616
817.718 -16.814
818.012 -20.587
818.307 -18.372
818.602 -13.234
818.896 -2.276
819.191 -1.127
819.486 -4.257
819.780 -3.270
820.075 -9.909
820.369 -14.465
820.664 -25.544
820.959 -31.622
821.253 -35.808
821.548 -35.852
821.843 -25.303
822.137 -20.719
822.432 -24.158
822.727 -3.888
823.021 11.343
823.316 21.166
823.611 24.706
823.905 6.853
824.200 -1.277
824.495 8.479
824.789 10.853
825.084 6.400
825.379 -5.393
825.673 6.581
825.968 25.923
826.262 36.629
826.557 29.388
826.852 9.755
827.146 -10.111
827.441 -9.222
827.736 -33.042
828.030 -55.957
828.325 -69.733
828.620 -80.792
828.914 -79.418
829.209 -78.133
829.504 -77.037
829.798 -60.066
830.093 -34.213
830.388 -20.162
830.682 -15.060
830.977 -18.901
831.271 -7.243
831.566 -15.506
831.861 -32.062
832.155 -47.011
832.450 -53.948
832.745 -39.653
833.039 -27.465
833.334 -28.554
833.629 -16.291
833.923 -4.009
834.218 -2.746
834.513 5.580
834.807 -2.368
835.102 -16.275
835.397 -15.502
835.691 1.361
835.986 4.744
836.281 3.521
836.575 -2.522
836.870 -4.886
837.164 2.554
837.459 14.727
837.754 6.354
838.048 1.724
838.343 9.585
838.638 18.051
838.932 17.705
839.227 18.972
839.522 3.161
839.816 -6.659
840.111 0.209
840.406 -11.756
840.700 -16.658
840.995 -15.772
841.290 -23.321
841.584 -30.123
841.879 -40.529
842.174 -49.127
842.468 -37.902
842.763 -28.370
843.057 -16.051
843.352 -12.177
843.647 -3.364
843.941 8.785
844.236 15.353
844.531 20.367
844.825 9.225
845.120 5.417
845.415 12.650
845.709 21.816
846.004 23.478
846.299 15.638
846.593 14.711
846.888 22.981
847.183 20.341
847.477 15.216
847.772 -3.743
848.066 -17.162
848.361 -10.222
848.656 -18.781
848.950 -22.469
849.245 -15.889
849.540 -19.834
849.834 -8.285
850.129 19.378
850.424 23.974
850.718 20.854
851.013 5.422
851.308 -11.953
851.602 -7.032
851.897 -13.243
852.192 -25.559
852.486 -39.635
852.781 -45.342
853.076 -45.744
853.370 -47.319
853.665 -57.244
853.959 -58.499
854.254 -72.104
854.549 -61.178
854.843 -50.401
855.138 -44.799
855.433 -42.284
855.727 -28.175
856.022 -16.974
856.317 2.557
856.611 -3.066
856.906 -7.866
857.201 -8.580
857.495 -2.598
857.790 -10.901
858.085 -23.910
858.379 -36.623
858.674 -43.024
858.969 -39.508
859.263 -37.844
859.558 -40.640
859.852 -39.627
860.147 -34.276
860.442 -17.727
860.736 -6.435
861.031 -4.891
861.326 8.699
861.620 7.398
861.915 9.295
862.210 20.812
862.504 14.842
862.799 11.329
863.094 16.126
863.388 2.274
863.683 -3.772
863.978 -11.376
864.272 -18.042
864.567 -29.267
864.861 -27.005
865.156 -33.622
865.451 -34.986
865.745 -36.386
866.040 -37.081
866.335 -24.195
866.629 -11.363
866.924 -14.278
867.219 -16.583
867.513 -5.775
867.808 6.429
868.103 14.370
868.397 2.382
868.692 -0.011
868.987 11.755
869.281 17.071
869.576 -0.787
869.871 -13.989
870.165 -18.778
870.460 -27.829
870.754 -44.232
871.049 -67.179
871.344 -70.023
871.638 -58.612
871.933 -47.498
872.228 -35.388
872.522 -22.013
872.817 -12.100
873.112 -1.647
873.406 0.025
873.701 10.867
873.996 -0.336
874.290 -18.776
874.585 -25.856
874.880 -16.167
875.174 -9.386
875.469 -18.314
875.764 -26.916
876.058 -14.297
876.353 -8.147
876.647 -13.291
876.942 -17.045
877.237 -13.972
877.531 -3.310
877.826 -2.232
878.121 -8.429
878.415 -9.136
878.710 -7.275
879.005 -18.588
879.299 -37.705
879.594 -50.178
879.889 -63.669
880.183 -62.504
880.478 -59.351
880.773 -49.197
881.067 -37.161
881.362 -26.149
881.656 -14.818
881.951 5.592
882.246 11.846
882.540 17.799
882.835 18.267
883.130 17.176
883.424 21.489
883.719 17.569
884.014 5.933
884.308 4.896
884.603 -5.322
884.898 -21.602
885.192 -28.182
885.487 -29.249
885.782 -37.808
886.076 -46.604
886.371 -51.585
886.666 -46.642
886.960 -39.909
887.255 -49.545
887.549 -68.244
887.844 -67.887
888.139 -61.308
888.433 -55.553
888.728 -52.232
889.023 -53.194
889.317 -47.278
889.612 -31.385
889.907 -22.496
890.201 -23.849
890.496 -37.719
890.791 -48.571
891.085 -46.793
891.380 -39.709
891.675 -38.194
891.969 -40.715
892.264 -36.806
892.559 -22.433
892.853 -14.603
893.148 -13.207
893.442 -17.235
893.737 -20.508
894.032 -19.371
894.326 -22.386
894.621 -22.385
894.916 -15.825
895.210 -9.526
895.505 -9.788
895.800 -20.396
896.094 -29.981
896.389 -29.623
896.684 -32.273
896.978 -35.305
897.273 -40.983
897.568 -31.895
897.862 -17.127
898.157 -7.428
898.451 -4.274
898.746 -2.889
899.041 -9.468
899.335 -5.929
899.630 1.306
899.925 1.440
900.219 5.366
900.514 9.419
900.809 3.055
901.103 -0.422
901.398 -7.284
901.693 -23.028
901.987 -31.174
902.282 -36.521
902.577 -43.783
902.871 -43.809
903.166 -39.125
903.461 -42.633
903.755 -47.656
904.050 -44.882
904.344 -39.391
904.639 -31.075
904.934 -20.837
905.228 -16.746
905.523 -10.349
905.818 -5.908
906.112 -2.835
906.407 -0.619
906.702 -7.853
906.996 -10.293
907.291 -11.342
907.586 -6.816
907.880 -0.742
908.175 -9.726
908.470 -15.050
908.764 -3.608
909.059 -6.083
909.354 -8.318
909.648 -16.029
909.943 -22.439
910.237 -17.399
910.532 -21.482
910.827 -33.255
911.121 -40.374
911.416 -39.487
911.711 -31.480
912.005 -38.406
912.300 -44.952
912.599 -39.042
912.898 -38.566
913.196 -34.396
913.495 -30.173
913.794 -34.153
914.093 -27.869
914.391 -19.536
914.690 -22.072
914.989 -13.144
915.288 -7.430
915.586 -7.558
915.885 -12.405
916.184 -5.063
916.483 -2.669
916.782 -8.614
917.080 -23.020
917.379 -26.931
917.678 -27.737
917.977 -28.350
918.275 -32.416
918.574 -22.779
918.873 -19.470
919.172 -15.618
919.471 -11.825
919.769 -14.159
920.068 -1.613
920.367 -2.478
920.666 -24.814
920.964 -37.615
921.263 -39.789
921.562 -46.429
921.861 -44.097
922.159 -44.016
922.458 -47.161
922.757 -35.322
923.056 -10.178
923.355 -1.020
923.653 0.999
923.952 -6.767
924.251 -21.413
924.550 -23.489
924.848 -18.823
925.147 -22.998
925.446 -21.843
925.745 -17.614
926.043 -2.258
926.342 12.260
926.641 4.012
926.940 -20.654
927.239 -35.085
927.537 -45.649
927.836 -50.013
928.135 -65.652
928.434 -71.705
928.732 -54.098
929.031 -29.756
929.330 -18.307
929.629 -18.800
929.927 -14.715
930.226 -0.848
930.525 6.620
930.824 16.429
931.123 11.063
931.421 3.917
931.720 7.622
932.019 0.546
932.318 -11.175
932.616 -23.372
932.915 -29.408
933.214 -17.660
933.513 -3.176
933.812 -2.167
934.110 -1.063
934.409 6.125
934.708 5.429
935.007 -13.264
935.305 -24.621
935.604 -32.106
935.903 -30.886
936.202 -25.414
936.500 -37.466
936.799 -38.936
937.098 -33.103
937.397 -54.694
937.696 -68.886
937.994 -60.078
938.293 -51.108
938.592 -41.745
938.891 -33.578
939.189 -23.253
939.488 1.765
939.787 16.561
940.086 -8.346
940.384 -22.653
940.683 -18.247
940.982 -37.164
941.281 -47.439
941.580 -62.140
941.878 -78.220
942.177 -66.759
942.476 -59.183
942.775 -71.680
943.073 -60.056
943.372 -48.866
943.671 -30.962
943.970 -18.826
944.268 -29.417
944.567 -41.313
944.866 -27.738
945.165 -25.790
945.464 -38.368
945.762 -49.922
946.061 -31.500
946.360 -5.843
946.659 1.137
946.957 2.040
947.256 16.023
947.555 20.714
947.854 32.230
948.153 22.847
948.451 11.824
948.750 8.432
949.049 1.269
949.348 -19.713
949.646 -17.382
949.945 -24.606
950.244 -32.957
950.543 -39.564
950.841 -43.013
951.140 -37.907
951.439 -23.558
951.738 -12.407
952.037 -13.394
952.335 -17.848
952.634 -14.025
952.933 -4.333
953.232 -6.405
953.530 -5.607
953.829 -12.095
954.128 -2.657
954.427 13.149
954.725 13.929
955.024 5.482
955.323 8.557
955.622 13.897
955.921 19.946
956.219 9.089
956.518 -9.887
956.817 -9.532
957.116 -0.404
957.414 -6.357
957.713 -19.205
958.012 -18.588
958.311 -13.352
958.610 -7.806
958.908 -6.661
959.207 6.134
959.506 16.062
959.805 16.986
960.103 9.876
960.402 11.952
960.701 11.242
961.000 8.607
961.298 -1.678
961.597 -6.441
961.896 -14.524
962.195 -21.946
962.494 -14.295
962.792 -0.581
963.091 7.673
963.390 6.369
963.689 0.568
963.987 6.773
964.286 5.217
964.585 0.703
964.884 1.481
965.182 -4.065
965.481 -7.461
965.780 -4.511
966.080 -1.685
966.380 -1.743
966.680 -8.947
966.981 -20.589
967.281 -25.275
967.581 -30.109
967.881 -38.299
968.181 -35.405
968.481 -35.026
968.781 -35.903
969.082 -29.107
969.382 -14.246
969.682 -6.668
969.982 8.998
970.282 11.094
970.582 4.262
970.882 -1.534
971.183 -6.038
971.483 -9.692
971.783 -9.275
972.083 -18.826
972.383 -34.777
972.683 -30.550
972.983 -29.414
973.284 -48.184
973.584 -61.750
973.884 -60.729
974.184 -45.939
974.484 -14.479
974.784 1.493
975.084 19.935
975.385 52.691
975.685 74.772
975.985 79.383
976.285 78.263
976.585 73.811
976.885 71.183
977.185 72.214
977.486 72.075
977.786 78.936
978.086 91.115
978.386 96.796
978.686 95.904
978.986 100.859
979.286 92.321
979.587 82.199
979.887 69.593
980.187 54.164
980.487 40.450
980.787 36.450
981.087 33.307
981.387 35.022
981.688 31.593
981.988 38.022
982.288 36.736
982.588 32.307
982.888 10.879
983.188 -2.121
983.488 -5.264
983.789 -7.264
984.089 -28.693
984.389 -31.550
984.689 -27.407
984.989 -19.979
985.289 -14.121
985.589 -20.264
985.890 -24.979
986.190 -23.122
986.490 -19.550
986.790 -23.550
987.090 -24.407
987.390 -35.693
987.690 -32.407
987.991 -22.836
988.291 -16.979
988.591 -28.550
988.891 -42.836
989.191 -38.693
989.491 -25.693
989.791 -31.265
990.092 -26.693
990.392 -14.979
990.692 -14.122
990.992 4.735
991.292 12.164
991.592 11.307
991.892 17.021
992.193 22.878
992.493 20.878
992.793 23.164
993.093 17.735
993.393 15.878
993.693 11.021
993.993 5.878
994.294 -11.979
994.594 -23.122
994.894 -24.265
995.194 -23.265
995.494 -19.551
995.794 -18.979
996.094 -27.836
996.395 -33.122
996.695 -37.408
996.995 -36.265
997.295 -37.836
997.595 -41.265
997.895 -30.122
998.195 -17.979
998.496 1.164
998.796 17.878
999.096 21.878
999.396 21.164
999.696 7.878
999.996 -0.265
1000.296 14.735
1000.597 16.735
1000.897 8.306
1001.197 5.592
1001.497 13.878
1001.797 42.735
1002.097 47.878
1002.397 29.306
1002.698 14.021
1002.998 10.163
1003.298 8.449
1003.598 2.449
1003.898 -19.122
1004.198 -24.837
1004.498 -23.837
1004.799 -34.551
1005.099 -37.551
1005.399 -37.980
1005.699 -41.551
1005.999 -43.551
1006.299 -47.694
1006.599 -47.122
1006.900 -35.265
1007.200 -30.122
1007.500 -27.265
1007.800 -25.408
1008.100 -20.551
1008.400 -19.694
1008.700 -21.837
1009.001 -26.980
1009.301 -27.408
1009.601 -26.551
1009.901 -33.123
1010.201 -33.551
1010.501 -20.551
1010.801 -17.408
1011.102 -9.694
1011.402 -6.980
1011.702 -7.837
1012.002 1.877
1012.302 8.163
1012.602 4.163
1012.902 -1.980
1013.203 -4.980
1013.503 -5.266
1013.803 6.592
1014.103 3.306
1014.403 -19.123
1014.703 -26.266
1015.003 -16.266
1015.304 -10.408
1015.604 -11.551
1015.904 -19.266
1016.204 -10.551
1016.504 9.020
1016.804 8.877
1017.104 0.449
1017.405 -10.694
1017.705 -8.123
1018.005 1.877
1018.305 1.306
1018.605 -11.123
1018.905 -14.694
1019.205 -0.837
1019.506 10.020
1019.806 8.020
1020.106 3.306
1020.406 -1.123
1020.706 4.591
1021.006 12.306
1021.306 -2.694
1021.607 -16.266
1021.907 -21.552
1022.207 -28.980
1022.507 -35.552
1022.807 -34.409
1023.107 -36.123
1023.407 -20.266
1023.708 -8.123
1024.008 -3.266
1024.308 -5.266
1024.608 -8.837
1024.908 -3.695
1025.208 11.020
1025.508 7.305
1025.809 6.448
1026.109 -4.695
1026.409 -16.980
1026.709 -13.266
1027.009 -18.409
1027.309 -26.838
1027.609 -18.409
1027.910 -18.838
1028.210 -12.695
1028.510 0.020
1028.810 3.877
1029.110 7.877
1029.410 10.162
1029.710 1.734
1030.011 0.734
1030.311 4.019
1030.611 -0.409
1030.911 2.591
1031.211 4.019
1031.511 -3.838
1031.811 -3.838
1032.112 -3.123
1032.412 5.305
1032.712 8.162
1033.012 -6.409
1033.312 -20.695
1033.612 -29.838
1033.912 -41.981
1034.212 -43.552
1034.513 -59.552
1034.813 -62.981
1035.113 -50.266
1035.413 -41.695
1035.713 -33.552
1036.013 -18.695
1036.313 -6.838
1036.614 4.305
1036.914 6.733
1037.214 3.448
1037.514 11.162
1037.814 12.591
1038.114 2.019
1038.414 -16.409
1038.715 -24.838
1039.015 -19.552
1039.315 -12.409
1039.615 -17.267
1039.915 -21.409
1040.215 -23.267
1040.515 -11.838
1040.816 -9.552
1041.116 -11.552
1041.416 -7.124
1041.716 -14.124
1042.016 -17.267
1042.316 -9.981
1042.616 -9.124
1042.917 -14.552
1043.217 -19.695
1043.517 -32.267
1043.817 -29.695
1044.117 -22.981
1044.417 -32.410
1044.717 -47.553
1045.018 -45.553
1045.318 -36.410
1045.618 -31.410
1045.918 -43.553
1046.218 -48.267
1046.518 -31.838
1046.818 -12.695
1047.119 -5.267
1047.419 -13.553
1047.719 -25.267
1048.019 -18.410
1048.319 -18.410
1048.619 -28.553
1048.919 -39.410
1049.220 -35.267
1049.520 -42.267
1049.820 -40.410
1050.120 -29.553
1050.420 -18.124
1050.720 -28.124
1051.020 -38.696
1051.321 -46.696
1051.621 -28.410
1051.921 -16.696
1052.221 -29.124
1052.521 -35.696
1052.821 -19.124
1053.121 -18.267
1053.422 -18.267
1053.722 -22.839
1054.022 -30.981
1054.322 -25.124
1054.622 -31.696
1054.922 -41.410
1055.222 -28.696
1055.523 -23.981
1055.823 -25.124
1056.123 -19.267
1056.423 -14.553
1056.723 -7.982
1057.023 -3.839
1057.323 -7.553
1057.624 -13.267
1057.924 -6.982
1058.224 -5.553
1058.524 -12.267
1058.824 -21.124
1059.124 -28.553
1059.424 -27.553
1059.725 -21.267
1060.025 -19.410
1060.325 -15.839
1060.625 -9.410
1060.925 -9.553
1061.225 -9.125
1061.525 -5.839
1061.826 -10.410
1062.126 -19.267
1062.426 -17.410
1062.726 -11.696
1063.026 -5.553
1063.326 0.733
1063.626 4.018
1063.927 12.304
1064.227 5.161
1064.527 -6.410
1064.827 -10.982
1065.127 -10.696
1065.427 -14.125
1065.727 -31.696
1066.028 -49.982
1066.328 -42.839
1066.628 -46.696
1066.928 -51.839
1067.228 -50.553
1067.528 -49.553
1067.828 -37.553
1068.129 -26.839
1068.429 -29.268
1068.729 -5.982
1069.029 -4.696
1069.329 -16.268
1069.629 -17.553
1069.929 -21.553
1070.230 -15.268
1070.530 -16.125
1070.830 -38.411
1071.130 -36.553
1071.430 -20.411
1071.730 -17.982
1072.030 -25.839
1072.331 -36.839
1072.631 -38.696
1072.931 -32.268
1073.231 -29.982
1073.531 -33.839
1073.831 -33.982
1074.131 -26.268
1074.432 -25.411
1074.732 -4.696
1075.032 1.875
1075.332 -7.125
1075.632 -11.411
1075.932 -12.268
1076.232 -9.268
1076.533 -13.125
1076.833 -35.982
1077.133 -42.554
1077.433 -41.982
1077.733 -50.411
1078.033 -50.268
1078.333 -49.839
1078.634 -44.554
1078.934 -37.839
1079.234 -43.982
1079.534 -40.125
1079.834 -22.982
1080.134 -23.554
1080.434 -23.982
1080.735 -15.982
1081.035 -13.697
1081.335 -15.840
1081.635 -22.268
1081.935 -28.697
1082.235 -26.268
1082.535 -37.840
1082.836 -48.554
1083.136 -51.982
1083.436 -45.268
1083.736 -28.125
1084.036 -24.982
1084.336 -29.125
1084.636 -12.840
1084.937 -5.554
1085.237 -6.125
1085.537 4.017
1085.837 1.303
1086.137 2.303
1086.437 7.017
1086.737 -19.125
1087.038 -33.411
1087.338 -35.554
1087.638 -49.983
1087.938 -60.125
1088.238 -60.268
1088.538 -60.983
1088.838 -37.411
1089.139 -27.554
1089.439 -26.411
1089.739 -20.126
1090.039 -11.840
1090.339 -11.554
1090.639 -11.268
1090.939 -2.840
1091.240 11.874
1091.540 23.589
1091.840 23.017
1092.140 24.160
1092.453 18.160
1092.766 13.732
1093.079 0.160
1093.392 -12.840
1093.705 -19.983
1094.018 -22.411
1094.330 -25.983
1094.643 -13.840
1094.956 -6.554
1095.269 -5.840
1095.582 -2.697
1095.895 1.160
1096.208 -6.983
1096.521 -24.697
1096.834 -43.269
1097.147 -57.269
1097.460 -63.554
1097.773 -72.126
1098.085 -83.126
1098.398 -84.983
1098.711 -75.697
1099.024 -62.126
1099.337 -51.412
1099.650 -51.126
1099.963 -55.697
1100.276 -55.697
1100.589 -48.840
1100.902 -48.126
1101.215 -50.269
1101.528 -45.697
1101.841 -34.412
1102.153 -20.412
1102.466 -20.983
1102.779 -13.840
1103.092 -2.840
1103.405 0.017
1103.718 -2.126
1104.031 -8.697
1104.344 -14.697
1104.657 3.303
1104.970 3.445
1105.283 0.017
1105.596 -5.555
1105.909 -5.269
1106.221 1.588
1106.534 4.303
1106.847 -6.412
1107.160 -14.983
1107.473 -31.983
1107.786 -45.555
1108.099 -62.412
1108.412 -67.698
1108.725 -67.840
1109.038 -76.269
1109.351 -70.840
1109.664 -53.269
1109.977 -39.269
1110.289 -27.126
1110.602 -20.698
1110.915 -31.983
1111.228 -35.126
1111.541 -32.126
1111.854 -34.269
1112.167 -30.841
1112.480 -29.555
1112.793 -42.126
1113.106 -35.269
1113.419 -33.126
1113.732 -43.698
1114.044 -38.983
1114.357 -31.698
1114.670 -31.269
1114.983 -22.412
1115.296 -10.983
1115.609 -2.126
1115.922 0.159
1116.235 -4.269
1116.548 -14.984
1116.861 -17.412
1117.174 -23.698
1117.487 -41.269
1117.800 -45.984
1118.112 -48.698
1118.425 -46.555
1118.738 -44.412
1119.051 -42.555
1119.364 -35.698
1119.677 -25.126
1119.990 -26.126
1120.303 -20.841
1120.616 -33.126
1120.929 -41.841
1121.242 -33.269
1121.555 -28.127
1121.868 -28.698
1122.180 -20.127
1122.493 -13.269
1122.806 -5.841
1123.119 -5.984
1123.432 -18.412
1123.745 -33.412
1124.058 -37.698
1124.371 -36.127
1124.684 -36.412
1124.997 -36.841
1125.310 -24.127
1125.623 -12.555
1125.935 3.159
1126.248 3.873
1126.561 -5.270
1126.874 -6.984
1127.187 -18.841
1127.500 -32.698
1127.813 -45.555
1128.126 -54.127
1128.439 -56.698
1128.752 -63.841
1129.065 -64.127
1129.378 -47.841
1129.691 -34.698
1130.003 -28.127
1130.316 -15.698
1130.629 1.016
1130.942 12.445
1131.255 16.587
1131.568 17.159
1131.881 7.587
1132.194 -1.270
1132.507 -14.841
1132.820 -24.555
1133.133 -31.555
1133.446 -38.270
1133.759 -43.984
1134.071 -38.413
1134.384 -27.127
1134.697 -22.127
1135.010 -18.698
1135.323 -16.841
1135.636 -8.698
1135.949 5.730
1136.262 12.873
1136.575 3.873
1136.888 4.444
1137.201 14.444
1137.514 26.016
1137.826 25.016
1138.139 14.873
1138.452 3.730
1138.765 12.444
1139.078 7.016
1139.391 -9.556
1139.704 -17.556
1140.017 -22.270
1140.330 -21.841
1140.643 -14.698
1140.956 -16.127
1141.269 1.159
1141.582 4.730
1141.894 -0.841
1142.207 4.016
1142.520 -3.270
1142.833 -6.556
1143.146 3.301
1143.459 -4.841
1143.772 6.444
1144.085 22.873
1144.398 20.587
1144.711 35.444
1145.024 38.301
1145.337 28.730
1145.650 22.873
1145.962 -2.127
1146.275 -17.699
1146.588 -20.270
1146.901 -31.699
1147.214 -30.699
1147.527 -31.842
1147.840 -38.413
1148.153 -28.984
1148.466 -22.127
1148.779 -23.127
1149.092 -16.699
1149.405 -18.842
1149.718 -14.984
1150.030 -2.556
1150.343 1.587
1150.656 -10.842
1150.969 -8.984
1151.282 -6.556
1151.595 5.587
1151.908 15.015
1152.221 10.873
1152.534 15.587
1152.847 22.730
1153.160 19.444
1153.473 13.587
1153.785 -5.270
1154.098 -5.556
1154.411 0.015
1154.724 0.873
1155.037 14.730
1155.350 16.587
1155.663 14.730
1155.976 18.587
1156.289 1.873
1156.602 -5.127
1156.915 -11.556
1157.228 -26.556
1157.541 -38.128
1157.853 -52.128
1158.166 -55.842
1158.479 -50.985
1158.792 -50.842
1159.105 -48.413
1159.418 -45.842
1159.731 -43.985
1160.044 -30.128
1160.357 -28.413
1160.670 -42.699
1160.983 -56.270
1161.296 -60.842
1161.609 -63.985
1161.921 -53.556
1162.234 -55.699
1162.547 -61.128
1162.860 -62.556
1163.173 -52.842
1163.486 -45.842
1163.799 -46.413
1164.112 -50.985
1164.425 -46.556
1164.738 -35.985
1165.051 -22.699
1165.364 -21.413
1165.676 -31.556
1165.989 -28.556
1166.302 -26.271
1166.615 -32.271
1166.928 -31.699
1167.241 -25.842
1167.554 -16.556
1167.867 -9.413
1168.180 -14.271
1168.493 -21.699
1168.806 -15.842
1169.119 -14.271
1169.432 -25.985
1169.744 -44.128
1170.057 -49.414
1170.370 -38.414
1170.683 -32.842
1170.996 -36.271
1171.309 -40.271
1171.622 -33.556
1171.935 -28.414
1172.248 -25.271
1172.561 -24.414
1172.874 -19.842
1173.187 -11.985
1173.500 -5.128
1173.812 -6.128
1174.125 0.729
1174.438 -1.985
1174.751 -2.699
1175.064 -3.557
1175.377 -10.557
1175.690 -18.414
1176.003 -7.842
1176.316 -0.557
1176.629 1.586
1176.942 -1.414
1177.255 -6.985
1177.567 -10.557
1177.880 -12.985
1178.193 -21.842
1178.506 -20.699
1178.819 -2.557
1179.132 3.729
1179.445 16.729
1179.758 15.015
1180.071 11.158
1180.384 7.300
1180.697 -8.271
1181.010 -34.128
1181.323 -43.985
1181.635 -58.414
1181.948 -50.414
1182.261 -38.700
1182.574 -29.700
1182.887 -26.700
1183.200 -24.700
1183.513 -22.557
1183.826 -16.985
1184.139 -23.414
1184.452 -30.414
1184.765 -32.985
1185.078 -23.700
1185.391 -23.271
1185.703 -14.128
1186.016 -8.271
1186.329 -9.985
1186.642 -13.843
1186.955 -20.271
1187.268 -19.271
1187.581 -3.414
1187.894 -16.557
1188.207 -23.414
1188.520 -21.700
1188.833 -22.985
1189.146 -20.557
1189.459 -30.843
1189.771 -45.414
1190.084 -46.557
1190.397 -61.271
1190.710 -68.843
1191.023 -65.986
1191.336 -60.986
1191.649 -57.843
1191.962 -57.557
1192.275 -54.986
1192.588 -38.557
1192.901 -23.843
1193.214 -21.128
1193.526 -25.128
1193.839 -19.700
1194.152 -15.843
1194.465 -10.986
1194.778 -6.986
1195.091 -5.843
1195.404 0.014
1195.717 5.157
1196.030 4.157
1196.343 2.157
1196.656 -8.700
1196.969 -20.986
1197.282 -22.700
1197.594 -18.843
1197.907 -19.986
1198.220 -15.129
1198.533 -1.700
1198.846 6.443
1199.159 9.443
1199.472 -1.700
1199.785 -11.414
1200.098 -11.129
1200.411 -18.271
1200.724 -28.557
1201.037 -27.129
1201.350 -33.414
1201.662 -36.557
1201.975 -37.819
1202.288 -47.786
1202.601 -59.236
