165.028 66.568
165.288 46.237
165.547 33.357
165.807 24.019
166.067 5.772
166.327 -0.046
166.587 -8.435
166.847 -29.538
167.107 -24.785
167.367 -18.745
167.627 -15.276
167.886 -5.522
168.146 -5.624
168.406 -5.441
168.666 13.029
168.926 7.641
169.186 1.111
169.446 -0.134
169.706 3.050
169.966 7.949
170.225 14.134
170.485 13.747
170.745 20.789
171.005 27.117
171.265 24.874
171.525 21.488
171.785 20.245
172.045 19.145
172.305 24.188
172.564 24.802
172.824 19.703
173.084 31.746
173.344 42.504
173.604 49.262
173.864 52.877
174.124 54.350
174.384 68.108
174.644 99.152
174.903 101.911
175.163 92.813
175.423 91.857
175.683 90.616
175.943 83.090
176.203 64.849
176.463 31.894
176.723 21.511
176.983 23.699
177.242 25.030
177.502 27.505
177.762 25.265
178.022 25.025
178.282 30.928
178.542 41.545
178.802 39.877
179.062 22.924
179.322 10.970
179.581 14.302
179.841 11.920
180.101 7.253
180.361 2.299
180.621 -2.511
180.881 -6.321
181.141 -9.417
181.401 -1.512
181.661 11.249
181.920 18.011
182.180 20.058
182.440 25.963
182.700 28.725
182.960 27.487
183.220 15.534
183.480 11.011
183.740 13.059
184.000 13.964
184.259 12.869
184.519 22.489
184.779 36.965
185.039 49.871
185.299 48.062
185.559 49.111
185.819 45.445
186.079 36.350
186.339 30.685
186.598 13.733
186.858 -11.932
187.118 -20.455
187.378 -29.835
187.638 -39.786
187.898 -36.022
188.158 -33.402
188.418 -34.496
188.678 -21.732
188.937 -20.826
189.197 -19.920
189.457 -6.299
189.717 9.750
189.977 18.942
190.237 24.849
190.497 23.470
190.757 41.376
191.017 55.426
191.276 58.904
191.536 45.096
191.796 26.146
192.056 27.338
192.316 31.817
192.576 26.009
192.836 23.916
193.096 -0.034
193.356 -7.270
193.616 -3.078
193.875 -2.028
194.135 0.451
194.395 -3.500
194.655 -16.307
194.915 -8.543
195.175 3.507
195.435 9.843
195.695 7.750
195.955 4.371
196.214 6.707
196.474 11.471
196.734 12.664
196.994 14.714
197.254 21.907
197.514 21.671
197.774 16.578
198.034 11.771
198.294 16.678
198.553 24.871
198.813 11.350
199.073 -6.743
199.333 -3.407
199.593 20.071
199.853 26.121
200.113 23.743
200.373 21.507
200.633 25.414
200.892 33.321
201.152 35.371
201.412 25.278
201.672 32.043
201.932 32.807
202.192 30.428
202.452 40.192
202.712 33.956
202.972 23.006
203.231 17.056
203.491 17.677
203.751 21.584
204.011 26.349
204.271 29.970
204.531 51.877
204.791 53.641
205.051 48.119
205.311 39.026
205.570 39.647
205.830 51.411
206.090 54.032
206.350 38.224
206.610 43.417
206.870 49.466
207.130 41.801
207.390 30.708
207.650 15.472
207.909 -5.765
208.169 -9.858
208.429 -6.237
208.689 -8.474
208.949 -1.139
209.209 8.053
209.469 7.960
209.729 15.295
209.989 18.058
210.248 11.964
210.508 11.728
210.768 16.205
211.028 4.968
211.288 10.731
211.548 24.495
211.808 30.258
212.068 37.592
212.328 46.212
212.587 52.118
212.847 74.167
213.107 76.930
213.367 69.978
213.627 62.027
213.887 54.075
214.147 44.266
214.407 37.458
214.667 25.363
214.926 17.983
215.186 12.174
215.446 11.365
215.706 2.556
215.966 8.318
216.226 3.223
216.486 1.271
216.746 18.890
217.006 30.367
217.265 39.843
217.525 63.891
217.785 64.938
218.045 60.700
218.305 55.319
218.565 45.509
218.825 49.414
219.085 49.747
219.345 38.651
219.604 29.842
219.864 42.889
220.124 55.507
220.384 41.268
220.644 32.601
220.904 37.077
221.164 36.695
221.424 45.885
221.684 39.217
221.943 21.406
222.203 19.310
222.463 16.071
222.723 9.546
222.983 6.735
223.243 2.639
223.503 -9.315
223.763 -20.555
224.023 -19.937
224.282 -8.320
224.542 -4.988
224.802 -3.085
225.062 2.104
225.322 25.149
225.582 54.624
225.842 66.955
226.102 57.429
226.362 55.760
226.621 60.663
226.881 59.994
227.141 56.610
227.401 45.941
227.661 39.701
227.921 32.889
228.181 27.076
228.441 28.121
228.701 27.023
228.960 27.496
229.220 30.398
229.480 35.871
229.740 34.344
230.000 31.675
230.260 30.290
230.520 27.906
230.780 19.522
231.040 12.709
231.299 2.610
231.559 -1.775
231.819 -3.302
232.079 -3.687
232.339 -1.358
232.599 -0.314
232.859 -1.985
233.119 -8.084
233.379 0.673
233.638 7.145
233.898 15.046
234.158 12.517
234.418 7.275
234.678 24.461
234.938 43.075
235.198 39.261
235.458 35.446
235.718 30.346
235.978 32.389
236.237 41.288
236.497 34.759
236.757 26.230
237.017 29.558
237.277 42.315
237.537 45.357
237.797 53.256
238.057 52.727
238.317 52.769
238.576 55.096
238.836 51.995
239.096 41.894
239.356 37.935
239.616 29.119
239.876 22.732
240.136 18.202
240.396 25.100
240.656 34.713
240.915 38.325
241.175 42.366
241.435 53.836
241.695 61.877
241.955 71.917
242.215 71.529
242.475 73.856
242.735 72.896
242.995 61.794
243.254 45.120
243.514 40.160
243.774 36.343
244.034 37.954
244.294 33.423
244.554 36.034
244.814 42.788
245.074 39.542
245.334 28.582
245.593 15.907
245.853 -0.197
246.113 2.700
246.373 5.739
246.633 9.635
246.893 20.532
247.153 35.856
247.413 38.610
247.673 48.077
247.932 53.830
248.192 55.869
248.452 47.479
248.712 43.660
248.972 44.841
249.232 53.594
249.492 51.775
249.752 41.528
250.012 37.137
250.271 41.889
250.531 42.213
250.791 38.822
251.051 36.574
251.311 47.326
251.571 71.792
251.831 90.544
252.091 91.724
252.351 89.047
252.610 90.656
252.870 94.122
253.130 87.730
253.390 68.767
253.650 54.090
253.911 47.127
254.172 53.878
254.433 52.914
254.694 46.951
254.955 39.559
255.216 28.024
255.477 16.060
255.738 14.668
255.999 9.990
256.261 3.026
256.522 10.205
256.783 18.240
257.044 15.991
257.305 24.883
257.566 36.062
257.827 32.955
258.088 34.133
258.349 35.597
258.610 41.632
258.871 51.382
259.132 47.560
259.393 52.166
259.654 66.773
259.915 66.950
260.176 58.128
260.437 54.020
260.698 61.340
260.959 65.232
261.221 51.124
261.482 39.301
261.743 44.621
262.004 43.655
262.265 37.975
262.526 36.866
262.787 36.043
263.048 33.505
263.309 34.682
263.570 37.859
263.831 41.321
264.092 42.212
264.353 37.817
264.614 30.564
264.875 38.312
265.136 38.202
265.397 34.664
265.658 36.983
265.919 37.016
266.181 38.477
266.442 45.653
266.703 51.400
266.964 57.576
267.225 55.608
267.486 46.498
267.747 44.959
268.008 48.706
268.269 53.024
268.530 52.342
268.791 48.374
269.052 51.692
269.313 63.866
269.574 58.613
269.835 45.644
270.096 34.962
270.357 24.851
270.618 17.168
270.879 16.342
271.141 25.659
271.402 43.119
271.663 62.722
271.924 82.325
272.185 87.213
272.446 82.673
272.707 70.989
272.968 53.020
273.229 48.051
273.490 44.367
273.751 34.398
274.012 30.571
274.273 41.888
274.534 47.347
274.795 49.806
275.056 46.836
275.317 35.152
275.578 34.610
275.839 44.498
276.101 51.956
276.362 58.986
276.623 64.302
276.884 69.617
277.145 69.218
277.406 64.676
277.667 63.849
277.928 58.735
278.189 52.479
278.450 43.937
278.711 30.252
278.972 21.709
279.233 28.738
279.494 30.910
279.755 26.939
280.016 31.968
280.277 44.425
280.538 44.168
280.799 46.626
281.061 40.368
281.322 33.968
281.583 39.568
281.844 42.311
282.105 27.339
282.366 20.653
282.627 19.253
282.888 11.138
283.149 1.880
283.410 -8.235
283.671 -16.350
283.932 -7.608
284.193 9.991
284.454 19.876
284.715 42.189
284.976 56.645
285.237 58.958
285.498 57.557
285.759 61.870
286.021 64.755
286.282 60.496
286.543 41.952
286.804 28.836
287.065 19.148
287.326 19.890
287.587 23.631
287.848 20.086
288.109 24.255
288.370 34.711
288.631 44.308
288.892 63.192
289.153 79.790
289.414 62.388
289.675 48.128
289.936 37.440
290.197 30.609
290.458 29.778
290.719 26.804
290.981 21.830
291.242 26.713
291.503 34.024
291.764 45.907
292.025 49.790
292.286 48.958
292.547 37.555
292.808 38.438
293.069 47.320
293.330 48.488
293.591 56.228
293.852 52.539
294.113 40.707
294.374 45.875
294.635 42.614
294.896 44.925
295.157 55.664
295.418 47.689
295.679 44.571
295.941 55.595
296.202 56.048
296.463 52.787
296.724 43.812
296.985 28.979
297.246 33.860
297.507 49.313
297.768 52.052
298.029 55.504
298.290 62.243
298.551 72.410
298.812 73.719
299.073 66.029
299.334 58.910
299.595 61.648
299.856 62.100
300.117 47.553
300.378 30.148
300.639 38.171
300.901 51.766
301.162 42.932
301.423 28.813
301.684 18.836
301.945 19.431
302.206 41.454
302.467 51.191
302.728 44.786
302.989 49.380
303.250 58.118
303.511 64.712
303.772 66.020
304.033 53.472
304.294 39.637
304.555 35.660
304.816 48.111
305.077 55.705
305.338 58.013
305.599 72.607
305.861 73.629
306.122 69.652
306.383 62.817
306.644 42.267
306.905 21.432
307.166 15.597
307.427 11.048
307.688 18.356
307.949 34.377
308.210 50.256
308.471 68.421
308.732 90.157
308.993 106.607
309.254 113.486
309.515 101.936
309.776 88.386
310.037 74.693
310.298 63.572
310.559 64.736
310.821 53.186
311.082 38.779
311.343 47.371
311.604 50.821
311.865 47.842
312.126 52.577
312.387 47.741
312.648 53.619
312.909 63.068
313.170 68.518
313.434 66.396
313.698 67.845
313.963 57.723
314.227 56.743
314.491 56.050
314.755 53.356
315.019 47.519
315.284 53.539
315.548 75.988
315.812 88.866
316.076 87.457
316.340 88.906
316.604 85.640
316.869 84.517
317.133 87.395
317.397 72.415
317.661 60.434
317.925 52.740
318.190 54.045
318.454 52.351
318.718 52.513
318.982 47.676
319.246 43.410
319.511 42.287
319.775 47.020
320.039 42.468
320.303 55.345
320.567 61.221
320.832 60.812
321.096 66.831
321.360 73.565
321.624 72.727
321.888 70.889
322.153 61.193
322.417 56.069
322.681 51.231
322.945 44.679
323.209 47.412
323.473 58.716
323.738 60.878
324.002 55.754
324.266 43.772
324.530 49.791
324.794 50.524
325.059 40.114
325.323 27.561
325.587 31.579
325.851 35.455
326.115 42.759
326.380 39.634
326.644 44.367
326.908 51.099
327.172 54.689
327.436 60.564
327.701 59.868
327.965 55.743
328.229 53.761
328.493 48.779
328.757 52.797
329.022 50.814
329.286 42.404
329.550 48.564
329.814 59.439
330.078 59.028
330.342 53.760
330.607 45.634
330.871 47.509
331.135 39.527
331.399 30.973
331.663 20.276
331.928 15.436
332.192 13.882
332.456 20.042
332.720 21.630
332.984 34.219
333.249 40.379
333.513 43.110
333.777 56.270
334.041 60.858
334.305 53.161
334.570 48.606
334.834 48.195
335.098 46.069
335.362 45.371
335.626 39.388
335.891 48.119
336.155 59.993
336.419 62.581
336.683 53.883
336.947 49.899
337.211 48.487
337.476 42.646
337.740 39.234
338.004 34.108
338.268 21.124
338.532 10.426
338.797 8.871
339.061 15.601
339.325 23.046
339.589 20.062
339.853 16.364
340.118 28.380
340.382 28.681
340.646 24.840
340.910 29.427
341.174 30.586
341.439 24.745
341.703 16.761
341.967 4.919
342.231 10.935
342.495 25.950
342.759 16.538
343.024 16.982
343.288 23.569
343.552 39.727
343.816 51.457
344.080 51.044
344.345 42.916
344.609 48.789
344.873 52.518
345.137 59.676
345.401 59.263
345.666 63.992
345.930 76.579
346.194 77.023
346.458 68.038
346.722 62.910
346.987 55.639
347.251 43.368
347.515 35.669
347.779 29.684
348.043 36.841
348.308 43.142
348.572 46.014
348.836 44.457
349.100 44.758
349.364 50.201
349.628 52.215
349.893 47.944
350.157 51.959
350.421 47.831
350.685 65.559
350.949 81.859
351.214 69.017
351.478 58.317
351.742 56.903
352.006 50.917
352.270 57.360
352.535 53.231
352.799 50.817
353.063 71.831
353.327 85.131
353.591 78.573
353.856 80.016
354.120 72.030
354.384 57.472
354.648 41.915
354.912 21.215
355.177 5.657
355.441 8.099
355.705 18.256
355.969 24.270
356.233 17.712
356.497 21.726
356.762 31.597
357.026 40.753
357.290 48.053
357.554 37.352
357.818 33.222
358.083 51.093
358.347 60.249
358.611 57.263
358.875 56.991
359.139 44.147
359.404 39.589
359.668 41.888
359.932 38.472
360.196 31.343
360.460 37.070
360.725 49.512
360.989 66.668
361.253 73.967
361.517 82.409
361.781 89.422
362.046 97.292
362.310 100.305
362.574 84.746
362.838 81.188
363.102 85.344
363.366 73.499
363.631 60.226
363.895 57.096
364.159 57.823
364.423 71.693
364.687 78.563
364.952 79.147
365.216 82.874
365.480 90.601
365.747 91.328
366.013 74.912
366.280 62.353
366.546 54.508
366.813 58.521
367.079 64.676
367.346 67.974
367.612 66.558
367.879 80.142
368.145 87.868
368.412 93.881
368.678 82.750
368.945 76.476
369.211 70.917
369.478 70.358
369.744 67.370
370.011 69.954
370.278 62.251
370.544 61.406
370.811 63.704
371.077 70.287
371.344 68.728
371.610 61.740
371.877 56.609
372.143 59.478
372.410 56.490
372.676 48.073
372.943 38.799
373.209 37.954
373.476 43.680
373.742 34.977
374.009 28.132
374.276 37.286
374.542 42.155
374.809 36.595
375.075 38.464
375.342 52.047
375.608 68.344
375.875 72.927
376.141 69.224
376.408 66.807
376.674 65.390
376.941 47.544
377.207 21.270
377.474 2.424
377.740 -8.708
378.007 -9.697
378.273 -8.114
378.540 -3.246
378.807 16.337
379.073 38.634
379.340 51.359
379.606 49.799
379.873 45.382
380.139 42.393
380.406 32.689
380.672 27.129
380.939 14.711
381.205 8.008
381.472 18.019
381.738 23.887
382.005 28.898
382.271 48.052
382.538 53.919
382.804 58.787
383.071 58.512
383.338 64.237
383.604 74.820
383.871 74.545
384.137 68.984
384.404 61.280
384.670 56.862
384.937 55.730
385.203 43.598
385.470 34.465
385.736 42.047
386.003 56.344
386.269 73.640
386.536 73.364
386.802 70.232
387.069 67.528
387.336 65.253
387.602 56.835
387.869 42.131
388.135 29.141
388.402 34.151
388.668 47.447
388.935 53.314
389.201 47.753
389.468 42.763
389.734 36.345
390.001 39.212
390.267 31.365
390.534 28.518
390.800 33.814
391.067 41.824
391.333 40.834
391.600 33.415
391.867 34.997
392.133 46.578
392.400 43.588
392.666 41.312
392.933 35.751
393.199 54.046
393.466 81.342
393.732 84.352
393.999 77.933
394.265 77.228
394.532 82.952
394.798 88.819
395.065 72.400
395.331 50.696
395.598 50.848
395.864 66.429
396.131 78.153
396.398 80.020
396.664 82.172
396.931 80.896
397.197 86.620
397.464 88.058
397.730 89.925
397.997 92.506
398.263 90.229
398.530 99.953
398.796 124.248
399.063 137.258
399.329 144.981
399.596 146.276
399.862 151.000
400.129 165.580
400.396 175.875
400.662 180.885
400.929 199.465
401.195 231.760
401.462 262.484
401.728 306.064
401.995 366.788
402.261 433.940
402.528 516.806
402.794 609.672
403.061 715.395
403.327 830.405
403.594 947.414
403.860 1077.994
404.127 1202.146
404.393 1326.869
404.660 1446.592
404.931 1552.744
405.202 1672.753
405.473 1789.762
405.745 1886.485
406.016 1992.637
406.287 2100.645
406.558 2202.226
406.829 2280.092
407.100 2338.815
407.371 2395.538
407.642 2435.118
407.914 2453.412
408.185 2457.421
408.456 2462.144
408.727 2458.724
408.998 2452.018
409.269 2432.312
409.540 2400.464
409.811 2365.901
410.083 2322.481
410.354 2285.204
410.625 2246.498
410.896 2188.078
411.167 2123.801
411.438 2062.381
411.709 1998.389
411.981 1928.683
412.252 1829.977
412.523 1748.843
412.794 1676.708
413.065 1599.717
413.336 1538.296
413.607 1465.162
413.878 1388.027
414.150 1321.893
414.421 1241.044
414.692 1152.052
414.963 1074.917
415.234 988.354
415.505 908.362
415.776 827.370
416.047 751.093
416.319 680.387
416.590 610.109
416.861 530.974
417.132 458.696
417.403 396.419
417.674 346.998
417.945 301.435
418.217 261.157
418.488 229.879
418.759 204.887
419.030 186.038
419.301 173.617
419.572 155.482
419.843 142.919
420.114 124.641
420.386 109.649
420.657 104.228
420.928 91.665
421.199 89.101
421.470 88.252
421.741 77.402
422.012 83.981
422.283 90.989
422.555 101.854
422.826 105.147
423.097 93.155
423.368 89.591
423.639 81.885
423.910 70.607
424.181 75.471
424.453 70.479
424.724 77.629
424.995 77.780
425.266 71.359
425.537 90.366
425.808 99.374
426.079 84.381
426.350 69.246
426.622 60.539
426.893 58.832
427.164 60.840
427.435 44.133
427.706 45.426
427.977 62.862
428.248 67.441
428.519 54.734
428.791 56.313
429.062 68.320
429.333 76.327
429.604 61.334
429.875 44.770
430.146 61.063
430.417 72.785
430.689 66.935
430.960 56.228
431.231 52.378
431.502 61.957
431.773 80.107
432.044 82.542
432.315 90.549
432.586 95.271
432.858 87.992
433.129 79.285
433.400 69.292
433.671 45.156
433.942 25.592
434.213 23.170
434.484 26.463
434.755 34.042
435.027 44.906
435.298 59.484
435.569 78.205
435.840 80.498
436.116 72.219
436.391 72.369
436.667 85.804
436.942 93.383
437.218 94.247
437.493 85.825
437.769 87.546
438.045 92.410
438.320 90.560
438.596 80.281
438.871 68.859
439.147 48.437
439.422 42.158
439.698 36.308
439.974 26.886
440.249 14.464
440.525 12.899
440.800 22.049
441.076 42.341
441.351 50.348
441.627 49.640
441.903 52.361
442.178 65.225
442.454 71.089
442.729 77.238
443.005 80.673
443.281 84.823
443.556 95.829
443.832 104.550
444.107 108.700
444.383 105.277
444.658 84.427
444.934 75.148
445.210 83.440
445.485 86.160
445.761 85.167
446.036 90.602
446.312 98.608
446.587 119.186
446.863 129.192
447.139 115.485
447.414 111.205
447.690 124.497
447.965 130.789
448.241 136.510
448.516 139.516
448.792 137.094
449.068 155.529
449.343 171.392
449.619 170.398
449.894 161.548
450.170 162.697
450.445 164.703
450.721 154.852
450.997 146.715
451.272 141.293
451.548 137.299
451.823 146.877
452.099 149.026
452.375 146.603
452.650 166.609
452.926 167.187
453.201 155.336
453.477 154.342
453.752 154.634
454.028 155.782
454.304 165.360
454.579 173.080
454.855 184.658
455.130 205.521
455.406 214.527
455.681 210.390
455.957 193.253
456.233 170.402
456.508 155.836
456.784 150.985
457.059 147.705
457.335 140.283
457.610 137.288
457.886 148.866
458.162 161.586
458.437 151.163
458.713 128.312
458.988 104.746
459.264 88.466
459.539 78.329
459.815 60.192
460.091 38.770
460.366 39.204
460.642 45.210
460.917 50.215
461.193 49.078
461.468 45.655
461.744 52.518
462.020 61.524
462.295 58.101
462.571 59.678
462.846 63.527
463.122 76.658
463.397 88.361
463.673 95.063
463.949 98.497
464.224 95.066
464.500 82.216
464.775 76.933
465.051 70.231
465.327 61.665
465.602 51.538
465.878 53.939
466.153 64.239
466.429 80.671
466.704 80.560
466.980 83.032
467.256 90.515
467.531 90.678
467.807 90.064
468.082 87.116
468.358 82.599
468.633 87.391
468.909 91.636
469.185 87.118
469.460 83.856
469.736 71.972
470.011 69.729
470.287 81.616
470.562 80.377
470.838 71.499
471.114 74.454
471.389 86.631
471.665 100.550
471.940 110.311
472.216 113.301
472.491 110.314
472.767 122.269
473.043 130.485
473.318 126.069
473.594 123.531
473.869 128.826
474.145 121.949
474.421 113.555
474.696 102.256
474.972 99.540
475.247 101.885
475.523 89.832
475.798 74.742
476.074 76.367
476.350 95.138
476.625 97.458
476.901 81.292
477.176 75.606
477.452 95.785
477.727 106.359
478.003 96.879
478.279 86.382
478.554 86.061
478.830 91.271
479.105 98.631
479.381 98.109
479.656 95.413
479.932 103.159
480.208 99.654
480.483 95.284
480.759 99.987
481.034 96.023
481.310 87.425
481.585 79.439
481.861 74.731
482.137 84.153
482.412 92.403
482.688 85.456
482.963 95.221
483.239 88.262
483.514 75.647
483.790 71.574
484.066 68.474
484.341 61.549
484.617 55.679
484.892 44.476
485.168 50.525
485.443 65.136
485.719 64.648
485.995 59.212
486.270 54.355
486.546 65.625
486.821 72.133
487.097 87.331
487.373 84.570
487.648 73.151
487.924 71.558
488.199 86.682
488.475 87.329
488.750 78.582
489.026 67.562
489.302 75.797
489.577 82.244
489.853 81.400
490.128 71.416
490.404 62.993
490.679 67.454
490.955 61.581
491.231 57.236
491.506 60.456
491.782 62.417
492.057 63.968
492.333 68.589
492.608 58.955
492.884 51.408
493.160 43.729
493.435 38.284
493.711 34.099
493.986 39.181
494.262 47.921
494.537 65.894
494.813 82.746
495.089 98.341
495.364 103.974
495.640 103.706
495.915 93.074
496.191 89.076
496.467 73.814
496.742 63.072
497.018 58.994
497.293 71.768
497.569 87.373
497.844 106.851
498.120 114.171
498.396 123.164
498.671 123.949
498.947 124.461
499.222 121.610
499.498 118.296
499.773 114.898
500.049 117.501
500.325 119.647
500.600 122.905
500.876 123.796
501.151 124.795
501.427 122.048
501.702 115.280
501.978 113.124
502.254 114.511
502.529 126.263
502.805 138.622
503.080 144.680
503.356 153.994
503.631 165.218
503.907 168.197
504.183 170.569
504.458 168.628
504.734 181.951
505.009 192.366
505.285 195.262
505.560 187.025
505.836 172.873
506.112 158.144
506.387 147.146
506.663 123.874
506.938 109.071
507.214 114.050
507.490 118.904
507.765 119.299
508.041 122.003
508.316 131.404
508.592 132.600
508.867 126.470
509.143 110.972
509.419 104.652
509.694 114.296
509.970 121.516
510.245 118.960
510.521 114.237
510.796 114.590
511.072 108.515
511.348 102.862
511.623 104.123
511.899 109.542
512.174 108.964
512.450 114.795
512.725 121.737
513.001 137.748
513.277 148.652
513.552 142.470
513.828 145.820
514.103 157.021
514.379 165.239
514.654 170.009
514.930 175.733
515.206 191.809
515.481 205.056
515.757 213.344
516.032 220.036
516.308 235.798
516.583 257.909
516.859 271.157
517.135 286.043
517.410 313.149
517.686 344.427
517.961 377.890
518.237 403.829
518.513 432.958
518.788 466.877
519.064 499.820
519.339 534.405
519.615 569.235
519.890 608.085
520.166 660.111
520.442 715.505
520.717 772.351
520.993 819.922
521.268 850.427
521.544 885.524
521.819 924.281
522.095 946.832
522.371 952.362
522.646 946.410
522.922 952.606
523.197 986.849
523.473 1000.676
523.748 986.042
524.024 985.768
524.300 980.319
524.575 980.733
524.851 962.965
525.126 921.575
525.402 896.443
525.677 878.949
525.953 844.259
526.229 820.328
526.504 787.932
526.780 761.505
527.055 747.537
527.331 719.314
527.606 687.296
527.882 648.108
528.158 616.752
528.433 615.150
528.709 613.504
528.984 608.676
529.260 601.711
529.535 613.048
529.811 640.073
530.087 651.191
530.362 638.454
530.638 635.182
530.913 632.836
531.189 632.712
531.465 616.920
531.740 599.742
532.016 592.973
532.291 594.474
532.567 583.625
532.842 557.993
533.118 539.054
533.394 537.020
533.669 527.271
533.945 519.254
534.220 507.054
534.496 491.473
534.771 490.976
535.047 493.759
535.323 502.381
535.598 524.686
535.874 557.124
536.149 608.869
536.425 688.391
536.700 770.102
536.976 867.076
537.252 978.839
537.527 1109.665
537.803 1240.493
538.078 1372.161
538.354 1523.895
538.629 1705.942
538.905 1888.980
539.181 2077.045
539.456 2257.301
539.732 2417.219
540.007 2574.896
540.283 2705.485
540.558 2812.877
540.834 2917.178
541.110 2993.468
541.385 3054.285
541.661 3123.677
541.936 3199.533
542.212 3265.005
542.488 3307.543
542.763 3323.658
543.039 3320.466
543.314 3312.317
543.590 3306.294
543.865 3259.597
544.141 3194.971
544.417 3140.121
544.692 3091.607
544.968 3036.542
545.243 2976.791
545.519 2923.836
545.794 2900.845
546.070 2910.224
546.348 2909.947
546.627 2910.943
546.905 2942.465
547.183 2989.330
547.461 3039.171
547.740 3086.426
548.018 3128.408
548.296 3192.534
548.575 3270.914
548.853 3345.174
549.131 3445.482
549.409 3553.309
549.688 3664.951
549.966 3784.895
550.244 3911.690
550.523 4048.113
550.801 4212.532
551.079 4365.685
551.357 4500.557
551.636 4651.157
551.914 4789.528
552.192 4918.531
552.471 5038.094
552.749 5143.506
553.027 5228.187
553.306 5326.622
553.584 5400.967
553.862 5456.535
554.140 5500.949
554.419 5542.723
554.697 5551.348
554.975 5533.731
555.254 5509.218
555.532 5462.535
555.810 5409.626
556.088 5331.787
556.367 5213.280
556.645 5083.865
556.923 4957.057
557.202 4807.462
557.480 4644.740
557.758 4475.357
558.036 4291.167
558.315 4102.536
558.593 3915.877
558.871 3722.656
559.150 3525.221
559.428 3324.017
559.706 3109.270
559.984 2920.661
560.263 2742.055
560.541 2548.209
560.819 2361.175
561.098 2185.329
561.376 2028.077
561.654 1871.917
561.932 1712.956
562.211 1567.055
562.489 1461.643
562.767 1370.275
563.046 1273.588
563.324 1183.568
563.602 1126.761
563.880 1068.908
564.159 1009.796
564.437 951.395
564.715 881.770
564.994 834.199
565.272 790.509
565.550 728.068
565.828 688.175
566.107 652.878
566.385 597.549
566.663 563.358
566.942 529.773
567.220 498.880
567.498 483.437
567.776 462.836
568.055 443.924
568.333 438.559
568.611 434.041
568.890 410.928
569.168 381.447
569.446 367.308
569.725 353.732
570.003 337.962
570.281 330.283
570.559 317.863
570.838 303.230
571.116 298.289
571.394 279.203
571.673 249.450
571.951 230.469
572.229 206.215
572.507 182.105
572.786 174.923
573.064 168.401
573.342 160.347
573.621 179.586
573.899 183.486
574.177 184.155
574.455 187.652
574.734 184.147
575.012 179.544
575.290 177.690
575.569 151.494
575.847 141.645
576.125 136.174
576.403 130.402
576.682 122.641
576.960 118.510
577.243 119.033
577.527 115.996
577.810 112.684
578.093 114.149
578.377 105.648
578.660 106.596
578.944 115.514
579.227 112.786
579.510 118.490
579.794 124.083
580.077 125.048
580.360 121.124
580.644 112.247
580.927 97.407
581.210 100.485
581.494 107.535
581.777 102.194
582.061 89.721
582.344 88.475
582.627 82.220
582.911 70.427
583.194 60.063
583.477 53.257
583.761 54.996
584.044 70.854
584.327 82.138
584.611 98.698
584.894 103.982
585.178 99.576
585.461 98.878
585.744 99.466
586.028 91.777
586.311 101.513
586.594 106.248
586.878 104.399
587.161 116.830
587.444 127.833
587.728 132.816
588.011 127.951
588.295 112.382
588.578 100.968
588.861 115.542
589.145 123.661
589.428 124.638
589.711 126.089
589.995 121.239
590.278 125.350
590.562 127.028
590.845 113.169
591.128 92.329
591.412 69.497
591.695 63.883
591.978 76.284
592.262 80.543
592.545 94.205
592.828 103.014
593.112 106.990
593.395 117.359
593.679 115.910
593.962 113.995
594.245 114.098
594.529 108.743
594.812 120.505
595.095 130.835
595.379 132.642
595.662 139.366
595.945 142.719
596.229 145.445
596.512 136.755
596.796 129.000
597.079 132.598
597.362 140.448
597.646 146.762
597.929 154.867
598.212 151.132
598.496 149.263
598.779 147.522
599.062 142.646
599.346 134.700
599.629 125.739
599.913 127.517
600.196 126.878
600.479 134.018
600.763 133.833
601.046 131.692
601.329 134.879
601.613 134.706
601.896 124.097
602.179 126.045
602.463 140.573
602.746 152.321
603.030 142.891
603.313 127.592
603.596 114.530
603.880 106.503
604.163 104.604
604.446 88.031
604.730 70.489
605.013 82.658
605.296 100.287
605.580 115.960
605.863 125.877
606.147 120.721
606.430 116.095
606.713 117.485
606.997 120.522
607.280 127.520
607.563 135.190
607.847 144.418
608.130 165.548
608.414 189.523
608.697 205.067
608.980 199.097
609.264 189.025
609.547 182.758
609.830 165.567
610.114 143.195
610.397 133.533
610.680 137.794
610.964 150.025
611.247 157.631
611.531 165.917
611.814 176.471
612.097 178.309
612.381 170.906
612.664 158.590
612.947 153.568
613.231 144.473
613.514 137.096
613.797 133.051
614.081 136.576
614.364 138.562
614.648 139.987
614.931 146.222
615.214 155.254
615.498 152.207
615.781 164.088
616.064 175.375
616.348 176.845
616.631 198.140
616.914 203.132
617.198 205.322
617.481 219.625
617.765 221.413
618.048 225.344
618.331 225.694
618.615 204.665
618.898 190.923
619.181 188.317
619.465 185.338
619.748 176.966
620.031 177.420
620.315 185.224
620.598 192.429
620.882 204.355
621.165 212.437
621.448 206.925
621.732 203.366
622.015 200.148
622.298 197.875
622.582 191.494
622.865 175.249
623.148 175.366
623.432 183.434
623.715 189.927
623.999 187.273
624.282 182.776
624.565 189.698
624.849 199.638
625.132 191.474
625.415 182.612
625.699 182.147
625.982 183.562
626.265 194.578
626.549 212.242
626.832 65.472
627.116 -13.412
627.399 5.438
627.682 21.673
627.966 35.795
628.249 51.982
628.532 41.988
628.816 208.476
629.099 307.969
629.383 305.751
629.666 301.899
629.949 291.685
630.233 278.771
630.516 285.763
630.799 281.820
631.083 267.925
631.366 268.978
631.649 280.673
631.933 299.333
632.216 307.120
632.500 312.681
632.783 332.712
633.066 353.992
633.350 363.814
633.633 356.966
633.916 363.077
634.200 376.856
634.483 383.322
634.766 388.013
635.050 416.253
635.333 448.409
635.617 480.099
635.900 504.856
636.183 531.657
636.467 561.544
636.750 590.523
637.033 600.368
637.317 608.907
637.600 643.914
637.883 676.332
638.167 700.969
638.450 738.695
638.734 773.260
639.017 821.034
639.300 873.562
639.584 911.947
639.867 954.590
640.150 1024.745
640.434 1101.153
640.717 1179.867
641.000 1263.778
641.284 1363.071
641.567 1476.819
641.851 1606.329
642.134 1735.436
642.417 1873.451
642.701 2039.914
642.984 2223.235
643.267 2431.598
643.551 2660.616
643.834 2898.940
644.117 3180.880
644.401 3478.486
644.684 3791.978
644.968 4127.256
645.251 4490.438
645.534 4897.400
645.818 5313.815
646.101 5701.208
646.384 6114.326
646.668 6546.209
646.951 6984.498
647.235 7423.400
647.518 7861.008
647.801 8354.376
648.085 8889.563
648.368 9451.129
648.651 10035.559
648.935 10672.432
649.218 11317.572
649.501 11983.535
649.785 12614.958
650.068 13239.775
650.352 13831.960
650.635 14405.903
650.918 14943.261
651.202 15450.589
651.485 15913.438
651.768 16362.313
652.052 16782.062
652.335 17216.645
652.618 17598.648
652.902 17952.258
653.185 18285.433
653.469 18606.153
653.752 18901.563
654.035 19153.071
654.319 19364.547
654.602 19540.959
654.885 19660.507
655.169 19766.109
655.452 19806.558
655.735 19839.219
656.019 19895.054
656.302 19896.011
656.586 19937.246
656.869 19997.623
657.152 20054.798
657.436 20095.028
657.719 20086.859
658.002 20048.194
658.286 20011.099
658.569 19912.849
658.852 19774.177
659.136 19583.452
659.419 19383.406
659.703 19177.188
659.986 18928.842
660.269 18670.232
660.553 18419.201
660.836 18167.273
661.119 17945.937
661.403 17769.012
661.686 17602.783
661.969 17471.937
662.253 17357.227
662.536 17307.701
662.820 17292.430
663.103 17288.933
663.386 17300.473
663.670 17365.066
663.953 17482.720
664.236 17653.900
664.520 17819.430
664.803 18021.434
665.086 18240.188
665.370 18446.726
665.653 18621.850
665.937 18767.022
666.220 18909.454
666.503 19017.988
666.787 19074.752
667.070 19138.359
667.353 19196.617
667.637 19264.453
667.920 19290.920
668.204 19227.425
668.487 19165.368
668.770 19080.017
669.054 18884.726
669.337 18645.136
669.620 18344.146
669.904 18011.251
670.187 17659.116
670.470 17207.009
670.754 16681.555
671.037 16186.473
671.321 15680.368
671.604 15131.375
671.887 14560.437
672.171 13967.920
672.454 13375.286
672.737 12772.120
673.021 12114.684
673.304 11440.210
673.587 10792.912
673.871 10129.650
674.154 9477.038
674.438 8844.481
674.721 8265.261
675.004 7727.519
675.288 7194.485
675.571 6677.410
675.854 6215.779
676.138 5776.139
676.421 5364.161
676.704 4978.506
676.988 4610.472
677.271 4266.965
677.555 3945.744
677.838 3629.112
678.121 3338.035
678.405 3070.682
678.688 2803.607
678.971 2575.222
679.255 2373.685
679.538 2173.442
679.821 1986.926
680.105 1804.427
680.388 1638.241
680.672 1510.548
680.955 1389.901
681.238 1281.365
681.522 1182.095
681.805 1088.862
682.088 1023.695
682.372 960.553
682.655 896.337
682.938 845.039
683.222 799.861
683.505 772.119
683.789 762.279
684.072 750.500
684.355 735.739
684.639 721.468
684.922 710.871
685.205 692.761
685.489 680.586
685.772 688.640
686.056 698.037
686.339 718.766
686.622 740.688
686.906 738.533
687.189 752.053
687.472 758.415
687.756 743.057
688.039 735.156
688.322 736.052
688.606 729.641
688.889 721.102
689.173 708.476
689.456 699.731
689.739 699.087
690.023 693.863
690.306 674.929
690.589 664.055
690.873 670.152
691.156 664.398
691.439 656.534
691.723 655.053
692.006 657.760
692.290 655.594
692.573 641.514
692.856 612.082
693.140 597.389
693.423 590.807
693.706 586.102
693.990 571.862
694.273 562.870
694.556 564.990
694.840 564.108
695.123 549.292
695.407 540.369
695.690 536.128
695.973 536.335
696.257 541.194
696.540 556.332
696.830 584.762
697.120 618.342
697.410 633.293
697.699 625.190
697.989 628.734
698.279 629.453
698.569 613.939
698.859 595.067
699.149 585.788
699.439 581.481
699.729 588.957
700.018 575.311
700.308 555.536
700.598 558.450
700.888 564.106
701.178 556.457
701.468 538.325
701.758 520.181
702.048 504.656
702.337 498.634
702.627 476.701
702.917 434.375
703.207 408.766
703.497 396.708
703.787 372.241
704.077 366.272
704.366 355.066
704.656 349.166
704.946 350.431
705.236 337.711
705.526 330.477
705.816 331.203
706.106 313.662
706.396 294.563
706.685 273.581
706.975 264.352
707.265 264.682
707.555 258.127
707.845 245.245
708.135 251.135
708.425 262.050
708.715 260.833
709.004 254.600
709.294 247.077
709.584 249.478
709.874 257.883
710.164 245.685
710.454 237.499
710.744 241.655
711.034 256.881
711.323 260.297
711.613 250.693
711.903 244.226
712.193 245.199
712.483 239.150
712.773 242.811
713.063 246.645
713.352 248.937
713.642 256.123
713.932 262.455
714.222 260.401
714.512 256.992
714.802 247.111
715.092 219.118
715.382 199.719
715.671 195.204
715.961 196.153
716.251 203.242
716.541 229.626
716.831 236.064
717.121 244.678
717.411 253.248
717.701 248.907
717.990 240.164
718.280 232.112
718.570 202.247
718.860 197.539
719.150 207.817
719.440 208.909
719.730 201.133
720.019 194.248
720.309 186.784
720.599 199.461
720.889 200.681
721.179 194.707
721.469 191.943
721.759 201.393
722.049 207.355
722.338 220.369
722.628 219.269
722.918 209.224
723.208 210.454
723.498 218.733
723.788 218.545
724.078 218.272
724.368 220.334
724.657 223.087
724.947 222.996
725.237 211.697
725.527 204.475
725.817 199.203
726.107 190.997
726.397 184.298
726.686 186.028
726.976 210.183
727.266 221.237
727.556 209.247
727.846 206.388
728.136 210.997
728.426 198.873
728.716 185.155
729.005 167.068
729.295 157.747
729.585 164.552
729.875 173.333
730.165 182.120
730.455 197.474
730.745 207.462
731.035 211.019
731.324 208.292
731.614 210.025
731.904 206.611
732.194 194.726
732.484 185.278
732.774 181.686
733.064 186.935
733.354 195.356
733.643 192.897
733.933 195.067
734.223 205.027
734.513 209.722
734.803 201.244
735.093 191.610
735.383 184.998
735.672 182.864
735.962 174.164
736.252 149.391
736.542 138.716
736.832 144.297
737.122 143.681
737.412 160.680
737.702 174.911
737.991 180.496
738.281 200.632
738.571 212.623
738.861 215.349
739.151 212.645
739.441 191.212
739.731 175.865
740.021 160.832
740.310 156.118
740.600 160.747
740.890 162.563
741.180 160.780
741.470 159.286
741.760 162.148
742.050 173.214
742.339 171.967
742.629 152.676
742.919 140.470
743.209 134.175
743.499 136.437
743.789 140.444
744.079 137.497
744.369 134.587
744.658 151.182
744.948 160.720
745.238 157.779
745.528 159.563
745.818 167.558
746.108 178.681
746.398 193.614
746.688 188.596
746.977 183.403
747.267 186.431
747.557 178.658
747.847 170.931
748.137 160.189
748.427 150.614
748.717 149.220
749.006 147.705
749.296 156.403
749.586 173.382
749.876 167.588
750.166 157.667
750.456 160.852
750.746 169.086
751.036 171.156
751.325 160.117
751.615 145.784
751.905 147.130
752.195 159.601
752.485 154.534
752.775 134.581
753.065 122.232
753.355 118.552
753.644 115.036
753.934 111.210
754.224 99.076
754.514 95.108
754.804 109.321
755.094 127.506
755.384 131.534
755.674 127.510
755.963 119.935
756.253 118.225
756.543 110.652
756.833 97.068
757.123 84.354
757.413 91.383
757.703 100.879
757.992 101.598
758.282 104.910
758.572 110.925
758.862 106.906
759.152 97.862
759.442 90.721
759.732 92.323
760.022 99.663
760.311 102.249
760.601 98.546
760.891 100.868
761.181 104.629
761.471 95.432
761.761 85.815
762.051 80.079
762.341 87.899
762.630 106.471
762.920 115.967
763.210 114.961
763.500 127.609
763.793 128.749
764.086 128.882
764.379 121.366
764.671 102.533
764.964 101.979
765.257 109.194
765.550 112.832
765.843 135.144
766.136 158.572
766.429 162.184
766.722 154.404
767.014 142.164
767.307 140.005
767.600 142.454
767.893 121.753
768.186 106.848
768.479 115.768
768.772 130.895
769.064 133.189
769.357 124.253
769.650 109.133
769.943 110.862
770.236 101.071
770.529 80.223
770.822 62.946
771.115 62.113
771.407 64.727
771.700 63.288
771.993 65.449
772.286 75.530
772.579 77.686
772.872 88.786
773.165 88.777
773.457 98.025
773.750 105.803
774.043 94.722
774.336 89.554
774.629 103.501
774.922 99.438
775.215 94.096
775.508 82.230
775.800 75.885
776.093 90.403
776.386 85.913
776.679 68.646
776.972 77.108
777.265 91.745
777.558 89.734
777.850 90.290
778.143 83.644
778.436 87.787
778.729 93.383
779.022 88.215
779.315 87.211
779.608 104.124
779.900 106.970
780.193 106.355
780.486 108.046
780.779 115.208
781.072 111.180
781.365 98.243
781.658 86.626
781.951 80.616
782.243 82.366
782.536 86.093
782.829 88.225
783.122 86.928
783.415 89.370
783.708 84.767
784.001 87.617
784.293 87.285
784.586 83.258
784.879 78.086
785.172 82.660
785.465 91.781
785.758 103.071
786.051 101.204
786.344 97.653
786.636 102.786
786.929 99.603
787.222 93.575
787.515 88.279
787.808 91.953
788.101 97.089
788.394 103.751
788.686 96.416
788.979 99.970
789.272 112.102
789.565 111.389
789.858 103.127
790.151 98.967
790.444 89.825
790.737 82.548
791.029 80.138
791.322 75.844
791.615 68.559
791.908 59.398
792.201 66.085
792.494 71.332
792.787 72.899
793.079 58.917
793.372 53.777
793.665 58.612
793.958 66.024
794.251 80.838
794.544 89.257
794.837 89.970
795.130 97.953
795.422 101.645
795.715 111.749
796.008 109.745
796.301 82.257
796.594 67.446
796.887 63.601
797.180 60.885
797.472 59.189
797.765 54.936
798.058 49.819
798.351 62.054
798.644 70.601
798.937 74.875
799.230 86.131
799.523 86.560
799.815 73.743
800.108 74.029
800.401 66.369
800.694 61.836
800.987 59.002
801.280 48.467
801.573 54.324
801.865 74.998
802.158 86.981
802.451 89.836
802.744 92.248
803.037 95.807
803.330 101.521
803.623 103.002
803.915 99.494
804.208 100.673
804.501 97.269
804.794 86.875
805.087 91.911
805.380 86.933
805.673 75.228
805.966 64.958
806.258 54.858
806.551 64.052
806.844 77.548
807.137 69.132
807.430 65.993
807.723 66.280
808.016 57.962
808.308 56.829
808.601 32.430
808.894 6.892
809.187 0.727
809.480 9.218
809.773 15.308
810.066 21.358
810.359 22.959
810.651 46.288
810.944 65.585
811.237 71.066
811.530 69.070
811.825 68.939
812.119 73.158
812.414 73.032
812.709 71.357
813.003 71.815
813.298 85.756
813.593 95.237
813.887 98.203
814.182 108.284
814.476 110.652
814.771 102.854
815.066 97.102
815.360 91.496
815.655 89.241
815.950 97.607
816.244 93.880
816.539 92.604
816.834 96.291
817.128 89.748
817.423 81.803
817.718 79.982
818.012 69.743
818.307 61.348
818.602 61.156
818.896 60.341
819.191 67.120
819.486 73.239
819.780 75.308
820.075 73.502
820.369 83.193
820.664 76.592
820.959 81.410
821.253 90.218
821.548 82.276
821.843 80.756
822.137 75.490
822.432 65.340
822.727 85.867
823.021 87.355
823.316 75.367
823.611 69.852
823.905 65.200
824.200 70.685
824.495 75.582
824.789 69.899
825.084 69.873
825.379 69.591
825.673 89.019
825.968 92.267
826.262 90.237
826.557 95.910
826.852 86.755
827.146 72.548
827.441 70.583
827.736 47.665
828.030 20.960
828.325 -1.760
828.620 -24.635
828.914 -20.429
829.209 -15.749
829.504 -4.426
829.798 5.855
830.093 30.345
830.388 56.861
830.682 72.465
830.977 73.929
831.271 71.172
831.566 60.864
831.861 66.024
832.155 65.325
832.450 59.400
832.745 66.055
833.039 59.095
833.334 62.033
833.629 75.126
833.923 81.311
834.218 73.300
834.513 65.826
834.807 55.841
835.102 54.934
835.397 58.998
835.691 70.263
835.986 61.955
836.281 63.322
836.575 68.477
836.870 64.798
837.164 67.149
837.459 73.866
837.754 57.121
838.048 59.172
838.343 64.850
838.638 73.008
838.932 76.773
839.227 73.542
839.522 60.033
839.816 60.303
840.111 61.790
840.406 57.736
840.700 51.770
840.995 53.101
841.290 50.503
841.584 56.132
841.879 49.478
842.174 39.443
842.468 48.613
842.763 60.862
843.057 75.839
843.352 95.915
843.647 107.426
843.941 117.862
844.236 129.406
844.531 129.317
844.825 115.024
845.120 104.574
845.415 85.688
845.709 70.128
846.004 67.954
846.299 53.359
846.593 45.799
846.888 48.875
847.183 40.404
847.477 44.724
847.772 52.782
848.066 57.700
848.361 78.616
848.656 83.450
848.950 85.825
849.245 100.618
849.540 103.476
849.834 94.051
850.129 91.026
850.424 80.272
850.718 76.869
851.013 62.620
851.308 51.327
851.602 53.920
851.897 57.184
852.192 51.412
852.486 52.360
852.781 54.785
853.076 50.568
853.370 46.925
853.665 47.822
853.959 49.741
854.254 50.799
854.549 49.883
854.843 53.157
855.138 74.053
855.433 78.033
855.727 72.235
856.022 75.647
856.317 81.957
856.611 76.406
856.906 65.701
857.201 59.933
857.495 61.052
857.790 65.201
858.085 64.113
858.379 57.744
858.674 54.534
858.969 58.407
859.263 56.560
859.558 56.874
859.852 50.715
860.147 46.470
860.442 58.864
860.736 67.938
861.031 82.095
861.326 103.727
861.620 97.856
861.915 86.739
862.210 93.304
862.504 86.340
862.799 85.413
863.094 75.193
863.388 49.252
863.683 37.019
863.978 36.791
864.272 31.477
864.567 21.093
864.861 27.401
865.156 22.740
865.451 23.140
865.745 38.134
866.040 46.133
866.335 54.041
866.629 69.006
866.924 62.766
867.219 65.546
867.513 80.399
867.808 84.451
868.103 89.580
868.397 87.726
868.692 92.527
868.987 111.543
869.281 123.647
869.576 108.149
869.871 102.430
870.165 101.997
870.460 99.819
870.754 90.589
871.049 79.590
871.344 80.022
871.638 88.419
871.933 87.912
872.228 94.226
872.522 85.979
872.817 68.393
873.112 54.144
873.406 47.916
873.701 53.069
873.996 49.422
874.290 43.863
874.585 60.260
874.880 81.258
875.174 87.429
875.469 75.706
875.764 59.901
876.058 64.821
876.353 61.170
876.647 43.756
876.942 35.913
877.237 37.277
877.531 44.158
877.826 54.583
878.121 40.984
878.415 34.841
878.710 44.088
879.005 40.058
879.299 30.809
879.594 27.978
879.889 21.971
880.183 32.590
880.478 40.305
880.773 35.506
881.067 31.455
881.362 38.823
881.656 48.058
881.951 59.684
882.246 65.668
882.540 70.920
882.835 78.538
883.130 87.630
883.424 88.424
883.719 78.835
884.014 68.001
884.308 65.395
884.603 57.485
884.898 42.869
885.192 42.083
885.487 49.002
885.782 49.294
886.076 49.117
886.371 45.347
886.666 39.299
886.960 42.752
887.255 35.534
887.549 28.018
887.844 31.242
888.139 32.852
888.433 40.675
888.728 50.432
889.023 53.818
889.317 55.696
889.612 53.874
889.907 41.197
890.201 37.503
890.496 41.869
890.791 46.517
891.085 47.390
891.380 55.048
891.675 68.384
891.969 85.534
892.264 84.652
892.559 81.983
892.853 81.330
893.148 83.326
893.442 75.523
893.737 61.157
894.032 50.436
894.326 55.091
894.621 56.766
894.916 53.009
895.210 44.956
895.505 44.460
895.800 39.555
896.094 40.442
896.389 44.001
896.684 41.225
896.978 50.320
897.273 62.954
897.568 69.412
897.862 78.138
898.157 82.713
898.451 79.568
898.746 79.609
899.041 64.963
899.335 59.673
899.630 60.842
899.925 59.369
900.219 62.823
900.514 72.864
900.809 61.212
901.103 51.045
901.398 47.910
901.693 46.698
901.987 46.586
902.282 36.834
902.577 22.894
902.871 26.341
903.166 44.479
903.461 47.472
903.755 36.766
904.050 31.823
904.344 42.004
904.639 51.177
904.934 67.035
905.228 81.895
905.523 82.198
905.818 78.708
906.112 70.857
906.407 57.892
906.702 50.441
906.996 44.889
907.291 36.422
907.586 43.628
907.880 66.058
908.175 83.975
908.470 91.933
908.764 96.144
909.059 86.957
909.354 72.168
909.648 61.561
909.943 52.042
910.237 53.975
910.532 64.940
910.827 65.127
911.121 59.640
911.416 64.142
911.711 70.533
912.005 61.367
912.300 48.947
912.599 35.219
912.898 34.255
913.196 45.389
913.495 50.365
913.794 46.331
914.093 55.134
914.391 57.416
914.690 56.128
914.989 53.245
915.288 47.453
915.586 38.710
915.885 36.216
916.184 39.764
916.483 45.462
916.782 46.851
917.080 41.093
917.379 43.428
917.678 53.766
917.977 52.869
918.275 47.992
918.574 56.921
918.873 59.718
919.172 66.806
919.471 69.616
919.769 60.043
920.068 62.155
920.367 56.881
920.666 37.191
920.964 25.163
921.263 22.629
921.562 20.402
921.861 30.042
922.159 39.068
922.458 37.284
922.757 38.405
923.056 49.035
923.355 54.435
923.653 63.416
923.952 67.585
924.251 65.546
924.550 71.928
924.848 87.425
925.147 86.387
925.446 86.382
925.745 79.055
926.043 71.299
926.342 62.588
926.641 58.381
926.940 47.985
927.239 52.310
927.537 45.064
927.836 42.330
928.135 45.023
928.434 52.290
928.732 53.361
929.031 57.002
929.330 56.936
929.629 67.375
929.927 77.640
930.226 78.667
930.525 82.071
930.824 94.690
931.123 93.923
931.421 87.241
931.720 78.893
932.019 69.744
932.318 58.167
932.616 43.511
932.915 38.506
933.214 46.011
933.513 58.794
933.812 68.171
934.110 81.323
934.409 91.102
934.708 92.296
935.007 87.543
935.305 92.814
935.604 95.817
935.903 86.980
936.202 73.115
936.500 77.443
936.799 91.520
937.098 93.901
937.397 68.168
937.696 49.624
937.994 57.240
938.293 62.790
938.592 43.820
938.891 32.195
939.189 40.853
939.488 55.277
939.787 64.235
940.086 47.256
940.384 37.633
940.683 54.235
940.982 56.721
941.281 56.884
941.580 51.748
941.878 43.394
942.177 58.951
942.476 57.981
942.775 45.761
943.073 70.549
943.372 72.848
943.671 72.037
943.970 81.433
944.268 84.708
944.567 88.456
944.866 101.502
945.165 85.611
945.464 76.841
945.762 72.041
946.061 80.526
946.360 74.466
946.659 77.537
946.957 71.895
947.256 85.906
947.555 95.955
947.854 103.094
948.153 99.628
948.451 97.976
948.750 94.946
949.049 92.244
949.348 78.558
949.646 80.388
949.945 87.928
950.244 69.148
950.543 52.935
950.841 49.170
951.140 47.248
951.439 48.213
951.738 43.227
952.037 34.413
952.335 35.593
952.634 45.722
952.933 42.797
953.232 47.278
953.530 41.505
953.829 38.640
954.128 52.432
954.427 59.615
954.725 60.474
955.024 67.255
955.323 66.931
955.622 68.558
955.921 69.696
956.219 58.015
956.518 55.125
956.817 64.816
957.116 67.320
957.414 61.696
957.713 66.156
958.012 78.063
958.311 85.521
958.610 91.615
958.908 88.514
959.207 103.200
959.506 116.223
959.805 100.101
960.103 81.727
960.402 72.410
960.701 62.155
961.000 60.424
961.298 55.801
961.597 60.328
961.896 65.959
962.195 63.402
962.494 73.653
962.792 90.069
963.091 101.424
963.390 97.327
963.689 84.090
963.987 90.969
964.286 96.206
964.585 91.711
964.884 94.054
965.182 90.471
965.481 80.947
965.780 73.794
966.080 69.319
966.380 68.259
966.680 68.921
966.981 59.346
967.281 61.057
967.581 74.656
967.881 85.271
968.181 85.166
968.481 74.046
968.781 61.559
969.082 65.653
969.382 65.792
969.682 64.509
969.982 67.055
970.282 71.946
970.582 74.041
970.882 75.384
971.183 73.037
971.483 66.861
971.783 63.518
972.083 62.331
972.383 38.084
972.683 37.600
972.983 38.616
973.284 27.179
973.584 20.927
973.884 18.964
974.184 15.172
974.484 37.570
974.784 54.278
975.084 75.976
975.385 99.432
975.685 117.971
975.985 133.642
976.285 156.780
976.585 168.576
976.885 158.222
977.185 147.001
977.486 145.050
977.786 152.134
978.086 146.158
978.386 141.400
978.686 145.663
978.986 169.110
979.286 175.711
979.587 166.530
979.887 151.958
980.187 141.387
980.487 118.387
980.787 104.959
981.087 87.245
981.387 76.532
981.688 85.532
981.988 96.675
982.288 105.819
982.588 111.533
982.888 95.534
983.188 90.249
983.488 101.106
983.789 99.964
984.089 96.393
984.389 90.536
984.689 87.251
984.989 94.680
985.289 100.966
985.589 97.967
985.890 82.110
986.190 61.682
986.490 74.111
986.790 81.969
987.090 77.826
987.390 67.970
987.690 62.113
987.991 71.542
988.291 69.257
988.591 45.257
988.891 33.972
989.191 42.258
989.491 50.116
989.791 49.259
990.092 54.831
990.392 65.403
990.692 70.403
990.992 87.261
991.292 94.119
991.592 89.548
991.892 84.834
992.193 82.406
992.493 88.120
992.793 90.121
993.093 76.836
993.393 66.836
993.693 68.979
993.993 77.409
994.294 70.838
994.594 63.695
994.894 71.696
995.194 76.125
995.494 77.697
995.794 76.411
996.094 71.697
996.395 77.127
996.695 78.413
996.995 64.556
997.295 59.271
997.595 66.128
997.895 72.700
998.195 70.415
998.496 80.987
998.796 95.416
999.096 96.416
999.396 97.703
999.696 81.703
999.996 63.132
1000.296 69.275
1000.597 59.704
1000.897 48.562
1001.197 52.991
1001.497 66.849
1001.797 92.992
1002.097 115.421
1002.397 107.707
1002.698 97.993
1002.998 93.565
1003.298 90.280
1003.598 78.423
1003.898 64.709
1004.198 58.138
1004.498 62.567
1004.799 55.996
1005.099 46.140
1005.399 40.854
1005.699 38.283
1005.999 27.998
1006.299 25.141
1006.599 23.285
1006.900 35.285
1007.200 53.143
1007.500 58.000
1007.800 51.144
1008.100 52.287
1008.400 46.716
1008.700 40.859
1009.001 34.431
1009.301 28.146
1009.601 34.146
1009.901 38.575
1010.201 43.290
1010.501 44.148
1010.801 45.434
1011.102 49.149
1011.402 50.149
1011.702 40.292
1012.002 40.436
1012.302 39.293
1012.602 36.722
1012.902 34.723
1013.203 35.294
1013.503 40.152
1013.803 65.867
1014.103 86.010
1014.403 86.868
1014.703 88.868
1015.003 99.868
1015.304 110.012
1015.604 100.441
1015.904 82.727
1016.204 68.727
1016.504 74.585
1016.804 66.157
1017.104 51.872
1017.405 38.301
1017.705 46.158
1018.005 55.444
1018.305 59.730
1018.605 46.588
1018.905 49.303
1019.205 64.303
1019.506 70.018
1019.806 64.304
1020.106 59.876
1020.406 55.162
1020.706 60.305
1021.006 64.734
1021.306 53.592
1021.607 52.735
1021.907 63.307
1022.207 61.307
1022.507 57.165
1022.807 61.022
1023.107 63.023
1023.407 73.880
1023.708 74.738
1024.008 71.310
1024.308 71.025
1024.608 76.168
1024.908 88.168
1025.208 99.312
1025.508 92.312
1025.809 84.455
1026.109 70.741
1026.409 51.313
1026.709 48.314
1027.009 44.600
1027.309 51.315
1027.609 67.601
1027.910 76.030
1028.210 74.459
1028.510 81.316
1028.810 83.459
1029.110 91.031
1029.410 82.460
1029.710 73.318
1030.011 78.318
1030.311 85.890
1030.611 92.891
1030.911 93.891
1031.211 76.320
1031.511 68.177
1031.811 56.892
1032.112 45.750
1032.412 56.893
1032.712 62.465
1033.012 56.894
1033.312 47.037
1033.612 38.323
1033.912 46.752
1034.212 54.895
1034.513 44.467
1034.813 34.753
1035.113 32.897
1035.413 47.897
1035.713 62.469
1036.013 69.184
1036.313 72.898
1036.614 66.470
1036.914 65.328
1037.214 67.614
1037.514 69.329
1037.814 63.472
1038.114 52.044
1038.414 49.901
1038.715 55.902
1039.015 49.473
1039.315 50.045
1039.615 43.903
1039.915 39.760
1040.215 35.761
1040.515 22.904
1040.816 17.619
1041.116 28.905
1041.416 39.191
1041.716 44.763
1042.016 53.192
1042.316 62.478
1042.616 67.907
1042.917 67.193
1043.217 70.479
1043.517 65.622
1043.817 58.623
1044.117 53.052
1044.417 49.338
1044.717 44.052
1045.018 42.481
1045.318 32.910
1045.618 29.054
1045.918 23.054
1046.218 28.626
1046.518 42.341
1046.818 60.055
1047.119 70.770
1047.419 70.485
1047.719 71.199
1048.019 75.771
1048.319 64.343
1048.619 40.772
1048.919 31.915
1049.220 40.915
1049.520 47.630
1049.820 41.488
1050.120 42.059
1050.420 50.774
1050.720 59.917
1051.020 53.061
1051.321 38.632
1051.621 34.776
1051.921 39.205
1052.221 48.919
1052.521 54.491
1052.821 59.920
1053.121 57.492
1053.422 60.349
1053.722 64.350
1054.022 63.350
1054.322 50.779
1054.622 45.780
1054.922 42.923
1055.222 56.923
1055.523 67.638
1055.823 70.495
1056.123 87.353
1056.423 98.353
1056.723 97.497
1057.023 96.211
1057.323 93.640
1057.624 90.641
1057.924 102.355
1058.224 85.070
1058.524 68.927
1058.824 61.356
1059.124 56.500
1059.424 52.643
1059.725 49.786
1060.025 43.501
1060.325 48.358
1060.625 59.216
1060.925 56.073
1061.225 59.074
1061.525 59.931
1061.826 56.360
1062.126 54.075
1062.426 46.790
1062.726 50.361
1063.026 64.790
1063.326 63.362
1063.626 57.077
1063.927 55.077
1064.227 42.935
1064.527 40.792
1064.827 33.364
1065.127 28.221
1065.427 29.222
1065.727 27.222
1066.028 26.508
1066.328 39.652
1066.628 50.509
1066.928 56.652
1067.228 59.367
1067.528 69.082
1067.828 79.939
1068.129 73.082
1068.429 58.797
1068.729 60.226
1069.029 57.369
1069.329 55.655
1069.629 50.941
1069.929 44.513
1070.230 58.085
1070.530 70.942
1070.830 57.371
1071.130 50.086
1071.430 43.658
1071.730 42.515
1072.030 41.373
1072.331 27.087
1072.631 24.374
1072.931 41.088
1073.231 53.946
1073.531 61.660
1073.831 56.946
1074.131 52.090
1074.432 60.519
1074.732 70.090
1075.032 70.234
1075.332 55.520
1075.632 50.377
1075.932 53.949
1076.232 55.521
1076.533 44.807
1076.833 26.664
1077.133 19.665
1077.433 27.951
1077.733 23.523
1078.033 14.666
1078.333 8.809
1078.634 12.524
1078.934 16.524
1079.234 15.096
1079.534 14.810
1079.834 21.382
1080.134 31.097
1080.434 39.954
1080.735 38.240
1081.035 43.527
1081.335 40.670
1081.635 35.099
1081.935 37.099
1082.235 32.814
1082.535 31.243
1082.836 34.100
1083.136 27.672
1083.436 36.386
1083.736 49.387
1084.036 56.673
1084.336 65.245
1084.636 71.674
1084.937 83.817
1085.237 84.674
1085.537 86.389
1085.837 85.389
1086.137 80.104
1086.437 75.676
1086.737 65.248
1087.038 56.676
1087.338 62.534
1087.638 57.963
1087.938 57.820
1088.238 60.392
1088.538 60.392
1088.838 63.964
1089.139 64.536
1089.439 65.108
1089.739 64.680
1090.039 61.537
1090.339 59.966
1090.639 52.681
1090.939 58.967
1091.240 73.967
1091.540 84.967
1091.840 77.396
1092.140 78.539
1092.453 75.683
1092.766 81.969
1093.079 74.112
1093.392 57.112
1093.705 40.827
1094.018 46.542
1094.330 49.113
1094.643 48.114
1094.956 52.971
1095.269 70.114
1095.582 81.258
1095.895 95.544
1096.208 92.830
1096.521 77.973
1096.834 76.259
1097.147 60.259
1097.460 39.402
1097.773 23.403
1098.085 3.689
1098.398 1.975
1098.711 11.832
1099.024 12.404
1099.337 19.690
1099.650 23.119
1099.963 29.977
1100.276 40.406
1100.589 46.692
1100.902 48.978
1101.215 52.835
1101.528 64.978
1101.841 72.836
1102.153 69.836
1102.466 70.694
1102.779 75.265
1103.092 76.980
1103.405 78.552
1103.718 78.409
1104.031 79.124
1104.344 89.696
1104.657 96.553
1104.970 89.553
1105.283 86.697
1105.596 78.983
1105.909 65.983
1106.221 53.412
1106.534 40.984
1106.847 34.555
1107.160 35.270
1107.473 34.413
1107.786 28.842
1108.099 17.557
1108.412 19.700
1108.725 20.415
1109.038 -1.157
1109.351 -11.299
1109.664 -14.156
1109.977 -0.298
1110.289 17.416
1110.602 18.417
1110.915 8.845
1111.228 17.131
1111.541 22.989
1111.854 20.132
1112.167 11.418
1112.480 4.561
1112.793 0.419
1113.106 11.848
1113.419 27.848
1113.732 36.848
1114.044 49.134
1114.357 61.420
1114.670 59.421
1114.983 60.278
1115.296 67.707
1115.609 65.850
1115.922 58.851
1116.235 43.994
1116.548 28.708
1116.861 29.566
1117.174 30.852
1117.487 23.852
1117.800 19.138
1118.112 17.139
1118.425 36.282
1118.738 56.425
1119.051 63.140
1119.364 80.426
1119.677 94.712
1119.990 99.141
1120.303 105.712
1120.616 91.284
1120.929 76.142
1121.242 79.999
1121.555 75.142
1121.868 66.285
1122.180 70.286
1122.493 76.286
1122.806 74.001
1123.119 73.144
1123.432 67.287
1123.745 57.859
1124.058 48.145
1124.371 45.574
1124.684 47.288
1124.997 50.431
1125.310 52.575
1125.623 58.861
1125.935 68.004
1126.248 62.290
1126.561 42.719
1126.874 32.290
1127.187 32.719
1127.500 31.720
1127.813 31.006
1128.126 34.720
1128.439 53.721
1128.752 68.149
1129.065 64.007
1129.378 57.436
1129.691 61.579
1130.003 57.865
1130.316 51.865
1130.629 56.151
1130.942 60.866
1131.255 68.295
1131.568 71.581
1131.881 67.581
1132.194 61.439
1132.507 60.439
1132.820 56.153
1133.133 53.725
1133.446 56.726
1133.759 68.297
1134.071 79.869
1134.384 92.584
1134.697 88.441
1135.010 82.013
1135.323 68.870
1135.636 59.013
1135.949 51.585
1136.262 36.443
1136.575 16.871
1136.888 22.015
1137.201 38.015
1137.514 57.158
1137.826 64.444
1138.139 57.302
1138.452 40.016
1138.765 49.302
1139.078 52.017
1139.391 37.017
1139.704 22.732
1140.017 14.732
1140.330 24.304
1140.643 53.590
1140.956 64.447
1141.269 75.162
1141.582 75.305
1141.894 71.162
1142.207 74.591
1142.520 69.877
1142.833 61.306
1143.146 62.735
1143.459 47.021
1143.772 43.307
1144.085 56.022
1144.398 49.736
1144.711 56.736
1145.024 68.737
1145.337 71.594
1145.650 88.452
1145.962 103.309
1146.275 98.024
1146.588 110.881
1146.901 116.739
1147.214 112.596
1147.527 109.311
1147.840 99.168
1148.153 87.025
1148.466 93.740
1148.779 93.883
1149.092 85.884
1149.405 82.312
1149.718 80.884
1150.030 79.170
1150.343 82.028
1150.656 69.885
1150.969 65.171
1151.282 64.457
1151.595 79.886
1151.908 91.886
1152.221 94.458
1152.534 98.458
1152.847 107.887
1153.160 102.887
1153.473 99.316
1153.785 83.459
1154.098 72.888
1154.411 64.889
1154.724 69.603
1155.037 83.746
1155.350 85.461
1155.663 82.318
1155.976 75.033
1156.289 63.890
1156.602 65.891
1156.915 54.034
1157.228 30.320
1157.541 24.606
1157.853 14.606
1158.166 12.321
1158.479 21.749
1158.792 20.607
1159.105 4.750
1159.418 3.322
1159.731 2.036
1160.044 12.751
1160.357 25.608
1160.670 21.323
1160.983 17.895
1161.296 30.752
1161.609 30.895
1161.921 43.467
1162.234 56.896
1162.547 51.182
1162.860 42.182
1163.173 50.754
1163.486 63.897
1163.799 67.612
1164.112 61.612
1164.425 49.755
1164.738 41.755
1165.051 42.470
1165.364 35.756
1165.676 22.756
1165.989 27.042
1166.302 22.900
1166.615 14.471
1166.928 19.329
1167.241 36.043
1167.554 43.186
1167.867 41.901
1168.180 44.044
1168.493 51.330
1168.806 69.759
1169.119 72.045
1169.432 55.188
1169.744 45.188
1170.057 54.474
1170.370 56.332
1170.683 57.903
1170.996 54.618
1171.309 60.618
1171.622 69.047
1171.935 72.476
1172.248 67.476
1172.561 63.477
1172.874 65.191
1173.187 71.049
1173.500 67.049
1173.812 59.049
1174.125 55.192
1174.438 56.050
1174.751 63.621
1175.064 54.479
1175.377 44.193
1175.690 50.908
1176.003 61.765
1176.316 74.480
1176.629 72.052
1176.942 58.766
1177.255 59.338
1177.567 57.338
1177.880 44.481
1178.193 40.482
1178.506 42.910
1178.819 58.196
1179.132 70.054
1179.445 69.768
1179.758 63.054
1180.071 63.055
1180.384 58.626
1180.697 50.198
1181.010 33.341
1181.323 26.199
1181.635 27.627
1181.948 35.485
1182.261 30.628
1182.574 32.485
1182.887 36.057
1183.200 44.343
1183.513 49.201
1183.826 44.201
1184.139 34.344
1184.452 40.916
1184.765 49.773
1185.078 52.059
1185.391 43.202
1185.703 38.202
1186.016 45.488
1186.329 58.346
1186.642 60.917
1186.955 49.632
1187.268 47.061
1187.581 60.347
1187.894 67.919
1188.207 71.205
1188.520 67.062
1188.833 64.919
1189.146 71.634
1189.459 72.063
1189.771 64.920
1190.084 51.635
1190.397 37.492
1190.710 36.778
1191.023 43.350
1191.336 46.636
1191.649 39.207
1191.962 35.065
1192.275 45.351
1192.588 62.780
1192.901 71.923
1193.214 75.352
1193.526 67.495
1193.839 66.209
1194.152 63.924
1194.465 49.638
1194.778 34.924
1195.091 27.496
1195.404 11.068
1195.717 20.782
1196.030 42.783
1196.343 48.783
1196.656 53.069
1196.969 58.783
1197.282 61.641
1197.594 75.784
1197.907 72.213
1198.220 59.927
1198.533 61.928
1198.846 74.499
1199.159 71.785
1199.472 70.357
1199.785 75.071
1200.098 82.215
1200.411 78.501
1200.724 70.787
1201.037 64.787
1201.350 68.216
1201.662 63.787
1201.975 55.002
1202.288 39.702
1202.601 33.002
