165.028 18.750
165.288 7.800
165.547 9.000
165.807 10.857
166.067 -5.571
166.327 -8.714
166.587 -3.714
166.847 -13.000
167.107 -16.714
167.367 -22.286
167.627 -18.857
167.886 1.000
168.146 -2.857
168.406 -3.429
168.666 16.286
168.926 15.857
169.186 8.429
169.446 -5.571
169.706 -9.286
169.966 16.286
170.225 17.714
170.485 -4.857
170.745 -1.714
171.005 11.857
171.265 18.571
171.525 16.143
171.785 -10.429
172.045 -6.857
172.305 16.571
172.564 21.143
172.824 16.286
173.084 21.857
173.344 20.571
173.604 28.000
173.864 22.571
174.124 16.286
174.384 26.000
174.644 43.286
174.903 49.429
175.163 51.000
175.423 57.429
175.683 62.286
175.943 56.714
176.203 45.286
176.463 24.000
176.723 4.429
176.983 6.429
177.242 5.714
177.502 4.429
177.762 1.143
178.022 8.000
178.282 17.714
178.542 23.571
178.802 13.571
179.062 3.571
179.322 -7.857
179.581 -1.429
179.841 -8.571
180.101 -12.143
180.361 -4.143
180.621 -4.714
180.881 -14.143
181.141 -15.000
181.401 -14.857
181.661 -9.286
181.920 -5.857
182.180 -1.571
182.440 10.000
182.700 26.714
182.960 34.000
183.220 28.286
183.480 23.857
183.740 25.286
184.000 18.429
184.259 11.857
184.519 11.571
184.779 19.714
185.039 39.857
185.299 44.429
185.559 53.143
185.819 50.857
186.079 37.000
186.339 21.571
186.598 -0.571
186.858 -25.000
187.118 -23.286
187.378 -37.143
187.638 -39.143
187.898 -20.857
188.158 -17.857
188.418 -11.000
188.678 -0.857
188.937 -4.571
189.197 -8.429
189.457 -10.714
189.717 -3.571
189.977 26.000
190.237 35.714
190.497 26.286
190.757 37.429
191.017 57.857
191.276 70.857
191.536 61.429
191.796 34.714
192.056 33.857
192.316 40.571
192.576 31.429
192.836 20.143
193.096 6.000
193.356 6.429
193.616 12.286
193.875 8.000
194.135 16.286
194.395 22.000
194.655 16.429
194.915 28.857
195.175 33.429
195.435 19.857
195.695 5.571
195.955 -10.857
196.214 -13.286
196.474 -14.286
196.734 -28.286
196.994 -28.571
197.254 -7.571
197.514 6.429
197.774 17.286
198.034 14.000
198.294 20.571
198.553 28.714
198.813 20.143
199.073 7.286
199.333 11.286
199.593 23.000
199.853 27.429
200.113 26.429
200.373 27.000
200.633 34.429
200.892 40.714
201.152 38.429
201.412 21.714
201.672 9.429
201.932 0.571
202.192 4.571
202.452 6.000
202.712 3.714
202.972 1.714
203.231 2.857
203.491 16.000
203.751 19.286
204.011 10.000
204.271 14.571
204.531 29.429
204.791 27.429
205.051 22.000
205.311 17.286
205.570 23.000
205.830 46.429
206.090 44.429
206.350 29.286
206.610 40.286
206.870 56.286
207.130 52.000
207.390 42.571
207.650 26.714
207.909 13.000
208.169 11.286
208.429 8.571
208.689 -4.143
208.949 -9.714
209.209 -2.857
209.469 -6.857
209.729 -9.857
209.989 -18.571
210.248 -22.429
210.508 -18.000
210.768 -4.714
211.028 -5.571
211.288 -5.286
211.548 1.571
211.808 8.857
212.068 12.429
212.328 8.143
212.587 0.286
212.847 9.143
213.107 16.571
213.367 14.714
213.627 13.714
213.887 5.714
214.147 4.286
214.407 7.857
214.667 5.571
214.926 2.714
215.186 16.571
215.446 23.714
215.706 14.714
215.966 22.714
216.226 21.714
216.486 12.000
216.746 26.571
217.006 32.143
217.265 38.714
217.525 62.429
217.785 59.714
218.045 50.429
218.305 53.714
218.565 38.857
218.825 24.714
219.085 14.429
219.345 5.429
219.604 0.286
219.864 7.286
220.124 9.000
220.384 7.429
220.644 7.714
220.904 9.000
221.164 10.429
221.424 19.714
221.684 31.000
221.943 36.714
222.203 35.714
222.463 35.286
222.723 39.714
222.983 39.571
223.243 38.571
223.503 25.000
223.763 18.571
224.023 21.857
224.282 26.143
224.542 22.000
224.802 15.571
225.062 5.000
225.322 6.000
225.582 3.857
225.842 4.714
226.102 0.429
226.362 -0.571
226.621 6.286
226.881 19.000
227.141 29.714
227.401 28.857
227.661 16.429
227.921 6.429
228.181 8.429
228.441 3.143
228.701 -4.857
228.960 -4.857
229.220 -2.857
229.480 2.571
229.740 13.000
230.000 8.429
230.260 11.714
230.520 19.143
230.780 11.857
231.040 8.714
231.299 14.286
231.559 9.429
231.819 9.286
232.079 14.857
232.339 18.286
232.599 22.000
232.859 30.286
233.119 27.571
233.379 30.143
233.638 29.857
233.898 33.571
234.158 35.429
234.418 37.429
234.678 43.571
234.938 43.429
235.198 32.143
235.458 28.143
235.718 20.286
235.978 10.000
236.237 11.286
236.497 4.286
236.757 0.000
237.017 14.429
237.277 29.143
237.537 30.857
237.797 34.429
238.057 26.286
238.317 25.429
238.576 28.000
238.836 17.714
239.096 0.429
239.356 4.714
239.616 13.571
239.876 14.714
240.136 5.143
240.396 0.286
240.656 7.429
240.915 20.286
241.175 16.714
241.435 11.286
241.695 17.000
241.955 32.286
242.215 38.571
242.475 35.571
242.735 29.000
242.995 19.571
243.254 15.143
243.514 12.000
243.774 4.000
244.034 1.857
244.294 8.714
244.554 19.000
244.814 24.429
245.074 18.571
245.334 8.714
245.593 11.714
245.853 17.286
246.113 25.286
246.373 32.857
246.633 42.000
246.893 58.000
247.153 78.714
247.413 78.429
247.673 77.286
247.932 71.571
248.192 64.714
248.452 47.857
248.712 31.714
248.972 24.714
249.232 26.286
249.492 27.714
249.752 24.000
250.012 18.286
250.271 22.714
250.531 26.143
250.791 27.000
251.051 25.857
251.311 22.857
251.571 41.000
251.831 59.143
252.091 69.714
252.351 70.857
252.610 71.000
252.870 79.714
253.130 84.571
253.390 62.143
253.650 49.571
253.911 44.571
254.172 39.857
254.433 28.143
254.694 5.714
254.955 -12.857
255.216 -26.286
255.477 -36.571
255.738 -37.429
255.999 -27.571
256.261 -22.714
256.522 -17.000
256.783 -7.429
257.044 6.000
257.305 15.571
257.566 12.143
257.827 3.000
258.088 3.857
258.349 11.429
258.610 20.571
258.871 22.143
259.132 12.571
259.393 18.286
259.654 26.857
259.915 27.000
260.176 20.714
260.437 16.000
260.698 19.714
260.959 25.429
261.221 24.286
261.482 12.143
261.743 4.429
262.004 2.429
262.265 2.143
262.526 8.286
262.787 11.286
263.048 2.429
263.309 7.429
263.570 17.286
263.831 28.857
264.092 31.286
264.353 20.286
264.614 9.571
264.875 6.714
265.136 2.143
265.397 -0.286
265.658 -4.857
265.919 0.714
266.181 13.857
266.442 23.429
266.703 37.429
266.964 44.000
267.225 43.857
267.486 35.714
267.747 26.143
268.008 19.714
268.269 15.571
268.530 21.143
268.791 34.000
269.052 43.286
269.313 56.000
269.574 53.286
269.835 39.571
270.096 31.714
270.357 24.429
270.618 15.429
270.879 9.714
271.141 9.857
271.402 16.571
271.663 36.857
271.924 54.143
272.185 49.143
272.446 33.000
272.707 23.571
272.968 20.714
273.229 22.571
273.490 20.857
273.751 17.714
274.012 15.714
274.273 32.286
274.534 38.857
274.795 37.286
275.056 42.714
275.317 32.714
275.578 27.143
275.839 43.714
276.101 57.000
276.362 61.571
276.623 60.857
276.884 53.714
277.145 52.429
277.406 48.429
277.667 36.143
277.928 22.000
278.189 16.714
278.450 10.571
278.711 -2.429
278.972 -10.286
279.233 -0.429
279.494 7.857
279.755 -0.429
280.016 -9.286
280.277 -12.571
280.538 -4.571
280.799 12.714
281.061 3.714
281.322 -5.571
281.583 6.143
281.844 19.571
282.105 19.143
282.366 11.286
282.627 3.143
282.888 8.571
283.149 13.000
283.410 2.571
283.671 -7.429
283.932 3.857
284.193 18.571
284.454 16.286
284.715 16.429
284.976 19.714
285.237 32.714
285.498 33.857
285.759 33.714
286.021 36.571
286.282 49.429
286.543 55.143
286.804 48.714
287.065 28.000
287.326 37.714
287.587 46.857
287.848 36.571
288.109 25.000
288.370 20.286
288.631 17.000
288.892 25.714
289.153 20.714
289.414 2.286
289.675 -8.429
289.936 -22.143
290.197 -27.714
290.458 -22.143
290.719 -26.571
290.981 -26.000
291.242 -16.714
291.503 -3.429
291.764 5.714
292.025 9.714
292.286 -0.286
292.547 -3.000
292.808 3.143
293.069 3.286
293.330 2.714
293.591 12.286
293.852 1.714
294.113 0.429
294.374 4.714
294.635 -8.857
294.896 -15.429
295.157 -14.000
295.418 -14.143
295.679 -2.857
295.941 4.857
296.202 14.857
296.463 23.429
296.724 27.143
296.985 21.571
297.246 17.286
297.507 19.000
297.768 11.857
298.029 0.429
298.290 -3.429
298.551 -2.714
298.812 -3.571
299.073 -2.429
299.334 -10.286
299.595 3.000
299.856 15.857
300.117 8.714
300.378 -7.571
300.639 3.714
300.901 13.286
301.162 7.000
301.423 -14.571
301.684 -38.286
301.945 -34.000
302.206 -7.286
302.467 -3.000
302.728 -6.429
302.989 -0.857
303.250 21.143
303.511 40.714
303.772 46.286
304.033 35.571
304.294 20.857
304.555 11.429
304.816 17.286
305.077 13.571
305.338 15.571
305.599 18.143
305.861 20.857
306.122 29.286
306.383 34.714
306.644 21.143
306.905 7.571
307.166 -2.857
307.427 -4.571
307.688 -9.143
307.949 -13.000
308.210 -8.286
308.471 12.571
308.732 29.286
308.993 49.571
309.254 64.143
309.515 77.143
309.776 85.286
310.037 78.857
310.298 73.286
310.559 77.429
310.821 64.000
311.082 48.714
311.343 41.286
311.604 34.286
311.865 37.857
312.126 42.286
312.387 37.857
312.648 40.714
312.909 53.286
313.170 66.714
313.434 76.429
313.698 79.000
313.963 65.000
314.227 46.714
314.491 40.857
314.755 26.571
315.019 4.857
315.284 -5.143
315.548 -0.714
315.812 11.286
316.076 29.571
316.340 30.857
316.604 21.857
316.869 24.429
317.133 32.286
317.397 21.286
317.661 -0.571
317.925 -16.000
318.190 -4.571
318.454 9.286
318.718 14.143
318.982 7.857
319.246 7.571
319.511 20.143
319.775 32.000
320.039 20.714
320.303 21.000
320.567 31.857
320.832 36.000
321.096 36.286
321.360 35.857
321.624 28.429
321.888 26.714
322.153 14.571
322.417 0.286
322.681 -5.714
322.945 -4.286
323.209 9.714
323.473 23.714
323.738 26.571
324.002 32.143
324.266 23.714
324.530 20.429
324.794 22.571
325.059 15.429
325.323 3.571
325.587 3.571
325.851 11.143
326.115 18.429
326.380 20.571
326.644 26.857
326.908 25.000
327.172 22.143
327.436 37.143
327.701 42.286
327.965 45.429
328.229 39.000
328.493 21.286
328.757 20.857
329.022 26.286
329.286 10.000
329.550 5.571
329.814 3.714
330.078 7.857
330.342 15.714
330.607 19.857
330.871 30.571
331.135 37.714
331.399 42.143
331.663 50.286
331.928 49.571
332.192 38.857
332.456 22.857
332.720 8.143
332.984 0.143
333.249 -10.000
333.513 -16.000
333.777 -2.857
334.041 16.000
334.305 27.286
334.570 27.143
334.834 29.286
335.098 24.857
335.362 9.143
335.626 -11.714
335.891 -21.000
336.155 -13.000
336.419 -2.857
336.683 4.000
336.947 9.429
337.211 16.286
337.476 21.429
337.740 19.429
338.004 4.714
338.268 -4.429
338.532 -6.714
338.797 -4.286
339.061 4.714
339.325 12.429
339.589 15.857
339.853 24.857
340.118 37.429
340.382 32.286
340.646 22.857
340.910 22.143
341.174 29.714
341.439 39.143
341.703 31.429
341.967 13.714
342.231 8.714
342.495 19.429
342.759 11.286
343.024 -5.000
343.288 -12.857
343.552 -8.143
343.816 -2.857
344.080 -1.714
344.345 -4.429
344.609 12.571
344.873 21.857
345.137 13.000
345.401 17.286
345.666 29.571
345.930 38.000
346.194 40.714
346.458 44.429
346.722 63.714
346.987 77.000
347.251 59.429
347.515 39.857
347.779 31.429
348.043 27.143
348.308 18.143
348.572 0.714
348.836 -11.429
349.100 -8.429
349.364 3.143
349.628 2.286
349.893 -6.714
350.157 -13.143
350.421 -20.286
350.685 -9.000
350.949 8.714
351.214 9.429
351.478 17.571
351.742 26.571
352.006 25.143
352.270 24.429
352.535 19.571
352.799 17.714
353.063 21.857
353.327 18.286
353.591 16.143
353.856 24.000
354.120 20.571
354.384 18.143
354.648 9.143
354.912 -0.143
355.177 -3.286
355.441 -8.857
355.705 -15.429
355.969 -3.143
356.233 -2.571
356.497 -3.857
356.762 -4.143
357.026 -8.286
357.290 -8.714
357.554 -11.571
357.818 -19.286
358.083 -6.571
358.347 11.143
358.611 17.429
358.875 24.429
359.139 23.429
359.404 19.143
359.668 27.714
359.932 27.286
360.196 15.143
360.460 10.571
360.725 22.143
360.989 37.286
361.253 50.143
361.517 48.143
361.781 38.000
362.046 38.000
362.310 37.286
362.574 18.429
362.838 13.000
363.102 18.571
363.366 18.429
363.631 20.429
363.895 10.429
364.159 4.429
364.423 21.286
364.687 25.714
364.952 13.571
365.216 6.429
365.480 9.571
365.747 27.429
366.013 37.571
366.280 39.286
366.546 41.571
366.813 56.143
367.079 61.714
367.346 52.571
367.612 44.571
367.879 43.714
368.145 37.857
368.412 37.714
368.678 25.143
368.945 16.143
369.211 11.286
369.478 5.143
369.744 -1.000
370.011 -8.429
370.278 -21.714
370.544 -17.429
370.811 -1.714
371.077 14.000
371.344 23.571
371.610 38.000
371.877 43.571
372.143 50.429
372.410 45.143
372.676 29.857
372.943 15.857
373.209 4.429
373.476 -5.714
373.742 -9.714
374.009 -5.143
374.276 2.857
374.542 6.571
374.809 2.286
375.075 -2.286
375.342 -1.714
375.608 9.286
375.875 4.000
376.141 -9.000
376.408 -8.571
376.674 1.143
376.941 4.286
377.207 -9.000
377.474 -31.429
377.740 -28.714
378.007 -17.143
378.273 -14.571
378.540 -10.857
378.807 3.571
379.073 14.429
379.340 17.286
379.606 5.286
379.873 2.714
380.139 1.857
380.406 -9.714
380.672 -20.571
380.939 -16.429
381.205 -4.571
381.472 6.571
381.738 3.857
382.005 -2.571
382.271 14.286
382.538 16.286
382.804 5.714
383.071 6.286
383.338 7.000
383.604 13.714
383.871 20.714
384.137 15.571
384.404 12.000
384.670 12.714
384.937 10.571
385.203 2.857
385.470 -0.571
385.736 8.429
386.003 14.000
386.269 27.000
386.536 32.286
386.802 28.857
387.069 26.714
387.336 23.286
387.602 13.714
387.869 0.857
388.135 -4.571
388.402 1.286
388.668 19.714
388.935 27.857
389.201 24.571
389.468 21.000
389.734 19.429
390.001 21.571
390.267 13.429
390.534 6.714
390.800 13.143
391.067 20.714
391.333 30.429
391.600 33.143
391.867 34.000
392.133 46.571
392.400 33.571
392.666 23.714
392.933 15.000
393.199 13.857
393.466 28.857
393.732 31.000
393.999 24.286
394.265 26.429
394.532 25.286
394.798 28.571
395.065 21.286
395.331 4.286
395.598 6.143
395.864 23.571
396.131 36.286
396.398 48.000
396.664 59.000
396.931 63.429
397.197 77.286
397.464 65.000
397.730 58.143
397.997 66.000
398.263 67.143
398.530 75.714
398.796 99.714
399.063 110.714
399.329 135.000
399.596 131.714
399.862 126.000
400.129 130.286
400.396 131.286
400.662 127.286
400.929 131.143
401.195 138.857
401.462 166.000
401.728 196.000
401.995 235.571
402.261 277.714
402.528 326.000
402.794 392.714
403.061 473.714
403.327 568.571
403.594 669.143
403.860 773.143
404.127 875.286
404.393 985.571
404.660 1084.143
404.931 1177.000
405.202 1267.714
405.473 1350.286
405.745 1432.000
406.016 1524.286
406.287 1609.714
406.558 1688.000
406.829 1751.000
407.100 1813.000
407.371 1869.857
407.642 1901.000
407.914 1921.143
408.185 1936.000
408.456 1955.143
408.727 1960.857
408.998 1945.286
409.269 1923.000
409.540 1895.429
409.811 1868.286
410.083 1833.000
410.354 1797.714
410.625 1769.571
410.896 1720.571
411.167 1682.429
411.438 1655.143
411.709 1606.857
411.981 1554.286
412.252 1489.000
412.523 1416.571
412.794 1354.857
413.065 1279.571
413.336 1216.000
413.607 1157.286
413.878 1081.714
414.150 1018.143
414.421 956.857
414.692 897.571
414.963 841.714
415.234 776.857
415.505 706.286
415.776 653.000
416.047 588.857
416.319 519.571
416.590 455.286
416.861 403.571
417.132 349.286
417.403 308.143
417.674 270.143
417.945 239.571
418.217 220.857
418.488 194.571
418.759 168.714
419.030 151.857
419.301 139.143
419.572 132.714
419.843 119.429
420.114 90.000
420.386 76.714
420.657 62.143
420.928 44.143
421.199 31.714
421.470 6.571
421.741 -15.429
422.012 -10.571
422.283 -9.857
422.555 -8.000
422.826 -2.857
423.097 -2.286
423.368 7.571
423.639 17.429
423.910 38.143
424.181 58.000
424.453 63.857
424.724 66.714
424.995 62.286
425.266 54.286
425.537 55.714
425.808 35.571
426.079 19.571
426.350 17.857
426.622 7.000
426.893 3.143
427.164 5.571
427.435 4.143
427.706 12.571
427.977 14.286
428.248 4.429
428.519 6.571
428.791 13.571
429.062 22.143
429.333 33.286
429.604 27.714
429.875 30.000
430.146 48.857
430.417 58.429
430.689 51.286
430.960 35.000
431.231 25.000
431.502 23.857
431.773 20.714
432.044 20.143
432.315 29.000
432.586 33.000
432.858 39.429
433.129 31.143
433.400 21.000
433.671 1.857
433.942 -17.857
434.213 -26.857
434.484 -29.857
434.755 -33.429
435.027 -20.286
435.298 -2.571
435.569 18.143
435.840 28.143
436.116 21.571
436.391 26.286
436.667 40.429
436.942 39.143
437.218 37.000
437.493 34.857
437.769 29.714
438.045 38.857
438.320 51.571
438.596 50.429
438.871 47.571
439.147 37.571
439.422 38.857
439.698 41.000
439.974 30.571
440.249 16.429
440.525 14.143
440.800 17.143
441.076 27.429
441.351 26.429
441.627 18.286
441.903 18.571
442.178 24.857
442.454 21.286
442.729 14.286
443.005 19.714
443.281 33.000
443.556 46.000
443.832 50.143
444.107 38.286
444.383 34.714
444.658 41.286
444.934 44.429
445.210 54.429
445.485 72.571
445.761 86.571
446.036 99.571
446.312 115.286
446.587 128.429
446.863 121.714
447.139 99.143
447.414 80.857
447.690 86.714
447.965 98.286
448.241 103.714
448.516 98.429
448.792 99.429
449.068 114.143
449.343 124.286
449.619 117.000
449.894 104.857
450.170 102.286
450.445 113.143
450.721 121.143
450.997 122.429
451.272 125.571
451.548 126.857
451.823 137.000
452.099 131.714
452.375 110.714
452.650 115.000
452.926 116.857
453.201 109.286
453.477 116.857
453.752 125.429
454.028 135.286
454.304 151.286
454.579 156.286
454.855 157.429
455.130 171.143
455.406 168.714
455.681 159.000
455.957 148.000
456.233 137.286
456.508 126.857
456.784 128.714
457.059 115.571
457.335 95.857
457.610 89.143
457.886 87.286
458.162 82.000
458.437 64.714
458.713 52.429
458.988 44.857
459.264 47.143
459.539 44.429
459.815 47.000
460.091 45.000
460.366 52.000
460.642 50.143
460.917 56.286
461.193 47.286
461.468 37.714
461.744 30.429
462.020 35.571
462.295 34.571
462.571 27.000
462.846 22.850
463.122 31.272
463.397 35.982
463.673 48.393
463.949 52.821
464.224 56.519
464.500 59.945
464.775 60.936
465.051 69.927
465.327 66.928
465.602 47.234
465.878 37.940
466.153 33.242
466.429 33.531
466.704 16.682
466.980 -0.162
467.256 3.566
467.531 9.138
467.807 13.464
468.082 25.957
468.358 29.993
468.633 49.064
468.909 61.574
469.185 68.650
469.460 68.809
469.736 67.690
470.011 55.230
470.287 50.937
470.562 42.177
470.838 35.000
471.114 29.713
471.389 32.336
471.665 27.885
471.940 37.031
472.216 55.877
472.491 61.825
472.767 69.540
473.043 71.901
473.318 68.443
473.594 79.790
473.869 76.777
474.145 59.117
474.421 59.739
474.696 59.181
474.972 60.656
475.247 63.568
475.523 47.289
475.798 43.960
476.074 54.886
476.350 51.531
476.625 42.364
476.901 33.477
477.176 29.837
477.452 44.795
477.727 55.519
478.003 44.007
478.279 39.931
478.554 39.201
478.830 39.050
479.105 52.216
479.381 52.020
479.656 36.333
479.932 32.412
480.208 34.139
480.483 39.040
480.759 47.381
481.034 39.817
481.310 31.986
481.585 39.309
481.861 54.228
482.137 50.055
482.412 44.423
482.688 35.916
482.963 34.571
483.239 32.822
483.514 27.619
483.790 23.815
484.066 34.346
484.341 39.602
484.617 37.316
484.892 40.404
485.168 44.778
485.443 45.461
485.719 35.627
485.995 30.487
486.270 20.710
486.546 15.079
486.821 13.724
487.097 24.757
487.373 22.615
487.648 15.171
487.924 8.695
488.199 24.420
488.475 38.750
488.750 31.017
489.026 24.789
489.302 32.058
489.577 48.579
489.853 66.336
490.128 66.430
490.404 59.276
490.679 67.803
490.955 66.963
491.231 71.008
491.506 74.362
491.782 71.707
492.057 70.041
492.333 73.536
492.608 68.231
492.884 71.603
493.160 64.480
493.435 45.319
493.711 27.976
493.986 20.155
494.262 23.260
494.537 27.617
494.813 27.786
495.089 39.171
495.364 46.600
495.640 46.858
495.915 48.697
496.191 46.337
496.467 44.682
496.742 46.040
497.018 48.726
497.293 57.646
497.569 71.644
497.844 80.615
498.120 88.732
498.396 90.904
498.671 76.090
498.947 61.551
499.222 65.612
499.498 65.383
499.773 68.904
500.049 71.441
500.325 70.941
500.600 79.272
500.876 90.529
501.151 82.606
501.427 75.495
501.702 63.093
501.978 50.241
502.254 50.135
502.529 56.238
502.805 60.509
503.080 68.942
503.356 79.941
503.631 88.498
503.907 90.244
504.183 79.144
504.458 66.179
504.734 65.912
505.009 65.767
505.285 59.260
505.560 61.863
505.836 62.441
506.112 68.941
506.387 73.271
506.663 51.172
506.938 39.162
507.214 47.359
507.490 54.520
507.765 58.239
508.041 61.243
508.316 65.507
508.592 72.691
508.867 68.089
509.143 53.958
509.419 45.769
509.694 52.848
509.970 55.519
510.245 58.305
510.521 63.953
510.796 80.485
511.072 95.248
511.348 84.636
511.623 69.768
511.899 70.418
512.174 70.730
512.450 71.073
512.725 69.670
513.001 73.072
513.277 91.479
513.552 106.828
513.828 119.129
514.103 121.387
514.379 125.205
514.654 122.309
514.930 116.164
515.206 116.710
515.481 120.454
515.757 126.816
516.032 133.207
516.308 135.309
516.583 143.953
516.859 167.595
517.135 186.182
517.410 199.069
517.686 212.959
517.961 242.507
518.237 275.858
518.513 305.698
518.788 322.552
519.064 338.902
519.339 370.332
519.615 403.365
519.890 433.085
520.166 469.182
520.442 510.792
520.717 552.712
520.993 592.699
521.268 617.677
521.544 640.674
521.819 670.217
522.095 685.587
522.371 689.669
522.646 688.030
522.922 691.757
523.197 706.811
523.473 708.264
523.748 696.020
524.024 701.936
524.300 702.984
524.575 696.969
524.851 678.104
525.126 659.156
525.402 652.916
525.677 638.972
525.953 611.416
526.229 589.772
526.504 577.742
526.780 566.326
527.055 552.465
527.331 515.697
527.606 477.419
527.882 444.827
528.158 429.548
528.433 426.751
528.709 425.995
528.984 416.254
529.260 416.250
529.535 433.773
529.811 456.876
530.087 465.563
530.362 455.363
530.638 446.188
530.913 442.545
531.189 434.942
531.465 423.726
531.740 413.416
532.016 403.776
532.291 395.488
532.567 387.661
532.842 380.139
533.118 385.842
533.394 387.406
533.669 377.412
533.945 365.080
534.220 356.616
534.496 349.814
534.771 347.454
535.047 342.505
535.323 346.127
535.598 362.593
535.874 393.523
536.149 431.142
536.425 484.924
536.700 549.109
536.976 623.776
537.252 711.074
537.527 815.074
537.803 923.793
538.078 1037.872
538.354 1166.150
538.629 1310.861
538.905 1454.330
539.181 1585.496
539.456 1701.252
539.732 1800.517
540.007 1915.948
540.283 2010.630
540.558 2077.987
540.834 2150.634
541.110 2230.737
541.385 2303.375
541.661 2374.728
541.936 2426.459
542.212 2476.846
542.488 2514.338
542.763 2522.729
543.039 2510.529
543.314 2485.000
543.590 2456.766
543.865 2411.668
544.141 2355.719
544.417 2315.400
544.692 2284.615
544.968 2259.114
545.243 2231.330
545.519 2212.223
545.794 2202.600
546.070 2192.998
546.348 2178.066
546.627 2193.813
546.905 2209.668
547.183 2241.903
547.461 2268.812
547.740 2303.261
548.018 2351.592
548.296 2412.026
548.575 2450.528
548.853 2513.403
549.131 2581.608
549.409 2659.932
549.688 2745.757
549.966 2835.080
550.244 2938.331
550.523 3040.943
550.801 3134.653
551.079 3243.964
551.357 3351.406
551.636 3449.835
551.914 3551.791
552.192 3630.323
552.471 3710.821
552.749 3788.890
553.027 3835.554
553.306 3883.043
553.584 3934.731
553.862 3980.063
554.140 4016.396
554.419 4046.935
554.697 4051.407
554.975 4041.426
555.254 4021.281
555.532 3977.136
555.810 3914.870
556.088 3846.693
556.367 3759.008
556.645 3665.368
556.923 3568.203
557.202 3460.629
557.480 3345.637
557.758 3221.784
558.036 3105.879
558.315 2980.010
558.593 2841.399
558.871 2712.376
559.150 2577.181
559.428 2431.460
559.706 2273.191
559.984 2118.903
560.263 1992.251
560.541 1847.115
560.819 1694.443
561.098 1566.790
561.376 1456.085
561.654 1339.922
561.932 1218.873
562.211 1098.973
562.489 1027.028
562.767 972.517
563.046 900.987
563.324 830.909
563.602 796.960
563.880 754.186
564.159 705.258
564.437 654.394
564.715 607.321
564.994 567.288
565.272 537.065
565.550 502.809
565.828 481.422
566.107 457.205
566.385 426.675
566.663 406.144
566.942 393.222
567.220 370.605
567.498 348.552
567.776 333.514
568.055 325.270
568.333 326.862
568.611 317.316
568.890 302.944
569.168 295.139
569.446 288.062
569.725 277.192
570.003 263.161
570.281 248.249
570.559 236.054
570.838 220.133
571.116 204.486
571.394 183.818
571.673 153.868
571.951 130.390
572.229 114.821
572.507 102.730
572.786 93.807
573.064 91.387
573.342 92.449
573.621 107.148
573.899 122.703
574.177 123.476
574.455 118.409
574.734 117.359
575.012 112.264
575.290 107.014
575.569 92.382
575.847 79.708
576.125 75.174
576.403 75.240
576.682 73.617
576.960 73.941
577.243 72.724
577.527 73.044
577.810 75.490
578.093 85.970
578.377 87.890
578.660 90.367
578.944 97.671
579.227 99.840
579.510 99.441
579.794 94.252
580.077 74.927
580.360 55.676
580.644 48.063
580.927 31.913
581.210 32.539
581.494 44.534
581.777 47.125
582.061 47.275
582.344 52.821
582.627 45.135
582.911 42.290
583.194 47.731
583.477 43.772
583.761 37.939
584.044 41.798
584.327 43.512
584.611 61.065
584.894 72.053
585.178 64.517
585.461 62.388
585.744 68.249
586.028 73.541
586.311 95.402
586.594 85.847
586.878 71.429
587.161 77.000
587.444 80.429
587.728 81.846
588.011 83.119
588.295 67.547
588.578 67.554
588.861 80.554
589.145 67.266
589.428 63.255
589.711 59.694
589.995 43.853
590.278 43.691
590.562 42.957
590.845 36.669
591.128 37.950
591.412 23.821
591.695 20.524
591.978 34.784
592.262 44.174
592.545 52.856
592.828 53.845
593.112 43.593
593.395 35.359
593.679 38.052
593.962 45.816
594.245 51.322
594.529 49.135
594.812 60.346
595.095 83.774
595.379 103.789
595.662 104.605
595.945 99.026
596.229 95.510
596.512 110.182
596.796 118.728
597.079 122.478
597.362 122.865
597.646 130.332
597.929 135.355
598.212 121.331
598.496 102.353
598.779 86.646
599.062 67.283
599.346 65.425
599.629 70.990
599.913 65.324
600.196 67.543
600.479 79.471
600.763 93.495
601.046 106.135
601.329 116.778
601.613 113.369
601.896 109.823
602.179 106.866
602.463 107.087
602.746 111.531
603.030 104.768
603.313 95.488
603.596 93.479
603.880 91.912
604.163 95.801
604.446 87.086
604.730 61.850
605.013 59.325
605.296 53.299
605.580 47.842
605.863 59.157
606.147 66.862
606.430 61.399
606.713 61.119
606.997 69.070
607.280 78.165
607.563 80.672
607.847 82.489
608.130 92.703
608.414 117.225
608.697 134.296
608.980 131.521
609.264 130.822
609.547 138.109
609.830 128.604
610.114 108.464
610.397 107.203
610.680 114.248
610.964 124.921
611.247 136.860
611.531 149.064
611.814 167.463
612.097 171.817
612.381 147.452
612.664 131.619
612.947 127.710
613.231 120.436
613.514 114.464
613.797 110.844
614.081 121.943
614.364 135.139
614.648 148.071
614.931 159.070
615.214 157.274
615.498 139.889
615.781 138.982
616.064 140.856
616.348 136.125
616.631 140.813
616.914 138.753
617.198 142.603
617.481 161.525
617.765 162.306
618.048 167.488
618.331 181.786
618.615 169.598
618.898 164.727
619.181 162.235
619.465 159.369
619.748 156.214
620.031 141.895
620.315 129.566
620.598 131.767
620.882 130.467
621.165 150.019
621.448 153.868
621.732 146.307
622.015 151.970
622.298 147.053
622.582 135.299
622.865 131.696
623.148 118.080
623.432 111.537
623.715 124.165
623.999 134.092
624.282 143.550
624.565 158.992
624.849 164.162
625.132 172.222
625.415 184.364
625.699 175.387
625.982 151.706
626.265 147.273
626.549 150.200
626.832 1.705
627.116 -93.305
627.399 -98.361
627.682 -76.347
627.966 -54.481
628.249 -43.585
628.532 -48.083
628.816 108.626
629.099 201.828
629.383 207.734
629.666 198.384
629.949 198.958
630.233 203.046
630.516 214.828
630.799 210.229
631.083 199.271
631.366 198.210
631.649 202.938
631.933 204.455
632.216 208.626
632.500 203.376
632.783 214.722
633.066 235.018
633.350 230.603
633.633 224.807
633.916 234.930
634.200 239.638
634.483 260.596
634.766 278.065
635.050 290.941
635.333 318.532
635.617 337.973
635.900 350.394
636.183 375.088
636.467 396.070
636.750 410.022
637.033 425.380
637.317 445.673
637.600 481.987
637.883 506.056
638.167 520.021
638.450 543.650
638.734 571.668
639.017 614.988
639.300 654.863
639.584 673.224
639.867 708.991
640.150 760.247
640.434 798.395
640.717 840.758
641.000 899.645
641.284 974.615
641.567 1064.370
641.851 1162.432
642.134 1272.312
642.417 1386.786
642.701 1516.797
642.984 1647.295
643.267 1788.459
643.551 1955.964
643.834 2134.967
644.117 2324.689
644.401 2560.337
644.684 2828.863
644.968 3092.879
645.251 3362.228
645.534 3656.939
645.818 3960.424
646.101 4254.455
646.384 4539.995
646.668 4814.230
646.951 5123.961
647.235 5453.672
647.518 5782.297
647.801 6137.542
648.085 6540.984
648.368 6976.914
648.651 7450.323
648.935 7912.955
649.218 8366.004
649.501 8861.282
649.785 9345.094
650.068 9817.243
650.352 10266.040
650.635 10687.947
650.918 11089.144
651.202 11484.577
651.485 11847.435
651.768 12181.340
652.052 12501.311
652.335 12824.062
652.618 13107.563
652.902 13393.948
653.185 13674.783
653.469 13924.534
653.752 14161.094
654.035 14354.918
654.319 14512.185
654.602 14670.713
654.885 14780.574
655.169 14857.175
655.452 14902.240
655.735 14947.442
656.019 14977.632
656.302 14987.952
656.586 14984.747
656.869 14984.550
657.152 14979.129
657.436 14959.005
657.719 14911.497
658.002 14855.770
658.286 14775.814
658.569 14657.192
658.852 14537.149
659.136 14395.534
659.419 14237.389
659.703 14082.793
659.986 13919.150
660.269 13742.962
660.553 13585.781
660.836 13431.322
661.119 13280.744
661.403 13154.623
661.686 13030.349
661.969 12937.343
662.253 12884.117
662.536 12863.062
662.820 12850.457
663.103 12868.905
663.386 12914.567
663.670 12982.263
663.953 13063.634
664.236 13186.447
664.520 13308.037
664.803 13447.868
665.086 13597.972
665.370 13711.441
665.653 13808.838
665.937 13899.882
666.220 13969.087
666.503 14039.985
666.787 14081.841
667.070 14118.642
667.353 14158.587
667.637 14198.371
667.920 14224.423
668.204 14205.265
668.487 14146.555
668.770 14086.110
669.054 13956.241
669.337 13790.588
669.620 13598.838
669.904 13354.582
670.187 13060.846
670.470 12765.317
670.754 12455.835
671.037 12108.716
671.321 11736.336
671.604 11331.824
671.887 10908.370
672.171 10479.784
672.454 10007.651
672.737 9497.880
673.021 8996.102
673.304 8507.894
673.587 8009.600
673.871 7512.255
674.154 7038.107
674.438 6592.191
674.721 6163.926
675.004 5755.432
675.288 5336.757
675.571 4950.370
675.854 4602.116
676.138 4273.492
676.421 3944.019
676.704 3627.298
676.988 3337.955
677.271 3094.926
677.555 2847.291
677.838 2600.207
678.121 2377.434
678.405 2188.084
678.688 2004.094
678.971 1832.748
679.255 1671.211
679.538 1543.232
679.821 1442.477
680.105 1337.275
680.388 1221.358
680.672 1122.019
680.955 1040.673
681.238 969.372
681.522 892.924
681.805 812.652
682.088 758.551
682.372 712.889
682.655 674.845
682.938 648.666
683.222 623.940
683.505 608.531
683.789 595.706
684.072 581.242
684.355 574.084
684.639 562.071
684.922 546.546
685.205 536.177
685.489 537.689
685.772 552.601
686.056 557.075
686.339 566.917
686.622 574.969
686.906 566.471
687.189 565.713
687.472 568.079
687.756 553.316
688.039 544.667
688.322 541.983
688.606 551.377
688.889 563.376
689.173 561.509
689.456 544.886
689.739 539.969
690.023 533.336
690.306 513.589
690.589 499.348
690.873 492.712
691.156 496.354
691.439 506.243
691.723 502.614
692.006 501.433
692.290 493.751
692.573 471.050
692.856 448.696
693.140 423.458
693.423 405.124
693.706 401.766
693.990 391.281
694.273 401.574
694.556 418.229
694.840 431.754
695.123 433.799
695.407 431.706
695.690 428.278
695.973 419.106
696.257 406.119
696.540 399.476
696.830 405.665
697.120 423.916
697.410 428.226
697.699 430.764
697.989 445.248
698.279 446.708
698.569 448.159
698.859 426.670
699.149 406.108
699.439 392.921
699.729 375.714
700.018 355.301
700.308 343.283
700.598 339.957
700.888 353.370
701.178 360.196
701.468 364.722
701.758 359.082
702.048 358.916
702.337 356.239
702.627 343.134
702.917 319.241
703.207 302.186
703.497 284.608
703.787 272.337
704.077 267.086
704.366 259.315
704.656 254.973
704.946 265.122
705.236 257.049
705.526 258.765
705.816 270.274
706.106 258.941
706.396 247.470
706.685 229.115
706.975 202.737
707.265 197.435
707.555 198.136
707.845 186.822
708.135 193.322
708.425 199.602
708.715 204.809
709.004 197.240
709.294 194.137
709.584 190.467
709.874 190.978
710.164 174.851
710.454 165.449
710.744 159.211
711.034 177.432
711.323 185.222
711.613 171.011
711.903 158.963
712.193 162.242
712.483 154.861
712.773 160.588
713.063 164.106
713.352 151.674
713.642 154.527
713.932 163.300
714.222 163.039
714.512 169.769
714.802 160.482
715.092 142.841
715.382 135.319
715.671 137.837
715.961 140.672
716.251 145.113
716.541 154.873
716.831 160.609
717.121 164.594
717.411 176.482
717.701 176.704
717.990 170.500
718.280 159.625
718.570 143.453
718.860 149.277
719.150 154.260
719.440 144.709
719.730 140.752
720.019 140.265
720.309 144.119
720.599 151.974
720.889 147.973
721.179 143.579
721.469 145.970
721.759 143.894
722.049 144.501
722.338 155.164
722.628 149.755
722.918 146.273
723.208 143.745
723.498 140.822
723.788 134.545
724.078 123.488
724.368 120.151
724.657 129.731
724.947 128.806
725.237 123.512
725.527 121.761
725.817 121.395
726.107 123.496
726.397 120.643
726.686 112.957
726.976 114.278
727.266 109.028
727.556 104.764
727.846 112.539
728.136 117.131
728.426 108.868
728.716 104.642
729.005 99.402
729.295 106.217
729.585 110.938
729.875 108.757
730.165 107.680
730.455 121.631
730.745 133.975
731.035 136.798
731.324 139.744
731.614 139.786
731.904 135.234
732.194 133.736
732.484 127.760
732.774 123.710
733.064 130.587
733.354 141.363
733.643 136.936
733.933 137.531
734.223 141.196
734.513 133.191
734.803 128.051
735.093 116.689
735.383 99.599
735.672 104.265
735.962 106.278
736.252 99.782
736.542 98.716
736.832 92.635
737.122 93.377
737.412 105.671
737.702 107.819
737.991 101.850
738.281 100.207
738.571 104.740
738.861 117.827
739.151 121.826
739.441 112.178
739.731 114.517
740.021 115.653
740.310 116.950
740.600 123.084
740.890 115.284
741.180 100.796
741.470 89.536
741.760 93.389
742.050 110.954
742.339 107.859
742.629 84.873
742.919 73.184
743.209 74.470
743.499 87.046
743.789 86.383
744.079 73.257
744.369 69.174
744.658 75.122
744.948 73.007
745.238 77.412
745.528 80.739
745.818 80.783
746.108 86.787
746.398 107.932
746.688 120.449
746.977 128.265
747.267 124.741
747.557 111.703
747.847 104.229
748.137 92.331
748.427 86.571
748.717 86.732
749.006 90.454
749.296 97.432
749.586 107.700
749.876 105.449
750.166 104.051
750.456 100.668
750.746 92.039
751.036 101.788
751.325 103.413
751.615 96.178
751.905 91.497
752.195 97.527
752.485 101.292
752.775 109.179
753.065 89.364
753.355 80.239
753.644 77.696
753.934 75.419
754.224 73.155
754.514 66.030
754.804 65.207
755.094 75.949
755.384 77.246
755.674 73.227
755.963 72.090
756.253 66.508
756.543 61.508
756.833 54.365
757.123 42.479
757.413 38.749
757.703 49.667
757.992 55.123
758.282 54.698
758.572 52.253
758.862 49.668
759.152 51.822
759.442 55.997
759.732 60.466
760.022 55.446
760.311 49.560
760.601 50.145
760.891 47.715
761.181 52.186
761.471 54.198
761.761 37.241
762.051 31.060
762.341 47.476
762.630 57.264
762.920 60.717
763.210 53.524
763.500 51.512
763.793 59.846
764.086 75.225
764.379 71.312
764.671 58.367
764.964 47.575
765.257 47.578
765.550 56.810
765.843 66.603
766.136 68.328
766.429 71.361
766.722 77.113
767.014 84.458
767.307 99.147
767.600 108.795
767.893 107.375
768.186 110.287
768.479 118.488
768.772 133.761
769.064 147.566
769.357 133.881
769.650 115.304
769.943 98.599
770.236 77.430
770.529 55.998
770.822 34.687
771.115 25.799
771.407 35.177
771.700 31.433
771.993 36.617
772.286 50.010
772.579 50.440
772.872 52.746
773.165 43.510
773.457 32.412
773.750 31.836
774.043 27.518
774.336 28.250
774.629 39.037
774.922 34.138
775.215 33.128
775.508 29.958
775.800 25.638
776.093 32.970
776.386 25.753
776.679 11.799
776.972 15.102
777.265 17.973
777.558 30.764
777.850 36.364
778.143 27.730
778.436 28.870
778.729 29.875
779.022 31.742
779.315 28.870
779.608 23.110
779.900 33.989
780.193 46.583
780.486 49.007
780.779 53.740
781.072 48.285
781.365 47.139
781.658 40.254
781.951 22.341
782.243 10.751
782.536 2.297
782.829 -3.296
783.122 -1.719
783.415 -4.586
783.708 1.571
784.001 9.591
784.293 10.443
784.586 24.042
784.879 30.627
785.172 29.195
785.465 42.206
785.758 47.206
786.051 35.331
786.344 30.464
786.636 29.736
786.929 38.138
787.222 41.280
787.515 43.268
787.808 42.962
788.101 45.254
788.394 50.542
788.686 49.792
788.979 44.075
789.272 49.783
789.565 41.363
789.858 35.659
790.151 39.943
790.444 42.506
790.737 32.097
791.029 35.103
791.322 36.948
791.615 30.818
791.908 19.987
792.201 25.968
792.494 40.043
792.787 52.862
793.079 39.165
793.372 29.042
793.665 39.006
793.958 60.364
794.251 72.328
794.544 60.668
794.837 49.559
795.130 53.407
795.422 51.272
795.715 57.106
796.008 55.526
796.301 40.001
796.594 34.304
796.887 34.162
797.180 36.292
797.472 44.123
797.765 37.299
798.058 28.339
798.351 32.890
798.644 35.596
798.937 33.744
799.230 33.321
799.523 24.063
799.815 11.522
800.108 -0.869
800.401 -15.403
800.694 -15.250
800.987 -12.108
801.280 -15.098
801.573 -1.130
801.865 14.838
802.158 30.371
802.451 42.930
802.744 54.615
803.037 63.593
803.330 65.021
803.623 66.052
803.915 52.924
804.208 45.082
804.501 50.538
804.794 36.147
805.087 25.032
805.380 22.319
805.673 6.289
805.966 8.428
806.258 12.733
806.551 4.293
806.844 10.039
807.137 9.185
807.430 12.775
807.723 17.509
808.016 15.924
808.308 17.226
808.601 12.202
808.894 1.011
809.187 -3.872
809.480 -7.610
809.773 -0.546
810.066 9.095
810.359 7.664
810.651 17.748
810.944 22.496
811.237 32.000
811.530 34.305
811.825 30.993
812.119 17.860
812.414 13.101
812.709 13.277
813.003 11.257
813.298 13.026
813.593 22.897
813.887 26.542
814.182 34.936
814.476 29.995
814.771 23.486
815.066 30.752
815.360 36.443
815.655 44.936
815.950 53.995
816.244 57.061
816.539 68.838
816.834 55.555
817.128 38.471
817.423 24.077
817.718 10.420
818.012 0.125
818.307 1.038
818.602 8.013
818.896 30.732
819.191 39.959
819.486 38.029
819.780 46.376
820.075 46.575
820.369 41.586
820.664 29.231
820.959 28.134
821.253 32.585
821.548 30.034
821.843 15.691
822.137 8.885
822.432 6.799
822.727 18.770
823.021 22.021
823.316 24.777
823.611 32.091
823.905 37.971
824.200 45.795
824.495 59.342
824.789 64.123
825.084 58.338
825.379 49.905
825.673 60.546
825.968 61.646
826.262 65.189
826.557 67.525
826.852 50.176
827.146 38.669
827.441 30.173
827.736 0.587
828.030 -25.062
828.325 -48.844
828.620 -69.902
828.914 -67.331
829.209 -67.611
829.504 -57.147
829.798 -35.636
830.093 -5.687
830.388 18.280
830.682 20.913
830.977 13.723
831.271 19.738
831.566 10.566
831.861 1.037
832.155 -9.955
832.450 -23.689
832.745 -16.601
833.039 -11.973
833.334 -16.043
833.629 -9.024
833.923 6.956
834.218 14.297
834.513 22.144
834.807 22.752
835.102 23.318
835.397 38.215
835.691 56.851
835.986 46.445
836.281 35.723
836.575 28.134
836.870 26.435
837.164 38.315
837.459 40.414
837.754 33.033
838.048 43.874
838.343 57.667
838.638 68.109
838.932 69.703
839.227 55.974
839.522 33.243
839.816 22.549
840.111 18.533
840.406 5.053
840.700 5.472
840.995 7.666
841.290 3.013
841.584 8.048
841.879 3.793
842.174 -3.300
842.468 4.038
842.763 4.401
843.057 27.063
843.352 55.873
843.647 66.144
843.941 80.428
844.236 89.215
844.531 99.005
844.825 95.367
845.120 76.955
845.415 58.214
845.709 48.827
846.004 46.507
846.299 32.576
846.593 20.830
846.888 24.371
847.183 16.630
847.477 9.552
847.772 12.603
848.066 2.745
848.361 16.564
848.656 25.593
848.950 25.837
849.245 41.093
849.540 47.464
849.834 44.185
850.129 53.196
850.424 47.650
850.718 35.062
851.013 21.294
851.308 8.029
851.602 8.349
851.897 3.776
852.192 13.576
852.486 31.871
852.781 37.921
853.076 41.547
853.370 38.261
853.665 33.359
853.959 40.559
854.254 33.925
854.549 25.454
854.843 34.605
855.138 44.786
855.433 42.681
855.727 41.087
856.022 42.049
856.317 32.504
856.611 15.724
856.906 12.353
857.201 16.517
857.495 32.236
857.790 41.791
858.085 40.829
858.379 47.788
858.674 43.911
858.969 29.284
859.263 15.611
859.558 6.803
859.852 -4.369
860.147 -10.574
860.442 -3.247
860.736 10.161
861.031 19.765
861.326 22.994
861.620 10.491
861.915 13.938
862.210 31.844
862.504 29.135
862.799 26.157
863.094 31.158
863.388 37.722
863.683 43.855
863.978 45.819
864.272 37.692
864.567 13.995
864.861 10.376
865.156 1.436
865.451 -5.975
865.745 -9.340
866.040 -14.487
866.335 -7.534
866.629 6.861
866.924 -1.264
867.219 -4.778
867.513 4.298
867.808 14.330
868.103 19.155
868.397 11.930
868.692 15.054
868.987 34.358
869.281 42.497
869.576 29.658
869.871 19.624
870.165 22.874
870.460 23.249
870.754 19.940
871.049 8.234
871.344 7.584
871.638 13.925
871.933 24.892
872.228 28.474
872.522 16.852
872.817 10.149
873.112 9.747
873.406 7.034
873.701 8.369
873.996 -8.041
874.290 -26.503
874.585 -17.868
874.880 -0.434
875.174 8.949
875.469 3.145
875.764 0.613
876.058 14.561
876.353 21.102
876.647 17.686
876.942 12.091
877.237 13.883
877.531 22.725
877.826 20.649
878.121 9.781
878.415 11.330
878.710 10.831
879.005 -1.475
879.299 -17.012
879.594 -27.399
879.889 -39.421
880.183 -36.401
880.478 -35.300
880.773 -31.942
881.067 -27.752
881.362 -19.215
881.656 -8.493
881.951 13.603
882.246 22.575
882.540 29.799
882.835 30.580
883.130 29.046
883.424 25.890
883.719 15.929
884.014 2.696
884.308 1.445
884.603 -9.855
884.898 -17.976
885.192 -14.077
885.487 -9.194
885.782 -1.980
886.076 1.753
886.371 -13.249
886.666 -14.079
886.960 -6.616
887.255 -16.807
887.549 -33.240
887.844 -30.869
888.139 -23.019
888.433 -4.424
888.728 9.428
889.023 15.367
889.317 31.744
889.612 45.588
889.907 40.506
890.201 30.989
890.496 19.733
890.791 14.288
891.085 7.967
891.380 5.797
891.675 14.989
891.969 23.058
892.264 27.093
892.559 32.133
892.853 28.351
893.148 28.225
893.442 26.212
893.737 20.790
894.032 16.876
894.326 19.512
894.621 27.467
894.916 33.019
895.210 34.279
895.505 28.736
895.800 22.188
896.094 19.419
896.389 14.138
896.684 7.071
896.978 19.197
897.273 34.103
897.568 45.726
897.862 49.011
898.157 53.829
898.451 58.387
898.746 60.929
899.041 47.164
899.335 32.008
899.630 33.425
899.925 39.410
900.219 37.781
900.514 39.447
900.809 35.780
901.103 35.409
901.398 42.792
901.693 36.346
901.987 27.193
902.282 27.092
902.577 21.521
902.871 12.590
903.166 5.301
903.461 -8.355
903.755 -23.454
904.050 -26.924
904.344 -21.609
904.639 -16.306
904.934 7.056
905.228 30.319
905.523 38.154
905.818 43.227
906.112 42.940
906.407 30.338
906.702 24.549
906.996 10.924
907.291 2.770
907.586 14.216
907.880 33.649
908.175 43.238
908.470 45.837
908.764 51.591
909.059 53.430
909.354 37.413
909.648 16.314
909.943 1.767
910.237 -0.425
910.532 5.361
910.827 1.075
911.121 -0.470
911.416 10.544
911.711 23.163
912.005 25.131
912.300 18.666
912.599 9.057
912.898 15.598
913.196 19.598
913.495 19.500
913.794 17.812
914.093 16.882
914.391 21.925
914.690 20.303
914.989 12.751
915.288 15.230
915.586 21.161
915.885 20.517
916.184 35.417
916.483 49.015
916.782 57.057
917.080 50.461
917.379 39.049
917.678 31.709
917.977 33.504
918.275 26.749
918.574 18.199
918.873 10.343
919.172 15.891
919.471 16.683
919.769 12.600
920.068 14.170
920.367 4.769
920.666 -8.234
920.964 -10.510
921.263 -8.276
921.562 0.847
921.861 13.614
922.159 15.248
922.458 21.374
922.757 28.551
923.056 38.564
923.355 39.738
923.653 44.501
923.952 38.329
924.251 30.518
924.550 23.205
924.848 26.761
925.147 32.358
925.446 37.991
925.745 32.175
926.043 37.841
926.342 42.586
926.641 38.492
926.940 26.997
927.239 20.646
927.537 12.400
927.836 9.033
928.135 -0.979
928.434 -4.840
928.732 -0.412
929.031 9.755
929.330 16.174
929.629 24.087
929.927 31.305
930.226 39.543
930.525 48.850
930.824 63.862
931.123 63.335
931.421 66.189
931.720 60.824
932.019 43.310
932.318 16.841
932.616 -2.839
932.915 -6.113
933.214 6.778
933.513 7.189
933.812 15.141
934.110 25.450
934.409 45.749
934.708 55.096
935.007 49.862
935.305 43.153
935.604 40.335
935.903 31.246
936.202 39.445
936.500 44.546
936.799 49.971
937.098 49.029
937.397 31.866
937.696 20.421
937.994 19.776
938.293 11.566
938.592 10.663
938.891 16.769
939.189 18.796
939.488 25.467
939.787 29.157
940.086 24.683
940.384 22.432
940.683 9.362
940.982 -6.902
941.281 -8.541
941.580 -5.729
941.878 -0.417
942.177 6.229
942.476 8.977
942.775 9.457
943.073 13.146
943.372 20.296
943.671 16.122
943.970 -11.040
944.268 -27.961
944.567 -27.768
944.866 -15.272
945.165 -17.529
945.464 -33.332
945.762 -25.483
946.061 14.737
946.360 48.749
946.659 58.937
946.957 48.054
947.256 54.166
947.555 64.698
947.854 66.344
948.153 55.986
948.451 19.589
948.750 -11.286
949.049 -17.891
949.348 -19.736
949.646 -24.923
949.945 -29.344
950.244 -32.544
950.543 -18.626
950.841 2.218
951.140 21.574
951.439 34.066
951.738 37.187
952.037 33.106
952.335 26.285
952.634 25.404
952.933 24.898
953.232 25.457
953.530 22.471
953.829 40.989
954.128 59.848
954.427 68.723
954.725 73.982
955.024 70.231
955.323 60.238
955.622 66.665
955.921 53.667
956.219 32.463
956.518 21.567
956.817 15.071
957.116 14.246
957.414 21.748
957.713 -1.288
958.012 -6.635
958.311 3.346
958.610 2.106
958.908 8.522
959.207 33.691
959.506 43.046
959.805 43.697
960.103 38.634
960.402 32.915
960.701 32.018
961.000 28.762
961.298 12.216
961.597 9.150
961.896 23.753
962.195 30.088
962.494 43.915
962.792 54.476
963.091 50.733
963.390 40.331
963.689 30.787
963.987 23.066
964.286 17.420
964.585 5.923
964.884 13.638
965.182 21.204
965.481 28.604
965.780 43.055
966.080 49.292
966.380 56.310
966.680 57.819
966.981 47.205
967.281 45.341
967.581 46.199
967.881 31.353
968.181 31.566
968.481 30.303
968.781 28.457
969.082 28.259
969.382 31.247
969.682 34.697
969.982 41.234
970.282 37.737
970.582 33.060
970.882 28.577
971.183 27.207
971.483 19.260
971.783 3.719
972.083 -9.850
972.383 -27.158
972.683 -29.953
972.983 -32.860
973.284 -48.728
973.584 -52.392
973.884 -41.793
974.184 -35.171
974.484 -14.202
974.784 3.723
975.084 33.814
975.385 70.174
975.685 99.007
975.985 113.609
976.285 133.165
976.585 147.879
976.885 142.757
977.185 134.706
977.486 122.082
977.786 121.079
978.086 133.946
978.386 144.180
978.686 143.885
978.986 153.306
979.286 142.590
979.587 135.074
979.887 122.143
980.187 99.714
980.487 74.000
980.787 58.857
981.087 45.143
981.387 50.714
981.688 61.429
981.988 65.714
982.288 64.429
982.588 58.429
982.888 45.571
983.188 41.286
983.488 31.714
983.789 17.429
984.089 1.429
984.389 -0.857
984.689 -5.143
984.989 3.429
985.289 6.714
985.589 8.714
985.890 8.429
986.190 5.571
986.490 13.571
986.790 32.857
987.090 27.857
987.390 15.857
987.690 12.429
987.991 15.143
988.291 16.286
988.591 -9.286
988.891 -42.571
989.191 -47.429
989.491 -35.714
989.791 -26.143
990.092 -14.571
990.392 -1.714
990.692 10.714
990.992 38.143
991.292 46.000
991.592 43.143
991.892 40.429
992.193 38.571
992.493 36.143
992.793 39.571
993.093 29.714
993.393 33.429
993.693 35.000
993.993 30.286
994.294 16.857
994.594 10.429
994.894 11.714
995.194 17.714
995.494 19.857
995.794 15.143
996.094 7.286
996.395 7.571
996.695 5.571
996.995 -2.714
997.295 -11.571
997.595 -7.429
997.895 7.286
998.195 12.286
998.496 21.857
998.796 38.143
999.096 45.571
999.396 53.857
999.696 46.143
999.996 37.429
1000.296 46.286
1000.597 51.143
1000.897 43.714
1001.197 38.143
1001.497 37.000
1001.797 48.286
1002.097 43.714
1002.397 28.571
1002.698 15.143
1002.998 10.429
1003.298 19.714
1003.598 26.000
1003.898 20.857
1004.198 25.429
1004.498 37.714
1004.799 39.143
1005.099 33.571
1005.399 20.857
1005.699 11.000
1005.999 6.429
1006.299 3.571
1006.599 2.571
1006.900 7.429
1007.200 16.429
1007.500 20.857
1007.800 19.857
1008.100 19.000
1008.400 10.571
1008.700 -2.857
1009.001 -9.143
1009.301 -6.286
1009.601 -10.000
1009.901 -9.857
1010.201 -11.000
1010.501 -1.571
1010.801 9.571
1011.102 19.000
1011.402 23.571
1011.702 29.571
1012.002 25.714
1012.302 23.143
1012.602 21.286
1012.902 18.143
1013.203 13.143
1013.503 8.000
1013.803 24.571
1014.103 28.571
1014.403 16.571
1014.703 18.143
1015.003 23.000
1015.304 26.143
1015.604 20.143
1015.904 2.571
1016.204 7.714
1016.504 23.571
1016.804 12.714
1017.104 2.429
1017.405 -7.857
1017.705 -10.000
1018.005 -1.429
1018.305 -0.714
1018.605 -4.429
1018.905 7.571
1019.205 19.286
1019.506 21.143
1019.806 20.857
1020.106 10.000
1020.406 0.000
1020.706 3.000
1021.006 7.714
1021.306 6.286
1021.607 10.429
1021.907 10.429
1022.207 16.429
1022.507 26.429
1022.807 33.571
1023.107 24.143
1023.407 24.000
1023.708 26.286
1024.008 36.714
1024.308 40.286
1024.608 42.143
1024.908 40.571
1025.208 43.571
1025.508 37.143
1025.809 30.143
1026.109 16.571
1026.409 11.571
1026.709 13.286
1027.009 4.571
1027.309 10.571
1027.609 21.714
1027.910 26.857
1028.210 26.571
1028.510 13.429
1028.810 3.857
1029.110 9.857
1029.410 7.143
1029.710 -0.714
1030.011 -10.857
1030.311 -12.000
1030.611 -0.429
1030.911 6.571
1031.211 0.571
1031.511 -4.143
1031.811 -0.143
1032.112 6.000
1032.412 22.000
1032.712 23.714
1033.012 18.571
1033.312 17.857
1033.612 7.286
1033.912 -2.857
1034.212 3.286
1034.513 -6.286
1034.813 -13.143
1035.113 -17.000
1035.413 -14.571
1035.713 -8.143
1036.013 -8.000
1036.313 -10.714
1036.614 -12.000
1036.914 -19.714
1037.214 -19.571
1037.514 -17.571
1037.814 -17.714
1038.114 -12.571
1038.414 -11.143
1038.715 -14.429
1039.015 -3.857
1039.315 0.857
1039.615 -9.286
1039.915 -9.571
1040.215 -6.143
1040.515 -4.571
1040.816 2.000
1041.116 12.571
1041.416 21.143
1041.716 32.143
1042.016 39.286
1042.316 34.286
1042.616 28.286
1042.917 19.429
1043.217 7.857
1043.517 -0.571
1043.817 -5.143
1044.117 -10.000
1044.417 -12.286
1044.717 -23.429
1045.018 -17.571
1045.318 -9.286
1045.618 -7.714
1045.918 -12.143
1046.218 -11.857
1046.518 0.571
1046.818 29.143
1047.119 36.000
1047.419 26.571
1047.719 15.714
1048.019 11.571
1048.319 10.286
1048.619 -0.286
1048.919 -14.286
1049.220 -8.429
1049.520 -0.714
1049.820 11.571
1050.120 23.571
1050.420 25.429
1050.720 27.571
1051.020 22.143
1051.321 4.000
1051.621 -5.143
1051.921 -7.286
1052.221 -5.000
1052.521 2.714
1052.821 7.286
1053.121 9.143
1053.422 21.143
1053.722 33.000
1054.022 35.571
1054.322 29.429
1054.622 26.000
1054.922 22.143
1055.222 34.714
1055.523 46.143
1055.823 42.714
1056.123 41.143
1056.423 47.429
1056.723 48.000
1057.023 47.429
1057.323 45.286
1057.624 36.857
1057.924 50.000
1058.224 55.429
1058.524 48.429
1058.824 45.429
1059.124 44.000
1059.424 34.143
1059.725 24.429
1060.025 12.143
1060.325 11.571
1060.625 17.286
1060.925 11.429
1061.225 16.286
1061.525 25.143
1061.826 33.143
1062.126 34.286
1062.426 22.857
1062.726 30.286
1063.026 43.714
1063.326 39.571
1063.626 38.714
1063.927 40.429
1064.227 32.286
1064.527 38.000
1064.827 33.429
1065.127 28.143
1065.427 15.143
1065.727 -9.857
1066.028 -23.000
1066.328 -18.429
1066.628 -28.429
1066.928 -35.857
1067.228 -38.857
1067.528 -17.429
1067.828 -0.286
1068.129 -4.571
1068.429 -6.000
1068.729 11.429
1069.029 9.286
1069.329 9.286
1069.629 0.286
1069.929 -6.429
1070.230 8.714
1070.530 14.714
1070.830 1.571
1071.130 -0.857
1071.430 1.714
1071.730 7.000
1072.030 14.714
1072.331 6.571
1072.631 -6.143
1072.931 -3.714
1073.231 3.714
1073.531 -1.143
1073.831 -8.429
1074.131 -10.143
1074.432 -2.429
1074.732 18.571
1075.032 26.429
1075.332 20.286
1075.632 21.286
1075.932 25.286
1076.232 15.143
1076.533 -3.571
1076.833 -24.571
1077.133 -30.000
1077.433 -27.571
1077.733 -33.000
1078.033 -33.000
1078.333 -24.571
1078.634 -15.000
1078.934 -9.429
1079.234 -16.429
1079.534 -26.286
1079.834 -21.429
1080.134 -23.143
1080.434 -25.000
1080.735 -23.143
1081.035 -23.143
1081.335 -20.571
1081.635 -14.000
1081.935 -11.429
1082.235 -2.000
1082.535 4.143
1082.836 5.857
1083.136 6.714
1083.436 7.286
1083.736 7.143
1084.036 10.429
1084.336 5.286
1084.636 9.571
1084.937 21.714
1085.237 23.857
1085.537 25.000
1085.837 20.571
1086.137 9.714
1086.437 9.571
1086.737 -1.571
1087.038 -11.143
1087.338 -7.714
1087.638 -1.857
1087.938 10.429
1088.238 18.143
1088.538 17.714
1088.838 28.714
1089.139 29.143
1089.439 27.143
1089.739 20.143
1090.039 16.429
1090.339 20.000
1090.639 9.000
1090.939 7.429
1091.240 14.000
1091.540 28.143
1091.840 45.571
1092.140 63.000
1092.453 69.000
1092.766 76.714
1093.079 73.857
1093.392 57.286
1093.705 33.143
1094.018 17.000
1094.330 3.857
1094.643 0.571
1094.956 3.571
1095.269 4.714
1095.582 16.857
1095.895 32.714
1096.208 22.286
1096.521 -3.571
1096.834 -21.571
1097.147 -29.714
1097.460 -29.429
1097.773 -36.857
1098.085 -47.857
1098.398 -35.429
1098.711 -16.000
1099.024 -7.571
1099.337 4.429
1099.650 -0.429
1099.963 -3.429
1100.276 -1.286
1100.589 -9.571
1100.902 -4.857
1101.215 2.286
1101.528 -6.000
1101.841 1.571
1102.153 7.000
1102.466 3.000
1102.779 18.286
1103.092 28.286
1103.405 28.857
1103.718 28.857
1104.031 21.857
1104.344 32.000
1104.657 52.000
1104.970 48.286
1105.283 33.857
1105.596 27.286
1105.909 27.143
1106.221 21.429
1106.534 13.571
1106.847 3.571
1107.160 -3.000
1107.473 -11.714
1107.786 -17.857
1108.099 -17.857
1108.412 -15.429
1108.725 -18.286
1109.038 -29.429
1109.351 -28.571
1109.664 -17.429
1109.977 -10.000
1110.289 -1.714
1110.602 8.000
1110.915 1.857
1111.228 3.286
1111.541 4.714
1111.854 -1.857
1112.167 -3.857
1112.480 -5.000
1112.793 -18.143
1113.106 -16.429
1113.419 -15.286
1113.732 -21.143
1114.044 -13.286
1114.357 -4.571
1114.670 -16.714
1114.983 -12.429
1115.296 -8.714
1115.609 -4.714
1115.922 0.714
1116.235 4.000
1116.548 -8.143
1116.861 -4.571
1117.174 -2.000
1117.487 -10.571
1117.800 -18.714
1118.112 -18.429
1118.425 -18.857
1118.738 -18.571
1119.051 -18.143
1119.364 -8.000
1119.677 8.857
1119.990 20.714
1120.303 22.143
1120.616 7.286
1120.929 9.143
1121.242 21.000
1121.555 20.143
1121.868 10.286
1122.180 6.714
1122.493 7.143
1122.806 16.143
1123.119 17.143
1123.432 2.286
1123.745 -16.143
1124.058 -21.857
1124.371 -21.143
1124.684 -21.286
1124.997 -17.857
1125.310 -8.857
1125.623 3.143
1125.935 11.857
1126.248 12.714
1126.561 6.000
1126.874 -4.714
1127.187 -9.429
1127.500 -17.571
1127.813 -19.571
1128.126 -13.000
1128.439 -14.286
1128.752 -21.143
1129.065 -17.857
1129.378 -18.429
1129.691 -17.714
1130.003 -23.429
1130.316 -14.571
1130.629 -3.429
1130.942 5.571
1131.255 15.143
1131.568 17.286
1131.881 13.857
1132.194 17.429
1132.507 13.286
1132.820 18.714
1133.133 24.429
1133.446 15.429
1133.759 11.714
1134.071 18.857
1134.384 20.286
1134.697 9.714
1135.010 2.571
1135.323 -13.143
1135.636 -10.143
1135.949 5.714
1136.262 6.429
1136.575 6.286
1136.888 16.571
1137.201 28.286
1137.514 53.000
1137.826 64.000
1138.139 58.714
1138.452 56.000
1138.765 58.857
1139.078 54.714
1139.391 51.714
1139.704 45.714
1140.017 36.000
1140.330 35.429
1140.643 33.000
1140.956 19.857
1141.269 18.571
1141.582 1.429
1141.894 -12.143
1142.207 -8.429
1142.520 -10.286
1142.833 -9.143
1143.146 1.714
1143.459 -3.714
1143.772 6.857
1144.085 16.000
1144.398 12.000
1144.711 16.286
1145.024 22.143
1145.337 25.000
1145.650 33.143
1145.962 34.000
1146.275 36.571
1146.588 44.286
1146.901 34.429
1147.214 29.714
1147.527 23.714
1147.840 16.286
1148.153 12.714
1148.466 6.286
1148.779 -0.286
1149.092 5.143
1149.405 8.571
1149.718 17.571
1150.030 21.714
1150.343 16.429
1150.656 17.429
1150.969 27.000
1151.282 21.857
1151.595 21.143
1151.908 25.143
1152.221 29.286
1152.534 34.000
1152.847 24.000
1153.160 14.571
1153.473 20.000
1153.785 17.000
1154.098 17.571
1154.411 17.857
1154.724 25.857
1155.037 40.857
1155.350 37.857
1155.663 40.000
1155.976 45.000
1156.289 19.857
1156.602 5.714
1156.915 4.429
1157.228 -0.429
1157.541 -2.429
1157.853 -20.857
1158.166 -32.143
1158.479 -16.429
1158.792 -10.143
1159.105 -20.143
1159.418 -9.571
1159.731 -5.714
1160.044 8.000
1160.357 15.000
1160.670 2.857
1160.983 -2.714
1161.296 5.857
1161.609 -5.286
1161.921 0.000
1162.234 1.857
1162.547 -0.429
1162.860 9.429
1163.173 19.571
1163.486 25.429
1163.799 22.000
1164.112 8.429
1164.425 9.143
1164.738 14.857
1165.051 10.143
1165.364 5.571
1165.676 -4.857
1165.989 -5.143
1166.302 0.857
1166.615 -6.143
1166.928 -9.286
1167.241 1.286
1167.554 13.286
1167.867 15.286
1168.180 16.857
1168.493 6.714
1168.806 10.857
1169.119 22.286
1169.432 17.000
1169.744 12.714
1170.057 21.714
1170.370 27.143
1170.683 36.571
1170.996 33.286
1171.309 12.571
1171.622 10.286
1171.935 5.000
1172.248 -8.571
1172.561 -6.000
1172.874 5.571
1173.187 11.286
1173.500 17.857
1173.812 14.571
1174.125 14.429
1174.438 20.143
1174.751 31.143
1175.064 36.000
1175.377 33.429
1175.690 34.286
1176.003 39.714
1176.316 29.000
1176.629 23.000
1176.942 6.714
1177.255 -10.000
1177.567 -8.143
1177.880 -5.857
1178.193 -10.000
1178.506 -2.857
1178.819 11.000
1179.132 23.571
1179.445 37.714
1179.758 28.571
1180.071 19.000
1180.384 20.571
1180.697 26.571
1181.010 9.143
1181.323 -1.714
1181.635 -10.143
1181.948 -1.429
1182.261 6.571
1182.574 8.714
1182.887 7.714
1183.200 15.571
1183.513 14.286
1183.826 11.000
1184.139 7.857
1184.452 8.571
1184.765 14.000
1185.078 10.714
1185.391 -2.000
1185.703 -0.714
1186.016 13.714
1186.329 24.857
1186.642 22.571
1186.955 11.143
1187.268 15.857
1187.581 32.571
1187.894 34.571
1188.207 26.429
1188.520 19.143
1188.833 19.429
1189.146 27.429
1189.459 23.143
1189.771 18.857
1190.084 20.429
1190.397 14.857
1190.710 16.286
1191.023 20.143
1191.336 20.286
1191.649 18.000
1191.962 10.714
1192.275 8.429
1192.588 11.857
1192.901 10.000
1193.214 11.571
1193.526 12.857
1193.839 12.857
1194.152 21.857
1194.465 25.000
1194.778 23.286
1195.091 11.571
1195.404 0.429
1195.717 -4.571
1196.030 5.429
1196.343 7.429
1196.656 4.286
1196.969 3.000
1197.282 9.571
1197.594 13.714
1197.907 12.429
1198.220 8.286
1198.533 9.571
1198.846 11.286
1199.159 17.286
1199.472 23.429
1199.785 33.857
1200.098 45.286
1200.411 48.714
1200.724 49.429
1201.037 45.714
1201.350 38.000
1201.662 37.571
1201.975 34.500
1202.288 26.600
1202.601 20.500
