165.028 35.992
165.288 12.843
165.547 7.578
165.807 8.961
166.067 -0.036
166.327 -1.890
166.587 -4.601
166.847 -13.740
167.107 0.121
167.367 9.981
167.627 18.556
167.886 36.274
168.146 28.563
168.406 19.138
168.666 24.141
168.926 16.430
169.186 6.434
169.446 -0.277
169.706 4.584
169.966 16.730
170.225 17.162
170.485 5.309
170.745 12.884
171.005 18.745
171.265 2.177
171.525 -19.534
171.785 -29.244
172.045 -18.241
172.305 -5.380
172.564 -10.805
172.824 -16.230
173.084 3.060
173.344 5.921
173.604 -5.504
173.864 -6.072
174.124 1.503
174.384 8.222
174.644 25.511
174.903 34.801
175.163 42.233
175.423 67.951
175.683 64.669
175.943 51.387
176.203 44.391
176.463 21.966
176.723 7.542
176.983 6.974
177.242 -4.736
177.502 -11.732
177.762 -14.157
178.022 -15.153
178.282 -12.720
178.542 -9.288
178.802 -11.141
179.062 -13.709
179.322 -3.419
179.581 9.014
179.841 12.161
180.101 20.736
180.361 20.169
180.621 22.601
180.881 23.319
181.141 20.038
181.401 14.756
181.661 10.046
181.920 1.621
182.180 -0.660
182.440 0.344
182.700 5.205
182.960 -4.505
183.220 -15.073
183.480 -8.211
183.740 0.364
184.000 2.083
184.259 3.801
184.519 14.805
184.779 39.095
185.039 63.671
185.299 73.960
185.559 81.679
185.819 78.969
186.079 61.830
186.339 44.120
186.598 14.410
186.858 -16.157
187.118 -29.439
187.378 -37.578
187.638 -48.573
187.898 -44.569
188.158 -45.708
188.418 -44.561
188.678 -40.128
188.937 -57.410
189.197 -72.120
189.457 -71.544
189.717 -63.111
189.977 -49.107
190.237 -37.388
190.497 -31.527
190.757 -8.237
191.017 4.767
191.276 10.629
191.536 5.204
191.796 -11.077
192.056 -24.359
192.316 -37.783
192.576 -49.493
192.836 -42.346
193.096 -39.770
193.356 -43.480
193.616 -38.190
193.875 -30.615
194.135 -15.182
194.395 -5.749
194.655 -13.459
194.915 -10.883
195.175 -5.165
195.435 -17.303
195.695 -20.728
195.955 -23.009
196.214 -25.290
196.474 -29.858
196.734 -38.139
196.994 -34.420
197.254 -15.702
197.514 -10.269
197.774 -7.265
198.034 -15.118
198.294 -13.113
198.553 -7.252
198.813 -14.105
199.073 -26.243
199.333 -28.668
199.593 -17.949
199.853 -6.802
200.113 -14.083
200.373 -16.222
200.633 -10.789
200.892 -8.499
201.152 -1.209
201.412 -13.490
201.672 -23.772
201.932 -12.625
202.192 -2.620
202.452 4.670
202.712 10.245
202.972 9.107
203.231 14.540
203.491 30.115
203.751 25.119
204.011 16.409
204.271 17.414
204.531 26.704
204.791 18.708
205.051 10.427
205.311 0.859
205.570 6.006
205.830 24.582
206.090 29.015
206.350 15.448
206.610 17.595
206.870 30.313
207.130 29.318
207.390 21.750
207.650 8.898
207.909 -7.384
208.169 -5.951
208.429 -3.661
208.689 -17.943
208.949 -24.653
209.209 -25.077
209.469 -40.073
209.729 -54.069
209.989 -59.779
210.248 -57.489
210.508 -50.770
210.768 -40.480
211.028 -39.190
211.288 -25.043
211.548 -7.896
211.808 -5.606
212.068 -6.317
212.328 -8.884
212.587 -12.023
212.847 5.125
213.107 16.414
213.367 23.133
213.627 26.137
213.887 27.141
214.147 30.574
214.407 31.864
214.667 12.296
214.926 -6.557
215.186 -19.695
215.446 -27.405
215.706 -38.544
215.966 -40.683
216.226 -43.965
216.486 -42.960
216.746 -27.956
217.006 -19.095
217.265 -9.662
217.525 6.485
217.785 2.203
218.045 -6.507
218.305 -3.503
218.565 -15.356
218.825 -11.352
219.085 -0.205
219.345 3.799
219.604 6.231
219.864 18.378
220.124 17.525
220.384 14.672
220.644 15.105
220.904 8.537
221.164 1.113
221.424 7.831
221.684 10.835
221.943 13.125
222.203 16.843
222.463 14.990
222.723 12.137
222.983 1.998
223.243 -10.284
223.503 -30.423
223.763 -46.133
224.023 -57.415
224.282 -62.411
224.542 -66.264
224.802 -64.975
225.062 -57.114
225.322 -35.110
225.582 -16.963
225.842 -2.816
226.102 -9.669
226.362 -16.808
226.621 -6.233
226.881 -2.658
227.141 -6.654
227.401 -15.650
227.661 -21.646
227.921 -15.214
228.181 -1.638
228.441 1.365
228.701 2.655
228.960 9.087
229.220 14.234
229.480 14.524
229.740 16.099
230.000 7.103
230.260 4.821
230.520 1.396
230.780 -4.029
231.040 -1.168
231.299 -1.307
231.559 -14.303
231.819 -29.014
232.079 -33.867
232.339 -34.720
232.599 -41.574
232.859 -51.856
233.119 -62.852
233.379 -48.706
233.638 -26.988
233.898 -20.412
234.158 -14.552
234.418 -9.262
234.678 7.027
234.938 19.888
235.198 10.463
235.458 8.038
235.718 5.328
235.978 -8.812
236.237 -6.379
236.497 -5.804
236.757 -3.658
237.017 -3.797
237.277 1.921
237.537 9.067
237.797 22.928
238.057 21.932
238.317 19.650
238.576 26.653
238.836 37.228
239.096 19.517
239.356 6.092
239.616 3.382
239.876 1.242
240.136 -10.183
240.396 -22.608
240.656 -24.604
240.915 -10.744
241.175 -5.169
241.435 -2.308
241.695 3.838
241.955 17.413
242.215 27.274
242.475 33.563
242.735 31.424
242.995 28.570
243.254 25.145
243.514 23.720
243.774 16.866
244.034 12.727
244.294 10.016
244.554 12.019
244.814 11.880
245.074 12.169
245.334 1.887
245.593 -5.396
245.853 -8.392
246.113 -4.818
246.373 -5.671
246.633 -4.097
246.893 -6.379
247.153 7.624
247.413 14.199
247.673 12.060
247.932 12.063
248.192 17.352
248.452 12.212
248.712 7.787
248.972 7.076
249.232 14.794
249.492 20.511
249.752 12.229
250.012 4.375
250.271 3.521
250.531 10.524
250.791 5.385
251.051 -8.183
251.311 -13.466
251.571 -8.606
251.831 1.969
252.091 7.829
252.351 -4.739
252.610 -7.307
252.870 10.410
253.130 17.414
253.390 9.845
253.650 15.563
253.911 18.423
254.172 23.283
254.433 21.001
254.694 4.147
254.955 -2.707
255.216 -6.276
255.477 -25.130
255.738 -29.841
255.999 -18.409
256.261 -6.120
256.522 12.169
256.783 20.172
257.044 14.032
257.305 10.035
257.566 10.467
257.827 4.755
258.088 -4.527
258.349 -11.096
258.610 -0.521
258.871 13.053
259.132 11.913
259.393 12.773
259.654 10.491
259.915 3.065
260.176 -9.360
260.437 -19.357
260.698 -15.926
260.959 -4.923
261.221 -3.349
261.482 -8.489
261.743 -2.914
262.004 6.517
262.265 3.377
262.526 6.952
262.787 9.383
263.048 4.386
263.309 9.818
263.570 15.963
263.831 15.966
264.092 16.541
264.353 13.543
264.614 10.118
264.875 5.549
265.136 3.123
265.397 -1.017
265.658 -9.014
265.919 -6.725
266.181 -4.865
266.442 -4.005
266.703 3.140
266.964 6.715
267.225 10.432
267.486 16.149
267.747 10.152
268.008 8.297
268.269 17.300
268.530 33.303
268.791 42.877
269.052 42.737
269.313 36.740
269.574 27.742
269.835 17.031
270.096 1.176
270.357 -20.535
270.618 -29.390
270.879 -22.101
271.141 -8.527
271.402 1.333
271.663 16.621
271.924 27.909
272.185 33.912
272.446 28.772
272.707 10.917
272.968 6.063
273.229 15.494
273.490 11.783
273.751 10.071
274.012 7.931
274.273 11.790
274.534 22.507
274.795 18.510
275.056 6.798
275.317 -1.628
275.578 -8.054
275.839 10.663
276.101 27.380
276.362 30.097
276.623 28.528
276.884 29.388
277.145 26.819
277.406 29.964
277.667 22.109
277.928 9.255
278.189 0.115
278.450 -0.597
278.711 -0.738
278.972 -2.735
279.233 -3.875
279.494 -6.587
279.755 -10.585
280.016 -3.297
280.277 4.420
280.538 5.280
280.799 16.425
281.061 26.142
281.322 21.573
281.583 23.432
281.844 12.578
282.105 3.009
282.366 -0.846
282.627 -10.844
282.888 -25.841
283.149 -28.982
283.410 -23.265
283.671 -13.834
283.932 -11.975
284.193 0.742
284.454 7.030
284.715 13.175
284.976 17.463
285.237 16.180
285.498 15.897
285.759 13.756
286.021 5.901
286.282 14.761
286.543 18.049
286.804 16.480
287.065 0.196
287.326 -8.087
287.587 0.915
287.848 -1.940
288.109 -8.366
288.370 -6.649
288.631 -11.647
288.892 -3.073
289.153 3.786
289.414 -5.783
289.675 -9.638
289.936 -17.207
290.197 -22.919
290.458 -15.631
290.719 -6.200
290.981 -1.627
291.242 2.518
291.503 9.806
291.764 19.237
292.025 23.953
292.286 18.956
292.547 6.815
292.808 12.389
293.069 18.105
293.330 17.536
293.591 13.538
293.852 1.111
294.113 7.257
294.374 23.259
294.635 19.975
294.896 22.549
295.157 27.122
295.418 30.124
295.679 36.698
295.941 37.129
296.202 24.845
296.463 9.990
296.724 0.278
296.985 -9.149
297.246 -11.432
297.507 3.427
297.768 -5.143
298.029 -16.569
298.290 -9.281
298.551 -11.565
298.812 -18.991
299.073 -21.561
299.334 -37.702
299.595 -28.271
299.856 -9.698
300.117 -4.410
300.378 -2.693
300.639 14.880
300.901 31.168
301.162 31.455
301.423 24.600
301.684 4.602
301.945 -17.539
302.206 -7.822
302.467 -4.535
302.728 -19.390
302.989 -21.102
303.250 -9.814
303.511 6.188
303.772 16.047
304.033 7.477
304.294 -0.521
304.555 5.910
304.816 13.483
305.077 4.342
305.338 4.915
305.599 19.917
305.861 27.776
306.122 31.635
306.383 30.637
306.644 24.496
306.905 16.213
307.166 8.214
307.427 13.788
307.688 22.647
307.949 24.792
308.210 28.222
308.471 38.510
308.732 50.940
308.993 66.513
309.254 64.515
309.515 60.660
309.776 66.519
310.037 49.949
310.298 31.522
310.559 34.667
310.821 30.812
311.082 22.671
311.343 11.101
311.604 -6.611
311.865 -2.181
312.126 15.678
312.387 17.823
312.648 16.539
312.909 23.683
313.170 36.399
313.434 46.258
313.698 55.974
313.963 45.691
314.227 33.549
314.491 25.265
314.755 4.410
315.019 -12.445
315.284 -12.301
315.548 -5.870
315.812 -7.297
316.076 -11.010
316.340 -7.294
316.604 2.851
316.869 12.138
317.133 17.283
317.397 4.856
317.661 -4.142
317.925 -3.998
318.190 2.290
318.454 4.148
318.718 0.579
318.982 -6.277
319.246 -10.989
319.511 -2.273
319.775 8.443
320.039 1.301
320.303 9.589
320.567 27.590
320.832 30.592
321.096 31.594
321.360 31.167
321.624 21.454
321.888 20.027
322.153 2.172
322.417 -11.255
322.681 -13.254
322.945 -9.252
323.209 3.607
323.473 13.323
323.738 3.181
324.002 2.326
324.266 -3.101
324.530 -3.814
324.794 2.045
325.059 -1.811
325.323 -2.380
325.587 14.621
325.851 16.623
326.115 6.481
326.380 -0.946
326.644 -6.087
326.908 -6.228
327.172 -5.798
327.436 0.918
327.701 17.348
327.965 27.207
328.229 23.494
328.493 13.352
328.757 -1.646
329.022 -15.930
329.286 -28.357
329.550 -33.784
329.814 -32.783
330.078 -26.210
330.342 -13.494
330.607 7.650
330.871 26.509
331.135 33.225
331.399 33.512
331.663 36.656
331.928 35.801
332.192 23.516
332.456 -0.054
332.720 -13.909
332.984 -13.908
333.249 -17.478
333.513 -25.191
333.777 -18.761
334.041 -4.902
334.305 6.242
334.570 10.530
334.834 14.388
335.098 17.390
335.362 21.105
335.626 9.821
335.891 2.394
336.155 8.681
336.419 8.825
336.683 -4.602
336.947 -9.886
337.211 -5.742
337.476 3.974
337.740 11.404
338.004 13.834
338.268 18.407
338.532 22.694
338.797 22.695
339.061 25.125
339.325 22.269
339.589 10.842
339.853 -3.299
340.118 -2.584
340.382 -10.725
340.646 -12.295
340.910 -16.151
341.174 -10.721
341.439 4.709
341.703 15.282
341.967 5.140
342.231 9.284
342.495 19.571
342.759 18.287
343.024 16.431
343.288 14.575
343.552 20.577
343.816 26.435
344.080 25.579
344.345 20.866
344.609 29.582
344.873 28.583
345.137 21.870
345.401 17.443
345.666 11.730
345.930 12.874
346.194 9.590
346.458 -0.980
346.722 2.021
346.987 5.594
347.251 1.309
347.515 3.739
347.779 8.883
348.043 16.170
348.308 21.028
348.572 12.458
348.836 -0.112
349.100 -5.253
349.364 1.891
349.628 5.321
349.893 0.893
350.157 -7.963
350.421 -11.533
350.685 1.040
350.949 8.184
351.214 5.757
351.478 3.472
351.742 5.902
352.006 9.189
352.270 20.047
352.535 23.048
352.799 25.907
353.063 25.908
353.327 22.338
353.591 12.053
353.856 19.912
354.120 12.056
354.384 -1.086
354.648 -14.656
354.912 -30.369
355.177 -35.511
355.441 -27.224
355.705 -25.223
355.969 -15.222
356.233 -12.649
356.497 -9.077
356.762 9.067
357.026 23.211
357.290 25.356
357.554 16.357
357.818 10.072
358.083 18.216
358.347 27.217
358.611 22.647
358.875 14.077
359.139 -1.494
359.404 -5.064
359.668 4.794
359.932 16.653
360.196 26.368
360.460 25.369
360.725 30.942
360.989 53.086
361.253 69.516
361.517 64.517
361.781 49.803
362.046 44.805
362.310 53.806
362.574 47.093
362.838 42.665
363.102 42.666
363.366 32.810
363.631 30.383
363.895 17.241
364.159 5.813
364.423 14.672
364.687 15.958
364.952 9.388
365.216 10.818
365.480 22.676
365.747 41.391
366.013 49.535
366.280 55.679
366.546 55.823
366.813 61.967
367.079 76.397
367.346 76.541
367.612 63.970
367.879 65.114
368.145 68.687
368.412 73.545
368.678 61.974
368.945 52.690
369.211 43.977
369.478 42.692
369.744 38.693
370.011 28.837
370.278 11.981
370.544 10.696
370.811 9.554
371.077 9.841
371.344 6.985
371.610 0.414
371.877 -17.727
372.143 -24.584
372.410 -24.868
372.676 -26.010
372.943 -31.152
373.209 -34.865
373.476 -34.864
373.742 -29.577
374.009 -17.291
374.276 -5.575
374.542 1.140
374.809 3.569
375.075 8.285
375.342 19.286
375.608 34.144
375.875 24.430
376.141 5.146
376.408 2.290
376.674 -0.424
376.941 -7.994
377.207 -29.136
377.474 -43.421
377.740 -30.848
378.007 -13.705
378.273 -12.704
378.540 -3.846
378.807 10.870
379.073 37.442
379.340 52.586
379.606 35.730
379.873 21.445
380.139 16.874
380.406 8.590
380.672 -0.409
380.939 -21.980
381.205 -32.979
381.472 -21.835
381.738 -20.120
382.005 -22.690
382.271 -12.689
382.538 -4.546
382.804 8.884
383.071 13.885
383.338 12.743
383.604 31.172
383.871 38.316
384.137 33.746
384.404 25.889
384.670 10.033
384.937 0.463
385.203 -0.394
385.470 -10.250
385.736 -7.963
386.003 -0.391
386.269 -0.819
386.536 3.754
386.802 8.755
387.069 5.470
387.336 -0.958
387.602 -0.100
387.869 -15.528
388.135 -16.384
388.402 -10.240
388.668 -0.668
388.935 13.190
389.201 12.620
389.468 5.906
389.734 8.764
390.001 10.622
390.267 0.623
390.534 -13.947
390.800 -18.232
391.067 -3.946
391.333 -2.373
391.600 -6.230
391.867 4.200
392.133 20.915
392.400 29.773
392.666 31.774
392.933 28.203
393.199 39.204
393.466 61.776
393.732 65.349
393.999 69.635
394.265 68.064
394.532 71.637
394.798 74.923
395.065 60.781
395.331 38.639
395.598 47.069
395.864 65.498
396.131 82.499
396.398 86.357
396.664 92.072
396.931 110.216
397.197 130.216
397.464 127.074
397.730 118.647
397.997 114.505
398.263 121.363
398.530 145.078
398.796 175.936
399.063 207.222
399.329 245.509
399.596 277.509
399.862 313.367
400.129 347.082
400.396 369.226
400.662 384.227
400.929 408.370
401.195 448.943
401.462 501.515
401.728 584.087
401.995 684.231
402.261 792.660
402.528 932.661
402.794 1090.376
403.061 1272.948
403.327 1475.092
403.594 1670.664
403.860 1882.951
404.127 2098.951
404.393 2309.952
404.660 2524.953
404.931 2716.239
405.202 2905.669
405.473 3081.812
405.745 3240.242
406.016 3411.528
406.287 3577.243
406.558 3692.244
406.829 3788.387
407.100 3869.674
407.371 3939.960
407.642 3972.818
407.914 3973.105
408.185 3950.391
408.456 3933.678
408.727 3908.393
408.998 3876.536
409.269 3832.823
409.540 3780.681
409.811 3720.967
410.083 3653.968
410.354 3623.111
410.625 3564.969
410.896 3469.541
411.167 3387.256
411.438 3326.543
411.709 3234.115
411.981 3113.544
412.252 2955.545
412.523 2812.546
412.794 2691.975
413.065 2547.404
413.336 2391.976
413.607 2246.263
413.878 2112.121
414.150 1981.121
414.421 1846.551
414.692 1698.694
414.963 1563.838
415.234 1426.553
415.505 1303.125
415.776 1196.983
416.047 1080.983
416.319 960.841
416.590 854.985
416.861 748.414
417.132 649.129
417.403 567.844
417.674 491.702
417.945 430.845
418.217 375.703
418.488 316.275
418.759 272.705
419.030 246.562
419.301 214.849
419.572 174.135
419.843 139.564
420.114 118.279
420.386 110.852
420.657 101.852
420.928 88.853
421.199 85.711
421.470 77.997
421.741 64.283
422.012 61.713
422.283 54.856
422.555 53.857
422.826 49.143
423.097 37.001
423.368 39.002
423.639 42.860
423.910 54.860
424.181 74.147
424.453 78.861
424.724 84.005
424.995 80.577
425.266 74.435
425.537 77.007
425.808 61.293
426.079 49.437
426.350 42.295
426.622 37.295
426.893 29.296
427.164 27.439
427.435 24.726
427.706 31.869
427.977 29.870
428.248 27.013
428.519 15.728
428.791 23.157
429.062 35.444
429.333 48.302
429.604 50.445
429.875 53.160
430.146 61.589
430.417 66.590
430.689 63.019
430.960 52.877
431.231 49.592
431.502 50.735
431.773 50.164
432.044 52.736
432.315 58.880
432.586 54.452
432.858 55.595
433.129 45.739
433.400 28.739
433.671 3.883
433.942 -16.117
434.213 -17.545
434.484 -13.830
434.755 -18.829
435.027 -13.686
435.298 -4.685
435.569 19.744
435.840 29.745
436.116 20.745
436.391 23.174
436.667 37.318
436.942 44.319
437.218 49.748
437.493 54.605
437.769 54.035
438.045 54.321
438.320 58.893
438.596 56.036
438.871 45.465
439.147 32.466
439.422 17.038
439.698 7.324
439.974 5.468
440.249 0.326
440.525 1.326
440.800 9.612
441.076 22.184
441.351 26.328
441.627 26.900
441.903 31.043
442.178 32.758
442.454 20.187
442.729 15.045
443.005 20.188
443.281 31.903
443.556 55.618
443.832 68.619
444.107 68.048
444.383 75.763
444.658 74.049
444.934 69.192
445.210 62.907
445.485 59.193
445.761 62.908
446.036 80.337
446.312 97.909
446.587 126.910
446.863 150.768
447.139 164.339
447.414 175.483
447.690 192.198
447.965 201.055
448.241 214.770
448.516 220.342
448.792 221.200
449.068 247.058
449.343 263.201
449.619 274.059
449.894 286.059
450.170 293.060
450.445 298.489
450.721 309.775
450.997 314.204
451.272 318.062
451.548 314.348
451.823 316.491
452.099 321.206
452.375 320.778
452.650 325.064
452.926 316.208
453.201 306.494
453.477 313.780
453.752 320.352
454.028 320.210
454.304 330.496
454.579 343.354
454.855 367.069
455.130 400.212
455.406 410.927
455.681 408.499
455.957 402.642
456.233 387.214
456.508 372.357
456.784 351.929
457.059 323.216
457.335 302.073
457.610 290.788
457.886 276.931
458.162 261.932
458.437 227.361
458.713 198.361
458.988 179.933
459.264 155.077
459.539 132.791
459.815 125.078
460.091 115.507
460.366 119.793
460.642 114.508
460.917 95.365
461.193 83.652
461.468 70.224
461.744 49.938
462.020 42.653
462.295 31.368
462.571 21.797
462.846 30.499
463.122 34.922
463.397 42.485
463.673 54.046
463.949 55.332
464.224 55.463
464.500 47.183
464.775 41.896
465.051 57.310
465.327 66.426
465.602 64.429
465.878 66.124
466.153 67.137
466.429 88.132
466.704 93.015
466.980 88.501
467.256 85.281
467.531 91.021
467.807 103.844
468.082 120.655
468.358 128.771
468.633 141.478
468.909 152.356
469.185 167.824
469.460 184.860
469.736 181.351
470.011 180.319
470.287 191.259
470.562 192.658
470.838 179.627
471.114 171.395
471.389 161.904
471.665 163.881
471.940 162.694
472.216 147.765
472.491 131.064
472.767 133.174
473.043 126.602
473.318 115.528
473.594 112.416
473.869 111.320
474.145 101.216
474.421 96.458
474.696 93.147
474.972 92.160
475.247 86.935
475.523 69.642
475.798 58.617
476.074 62.850
476.350 63.137
476.625 45.975
476.901 25.600
477.176 26.458
477.452 51.864
477.727 57.932
478.003 54.273
478.279 53.388
478.554 50.066
478.830 59.647
479.105 67.151
479.381 62.710
479.656 53.386
479.932 45.094
480.208 47.672
480.483 62.274
480.759 68.156
481.034 60.737
481.310 53.005
481.585 58.291
481.861 56.417
482.137 48.061
482.412 39.552
482.688 35.057
482.963 37.141
483.239 23.474
483.514 8.268
483.790 23.512
484.066 40.585
484.341 44.143
484.617 44.954
484.892 46.176
485.168 60.916
485.443 75.948
485.719 72.582
485.995 75.036
486.270 84.601
486.546 88.782
486.821 83.755
487.097 87.980
487.373 84.650
487.648 66.329
487.924 55.530
488.199 63.868
488.475 58.631
488.750 59.870
489.026 63.994
489.302 71.246
489.577 90.982
489.853 102.012
490.128 97.043
490.404 97.722
490.679 95.333
490.955 84.839
491.231 83.007
491.506 82.728
491.782 72.245
492.057 65.691
492.333 66.116
492.608 71.728
492.884 74.822
493.160 70.778
493.435 69.823
493.711 76.700
493.986 86.963
494.262 105.510
494.537 111.003
494.813 113.280
495.089 125.938
495.364 129.640
495.640 126.474
495.915 115.433
496.191 105.823
496.467 103.222
496.742 100.929
497.018 107.187
497.293 108.693
497.569 107.211
497.844 121.042
498.120 128.224
498.396 129.735
498.671 123.448
498.947 104.543
499.222 103.663
499.498 120.545
499.773 125.703
500.049 123.163
500.325 131.032
500.600 154.210
500.876 184.027
501.151 204.255
501.427 210.682
501.702 229.389
501.978 254.684
502.254 286.480
502.529 319.223
502.805 342.943
503.080 368.648
503.356 407.132
503.631 431.416
503.907 446.187
504.183 453.574
504.458 454.930
504.734 463.516
505.009 465.541
505.285 451.516
505.560 438.358
505.836 437.492
506.112 441.970
506.387 436.414
506.663 416.429
506.938 395.045
507.214 387.808
507.490 386.337
507.765 365.672
508.041 328.835
508.316 311.525
508.592 294.898
508.867 278.451
509.143 256.370
509.419 231.755
509.694 229.774
509.970 234.137
510.245 222.458
510.521 207.935
510.796 207.494
511.072 202.558
511.348 186.278
511.623 170.119
511.899 165.208
512.174 159.150
512.450 160.846
512.725 167.959
513.001 176.512
513.277 190.045
513.552 205.284
513.828 218.838
514.103 232.220
514.379 257.539
514.654 280.166
514.930 313.809
515.206 352.473
515.481 392.448
515.757 429.428
516.032 475.265
516.308 517.877
516.583 557.462
516.859 602.907
517.135 655.483
517.410 706.934
517.686 770.627
517.961 843.551
518.237 915.299
518.513 992.734
518.788 1073.067
519.064 1164.166
519.339 1263.780
519.615 1361.814
519.890 1452.487
520.166 1555.671
520.442 1672.291
520.717 1779.123
520.993 1863.258
521.268 1932.996
521.544 2002.337
521.819 2086.850
522.095 2151.966
522.371 2187.118
522.646 2213.432
522.922 2245.112
523.197 2276.252
523.473 2285.227
523.748 2268.595
524.024 2242.989
524.300 2206.177
524.575 2167.080
524.851 2119.233
525.126 2056.233
525.402 1997.201
525.677 1924.337
525.953 1863.680
526.229 1804.899
526.504 1739.964
526.780 1674.413
527.055 1619.300
527.331 1563.012
527.606 1521.899
527.882 1469.368
528.158 1433.695
528.433 1420.056
528.709 1409.418
528.984 1400.067
529.260 1396.786
529.535 1401.284
529.811 1416.686
530.087 1427.260
530.362 1413.165
530.638 1393.185
530.913 1392.410
531.189 1388.269
531.465 1362.406
531.740 1343.045
532.016 1321.191
532.291 1307.991
532.567 1298.654
532.842 1273.744
533.118 1249.183
533.394 1238.569
533.669 1216.113
533.945 1195.593
534.220 1187.444
534.496 1185.671
534.771 1189.247
535.047 1209.868
535.323 1243.799
535.598 1302.337
535.874 1400.675
536.149 1511.038
536.425 1653.476
536.700 1823.656
536.976 2019.291
537.252 2264.353
537.527 2551.729
537.803 2855.567
538.078 3207.351
538.354 3582.104
538.629 3989.787
538.905 4410.263
539.181 4820.585
539.456 5199.733
539.732 5560.871
540.007 5892.391
540.283 6190.593
540.558 6449.172
540.834 6658.223
541.110 6818.931
541.385 6970.806
541.661 7094.534
541.936 7187.342
542.212 7249.817
542.488 7276.347
542.763 7283.636
543.039 7275.591
543.314 7208.147
543.590 7127.239
543.865 7026.772
544.141 6924.679
544.417 6810.304
544.692 6688.585
544.968 6590.614
545.243 6522.285
545.519 6444.466
545.794 6390.603
546.070 6367.045
546.348 6385.561
546.627 6435.923
546.905 6483.958
547.183 6552.973
547.461 6673.210
547.740 6806.233
548.018 6954.916
548.296 7102.029
548.575 7271.009
548.853 7489.017
549.131 7755.648
549.409 8025.764
549.688 8324.573
549.966 8631.996
550.244 8971.890
550.523 9334.675
550.801 9689.127
551.079 10032.300
551.357 10387.647
551.636 10732.679
551.914 11076.338
552.192 11393.956
552.471 11651.943
552.749 11899.487
553.027 12115.684
553.306 12302.496
553.584 12435.827
553.862 12526.439
554.140 12622.124
554.419 12738.418
554.697 12780.918
554.975 12790.499
555.254 12751.860
555.532 12712.332
555.810 12616.182
556.088 12446.158
556.367 12204.716
556.645 11926.539
556.923 11606.176
557.202 11267.264
557.480 10866.697
557.758 10445.437
558.036 10013.184
558.315 9563.913
558.593 9129.277
558.871 8679.625
559.150 8187.133
559.428 7690.308
559.706 7216.849
559.984 6746.646
560.263 6300.642
560.541 5833.176
560.819 5370.480
561.098 4956.898
561.376 4585.477
561.654 4211.177
561.932 3856.690
562.211 3517.447
562.489 3237.762
562.767 3024.636
563.046 2825.116
563.324 2634.201
563.602 2484.593
563.880 2341.325
564.159 2211.124
564.437 2101.308
564.715 1968.435
564.994 1852.312
565.272 1741.204
565.550 1627.192
565.828 1541.643
566.107 1456.666
566.385 1357.008
566.663 1269.491
566.942 1182.145
567.220 1115.560
567.498 1055.162
567.776 982.811
568.055 923.706
568.333 870.129
568.611 822.795
568.890 769.894
569.168 708.718
569.446 663.437
569.725 618.987
570.003 574.434
570.281 543.685
570.559 518.497
570.838 487.640
571.116 466.508
571.394 440.050
571.673 411.803
571.951 389.468
572.229 360.188
572.507 327.850
572.786 317.699
573.064 308.625
573.342 292.616
573.621 287.149
573.899 282.647
574.177 279.360
574.455 272.737
574.734 267.198
575.012 253.725
575.290 244.235
575.569 231.094
575.847 216.813
576.125 200.474
576.403 185.733
576.682 169.020
576.960 156.197
577.243 149.995
577.527 146.193
577.810 145.606
578.093 144.967
578.377 151.583
578.660 161.041
578.944 170.668
579.227 168.369
579.510 165.620
579.794 163.750
580.077 165.160
580.360 157.733
580.644 147.346
580.927 132.932
581.210 130.610
581.494 129.423
581.777 126.518
582.061 120.321
582.344 111.979
582.627 94.765
582.911 83.116
583.194 83.578
583.477 91.178
583.761 94.783
584.044 96.530
584.327 107.671
584.611 130.792
584.894 151.488
585.178 156.381
585.461 165.978
585.744 172.143
586.028 179.448
586.311 197.468
586.594 201.207
586.878 193.944
587.161 193.516
587.444 180.659
587.728 181.059
588.011 184.458
588.295 176.887
588.578 165.046
588.861 173.475
589.145 175.309
589.428 174.573
589.711 173.888
589.995 165.325
590.278 151.149
590.562 143.545
590.845 124.397
591.128 108.976
591.412 98.701
591.695 92.778
591.978 99.173
592.262 103.002
592.545 118.376
592.828 129.886
593.112 138.407
593.395 139.500
593.679 143.437
593.962 144.322
594.245 149.825
594.529 154.270
594.812 167.444
595.095 175.622
595.379 178.279
595.662 174.473
595.945 167.593
596.229 179.911
596.512 184.071
596.796 187.315
597.079 192.585
597.362 201.703
597.646 216.199
597.929 231.486
598.212 224.603
598.496 221.687
598.779 220.462
599.062 219.921
599.346 223.369
599.629 228.146
599.913 233.281
600.196 230.348
600.479 236.308
600.763 233.967
601.046 233.206
601.329 239.861
601.613 235.149
601.896 227.027
602.179 229.244
602.463 222.691
602.746 226.139
603.030 227.594
603.313 220.945
603.596 213.281
603.880 215.281
604.163 224.526
604.446 236.923
604.730 235.319
605.013 244.245
605.296 255.691
605.580 257.370
605.863 250.486
606.147 240.731
606.430 234.401
606.713 238.145
606.997 232.901
607.280 233.321
607.563 246.850
607.847 268.516
608.130 275.652
608.414 276.981
608.697 281.493
608.980 280.581
609.264 275.964
609.547 271.250
609.830 262.863
610.114 263.741
610.397 273.124
610.680 279.371
610.964 283.502
611.247 292.122
611.531 309.948
611.814 302.081
612.097 288.380
612.381 279.032
612.664 274.025
612.947 282.482
613.231 280.420
613.514 263.553
613.797 269.902
614.081 278.346
614.364 279.645
614.648 290.361
614.931 302.684
615.214 312.327
615.498 318.031
615.781 335.322
616.064 353.947
616.348 354.340
616.631 352.612
616.914 346.669
617.198 348.794
617.481 363.598
617.765 365.464
618.048 375.549
618.331 391.896
618.615 391.952
618.898 391.400
619.181 384.910
619.465 377.790
619.748 371.508
620.031 363.303
620.315 368.597
620.598 382.052
620.882 392.879
621.165 406.473
621.448 417.763
621.732 411.525
622.015 407.421
622.298 387.739
622.582 367.448
622.865 357.957
623.148 349.985
623.432 343.846
623.715 366.647
623.999 388.697
624.282 407.924
624.565 422.053
624.849 433.869
625.132 447.880
625.415 453.065
625.699 446.422
625.982 442.526
626.265 450.871
626.549 456.470
626.832 298.714
627.116 209.817
627.399 219.986
627.682 236.322
627.966 256.624
628.249 279.273
628.532 290.291
628.816 467.236
629.099 580.177
629.383 578.296
629.666 563.313
629.949 550.652
630.233 555.147
630.516 570.223
630.799 569.358
631.083 566.038
631.366 598.840
631.649 639.156
631.933 674.524
632.216 696.268
632.500 729.696
632.783 775.295
633.066 815.741
633.350 837.345
633.633 865.327
633.916 900.372
634.200 929.806
634.483 950.644
634.766 979.226
635.050 1023.591
635.333 1076.782
635.617 1133.351
635.900 1182.645
636.183 1236.255
636.467 1305.464
636.750 1374.326
637.033 1429.991
637.317 1488.374
637.600 1552.676
637.883 1635.085
638.167 1710.103
638.450 1790.035
638.734 1879.315
639.017 2007.557
639.300 2157.095
639.584 2305.060
639.867 2453.808
640.150 2637.006
640.434 2834.191
640.717 3035.714
641.000 3253.004
641.284 3510.120
641.567 3811.614
641.851 4147.306
642.134 4517.533
642.417 4933.110
642.701 5392.530
642.984 5905.857
643.267 6448.997
643.551 7032.981
643.834 7700.495
644.117 8435.972
644.401 9225.796
644.684 10104.471
644.968 11030.175
645.251 12021.987
645.534 13055.525
645.818 14090.000
646.101 15148.350
646.384 16209.404
646.668 17270.356
646.951 18329.186
647.235 19401.621
647.518 20523.164
647.801 21728.218
648.085 22996.991
648.368 24364.167
648.651 25782.133
648.935 27306.614
649.218 28834.086
649.501 30382.108
649.785 31929.379
650.068 33459.609
650.352 34908.361
650.635 36371.894
650.918 37709.709
651.202 39008.778
651.485 40220.840
651.768 41357.708
652.052 42392.693
652.335 43388.714
652.618 44228.333
652.902 44997.811
653.185 45659.741
653.469 46277.160
653.752 46768.699
654.035 47160.339
654.319 47489.619
654.602 47761.302
654.885 47975.061
655.169 48189.266
655.452 48309.810
655.735 48444.852
656.019 48608.636
656.302 48718.227
656.586 48823.554
656.869 48929.109
657.152 48978.894
657.436 49056.493
657.719 49112.174
658.002 49102.334
658.286 49041.944
658.569 48965.801
658.852 48810.526
659.136 48594.023
659.419 48290.708
659.703 47909.282
659.986 47473.310
660.269 47041.781
660.553 46556.139
660.836 46102.446
661.119 45671.555
661.403 45309.475
661.686 44950.591
661.969 44687.056
662.253 44476.218
662.536 44368.616
662.820 44310.710
663.103 44312.515
663.386 44338.654
663.670 44436.904
663.953 44594.943
664.236 44856.618
664.520 45196.260
664.803 45602.761
665.086 46090.595
665.370 46631.403
665.653 47139.191
665.937 47637.629
666.220 48123.088
666.503 48497.271
666.787 48749.709
667.070 48944.146
667.353 49071.644
667.637 49179.030
667.920 49140.891
668.204 48953.040
668.487 48641.439
668.770 48266.236
669.054 47723.637
669.337 46997.361
669.620 46105.987
669.904 45129.439
670.187 43999.607
670.470 42797.281
670.754 41459.480
671.037 40050.278
671.321 38639.251
671.604 37242.032
671.887 35849.968
672.171 34490.467
672.454 33066.598
672.737 31674.170
673.021 30225.486
673.304 28711.128
673.587 27183.333
673.871 25603.034
674.154 23994.253
674.438 22454.672
674.721 20970.058
675.004 19598.054
675.288 18321.187
675.571 17115.286
675.854 15991.171
676.138 14931.178
676.421 13947.453
676.704 13038.141
676.988 12180.634
677.271 11378.194
677.555 10608.851
677.838 9886.559
678.121 9218.610
678.405 8571.564
678.688 7903.337
678.971 7262.650
679.255 6638.866
679.538 6052.981
679.821 5485.636
680.105 4942.945
680.388 4434.243
680.672 3989.908
680.955 3586.361
681.238 3237.037
681.522 2901.071
681.805 2611.272
682.088 2361.026
682.372 2127.694
682.655 1936.333
682.938 1772.748
683.222 1613.800
683.505 1496.004
683.789 1399.673
684.072 1351.358
684.355 1348.376
684.639 1340.104
684.922 1361.749
685.205 1404.530
685.489 1452.270
685.772 1523.102
686.056 1562.321
686.339 1600.198
686.622 1649.109
686.906 1664.131
687.189 1694.078
687.472 1729.696
687.756 1740.582
688.039 1752.810
688.322 1773.687
688.606 1777.863
688.889 1774.535
689.173 1753.859
689.456 1714.857
689.739 1673.854
690.023 1652.865
690.306 1617.552
690.589 1576.767
690.873 1559.823
691.156 1540.827
691.439 1524.544
691.723 1516.763
692.006 1497.616
692.290 1461.138
692.573 1443.760
692.856 1413.684
693.140 1381.678
693.423 1359.451
693.706 1339.168
693.990 1317.171
694.273 1314.656
694.556 1297.534
694.840 1285.619
695.123 1279.155
695.407 1270.940
695.690 1264.052
695.973 1256.303
696.257 1256.942
696.540 1258.218
696.830 1251.039
697.120 1244.525
697.410 1246.006
697.699 1251.428
697.989 1253.957
698.279 1252.690
698.569 1247.241
698.859 1251.470
699.149 1263.886
699.439 1254.509
699.729 1235.521
700.018 1209.087
700.308 1175.109
700.598 1164.153
700.888 1145.251
701.178 1114.670
701.468 1095.122
701.758 1087.850
702.048 1079.702
702.337 1060.036
702.627 1022.347
702.917 974.140
703.207 927.817
703.497 886.479
703.787 827.938
704.077 787.057
704.366 742.874
704.656 702.507
704.946 681.506
705.236 656.896
705.526 635.421
705.816 612.887
706.106 573.999
706.396 556.709
706.685 541.524
706.975 526.194
707.265 519.611
707.555 508.216
707.845 491.811
708.135 488.522
708.425 478.844
708.715 475.108
709.004 468.132
709.294 453.385
709.584 453.949
709.874 463.000
710.164 464.427
710.454 465.720
710.744 454.056
711.034 449.089
711.323 450.171
711.613 445.736
711.903 429.596
712.193 413.301
712.483 398.987
712.773 401.395
713.063 409.010
713.352 406.033
713.642 389.174
713.932 387.592
714.222 386.302
714.512 385.655
714.802 379.953
715.092 355.297
715.382 335.670
715.671 337.454
715.961 342.289
716.251 350.568
716.541 355.227
716.831 347.252
717.121 340.129
717.411 339.646
717.701 328.454
717.990 315.358
718.280 309.692
718.570 301.491
718.860 300.177
719.150 305.936
719.440 303.617
719.730 305.936
720.019 311.935
720.309 304.373
720.599 301.270
720.889 309.656
721.179 320.402
721.469 324.381
721.759 332.326
722.049 332.464
722.338 348.459
722.628 347.805
722.918 336.181
723.208 325.246
723.498 321.904
723.788 312.974
724.078 307.282
724.368 293.024
724.657 284.919
724.947 282.242
725.237 282.580
725.527 282.691
725.817 271.809
726.107 266.958
726.397 268.285
726.686 282.032
726.976 293.795
727.266 283.157
727.556 272.295
727.846 282.603
728.136 286.552
728.426 270.027
728.716 255.239
729.005 244.628
729.295 259.683
729.585 269.825
729.875 262.142
730.165 257.923
730.455 270.678
730.745 273.035
731.035 273.149
731.324 273.656
731.614 275.711
731.904 274.530
732.194 269.461
732.484 265.014
732.774 269.653
733.064 262.806
733.354 247.208
733.643 244.640
733.933 248.087
734.223 258.216
734.513 256.822
734.803 244.447
735.093 244.573
735.383 245.502
735.672 240.227
735.962 226.944
736.252 200.260
736.542 188.352
736.832 186.812
737.122 187.468
737.412 198.192
737.702 206.144
737.991 213.860
738.281 222.076
738.571 235.347
738.861 245.796
739.151 243.816
739.441 226.190
739.731 208.335
740.021 200.204
740.310 203.800
740.600 198.443
740.890 184.773
741.180 177.078
741.470 167.120
741.760 164.761
742.050 172.064
742.339 170.397
742.629 159.861
742.919 159.650
743.209 167.640
743.499 185.020
743.789 190.722
744.079 180.570
744.369 178.948
744.658 188.899
744.948 190.080
745.238 166.900
745.528 145.891
745.818 150.481
746.108 158.632
746.398 164.354
746.688 160.468
746.977 154.980
747.267 163.107
747.557 174.075
747.847 169.326
748.137 152.470
748.427 139.184
748.717 137.221
749.006 136.975
749.296 141.118
749.586 145.436
749.876 140.496
750.166 138.111
750.456 143.562
750.746 142.089
751.036 155.134
751.325 162.788
751.615 160.297
751.905 153.493
752.195 154.955
752.485 153.734
752.775 151.206
753.065 142.476
753.355 138.549
753.644 134.200
753.934 136.949
754.224 147.004
754.514 145.756
754.804 151.671
755.094 156.089
755.384 149.516
755.674 135.884
755.963 133.763
756.253 123.888
756.543 123.209
756.833 116.371
757.123 104.223
757.413 101.355
757.703 105.531
757.992 100.937
758.282 99.370
758.572 98.778
758.862 89.445
759.152 81.836
759.442 81.003
759.732 92.512
760.022 95.395
760.311 82.043
760.601 75.181
760.891 87.574
761.181 104.855
761.471 108.304
761.761 99.838
762.051 106.756
762.341 133.966
762.630 144.623
762.920 129.805
763.210 98.299
763.500 92.694
763.793 97.423
764.086 93.955
764.379 76.516
764.671 56.377
764.964 62.001
765.257 86.909
765.550 91.541
765.843 86.812
766.136 85.231
766.429 93.151
766.722 98.040
767.014 85.367
767.307 83.351
767.600 98.040
767.893 106.839
768.186 108.739
768.479 108.020
768.772 114.075
769.064 127.023
769.357 120.388
769.650 97.202
769.943 86.546
770.236 82.658
770.529 86.867
770.822 83.997
771.115 65.856
771.407 56.796
771.700 55.356
771.993 60.684
772.286 79.117
772.579 73.194
772.872 64.257
773.165 72.767
773.457 82.148
773.750 84.452
774.043 72.937
774.336 59.706
774.629 60.556
774.922 65.152
775.215 74.784
775.508 69.997
775.800 69.413
776.093 86.522
776.386 81.308
776.679 67.067
776.972 70.794
777.265 69.331
777.558 72.349
777.850 77.215
778.143 63.243
778.436 55.322
778.729 58.338
779.022 54.749
779.315 44.268
779.608 42.385
779.900 41.069
780.193 41.759
780.486 45.333
780.779 45.475
781.072 36.289
781.365 37.287
781.658 40.442
781.951 38.016
782.243 31.867
782.536 34.303
782.829 44.474
783.122 40.609
783.415 34.450
783.708 35.575
784.001 34.697
784.293 41.838
784.586 43.689
784.879 36.519
785.172 44.113
785.465 58.696
785.758 56.682
786.051 42.946
786.344 35.516
786.636 36.791
786.929 45.766
787.222 54.471
787.515 59.312
787.808 63.718
788.101 66.866
788.394 63.287
788.686 53.695
788.979 41.134
789.272 41.134
789.565 33.142
789.858 25.871
790.151 30.437
790.444 35.428
790.737 34.712
791.029 43.991
791.322 41.701
791.615 30.860
791.908 27.704
792.201 31.832
792.494 39.792
792.787 47.341
793.079 37.064
793.372 27.657
793.665 26.949
793.958 30.086
794.251 39.913
794.544 35.083
794.837 25.683
795.130 24.685
795.422 35.929
795.715 48.450
796.008 35.638
796.301 17.692
796.594 4.446
796.887 3.592
797.180 7.861
797.472 -0.961
797.765 2.751
798.058 17.700
798.351 36.768
798.644 58.560
798.937 55.854
799.230 54.861
799.523 56.997
799.815 35.482
800.108 24.087
800.401 5.730
800.694 1.480
800.987 10.609
801.280 3.483
801.573 8.333
801.865 28.008
802.158 41.692
802.451 46.402
802.744 39.119
803.037 38.257
803.330 46.816
803.623 49.982
803.915 41.291
804.208 38.742
804.501 38.038
804.794 34.047
805.087 34.493
805.380 35.509
805.673 29.084
805.966 28.516
806.258 26.549
806.551 33.583
806.844 45.202
807.137 41.492
807.430 36.771
807.723 25.154
808.016 16.821
808.308 15.683
808.601 12.111
808.894 2.647
809.187 -0.797
809.480 2.512
809.773 20.202
810.066 38.477
810.359 37.912
810.651 43.986
810.944 49.338
811.237 61.445
811.530 69.237
811.825 58.857
812.119 45.456
812.414 48.210
812.709 38.420
813.003 29.326
813.298 15.474
813.593 -1.567
813.887 8.435
814.182 20.923
814.476 15.299
814.771 28.665
815.066 47.697
815.360 62.512
815.655 75.306
815.950 77.091
816.244 69.251
816.539 68.238
816.834 43.067
817.128 24.459
817.423 17.814
817.718 20.341
818.012 19.099
818.307 23.816
818.602 34.271
818.896 56.570
819.191 50.815
819.486 48.356
819.780 48.164
820.075 46.174
820.369 51.416
820.664 39.940
820.959 34.859
821.253 37.633
821.548 26.049
821.843 27.759
822.137 23.052
822.432 -1.474
822.727 11.090
823.021 26.168
823.316 42.662
823.611 54.007
823.905 46.758
824.200 46.184
824.495 60.085
824.789 59.586
825.084 42.853
825.379 19.932
825.673 21.168
825.968 26.807
826.262 30.009
826.557 34.413
826.852 22.951
827.146 14.477
827.441 22.797
827.736 2.774
828.030 -23.934
828.325 -48.311
828.620 -66.792
828.914 -63.015
829.209 -68.743
829.504 -67.678
829.798 -44.815
830.093 -19.845
830.388 5.073
830.682 16.146
830.977 14.896
831.271 23.190
831.566 17.142
831.861 8.731
832.155 7.361
832.450 0.625
832.745 8.350
833.039 13.737
833.334 18.020
833.629 30.687
833.923 47.685
834.218 47.156
834.513 48.587
834.807 37.133
835.102 25.536
835.397 28.067
835.691 30.312
835.986 7.115
836.281 -0.653
836.575 -4.708
836.870 -5.651
837.164 -2.563
837.459 -4.102
837.754 -2.256
838.048 14.143
838.343 18.642
838.638 27.939
838.932 39.481
839.227 43.620
839.522 37.604
839.816 33.272
840.111 35.411
840.406 41.064
840.700 40.684
840.995 35.009
841.290 34.420
841.584 32.479
841.879 18.012
842.174 4.424
842.468 1.438
842.763 8.244
843.057 19.924
843.352 20.067
843.647 24.492
843.941 37.239
844.236 43.566
844.531 49.767
844.825 47.998
845.120 45.704
845.415 46.931
845.709 53.564
846.004 60.588
846.299 54.404
846.593 45.497
846.888 47.885
847.183 51.500
847.477 52.737
847.772 40.849
848.066 26.656
848.361 30.704
848.656 20.939
848.950 -1.032
849.245 -10.414
849.540 -21.518
849.834 -21.541
850.129 -17.783
850.424 -21.714
850.718 -21.901
851.013 -15.530
851.308 -16.018
851.602 -4.879
851.897 -7.324
852.192 -11.416
852.486 -7.812
852.781 -1.250
853.076 -4.002
853.370 -2.722
853.665 0.824
853.959 9.803
854.254 23.769
854.549 29.258
854.843 36.211
855.138 38.363
855.433 22.515
855.727 14.203
856.022 14.630
856.317 12.592
856.611 11.871
856.906 19.930
857.201 33.815
857.495 42.566
857.790 47.938
858.085 38.702
858.379 30.689
858.674 21.316
858.969 3.963
859.263 -4.818
859.558 -4.311
859.852 -17.506
860.147 -15.074
860.442 -2.064
860.736 1.860
861.031 5.605
861.326 17.977
861.620 25.820
861.915 35.250
862.210 48.677
862.504 47.181
862.799 56.112
863.094 69.201
863.388 64.266
863.683 53.058
863.978 46.575
864.272 36.529
864.567 20.093
864.861 16.474
865.156 11.450
865.451 6.684
865.745 12.228
866.040 15.818
866.335 21.508
866.629 26.700
866.924 21.653
867.219 16.711
867.513 26.028
867.808 37.281
868.103 42.615
868.397 47.237
868.692 57.533
868.987 70.248
869.281 72.033
869.576 53.028
869.871 39.356
870.165 34.306
870.460 18.301
870.754 5.307
871.049 -9.120
871.344 -14.821
871.638 -14.331
871.933 -13.596
872.228 -20.310
872.522 -24.418
872.817 -29.411
873.112 -35.241
873.406 -28.991
873.701 -18.397
873.996 -24.480
874.290 -23.991
874.585 -15.208
874.880 -5.066
875.174 4.919
875.469 1.815
875.764 4.358
876.058 21.850
876.353 28.885
876.647 27.389
876.942 26.126
877.237 29.748
877.531 25.913
877.826 12.127
878.121 -6.520
878.415 -5.594
878.710 -11.885
879.005 -25.873
879.299 -41.106
879.594 -33.482
879.889 -28.608
880.183 -26.621
880.478 -35.152
880.773 -33.311
881.067 -23.739
881.362 -19.253
881.656 -29.234
881.951 -23.846
882.246 -9.579
882.540 2.559
882.835 11.001
883.130 7.657
883.424 8.622
883.719 13.203
884.014 8.730
884.308 7.834
884.603 1.177
884.898 -1.172
885.192 5.076
885.487 15.250
885.782 10.871
886.076 3.440
886.371 -10.687
886.666 -7.357
886.960 -8.888
887.255 -17.039
887.549 -31.973
887.844 -26.619
888.139 -19.200
888.433 -6.715
888.728 -2.053
889.023 -0.773
889.317 1.559
889.612 9.186
889.907 14.976
890.201 18.629
890.496 14.572
890.791 11.904
891.085 13.797
891.380 22.884
891.675 30.317
891.969 21.736
892.264 11.649
892.559 8.752
892.853 5.974
893.148 5.089
893.442 0.683
893.737 -4.484
894.032 -10.278
894.326 -2.716
894.621 9.141
894.916 11.798
895.210 10.790
895.505 1.584
895.800 -7.370
896.094 -7.501
896.389 -14.063
896.684 -19.742
896.978 -15.700
897.273 -6.480
897.568 13.468
897.862 23.443
898.157 25.447
898.451 32.777
898.746 30.006
899.041 14.204
899.335 4.097
899.630 -7.539
899.925 -16.165
900.219 -17.317
900.514 -14.773
900.809 -19.092
901.103 -12.009
901.398 -4.129
901.693 1.596
901.987 8.971
902.282 7.802
902.577 1.324
902.871 -4.304
903.166 -9.683
903.461 -12.835
903.755 -13.967
904.050 -13.184
904.344 3.595
904.639 12.598
904.934 32.477
905.228 55.611
905.523 57.951
905.818 53.970
906.112 49.212
906.407 37.381
906.702 34.051
906.996 25.969
907.291 8.204
907.586 2.532
907.880 -0.198
908.175 4.599
908.470 4.722
908.764 -5.419
909.059 -13.882
909.354 -12.186
909.648 -11.268
909.943 1.397
910.237 12.427
910.532 27.124
910.827 37.065
911.121 42.678
911.416 39.525
911.711 35.702
912.005 25.211
912.300 11.450
912.599 2.431
912.898 1.282
913.196 1.683
913.495 -1.257
913.794 -2.613
914.093 -3.697
914.391 -6.229
914.690 -10.601
914.989 -4.158
915.288 -1.336
915.586 5.055
915.885 7.307
916.184 21.789
916.483 32.392
916.782 30.508
917.080 23.710
917.379 27.119
917.678 31.202
917.977 28.198
918.275 24.400
918.574 32.353
918.873 22.937
919.172 14.777
919.471 9.116
919.769 1.912
920.068 17.510
920.367 16.370
920.666 0.484
920.964 6.258
921.263 13.099
921.562 18.660
921.861 31.424
922.159 27.685
922.458 22.620
922.757 25.840
923.056 45.140
923.355 56.125
923.653 56.797
923.952 51.750
924.251 45.907
924.550 41.535
924.848 39.881
925.147 30.955
925.446 31.852
925.745 34.251
926.043 40.504
926.342 50.150
926.641 50.101
926.940 43.480
927.239 39.659
927.537 17.528
927.836 9.132
928.135 12.601
928.434 12.078
928.732 15.554
929.031 24.883
929.330 26.090
929.629 37.170
929.927 41.525
930.226 28.572
930.525 23.407
930.824 36.853
931.123 36.984
931.421 23.207
931.720 17.151
932.019 0.570
932.318 -14.820
932.616 -23.495
932.915 -35.480
933.214 -36.232
933.513 -18.452
933.812 -5.789
934.110 6.774
934.409 15.233
934.708 15.663
935.007 12.292
935.305 13.074
935.604 17.665
935.903 10.713
936.202 10.708
936.500 13.547
936.799 8.561
937.098 -2.489
937.397 -25.892
937.696 -41.524
937.994 -28.104
938.293 -10.510
938.592 -3.274
938.891 1.540
939.189 17.720
939.488 46.692
939.787 67.635
940.086 46.609
940.384 20.572
940.683 24.397
940.982 23.190
941.281 6.828
941.580 -14.965
941.878 -35.005
942.177 -35.850
942.476 -35.841
942.775 -59.895
943.073 -53.694
943.372 -31.877
943.671 -7.492
943.970 2.539
944.268 4.872
944.567 7.820
944.866 21.650
945.165 17.086
945.464 9.319
945.762 -4.854
946.061 -0.726
946.360 11.365
946.659 17.134
946.957 30.866
947.256 45.394
947.555 41.556
947.854 40.809
948.153 27.469
948.451 6.451
948.750 -7.059
949.049 -23.469
949.348 -41.853
949.646 -35.253
949.945 -21.835
950.244 -10.172
950.543 6.703
950.841 23.952
951.140 22.030
951.439 26.566
951.738 23.999
952.037 9.838
952.335 -5.801
952.634 -11.354
952.933 -20.540
953.232 -22.496
953.530 -19.219
953.829 -6.628
954.128 6.111
954.427 14.080
954.725 4.278
955.024 -1.812
955.323 5.679
955.622 12.466
955.921 3.293
956.219 -6.015
956.518 -12.787
956.817 -7.704
957.116 -3.399
957.414 -8.572
957.713 -13.105
958.012 1.085
958.311 11.064
958.610 11.410
958.908 5.455
959.207 21.008
959.506 42.814
959.805 33.846
960.103 18.421
960.402 1.697
960.701 -5.879
961.000 13.959
961.298 11.822
961.597 3.523
961.896 2.572
962.195 -7.902
962.494 12.466
962.792 35.260
963.091 36.013
963.390 36.927
963.689 38.182
963.987 53.924
964.286 64.543
964.585 54.255
964.884 45.954
965.182 36.029
965.481 25.024
965.780 23.171
966.080 25.934
966.380 25.277
966.680 30.727
966.981 35.132
967.281 42.764
967.581 54.613
967.881 49.547
968.181 45.940
968.481 42.588
968.781 30.293
969.082 24.804
969.382 24.142
969.682 22.740
969.982 24.642
970.282 25.039
970.582 28.033
970.882 35.362
971.183 36.995
971.483 28.165
971.783 17.196
972.083 14.180
972.383 -3.203
972.683 -15.028
972.983 -15.081
973.284 -24.351
973.584 -31.687
973.884 -22.135
974.184 -14.262
974.484 12.485
974.784 46.915
975.084 75.005
975.385 111.026
975.685 139.060
975.985 151.008
976.285 164.271
976.585 164.161
976.885 145.083
977.185 130.741
977.486 126.702
977.786 134.681
978.086 139.821
978.386 144.758
978.686 152.668
978.986 163.854
979.286 146.121
979.587 125.183
979.887 120.221
980.187 113.507
980.487 95.935
980.787 89.364
981.087 83.792
981.387 85.221
981.688 86.507
981.988 67.793
982.288 64.364
982.588 69.650
982.888 52.364
983.188 41.364
983.488 48.650
983.789 47.650
984.089 37.793
984.389 22.507
984.689 11.650
984.989 9.079
985.289 14.222
985.589 8.507
985.890 -1.778
986.190 2.936
986.490 9.650
986.790 7.365
987.090 -0.492
987.390 -16.064
987.690 -20.349
987.991 -4.492
988.291 5.222
988.591 -8.635
988.891 -17.349
989.191 -11.064
989.491 2.651
989.791 5.651
990.092 7.079
990.392 15.651
990.692 17.508
990.992 22.080
991.292 24.937
991.592 20.937
991.892 28.222
992.193 33.508
992.493 34.794
992.793 44.223
993.093 42.508
993.393 40.794
993.693 38.937
993.993 30.080
994.294 13.223
994.594 3.080
994.894 9.080
995.194 12.080
995.494 16.223
995.794 15.937
996.094 18.366
996.395 23.652
996.695 18.652
996.995 5.937
997.295 8.366
997.595 15.509
997.895 28.938
998.195 30.795
998.496 31.223
998.796 25.938
999.096 18.652
999.396 18.795
999.696 8.366
999.996 1.509
1000.296 5.224
1000.597 -3.348
1000.897 -1.205
1001.197 7.081
1001.497 12.367
1001.797 25.652
1002.097 20.367
1002.397 3.510
1002.698 -1.205
1002.998 0.224
1003.298 11.367
1003.598 11.081
1003.898 -4.062
1004.198 -9.633
1004.498 -2.633
1004.799 -3.347
1005.099 -15.347
1005.399 -23.204
1005.699 -28.919
1005.999 -21.204
1006.299 -10.204
1006.599 -1.061
1006.900 8.939
1007.200 27.082
1007.500 25.367
1007.800 14.510
1008.100 0.082
1008.400 -11.918
1008.700 -25.490
1009.001 -25.775
1009.301 -25.204
1009.601 -24.775
1009.901 -26.918
1010.201 -26.775
1010.501 -29.347
1010.801 -33.775
1011.102 -40.061
1011.402 -40.204
1011.702 -30.204
1012.002 -9.346
1012.302 9.368
1012.602 20.368
1012.902 23.082
1013.203 21.511
1013.503 11.225
1013.803 11.940
1014.103 7.797
1014.403 -6.203
1014.703 -5.632
1015.003 11.940
1015.304 31.940
1015.604 34.083
1015.904 27.797
1016.204 33.797
1016.504 44.797
1016.804 38.940
1017.104 21.369
1017.405 6.083
1017.705 15.083
1018.005 21.226
1018.305 12.797
1018.605 4.940
1018.905 9.226
1019.205 30.512
1019.506 35.083
1019.806 28.369
1020.106 16.369
1020.406 15.512
1020.706 19.512
1021.006 28.798
1021.306 21.512
1021.607 13.226
1021.907 10.369
1022.207 10.083
1022.507 11.941
1022.807 21.655
1023.107 20.369
1023.407 28.798
1023.708 46.941
1024.008 60.655
1024.308 66.655
1024.608 58.369
1024.908 44.084
1025.208 47.941
1025.508 40.655
1025.809 22.798
1026.109 1.941
1026.409 -0.773
1026.709 18.655
1027.009 26.798
1027.309 23.370
1027.609 21.370
1027.910 28.227
1028.210 33.227
1028.510 20.370
1028.810 12.370
1029.110 14.799
1029.410 13.370
1029.710 6.799
1030.011 -1.058
1030.311 3.942
1030.611 14.513
1030.911 11.942
1031.211 4.799
1031.511 -6.773
1031.811 -12.344
1032.112 -12.915
1032.412 -8.487
1032.712 -5.344
1033.012 -13.915
1033.312 -24.772
1033.612 -34.344
1033.912 -30.629
1034.212 -14.772
1034.513 -13.629
1034.813 -21.772
1035.113 -23.058
1035.413 -14.915
1035.713 5.085
1036.013 12.371
1036.313 10.228
1036.614 4.371
1036.914 6.371
1037.214 12.657
1037.514 17.371
1037.814 11.085
1038.114 7.085
1038.414 1.943
1038.715 -2.629
1039.015 -4.486
1039.315 -0.486
1039.615 -0.343
1039.915 0.800
1040.215 0.800
1040.515 7.514
1040.816 16.800
1041.116 18.514
1041.416 17.800
1041.716 15.514
1042.016 8.800
1042.316 6.229
1042.616 5.514
1042.917 -6.628
1043.217 -11.628
1043.517 -16.771
1043.817 -19.200
1044.117 -13.343
1044.417 -15.057
1044.717 -29.914
1045.018 -20.771
1045.318 -6.200
1045.618 -3.771
1045.918 -7.199
1046.218 -5.485
1046.518 6.372
1046.818 21.372
1047.119 24.944
1047.419 16.658
1047.719 6.372
1048.019 6.944
1048.319 -1.056
1048.619 -16.056
1048.919 -17.913
1049.220 -12.199
1049.520 -13.342
1049.820 -10.913
1050.120 -6.342
1050.420 1.230
1050.720 1.230
1051.020 -11.199
1051.321 -17.056
1051.621 -5.770
1051.921 7.801
1052.221 2.801
1052.521 0.944
1052.821 13.516
1053.121 17.373
1053.422 13.373
1053.722 10.087
1054.022 2.087
1054.322 0.373
1054.622 7.659
1054.922 14.659
1055.222 28.659
1055.523 36.230
1055.823 38.659
1056.123 41.230
1056.423 37.373
1056.723 29.659
1057.023 16.087
1057.323 5.088
1057.624 -3.341
1057.924 -4.055
1058.224 -3.627
1058.524 6.802
1058.824 -3.055
1059.124 -10.055
1059.424 -15.627
1059.725 -16.912
1060.025 -14.055
1060.325 -5.912
1060.625 -3.198
1060.925 -3.912
1061.225 -3.055
1061.525 -0.055
1061.826 4.659
1062.126 -6.198
1062.426 -26.198
1062.726 -37.055
1063.026 -26.769
1063.326 -20.626
1063.626 -13.483
1063.927 -8.340
1064.227 -10.912
1064.527 -11.340
1064.827 -11.340
1065.127 -15.197
1065.427 -15.197
1065.727 -22.054
1066.028 -27.054
1066.328 -24.197
1066.628 -17.483
1066.928 -7.197
1067.228 -4.483
1067.528 -9.340
1067.828 -9.768
1068.129 -14.626
1068.429 -18.483
1068.729 -13.768
1069.029 -9.911
1069.329 -14.197
1069.629 -25.054
1069.929 -35.197
1070.230 -28.340
1070.530 -23.911
1070.830 -31.054
1071.130 -38.482
1071.430 -31.054
1071.730 -12.768
1072.030 -1.768
1072.331 -9.768
1072.631 -3.625
1072.931 8.518
1073.231 15.232
1073.531 15.661
1073.831 14.089
1074.131 16.089
1074.432 20.804
1074.732 33.947
1075.032 40.661
1075.332 29.518
1075.632 24.947
1075.932 19.232
1076.232 16.661
1076.533 12.232
1076.833 -6.768
1077.133 -19.910
1077.433 -16.196
1077.733 -18.339
1078.033 -18.767
1078.333 -21.625
1078.634 -22.625
1078.934 -24.910
1079.234 -24.339
1079.534 -26.053
1079.834 -21.053
1080.134 -13.767
1080.434 -8.196
1080.735 -1.767
1081.035 6.519
1081.335 3.661
1081.635 0.662
1081.935 -2.624
1082.235 2.090
1082.535 2.233
1082.836 -2.338
1083.136 -8.053
1083.436 0.519
1083.736 11.805
1084.036 12.233
1084.336 2.090
1084.636 -2.767
1084.937 -4.481
1085.237 -8.338
1085.537 -7.767
1085.837 -5.767
1086.137 -4.481
1086.437 -1.481
1086.737 -5.624
1087.038 -6.195
1087.338 -10.766
1087.638 -21.766
1087.938 -29.909
1088.238 -31.481
1088.538 -28.052
1088.838 -18.909
1089.139 -15.766
1089.439 -8.909
1089.739 -3.195
1090.039 3.091
1090.339 11.948
1090.639 3.377
1090.939 11.091
1091.240 22.520
1091.540 33.377
1091.840 37.805
1092.140 48.234
1092.453 51.091
1092.766 62.520
1093.079 51.806
1093.392 35.377
1093.705 25.234
1094.018 8.377
1094.330 -5.766
1094.643 -2.337
1094.956 -2.337
1095.269 -4.480
1095.582 9.520
1095.895 15.663
1096.208 16.663
1096.521 5.806
1096.834 -17.766
1097.147 -29.051
1097.460 -24.480
1097.773 -38.194
1098.085 -52.480
1098.398 -44.623
1098.711 -37.623
1099.024 -26.908
1099.337 -20.908
1099.650 -32.908
1099.963 -32.480
1100.276 -24.908
1100.589 -34.337
1100.902 -29.194
1101.215 -26.337
1101.528 -23.479
1101.841 -14.765
1102.153 -15.336
1102.466 -9.051
1102.779 6.235
1103.092 8.092
1103.405 10.664
1103.718 10.092
1104.031 15.807
1104.344 19.092
1104.657 17.807
1104.970 12.378
1105.283 3.950
1105.596 -1.193
1105.909 1.521
1106.221 -2.622
1106.534 2.092
1106.847 6.521
1107.160 13.093
1107.473 17.807
1107.786 10.235
1108.099 -6.193
1108.412 -15.622
1108.725 -25.050
1109.038 -38.764
1109.351 -49.622
1109.664 -53.479
1109.977 -43.479
1110.289 -41.621
1110.602 -31.764
1110.915 -30.193
1111.228 -28.764
1111.541 -21.764
1111.854 -24.907
1112.167 -27.050
1112.480 -16.907
1112.793 -24.478
1113.106 -20.907
1113.419 -12.478
1113.732 -14.335
1114.044 -8.335
1114.357 -2.050
1114.670 -4.621
1114.983 2.093
1115.296 17.379
1115.609 21.950
1115.922 20.379
1116.235 15.093
1116.548 2.236
1116.861 -1.192
1117.174 -1.478
1117.487 -22.478
1117.800 -29.049
1118.112 -22.764
1118.425 -8.764
1118.738 7.808
1119.051 14.522
1119.364 19.094
1119.677 32.665
1119.990 30.665
1120.303 28.237
1120.616 19.094
1120.929 2.379
1121.242 11.380
1121.555 24.380
1121.868 21.237
1122.180 19.380
1122.493 20.665
1122.806 19.522
1123.119 13.237
1123.432 -0.335
1123.745 -18.477
1124.058 -25.192
1124.371 -17.477
1124.684 -21.049
1124.997 -21.906
1125.310 -5.049
1125.623 0.237
1125.935 2.237
1126.248 -3.763
1126.561 -16.049
1126.874 -15.334
1127.187 -17.620
1127.500 -24.620
1127.813 -35.763
1128.126 -38.620
1128.439 -43.048
1128.752 -49.763
1129.065 -54.477
1129.378 -47.334
1129.691 -39.334
1130.003 -23.763
1130.316 -3.334
1130.629 23.095
1130.942 32.809
1131.255 32.952
1131.568 28.380
1131.881 23.523
1132.194 13.380
1132.507 0.666
1132.820 -5.905
1133.133 -2.762
1133.446 4.381
1133.759 11.381
1134.071 18.095
1134.384 20.381
1134.697 8.952
1135.010 0.524
1135.323 -9.334
1135.636 -14.762
1135.949 -16.191
1136.262 -20.905
1136.575 -26.476
1136.888 -16.191
1137.201 -3.762
1137.514 10.238
1137.826 19.524
1138.139 17.667
1138.452 4.238
1138.765 8.952
1139.078 6.095
1139.391 0.095
1139.704 -6.333
1140.017 -17.476
1140.330 -16.333
1140.643 1.095
1140.956 0.095
1141.269 5.095
1141.582 -2.904
1141.894 -1.762
1142.207 19.667
1142.520 18.810
1142.833 7.524
1143.146 8.239
1143.459 1.239
1143.772 6.953
1144.085 14.381
1144.398 -4.761
1144.711 -2.047
1145.024 2.810
1145.337 9.239
1145.650 19.524
1145.962 19.810
1146.275 15.810
1146.588 24.096
1146.901 20.096
1147.214 20.382
1147.527 14.953
1147.840 10.382
1148.153 13.667
1148.466 14.525
1148.779 11.382
1149.092 10.668
1149.405 9.668
1149.718 16.239
1150.030 15.239
1150.343 10.096
1150.656 5.811
1150.969 7.239
1151.282 11.239
1151.595 22.953
1151.908 29.382
1152.221 28.096
1152.534 28.954
1152.847 25.668
1153.160 21.668
1153.473 19.811
1153.785 15.668
1154.098 17.097
1154.411 10.525
1154.724 3.239
1155.037 11.954
1155.350 9.668
1155.663 8.811
1155.976 2.097
1156.289 -14.618
1156.602 -5.475
1156.915 10.097
1157.228 7.668
1157.541 4.097
1157.853 -9.760
1158.166 -13.189
1158.479 0.668
1158.792 -1.332
1159.105 -9.332
1159.418 -8.332
1159.731 -10.760
1160.044 1.097
1160.357 1.668
1160.670 -13.332
1160.983 -21.617
1161.296 -24.474
1161.609 -31.046
1161.921 -25.903
1162.234 -19.760
1162.547 -16.046
1162.860 -17.474
1163.173 -4.331
1163.486 10.954
1163.799 15.954
1164.112 13.954
1164.425 13.240
1164.738 15.955
1165.051 18.955
1165.364 18.526
1165.676 9.955
1165.989 11.240
1166.302 17.098
1166.615 14.383
1166.928 15.812
1167.241 20.955
1167.554 20.526
1167.867 23.098
1168.180 26.669
1168.493 29.526
1168.806 36.669
1169.119 37.812
1169.432 29.098
1169.744 20.812
1170.057 21.098
1170.370 20.384
1170.683 17.526
1170.996 5.098
1171.309 -7.759
1171.622 4.098
1171.935 11.241
1172.248 -2.045
1172.561 -13.473
1172.874 -17.473
1173.187 -11.331
1173.500 -1.902
1173.812 -18.902
1174.125 -31.188
1174.438 -22.330
1174.751 -0.759
1175.064 7.527
1175.377 3.098
1175.690 0.813
1176.003 19.955
1176.316 30.670
1176.629 36.527
1176.942 26.241
1177.255 16.241
1177.567 13.527
1177.880 9.384
1178.193 1.956
1178.506 -0.044
1178.819 1.098
1179.132 3.384
1179.445 7.956
1179.758 4.670
1180.071 1.527
1180.384 0.813
1180.697 6.670
1181.010 -3.473
1181.323 -14.187
1181.635 -13.187
1181.948 -2.758
1182.261 7.384
1182.574 6.670
1182.887 -3.044
1183.200 -6.044
1183.513 1.385
1183.826 -1.615
1184.139 -13.330
1184.452 -18.901
1184.765 -14.758
1185.078 -12.044
1185.391 -18.044
1185.703 -17.044
1186.016 -8.187
1186.329 -2.901
1186.642 0.385
1186.955 -3.329
1187.268 -2.758
1187.581 0.242
1187.894 -15.044
1188.207 -20.758
1188.520 -16.329
1188.833 -17.329
1189.146 -13.615
1189.459 -15.329
1189.771 -5.615
1190.084 6.242
1190.397 -5.901
1190.710 -18.901
1191.023 -20.615
1191.336 -21.901
1191.649 -27.615
1191.962 -37.186
1192.275 -42.615
1192.588 -33.615
1192.901 -16.043
1193.214 -17.186
1193.526 -26.329
1193.839 -20.900
1194.152 -10.758
1194.465 -11.900
1194.778 -15.900
1195.091 -21.043
1195.404 -23.043
1195.717 -16.900
1196.030 -10.186
1196.343 -11.900
1196.656 -8.329
1196.969 -2.614
1197.282 -7.043
1197.594 -12.329
1197.907 -10.043
1198.220 -2.186
1198.533 1.386
1198.846 8.243
1199.159 9.671
1199.472 6.529
1199.785 13.100
1200.098 12.957
1200.411 3.529
1200.724 10.672
1201.037 15.529
1201.350 8.672
1201.662 14.243
1201.975 21.624
1202.288 26.157
1202.601 25.957
