165.028 59.839
165.288 49.238
165.547 40.837
165.807 35.264
166.067 33.119
166.327 28.117
166.587 18.115
166.847 -14.888
167.107 -19.604
167.367 -19.606
167.627 -24.466
167.886 -26.611
168.146 -31.470
168.406 -21.044
168.666 1.953
168.926 -2.192
169.186 -9.623
169.446 -6.339
169.706 2.801
169.966 19.227
170.225 19.796
170.485 10.651
170.745 19.077
171.005 26.504
171.265 15.644
171.525 5.070
171.785 -5.647
172.045 -5.506
172.305 4.491
172.564 0.346
172.824 1.772
173.084 26.627
173.344 35.339
173.604 25.765
173.864 13.048
174.124 9.474
174.384 20.757
174.644 33.469
174.903 25.895
175.163 15.321
175.423 36.318
175.683 46.887
175.943 40.170
176.203 37.311
176.463 24.022
176.723 18.448
176.983 29.017
177.242 19.729
177.502 7.583
177.762 4.438
178.022 4.007
178.282 5.861
178.542 10.573
178.802 5.856
179.062 3.568
179.322 4.136
179.581 2.991
179.841 -2.869
180.101 -1.872
180.361 -5.160
180.621 -12.163
180.881 -28.308
181.141 -30.454
181.401 -23.885
181.661 -29.459
181.920 -32.319
182.180 -28.179
182.440 -25.039
182.700 -13.470
182.960 -7.758
183.220 -7.475
183.480 -1.478
183.740 -6.624
184.000 -20.627
184.259 -21.915
184.519 -10.346
184.779 4.080
185.039 17.648
185.299 29.360
185.559 37.643
185.819 49.497
186.079 50.209
186.339 37.206
186.598 8.489
186.858 -24.371
187.118 -46.945
187.378 -57.377
187.638 -62.951
187.898 -60.811
188.158 -66.242
188.418 -58.959
188.678 -49.677
188.937 -47.679
189.197 -54.539
189.457 -61.828
189.717 -64.259
189.977 -51.405
190.237 -50.836
190.497 -48.982
190.757 -25.556
191.017 -2.988
191.276 15.295
191.536 18.435
191.796 11.004
192.056 13.144
192.316 16.141
192.576 0.138
192.836 -9.007
193.096 -25.582
193.356 -25.727
193.616 -16.302
193.875 -10.162
194.135 1.407
194.395 3.690
194.655 -5.742
194.915 -0.030
195.175 3.396
195.435 -5.322
195.695 -10.896
195.955 -20.042
196.214 -17.044
196.474 -9.333
196.734 -18.193
196.994 -25.196
197.254 -16.342
197.514 -8.916
197.774 -6.633
198.034 -7.779
198.294 -2.353
198.553 5.216
198.813 2.927
199.073 -6.219
199.333 -12.222
199.593 -3.224
199.853 1.773
200.113 0.341
200.373 3.196
200.633 8.907
200.892 10.618
201.152 3.616
201.412 -23.673
201.672 -37.104
201.932 -43.822
202.192 -44.967
202.452 -38.827
202.712 -30.973
202.972 -18.833
203.231 0.021
203.491 14.590
203.751 19.873
204.011 30.013
204.271 36.296
204.531 40.864
204.791 33.290
205.051 32.859
205.311 35.999
205.570 45.567
205.830 54.136
206.090 58.847
206.350 45.416
206.610 46.841
206.870 55.267
207.130 45.693
207.390 31.690
207.650 15.973
207.909 -8.030
208.169 -7.604
208.429 -13.607
208.689 -29.467
208.949 -30.755
209.209 -24.901
209.469 -29.904
209.729 -25.335
209.989 -25.052
210.248 -6.769
210.508 -1.201
210.768 -11.204
211.028 -24.635
211.288 -18.781
211.548 -15.212
211.808 -13.500
212.068 -23.075
212.328 -24.506
212.587 -13.795
212.847 6.917
213.107 12.914
213.367 14.626
213.627 20.909
213.887 26.049
214.147 30.475
214.407 30.186
214.667 17.469
214.926 -0.962
215.186 -1.679
215.446 -13.682
215.706 -35.542
215.966 -41.402
216.226 -46.405
216.486 -47.693
216.746 -27.410
217.006 -17.699
217.265 -2.130
217.525 22.439
217.785 31.293
218.045 36.005
218.305 40.002
218.565 30.714
218.825 22.854
219.085 16.423
219.345 10.848
219.604 3.274
219.864 5.415
220.124 -0.017
220.384 2.981
220.644 11.835
220.904 17.832
221.164 16.830
221.424 26.541
221.684 34.110
221.943 39.107
222.203 25.248
222.463 11.816
222.723 8.385
222.983 10.954
223.243 -0.906
223.503 -21.623
223.763 -35.911
224.023 -41.200
224.282 -42.916
224.542 -47.776
224.802 -52.922
225.062 -55.639
225.322 -48.641
225.582 -38.072
225.842 -23.789
226.102 -22.363
226.362 -26.794
226.621 -22.511
226.881 -4.943
227.141 6.198
227.401 11.624
227.661 13.764
227.921 13.190
228.181 17.187
228.441 9.471
228.701 -9.103
228.960 -10.963
229.220 -9.823
229.480 -10.111
229.740 -7.685
230.000 -14.259
230.260 -5.690
230.520 1.307
230.780 -7.267
231.040 -12.269
231.299 -16.986
231.559 -24.274
231.819 -24.134
232.079 -20.136
232.339 -9.853
232.599 -4.427
232.859 -9.287
233.119 -13.003
233.379 -15.006
233.638 -13.437
233.898 -19.725
234.158 -32.728
234.418 -35.873
234.678 -26.304
234.938 -19.163
235.198 -14.594
235.458 -24.311
235.718 -28.314
235.978 -27.745
236.237 -23.747
236.497 -17.321
236.757 -14.752
237.017 -10.754
237.277 12.243
237.537 28.527
237.797 41.381
238.057 35.665
238.317 27.091
238.576 23.517
238.836 21.229
239.096 5.084
239.356 -4.633
239.616 -10.350
239.876 -13.495
240.136 -21.354
240.396 -23.785
240.656 -24.216
240.915 -14.361
241.175 -11.650
241.435 -10.652
241.695 -5.083
241.955 11.486
242.215 20.770
242.475 30.339
242.735 25.908
242.995 15.620
243.254 12.903
243.514 13.330
243.774 5.042
244.034 2.182
244.294 4.751
244.554 10.321
244.814 16.604
245.074 11.316
245.334 -0.258
245.593 -9.831
245.853 -10.977
246.113 -4.836
246.373 3.019
246.633 10.731
246.893 13.729
247.153 32.441
247.413 40.581
247.673 32.722
247.932 18.577
248.192 8.432
248.452 -14.285
248.712 -20.572
248.972 -20.003
249.232 -13.148
249.492 -10.008
249.752 -17.010
250.012 -29.012
250.271 -21.014
250.531 -13.016
250.791 -25.447
251.051 -33.878
251.311 -25.023
251.571 -3.025
251.831 20.259
252.091 26.542
252.351 21.397
252.610 22.252
252.870 35.822
253.130 35.962
253.390 12.532
253.650 7.101
253.911 3.956
254.172 3.811
254.433 5.523
254.694 -13.336
254.955 -27.909
255.216 -29.340
255.477 -45.485
255.738 -56.201
255.999 -51.061
256.261 -47.491
256.522 -39.350
256.783 -28.353
257.044 -18.926
257.305 -9.214
257.566 4.927
257.827 -2.218
258.088 -4.077
258.349 -8.508
258.610 -7.652
258.871 -10.369
259.132 -22.371
259.393 -28.373
259.654 -27.089
259.915 -28.234
260.176 -29.522
260.437 -39.381
260.698 -39.811
260.959 -29.242
261.221 -27.815
261.482 -26.389
261.743 -27.962
262.004 -25.107
262.265 -13.537
262.526 -3.254
262.787 -5.827
263.048 -7.829
263.309 -9.117
263.570 -13.261
263.831 -6.978
264.092 -6.694
264.353 -9.410
264.614 -5.269
264.875 -7.414
265.136 -8.273
265.397 -3.275
265.658 -6.705
265.919 -5.136
266.181 -3.709
266.442 -3.711
266.703 6.573
266.964 7.428
267.225 3.855
267.486 -3.575
267.747 -14.006
268.008 -15.436
268.269 -13.438
268.530 -9.583
268.791 5.130
269.052 11.699
269.313 16.840
269.574 14.838
269.835 6.694
270.096 -3.737
270.357 -16.738
270.618 -36.312
270.879 -47.028
271.141 -42.601
271.402 -41.746
271.663 -37.462
271.924 -22.178
272.185 -9.322
272.446 -3.181
272.707 1.531
272.968 -2.328
273.229 5.813
273.490 19.097
273.751 23.238
274.012 21.808
274.273 35.949
274.534 44.090
274.795 40.946
275.056 36.087
275.317 14.085
275.578 -6.631
275.839 -10.490
276.101 -14.777
276.362 -15.493
276.623 -10.780
276.884 -6.782
277.145 -3.212
277.406 -5.357
277.667 -6.787
277.928 -10.360
278.189 -17.362
278.450 -23.649
278.711 -27.223
278.972 -22.510
279.233 -6.512
279.494 -3.656
279.755 -4.086
280.016 -1.659
280.277 -2.518
280.538 -6.948
280.799 -0.093
281.061 -1.095
281.322 -8.810
281.583 -9.383
281.844 -5.242
282.105 -2.244
282.366 -8.388
282.627 -20.247
282.888 -34.249
283.149 -38.822
283.410 -42.680
283.671 -44.253
283.932 -39.398
284.193 -17.828
284.454 -12.687
284.715 -5.117
284.976 8.453
285.237 17.880
285.498 15.736
285.759 11.734
286.021 13.447
286.282 26.302
286.543 36.158
286.804 38.299
287.065 27.583
287.326 24.868
287.587 26.437
287.848 12.436
288.109 0.863
288.370 -6.424
288.631 -11.140
288.892 -5.856
289.153 7.285
289.414 5.570
289.675 -3.432
289.936 -16.290
290.197 -23.578
290.458 -19.293
290.719 -15.438
290.981 -18.439
291.242 -13.155
291.503 -1.014
291.764 8.699
292.025 16.269
292.286 3.553
292.547 -15.019
292.808 -20.164
293.069 -22.594
293.330 -29.310
293.591 -27.597
293.852 -34.170
294.113 -31.171
294.374 -17.030
294.635 -12.602
294.896 -10.318
295.157 -7.748
295.418 -8.607
295.679 -5.037
295.941 2.676
296.202 1.103
296.463 -5.184
296.724 -9.471
296.985 -11.187
297.246 -12.474
297.507 -1.332
297.768 -8.762
298.029 -19.906
298.290 -25.193
298.551 -27.052
298.812 -22.196
299.073 -11.483
299.334 -16.056
299.595 -8.200
299.856 7.655
300.117 11.940
300.378 10.653
300.639 13.794
300.901 15.222
301.162 16.363
301.423 6.790
301.684 -5.354
301.945 -2.212
302.206 9.072
302.467 3.642
302.728 -12.931
302.989 -25.932
303.250 -21.219
303.511 -22.077
303.772 -28.936
304.033 -38.651
304.294 -39.938
304.555 -36.654
304.816 -28.798
305.077 -24.799
305.338 -14.801
305.599 -0.802
305.861 11.768
306.122 18.481
306.383 20.480
306.644 12.336
306.905 -8.951
307.166 -20.095
307.427 -26.954
307.688 -34.526
307.949 -32.099
308.210 -27.672
308.471 -15.673
308.732 1.897
308.993 14.324
309.254 16.609
309.515 14.751
309.776 8.606
310.037 2.034
310.298 -2.539
310.559 6.746
310.821 8.316
311.082 10.029
311.343 15.456
311.604 18.169
311.865 15.311
312.126 13.738
312.387 4.166
312.648 -1.550
312.909 -7.265
313.170 -19.123
313.434 -22.839
313.698 -10.983
313.963 -13.270
314.227 -18.557
314.491 -20.272
314.755 -21.559
315.019 -24.560
315.284 -24.561
315.548 -28.420
315.812 -32.135
316.076 -20.279
316.340 -10.566
316.604 -14.139
316.869 -3.997
317.133 7.573
317.397 11.715
317.661 8.571
317.925 -2.144
318.190 0.569
318.454 4.139
318.718 2.424
318.982 -4.006
319.246 -15.293
319.511 -17.294
319.775 -22.438
320.039 -45.153
320.303 -37.154
320.567 -15.727
320.832 -18.728
321.096 -13.301
321.360 6.984
321.624 19.983
321.888 30.982
322.153 14.267
322.417 -6.020
322.681 -9.879
322.945 -3.880
323.209 0.548
323.473 4.975
323.738 10.117
324.002 24.402
324.266 33.972
324.530 40.543
324.794 31.113
325.059 13.398
325.323 0.539
325.587 -4.176
325.851 -10.320
326.115 -20.035
326.380 -17.322
326.644 -11.037
326.908 -4.324
327.172 -4.896
327.436 -3.326
327.701 3.387
327.965 -0.614
328.229 -7.186
328.493 -12.473
328.757 -11.760
329.022 -11.189
329.286 -15.333
329.550 -16.763
329.814 -14.907
330.078 -21.622
330.342 -19.909
330.607 -14.053
330.871 3.089
331.135 18.803
331.399 15.373
331.663 11.943
331.928 17.942
332.192 13.513
332.456 -1.060
332.720 -13.061
332.984 -23.919
333.249 -17.920
333.513 -2.921
333.777 7.650
334.041 16.220
334.305 29.362
334.570 29.504
334.834 31.503
335.098 21.216
335.362 4.930
335.626 -8.214
335.891 -19.215
336.155 -26.644
336.419 -24.931
336.683 -22.075
336.947 -17.362
337.211 -12.648
337.476 -21.506
337.740 -13.079
338.004 -13.937
338.268 -16.509
338.532 -21.939
338.797 -19.225
339.061 -15.083
339.325 0.773
339.589 2.915
339.853 0.485
340.118 -4.087
340.382 -13.088
340.646 -15.660
340.910 -15.375
341.174 -15.805
341.439 -15.806
341.703 -16.092
341.967 -22.379
342.231 -23.094
342.495 -25.381
342.759 -29.239
343.024 -33.525
343.288 -31.812
343.552 -27.384
343.816 -22.528
344.080 -21.958
344.345 -22.530
344.609 -18.959
344.873 -19.103
345.137 -33.247
345.401 -36.962
345.666 -32.677
345.930 -20.964
346.194 -19.250
346.458 -17.680
346.722 -8.252
346.987 4.176
347.251 -0.111
347.515 -2.683
347.779 -8.541
348.043 -3.542
348.308 -3.257
348.572 -3.115
348.836 -3.402
349.100 2.598
349.364 13.454
349.628 14.596
349.893 9.738
350.157 4.880
350.421 -5.692
350.685 0.021
350.949 4.306
351.214 -9.409
351.478 -7.410
351.742 4.589
352.006 4.874
352.270 5.730
352.535 -7.842
352.799 -14.271
353.063 -6.843
353.327 -7.130
353.591 -17.559
353.856 -4.989
354.120 -2.418
354.384 -5.133
354.648 -7.420
354.912 -14.135
355.177 -20.136
355.441 -22.422
355.705 -30.280
355.969 -22.566
356.233 -16.853
356.497 -13.568
356.762 -5.855
357.026 -10.570
357.290 -23.999
357.554 -32.571
357.818 -40.286
358.083 -34.573
358.347 -28.573
358.611 -32.146
358.875 -23.861
359.139 -11.576
359.404 -13.291
359.668 -9.006
359.932 -3.149
360.196 -8.293
360.460 -7.008
360.725 10.420
360.989 29.276
361.253 35.133
361.517 32.703
361.781 30.560
362.046 36.845
362.310 42.130
362.574 21.986
362.838 6.699
363.102 13.413
363.366 6.841
363.631 -2.874
363.895 -6.303
364.159 -13.161
364.423 -10.448
364.687 -12.734
364.952 -13.306
365.216 -11.450
365.480 -6.594
365.747 -1.880
366.013 2.976
366.280 12.690
366.546 14.689
366.813 16.546
367.079 21.831
367.346 24.259
367.612 18.686
367.879 20.114
368.145 24.971
368.412 33.113
368.678 26.112
368.945 24.254
369.211 22.968
369.478 29.824
369.744 30.824
370.011 20.394
370.278 9.822
370.544 18.536
370.811 24.107
371.077 29.677
371.344 31.248
371.610 29.533
371.877 22.104
372.143 18.818
372.410 12.388
372.676 -0.469
372.943 -16.470
373.209 -30.471
373.476 -37.329
373.742 -35.186
374.009 -31.187
374.276 -31.759
374.542 -27.474
374.809 -20.046
375.075 -15.333
375.342 -5.762
375.608 5.380
375.875 5.380
376.141 2.236
376.408 7.521
376.674 3.092
376.941 -0.623
377.207 -19.481
377.474 -42.196
377.740 -43.339
378.007 -43.911
378.273 -53.626
378.540 -50.484
378.807 -37.627
379.073 -14.057
379.340 1.943
379.606 -6.772
379.873 -4.773
380.139 2.655
380.406 -7.631
380.672 -21.489
380.939 -36.775
381.205 -34.919
381.472 -25.919
381.738 -27.777
382.005 -24.778
382.271 -3.921
382.538 11.078
382.804 24.077
383.071 23.505
383.338 22.648
383.604 25.647
383.871 19.218
384.137 9.646
384.404 -4.069
384.670 -18.213
384.937 -27.785
385.203 -29.214
385.470 -22.500
385.736 -12.786
386.003 -1.216
386.269 16.641
386.536 25.926
386.802 31.354
387.069 30.496
387.336 23.067
387.602 20.924
387.869 9.495
388.135 -1.363
388.402 -0.935
388.668 8.350
388.935 7.207
389.201 0.777
389.468 -6.509
389.734 -15.652
390.001 -25.510
390.267 -39.796
390.534 -50.797
390.800 -40.369
391.067 -24.941
391.333 -21.084
391.600 -16.085
391.867 -3.086
392.133 6.771
392.400 1.342
392.666 -2.802
392.933 -15.088
393.199 -13.231
393.466 4.483
393.732 2.482
393.999 6.767
394.265 16.767
394.532 20.623
394.798 18.765
395.065 -2.235
395.331 -29.379
395.598 -25.379
395.864 -15.237
396.131 -13.666
396.398 -11.524
396.664 6.047
396.931 24.475
397.197 40.903
397.464 38.760
397.730 26.902
397.997 30.045
398.263 32.473
398.530 38.615
398.796 57.757
399.063 65.614
399.329 68.756
399.596 80.041
399.862 82.469
400.129 75.755
400.396 61.325
400.662 51.039
400.929 49.610
401.195 61.467
401.462 68.609
401.728 90.323
401.995 138.322
402.261 183.465
402.528 235.321
402.794 283.178
403.061 327.177
403.327 389.177
403.594 448.605
403.860 504.033
404.127 561.032
404.393 610.461
404.660 671.460
404.931 730.602
405.202 791.030
405.473 849.316
405.745 891.029
406.016 933.600
406.287 982.886
406.558 1019.742
406.829 1045.742
407.100 1060.598
407.371 1069.312
407.642 1080.454
407.914 1095.025
408.185 1089.025
408.456 1082.024
408.727 1081.738
408.998 1078.023
409.269 1075.023
409.540 1062.880
409.811 1039.165
410.083 1010.164
410.354 995.021
410.625 972.306
410.896 933.734
411.167 891.305
411.438 858.876
411.709 823.019
411.981 797.447
412.252 759.589
412.523 719.874
412.794 687.874
413.065 649.302
413.336 618.730
413.607 588.444
413.878 548.015
414.150 514.729
414.421 487.300
414.692 459.013
414.963 437.727
415.234 391.870
415.505 341.298
415.776 308.869
416.047 274.297
416.319 229.153
416.590 182.439
416.861 139.724
417.132 114.723
417.403 106.152
417.674 91.580
417.945 79.436
418.217 72.579
418.488 63.721
418.759 63.149
419.030 68.577
419.301 68.006
419.572 47.719
419.843 36.576
420.114 33.004
420.386 30.575
420.657 20.432
420.928 4.860
421.199 -1.140
421.470 5.859
421.741 -7.284
422.012 -15.570
422.283 -15.428
422.555 -2.143
422.826 0.428
423.097 -6.001
423.368 -1.001
423.639 9.284
423.910 18.141
424.181 24.855
424.453 17.569
424.724 21.425
424.995 24.711
425.266 14.139
425.537 15.567
425.808 11.424
426.079 10.995
426.350 9.137
426.622 2.422
426.893 0.565
427.164 15.564
427.435 19.850
427.706 20.135
427.977 11.563
428.248 6.277
428.519 -2.152
428.791 -2.153
429.062 1.418
429.333 4.275
429.604 3.132
429.875 9.846
430.146 26.988
430.417 39.988
430.689 39.559
430.960 30.130
431.231 30.558
431.502 36.129
431.773 42.700
432.044 43.414
432.315 49.699
432.586 44.556
432.858 39.556
433.129 23.555
433.400 7.698
433.671 -14.874
433.942 -36.017
434.213 -47.161
434.484 -46.161
434.755 -45.876
435.027 -30.448
435.298 -20.162
435.569 -8.163
435.840 -1.877
436.116 -2.449
436.391 2.979
436.667 11.550
436.942 5.550
437.218 8.121
437.493 8.120
437.769 1.977
438.045 -1.166
438.320 -6.024
438.596 -9.881
438.871 -21.167
439.147 -36.882
439.422 -39.168
439.698 -36.883
439.974 -39.598
440.249 -38.312
440.525 -35.170
440.800 -20.456
441.076 -8.599
441.351 -6.742
441.627 -7.314
441.903 -8.886
442.178 -16.315
442.454 -26.315
442.729 -27.316
443.005 -11.887
443.281 2.969
443.556 22.826
443.832 42.683
444.107 47.397
444.383 50.396
444.658 34.110
444.934 16.967
445.210 18.395
445.485 19.966
445.761 18.537
446.036 33.537
446.312 42.251
446.587 61.251
446.863 73.536
447.139 60.821
447.414 46.107
447.690 44.821
447.965 38.820
448.241 39.106
448.516 33.248
448.792 20.819
449.068 30.390
449.343 40.676
449.619 41.532
449.894 42.532
450.170 43.532
450.445 54.960
450.721 66.817
450.997 67.388
451.272 62.530
451.548 61.387
451.823 70.958
452.099 66.243
452.375 54.100
452.650 56.814
452.926 56.528
453.201 52.099
453.477 53.099
453.752 61.527
454.028 68.527
454.304 81.955
454.579 87.812
454.855 93.097
455.130 108.240
455.406 104.239
455.681 83.239
455.957 75.810
456.233 66.953
456.508 45.809
456.784 30.952
457.059 24.666
457.335 29.094
457.610 27.665
457.886 29.951
458.162 27.664
458.437 30.521
458.713 25.092
458.988 11.949
459.264 -2.194
459.539 -9.480
459.815 -17.766
460.091 -16.624
460.366 -9.481
460.642 -1.481
460.917 5.090
461.193 2.089
461.468 1.661
461.744 6.803
462.020 4.803
462.295 5.231
462.571 -1.055
462.846 -4.628
463.122 6.652
463.397 22.356
463.673 19.499
463.949 16.499
464.224 5.939
464.500 -3.191
464.775 -8.182
465.051 -16.460
465.327 -32.011
465.602 -35.722
465.878 -32.728
466.153 -28.455
466.429 -16.039
466.704 -14.336
466.980 -8.763
467.256 -4.060
467.531 -4.498
467.807 -6.919
468.082 0.962
468.358 13.163
468.633 25.654
468.909 30.415
469.185 34.585
469.460 45.338
469.736 39.003
470.011 26.492
470.287 19.192
470.562 9.564
470.838 9.739
471.114 11.926
471.389 10.804
471.665 29.011
471.940 45.785
472.216 49.135
472.491 46.528
472.767 45.696
473.043 41.948
473.318 33.397
473.594 23.710
473.869 14.730
474.145 7.925
474.421 11.262
474.696 1.238
474.972 -5.456
475.247 -6.479
475.523 -14.914
475.798 -19.135
476.074 -17.824
476.350 -15.788
476.625 -13.751
476.901 -12.143
477.176 0.061
477.452 18.801
477.727 30.279
478.003 24.170
478.279 15.168
478.554 11.839
478.830 21.555
479.105 23.269
479.381 12.372
479.656 4.095
479.932 2.962
480.208 -0.327
480.483 1.855
480.759 5.125
481.034 7.960
481.310 9.388
481.585 14.129
481.861 20.617
482.137 26.270
482.412 29.580
482.688 21.073
482.963 9.550
483.239 -5.463
483.514 -20.331
483.790 -17.067
484.066 -13.059
484.341 -14.346
484.617 -10.951
484.892 -2.149
485.168 13.237
485.443 20.384
485.719 5.367
485.995 2.114
486.270 7.757
486.546 6.731
486.821 8.329
487.097 23.605
487.373 32.189
487.648 34.925
487.924 32.848
488.199 29.592
488.475 28.030
488.750 16.923
489.026 3.556
489.302 0.320
489.577 17.402
489.853 29.712
490.128 27.469
490.404 24.806
490.679 26.903
490.955 24.664
491.231 17.812
491.506 -1.338
491.782 -22.446
492.057 -22.586
492.333 -21.608
492.608 -34.630
492.884 -37.848
493.160 -28.478
493.435 -22.194
493.711 -8.075
493.986 0.195
494.262 9.179
494.537 25.575
494.813 28.101
495.089 33.449
495.364 41.170
495.640 45.253
495.915 40.218
496.191 35.330
496.467 33.239
496.742 38.337
497.018 40.118
497.293 45.237
497.569 47.394
497.844 53.092
498.120 59.220
498.396 57.395
498.671 46.647
498.947 25.528
499.222 11.210
499.498 5.119
499.773 7.465
500.049 5.265
500.325 3.412
500.600 10.415
500.876 27.699
501.151 26.369
501.427 24.503
501.702 21.121
501.978 16.569
502.254 29.671
502.529 44.972
502.805 53.673
503.080 70.981
503.356 85.723
503.631 86.058
503.907 85.930
504.183 70.656
504.458 60.883
504.734 72.600
505.009 81.131
505.285 76.504
505.560 67.539
505.836 63.494
506.112 70.283
506.387 62.473
506.663 29.110
506.938 0.795
507.214 -10.908
507.490 -2.689
507.765 5.224
508.041 1.323
508.316 1.311
508.592 14.255
508.867 24.336
509.143 26.073
509.419 29.589
509.694 33.676
509.970 36.388
510.245 35.662
510.521 20.782
510.796 18.635
511.072 24.183
511.348 10.053
511.623 -0.672
511.899 1.718
512.174 -0.415
512.450 7.409
512.725 7.413
513.001 13.013
513.277 26.692
513.552 41.618
513.828 53.248
514.103 65.184
514.379 76.667
514.654 86.344
514.930 79.979
515.206 86.058
515.481 79.901
515.757 79.196
516.032 99.408
516.308 102.785
516.583 110.332
516.859 129.739
517.135 141.428
517.410 155.770
517.686 171.273
517.961 183.910
518.237 213.002
518.513 240.510
518.788 270.277
519.064 296.235
519.339 319.053
519.615 337.295
519.890 345.196
520.166 364.652
520.442 388.818
520.717 408.190
520.993 425.822
521.268 440.721
521.544 461.760
521.819 489.229
522.095 504.729
522.371 508.643
522.646 499.069
522.922 497.838
523.197 523.633
523.473 543.867
523.748 543.578
524.024 540.083
524.300 542.676
524.575 552.246
524.851 542.129
525.126 513.911
525.402 489.923
525.677 479.670
525.953 470.172
526.229 460.674
526.504 446.183
526.780 438.715
527.055 433.851
527.331 415.506
527.606 386.913
527.882 355.775
528.158 331.560
528.433 320.161
528.709 317.569
528.984 312.427
529.260 312.249
529.535 320.248
529.811 330.527
530.087 331.276
530.362 326.766
530.638 324.665
530.913 326.333
531.189 319.659
531.465 307.411
531.740 297.344
532.016 300.177
532.291 308.970
532.567 299.403
532.842 281.409
533.118 279.708
533.394 295.481
533.669 305.812
533.945 302.175
534.220 298.290
534.496 306.328
534.771 316.461
535.047 325.685
535.323 327.055
535.598 335.390
535.874 359.873
536.149 391.194
536.425 431.518
536.700 492.581
536.976 565.142
537.252 656.338
537.527 767.017
537.803 869.345
538.078 983.263
538.354 1105.275
538.629 1240.373
538.905 1383.409
539.181 1528.668
539.456 1649.194
539.732 1757.856
540.007 1862.521
540.283 1967.592
540.558 2057.650
540.834 2118.267
541.110 2159.341
541.385 2210.170
541.661 2258.980
541.936 2306.290
542.212 2338.092
542.488 2348.242
542.763 2359.142
543.039 2361.075
543.314 2337.202
543.590 2323.236
543.865 2279.799
544.141 2230.632
544.417 2194.528
544.692 2161.332
544.968 2131.841
545.243 2106.733
545.519 2095.270
545.794 2101.817
546.070 2111.504
546.348 2111.486
546.627 2121.275
546.905 2127.358
547.183 2155.048
547.461 2189.777
547.740 2230.612
548.018 2271.002
548.296 2316.682
548.575 2359.739
548.853 2430.152
549.131 2498.970
549.409 2571.342
549.688 2651.071
549.966 2728.259
550.244 2817.592
550.523 2927.741
550.801 3031.548
551.079 3148.320
551.357 3259.605
551.636 3360.582
551.914 3487.276
552.192 3606.742
552.471 3695.576
552.749 3765.964
553.027 3820.126
553.306 3854.154
553.584 3888.070
553.862 3902.044
554.140 3916.239
554.419 3938.678
554.697 3948.007
554.975 3938.498
555.254 3919.330
555.532 3880.434
555.810 3837.540
556.088 3774.443
556.367 3674.587
556.645 3573.804
556.923 3471.277
557.202 3368.751
557.480 3250.512
557.758 3120.618
558.036 2980.136
558.315 2849.968
558.593 2714.638
558.871 2576.278
559.150 2425.274
559.428 2281.267
559.706 2135.322
559.984 1990.275
560.263 1855.362
560.541 1723.061
560.819 1591.236
561.098 1476.445
561.376 1356.325
561.654 1223.836
561.932 1115.354
562.211 1020.598
562.489 933.030
562.767 860.954
563.046 786.720
563.324 731.882
563.602 708.517
563.880 668.758
564.159 618.740
564.437 576.788
564.715 537.147
564.994 511.921
565.272 487.046
565.550 450.579
565.828 426.449
566.107 405.106
566.385 377.722
566.663 352.763
566.942 327.614
567.220 304.302
567.498 291.304
567.776 283.106
568.055 275.258
568.333 278.611
568.611 280.031
568.890 260.763
569.168 243.280
569.446 230.805
569.725 206.932
570.003 177.386
570.281 158.442
570.559 146.371
570.838 142.295
571.116 133.797
571.394 123.781
571.673 119.015
571.951 113.223
572.229 90.379
572.507 72.422
572.786 64.437
573.064 67.006
573.342 70.041
573.621 78.365
573.899 86.352
574.177 102.423
574.455 113.944
574.734 113.708
575.012 108.748
575.290 97.495
575.569 84.416
575.847 78.853
576.125 69.528
576.403 54.299
576.682 53.638
576.960 56.491
577.243 50.200
577.527 41.082
577.810 43.087
578.093 54.115
578.377 65.315
578.660 65.079
578.944 57.798
579.227 59.089
579.510 64.761
579.794 63.381
580.077 45.305
580.360 18.102
580.644 8.892
580.927 10.472
581.210 22.163
581.494 18.349
581.777 12.820
582.061 13.101
582.344 21.466
582.627 20.465
582.911 7.227
583.194 -14.554
583.477 -18.973
583.761 -23.253
584.044 -16.832
584.327 -2.707
584.611 13.132
584.894 26.398
585.178 35.387
585.461 50.385
585.744 63.382
586.028 62.959
586.311 65.541
586.594 55.840
586.878 45.132
587.161 45.561
587.444 36.703
587.728 35.695
588.011 35.689
588.295 24.689
588.578 20.832
588.861 26.403
589.145 29.681
589.428 36.527
589.711 38.393
589.995 29.687
590.278 32.533
590.562 31.678
590.845 31.962
591.128 16.984
591.412 -6.421
591.695 -8.447
591.978 7.525
592.262 13.501
592.545 21.051
592.828 20.333
593.112 20.490
593.395 31.342
593.679 30.330
593.962 31.132
594.245 37.222
594.529 43.864
594.812 54.795
595.095 72.266
595.379 76.238
595.662 74.787
595.945 65.403
596.229 58.528
596.512 58.771
596.796 60.830
597.079 68.137
597.362 76.597
597.646 84.631
597.929 102.808
598.212 103.341
598.496 96.250
598.779 88.036
599.062 73.470
599.346 64.148
599.629 67.608
599.913 61.231
600.196 57.114
600.479 61.313
600.763 65.790
601.046 65.784
601.329 73.216
601.613 64.341
601.896 47.034
602.179 39.169
602.463 35.773
602.746 35.191
603.030 37.143
603.313 34.884
603.596 36.818
603.880 39.201
604.163 44.377
604.446 45.762
604.730 34.548
605.013 35.103
605.296 25.442
605.580 15.228
605.863 21.936
606.147 20.401
606.430 15.501
606.713 17.319
606.997 21.777
607.280 32.830
607.563 43.733
607.847 50.582
608.130 63.314
608.414 72.145
608.697 84.319
608.980 85.737
609.264 82.798
609.547 81.690
609.830 78.754
610.114 75.128
610.397 75.548
610.680 74.451
610.964 73.492
611.247 81.774
611.531 94.108
611.814 101.011
612.097 96.536
612.381 88.418
612.664 84.640
612.947 88.018
613.231 80.875
613.514 72.499
613.797 67.605
614.081 70.278
614.364 76.738
614.648 76.886
614.931 77.616
615.214 84.518
615.498 71.891
615.781 72.353
616.064 79.684
616.348 71.131
616.631 77.481
616.914 81.172
617.198 87.840
617.481 109.703
617.765 113.837
618.048 114.611
618.331 130.571
618.615 124.834
618.898 103.551
619.181 87.910
619.465 82.339
619.748 76.741
620.031 67.610
620.315 59.201
620.598 60.096
620.882 75.571
621.165 83.269
621.448 72.835
621.732 59.649
622.015 61.130
622.298 56.900
622.582 50.389
622.865 43.456
623.148 37.678
623.432 39.593
623.715 59.995
623.999 77.027
624.282 87.882
624.565 100.289
624.849 113.738
625.132 128.336
625.415 139.812
625.699 137.582
625.982 134.518
626.265 139.747
626.549 143.097
626.832 150.855
627.116 158.581
627.399 165.088
627.682 172.611
627.966 170.576
628.249 176.125
628.532 164.657
628.816 153.715
629.099 147.710
629.383 141.563
629.666 131.449
629.949 124.781
630.233 122.090
630.516 147.134
630.799 157.488
631.083 146.058
631.366 153.333
631.649 176.861
631.933 189.886
632.216 191.527
632.500 191.345
632.783 208.732
633.066 237.236
633.350 254.690
633.633 248.730
633.916 258.088
634.200 266.203
634.483 274.546
634.766 276.425
635.050 285.609
635.333 297.032
635.617 320.639
635.900 336.479
636.183 356.097
636.467 367.599
636.750 383.646
637.033 392.308
637.317 391.155
637.600 401.333
637.883 424.203
638.167 432.357
638.450 452.846
638.734 475.678
639.017 507.402
639.300 553.616
639.584 589.101
639.867 615.927
640.150 669.482
640.434 728.758
640.717 791.033
641.000 861.294
641.284 941.342
641.567 1035.106
641.851 1146.254
642.134 1258.003
642.417 1371.011
642.701 1491.800
642.984 1624.545
643.267 1770.248
643.551 1919.947
643.834 2092.394
644.117 2311.169
644.401 2546.016
644.684 2817.222
644.968 3113.395
645.251 3411.033
645.534 3722.076
645.818 4038.431
646.101 4342.790
646.384 4657.064
646.668 4975.745
646.951 5295.460
647.235 5622.489
647.518 5972.998
647.801 6357.924
648.085 6764.807
648.368 7202.272
648.651 7670.024
648.935 8142.141
649.218 8640.839
649.501 9167.917
649.785 9669.364
650.068 10164.502
650.352 10637.389
650.635 11099.360
650.918 11560.742
651.202 11993.774
651.485 12397.762
651.768 12802.919
652.052 13190.848
652.335 13569.973
652.618 13872.045
652.902 14146.411
653.185 14390.048
653.469 14614.438
653.752 14791.090
654.035 14932.790
654.319 15056.543
654.602 15179.495
654.885 15280.858
655.169 15362.101
655.452 15417.977
655.735 15484.527
656.019 15539.972
656.302 15570.035
656.586 15614.275
656.869 15660.178
657.152 15684.160
657.436 15730.608
657.719 15749.958
658.002 15753.527
658.286 15739.836
658.569 15716.039
658.852 15666.088
659.136 15607.465
659.419 15475.210
659.703 15344.462
659.986 15196.970
660.269 15034.595
660.553 14829.457
660.836 14645.470
661.119 14486.836
661.403 14368.235
661.686 14247.881
661.969 14139.605
662.253 14047.768
662.536 14001.585
662.820 13974.257
663.103 13945.691
663.386 13920.176
663.670 13925.511
663.953 13967.210
664.236 14051.858
664.520 14182.722
664.803 14318.919
665.086 14485.801
665.370 14683.123
665.653 14882.497
665.937 15101.302
666.220 15290.256
666.503 15431.567
666.787 15575.433
667.070 15708.148
667.353 15803.903
667.637 15868.347
667.920 15872.842
668.204 15870.281
668.487 15814.553
668.770 15678.376
669.054 15482.862
669.337 15239.224
669.620 14956.977
669.904 14627.897
670.187 14222.950
670.470 13795.511
670.754 13359.938
671.037 12896.449
671.321 12424.019
671.604 11926.489
671.887 11462.467
672.171 11017.712
672.454 10558.625
672.737 10087.503
673.021 9603.520
673.304 9096.314
673.587 8574.710
673.871 8045.215
674.154 7507.327
674.438 6982.099
674.721 6493.651
675.004 6068.024
675.288 5671.649
675.571 5318.307
675.854 4979.979
676.138 4675.970
676.421 4396.601
676.704 4110.890
676.988 3822.386
677.271 3560.765
677.555 3301.972
677.838 3050.014
678.121 2824.941
678.405 2614.090
678.688 2410.735
678.971 2235.280
679.255 2053.555
679.538 1879.042
679.821 1714.572
680.105 1539.718
680.388 1378.607
680.672 1238.372
680.955 1104.141
681.238 996.638
681.522 906.403
681.805 808.261
682.088 732.086
682.372 654.367
682.655 582.304
682.938 516.426
683.222 460.645
683.505 418.993
683.789 392.599
684.072 385.142
684.355 392.598
684.639 396.126
684.922 405.381
685.205 422.473
685.489 447.844
685.772 480.650
686.056 495.562
686.339 512.114
686.622 523.895
686.906 524.656
687.189 531.663
687.472 527.169
687.756 511.661
688.039 499.284
688.322 494.512
688.606 501.520
688.889 500.693
689.173 490.779
689.456 478.484
689.739 477.006
690.023 475.754
690.306 472.395
690.589 466.820
690.873 467.959
691.156 456.280
691.439 445.981
691.723 444.148
692.006 449.349
692.290 434.245
692.573 416.600
692.856 405.081
693.140 406.291
693.423 416.138
693.706 416.486
693.990 403.780
694.273 412.310
694.556 418.794
694.840 411.256
695.123 391.045
695.407 367.161
695.690 356.384
695.973 351.027
696.257 342.614
696.540 345.998
696.830 360.609
697.120 380.573
697.410 398.430
697.699 402.167
697.989 400.392
698.279 396.592
698.569 390.311
698.859 373.240
699.149 366.297
699.439 360.118
699.729 349.055
700.018 341.518
700.308 336.061
700.598 335.546
700.888 345.082
701.178 343.409
701.468 330.857
701.758 331.987
702.048 334.124
702.337 324.816
702.627 311.897
702.917 283.477
703.207 263.875
703.497 246.531
703.787 215.016
704.077 195.168
704.366 178.017
704.656 160.885
704.946 167.844
705.236 166.007
705.526 180.347
705.816 195.947
706.106 189.803
706.396 180.569
706.685 169.255
706.975 155.871
707.265 156.411
707.555 140.597
707.845 125.640
708.135 129.632
708.425 132.842
708.715 142.915
709.004 141.981
709.294 133.105
709.584 137.057
709.874 138.014
710.164 127.540
710.454 131.134
710.744 128.563
711.034 133.991
711.323 136.882
711.613 131.284
711.903 127.146
712.193 123.572
712.483 121.799
712.773 129.916
713.063 131.833
713.352 126.881
713.642 122.651
713.932 121.781
714.222 125.386
714.512 122.541
714.802 106.359
715.092 90.916
715.382 78.478
715.671 77.913
715.961 85.380
716.251 86.601
716.541 93.692
716.831 91.421
717.121 83.433
717.411 83.387
717.701 76.731
717.990 66.500
718.280 61.666
718.570 44.564
718.860 50.963
719.150 69.090
719.440 76.458
719.730 76.049
720.019 74.843
720.309 79.784
720.599 90.202
720.889 81.215
721.179 66.513
721.469 56.563
721.759 57.563
722.049 65.947
722.338 70.829
722.628 63.057
722.918 68.713
723.208 79.179
723.498 78.368
723.788 73.436
724.078 71.584
724.368 74.420
724.657 81.481
724.947 71.995
725.237 63.224
725.527 67.098
725.817 63.655
726.107 51.676
726.397 40.806
726.686 40.557
726.976 52.039
727.266 50.381
727.556 46.932
727.846 59.528
728.136 73.789
728.426 69.245
728.716 64.168
729.005 61.965
729.295 71.538
729.585 78.330
729.875 69.477
730.165 62.573
730.455 67.189
730.745 75.789
731.035 76.235
731.324 65.711
731.614 56.427
731.904 60.185
732.194 61.315
732.484 60.342
732.774 51.368
733.064 48.336
733.354 60.877
733.643 66.029
733.933 66.189
734.223 66.080
734.513 65.008
734.803 61.250
735.093 56.667
735.383 44.285
735.672 42.351
735.962 37.761
736.252 29.268
736.542 21.746
736.832 22.050
737.122 20.937
737.412 34.162
737.702 43.433
737.991 44.148
738.281 41.625
738.571 43.459
738.861 49.088
739.151 55.148
739.441 39.559
739.731 33.415
740.021 35.951
740.310 43.424
740.600 52.185
740.890 53.497
741.180 51.257
741.470 43.912
741.760 41.805
742.050 55.393
742.339 52.435
742.629 34.657
742.919 26.065
743.209 23.819
743.499 32.863
743.789 38.392
744.079 27.379
744.369 28.381
744.658 38.567
744.948 32.338
745.238 24.692
745.528 23.426
745.818 23.587
746.108 21.909
746.398 31.708
746.688 42.233
746.977 51.600
747.267 55.994
747.557 54.434
747.847 47.918
748.137 39.687
748.427 33.185
748.717 28.084
749.006 21.267
749.296 32.651
749.586 46.466
749.876 38.489
750.166 34.635
750.456 33.653
750.746 30.701
751.036 35.552
751.325 26.599
751.615 19.498
751.905 24.917
752.195 30.049
752.485 29.785
752.775 27.513
753.065 22.373
753.355 21.378
753.644 21.549
753.934 30.004
754.224 36.451
754.514 34.172
754.804 36.620
755.094 48.657
755.384 55.973
755.674 47.226
755.963 41.789
756.253 34.623
756.543 21.280
756.833 6.939
757.123 -6.821
757.413 -20.160
757.703 -21.599
757.992 -17.149
758.282 -11.550
758.572 -3.653
758.862 3.095
759.152 4.387
759.442 8.978
759.732 16.448
760.022 0.647
760.311 -13.280
760.601 -6.240
760.891 8.292
761.181 20.951
761.471 22.531
761.761 21.816
762.051 24.686
762.341 36.610
762.630 38.199
762.920 27.409
763.210 7.987
763.500 10.431
763.793 11.433
764.086 22.360
764.379 17.900
764.671 2.355
764.964 -6.425
765.257 -2.401
765.550 2.072
765.843 12.003
766.136 21.057
766.429 29.975
766.722 35.737
767.014 37.898
767.307 47.978
767.600 56.619
767.893 39.928
768.186 25.126
768.479 31.456
768.772 46.719
769.064 66.430
769.357 64.265
769.650 48.424
769.943 46.840
770.236 39.208
770.529 25.252
770.822 9.840
771.115 -15.070
771.407 -22.990
771.700 -30.334
771.993 -19.822
772.286 -0.525
772.579 0.916
772.872 -3.120
773.165 -1.383
773.457 8.425
773.750 20.810
774.043 15.051
774.336 14.342
774.629 18.657
774.922 19.394
775.215 26.742
775.508 25.280
775.800 16.354
776.093 19.085
776.386 6.834
776.679 -6.969
776.972 -0.072
777.265 -7.111
777.558 -15.015
777.850 -17.595
778.143 -27.078
778.436 -30.379
778.729 -24.771
779.022 -23.622
779.315 -13.716
779.608 0.060
779.900 9.957
780.193 24.145
780.486 28.882
780.779 23.578
781.072 17.408
781.365 12.670
781.658 4.638
781.951 2.635
782.243 -0.791
782.536 5.227
782.829 18.847
783.122 18.994
783.415 19.424
783.708 22.854
784.001 24.995
784.293 28.556
784.586 30.982
784.879 28.544
785.172 32.269
785.465 33.124
785.758 34.119
786.051 11.520
786.344 -10.529
786.636 -11.825
786.929 -15.259
787.222 -17.258
787.515 -8.982
787.808 -5.000
788.101 5.732
788.394 10.924
788.686 4.200
788.979 8.762
789.272 12.473
789.565 -1.513
789.858 -15.217
790.151 -15.203
790.444 -8.066
790.737 -13.052
791.029 -16.474
791.322 -21.893
791.615 -29.433
791.908 -31.984
792.201 -19.443
792.494 -8.342
792.787 -3.215
793.079 -12.759
793.372 -16.601
793.665 -10.187
793.958 -2.501
794.251 6.615
794.544 -2.776
794.837 -4.343
795.130 4.916
795.422 14.741
795.715 29.823
796.008 20.572
796.301 4.192
796.594 7.753
796.887 7.611
797.180 1.776
797.472 -6.197
797.765 -11.030
798.058 -2.349
798.351 7.612
798.644 9.464
798.937 9.179
799.230 15.725
799.523 14.443
799.815 2.900
800.108 -6.786
800.401 -24.885
800.694 -27.585
800.987 -27.016
801.280 -37.280
801.573 -28.162
801.865 -7.204
802.158 12.178
802.451 21.882
802.744 21.594
803.037 26.727
803.330 36.280
803.623 37.431
803.915 18.597
804.208 0.477
804.501 -3.817
804.794 -4.952
805.087 -6.510
805.380 -9.229
805.673 -9.936
805.966 -5.934
806.258 -6.828
806.551 -2.677
806.844 3.208
807.137 -4.097
807.430 -5.112
807.723 -3.965
808.016 -8.134
808.308 1.202
808.601 1.489
808.894 -9.559
809.187 -7.411
809.480 -2.667
809.773 -4.809
810.066 1.950
810.359 3.827
810.651 16.514
810.944 22.413
811.237 25.290
811.530 29.617
811.825 29.619
812.119 27.024
812.414 24.143
812.709 20.577
813.003 22.606
813.298 30.290
813.593 32.935
813.887 38.746
814.182 50.368
814.476 49.647
814.771 40.965
815.066 42.150
815.360 38.398
815.655 39.306
815.950 32.056
816.244 19.115
816.539 17.951
816.834 3.056
817.128 -7.154
817.423 -6.533
817.718 -7.511
818.012 -5.747
818.307 -4.000
818.602 6.141
818.896 30.608
819.191 35.888
819.486 23.678
819.780 23.023
820.075 15.647
820.369 14.756
820.664 -0.287
820.959 -17.409
821.253 -26.462
821.548 -27.999
821.843 -25.858
822.137 -17.402
822.432 -23.383
822.727 -6.840
823.021 9.278
823.316 21.654
823.611 28.784
823.905 17.443
824.200 10.249
824.495 11.688
824.789 0.765
825.084 -8.075
825.379 -19.550
825.673 -6.350
825.968 10.018
826.262 26.215
826.557 39.668
826.852 36.633
827.146 24.034
827.441 21.896
827.736 -4.202
828.030 -41.077
828.325 -62.895
828.620 -74.560
828.914 -64.572
829.209 -57.863
829.504 -48.460
829.798 -28.625
830.093 4.968
830.388 16.603
830.682 14.265
830.977 6.868
831.271 7.998
831.566 -8.858
831.861 -29.028
832.155 -37.814
832.450 -38.308
832.745 -22.450
833.039 -21.416
833.334 -16.680
833.629 2.186
833.923 25.017
834.218 19.967
834.513 18.078
834.807 7.934
835.102 -1.056
835.397 6.908
835.691 24.619
835.986 21.235
836.281 19.592
836.575 15.270
836.870 10.112
837.164 21.608
837.459 24.966
837.754 8.060
838.048 0.787
838.343 -2.497
838.638 4.797
838.932 11.369
839.227 10.002
839.522 -6.340
839.816 -14.626
840.111 -4.546
840.406 0.891
840.700 -7.215
840.995 -16.617
841.290 -18.342
841.584 -16.290
841.879 -16.214
842.174 -28.718
842.468 -31.526
842.763 -20.769
843.057 -5.919
843.352 0.871
843.647 17.539
843.941 21.993
844.236 25.431
844.531 31.713
844.825 20.366
845.120 16.293
845.415 15.061
845.709 -2.269
846.004 0.592
846.299 -4.430
846.593 -3.103
846.888 12.145
847.183 15.927
847.477 6.436
847.772 1.653
848.066 -8.114
848.361 -1.667
848.656 -9.636
848.950 -25.752
849.245 -32.741
849.540 -33.103
849.834 -22.494
850.129 -10.882
850.424 -11.373
850.718 -14.342
851.013 -19.635
851.308 -20.456
851.602 -17.500
851.897 -31.255
852.192 -33.722
852.486 -25.222
852.781 -14.243
853.076 -3.872
853.370 -4.837
853.665 2.657
853.959 17.526
854.254 17.515
854.549 10.473
854.843 12.217
855.138 23.050
855.433 21.304
855.727 9.655
856.022 -0.500
856.317 -4.197
856.611 -14.600
856.906 -15.455
857.201 -15.268
857.495 -4.253
857.790 5.819
858.085 10.965
858.379 13.054
858.674 14.138
858.969 2.144
859.263 -18.988
859.558 -29.236
859.852 -41.298
860.147 -38.325
860.442 -18.948
860.736 -10.771
861.031 9.848
861.326 37.081
861.620 39.145
861.915 38.245
862.210 38.666
862.504 23.554
862.799 27.641
863.094 16.391
863.388 -10.967
863.683 -19.778
863.978 -22.466
864.272 -36.660
864.567 -54.277
864.861 -58.519
865.156 -58.987
865.451 -46.516
865.745 -40.873
866.040 -35.805
866.335 -16.867
866.629 4.546
866.924 1.494
867.219 -3.296
867.513 0.745
867.808 1.554
868.103 11.026
868.397 4.728
868.692 6.157
868.987 17.646
869.281 26.114
869.576 26.042
869.871 33.491
870.165 30.886
870.460 29.746
870.754 23.125
871.049 12.577
871.344 5.912
871.638 -11.129
871.933 -23.763
872.228 -21.954
872.522 -26.824
872.817 -28.246
873.112 -31.003
873.406 -31.533
873.701 -15.713
873.996 -16.880
874.290 -27.408
874.585 -27.355
874.880 -28.607
875.174 -20.432
875.469 -20.943
875.764 -29.897
876.058 -17.175
876.353 -18.183
876.647 -20.842
876.942 -25.061
877.237 -23.614
877.531 -11.506
877.826 -1.413
878.121 -15.356
878.415 -17.372
878.710 -22.769
879.005 -27.539
879.299 -45.158
879.594 -58.386
879.889 -64.716
880.183 -51.107
880.478 -38.603
880.773 -20.927
881.067 -14.044
881.362 -0.519
881.656 10.211
881.951 18.120
882.246 14.548
882.540 14.397
882.835 13.947
883.130 20.625
883.424 15.932
883.719 0.659
884.014 -11.073
884.308 -15.048
884.603 -23.065
884.898 -27.367
885.192 -26.782
885.487 -7.361
885.782 6.845
886.076 13.180
886.371 14.253
886.666 11.390
886.960 4.500
887.255 -6.748
887.549 -23.281
887.844 -20.795
888.139 -14.329
888.433 -4.660
888.728 11.242
889.023 19.405
889.317 18.565
889.612 16.425
889.907 8.686
890.201 4.104
890.496 -4.998
890.791 -13.848
891.085 -8.297
891.380 4.825
891.675 14.156
891.969 18.947
892.264 13.021
892.559 12.902
892.853 12.403
893.148 2.820
893.442 -8.508
893.737 -12.415
894.032 -19.600
894.326 -17.706
894.621 -10.649
894.916 -9.142
895.210 -11.291
895.505 -14.201
895.800 -18.864
896.094 -17.984
896.389 -25.695
896.684 -32.005
896.978 -28.721
897.273 -23.804
897.568 -12.448
897.862 -6.258
898.157 1.455
898.451 19.533
898.746 28.893
899.041 20.924
899.335 21.683
899.630 23.719
899.925 23.866
900.219 22.613
900.514 7.412
900.809 -8.462
901.103 -5.319
901.398 0.662
901.693 3.875
901.987 -1.975
902.282 -12.658
902.577 -6.060
902.871 -3.031
903.166 -7.400
903.461 -18.122
903.755 -33.452
904.050 -37.571
904.344 -36.846
904.639 -42.642
904.934 -35.747
905.228 -19.056
905.523 -10.442
905.818 -2.750
906.112 -7.305
906.407 -6.573
906.702 -3.493
906.996 -5.698
907.291 -14.965
907.586 -12.727
907.880 -10.519
908.175 -2.800
908.470 -1.650
908.764 1.199
909.059 -2.466
909.354 -7.695
909.648 -18.641
909.943 -26.602
910.237 -26.231
910.532 -23.497
910.827 -24.808
911.121 -23.146
911.416 -15.678
911.711 -6.338
912.005 -6.121
912.300 -8.403
912.599 -11.189
912.898 -11.334
913.196 -4.338
913.495 -3.124
913.794 -12.279
914.093 -12.191
914.391 -11.286
914.690 -16.383
914.989 -15.723
915.288 -17.569
915.586 -12.315
915.885 0.676
916.184 17.964
916.483 34.203
916.782 46.116
917.080 39.765
917.379 33.422
917.678 20.644
917.977 11.780
918.275 5.410
918.574 2.131
918.873 -4.364
919.172 -3.208
919.471 -9.831
919.769 -22.097
920.068 -29.792
920.367 -40.038
920.666 -55.343
920.964 -61.057
921.263 -55.327
921.562 -44.680
921.861 -23.766
922.159 -16.496
922.458 -12.927
922.757 -5.325
923.056 6.621
923.355 11.261
923.653 15.323
923.952 9.606
924.251 7.330
924.550 7.040
924.848 14.585
925.147 13.063
925.446 10.992
925.745 8.892
926.043 9.876
926.342 14.142
926.641 7.922
926.940 3.022
927.239 2.041
927.537 -7.351
927.836 -12.438
928.135 -17.708
928.434 -9.038
928.732 -0.205
929.031 -3.668
929.330 0.787
929.629 10.432
929.927 13.763
930.226 17.227
930.525 8.911
930.824 21.933
931.123 24.522
931.421 20.263
931.720 21.877
932.019 13.222
932.318 8.497
932.616 5.292
932.915 -8.551
933.214 -5.259
933.513 4.984
933.812 4.088
934.110 12.654
934.409 17.344
934.708 13.759
935.007 8.958
935.305 1.282
935.604 -7.627
935.903 -12.902
936.202 -9.127
936.500 -13.078
936.799 -12.997
937.098 -26.103
937.397 -44.126
937.696 -53.433
937.994 -51.507
938.293 -43.808
938.592 -34.832
938.891 -29.182
939.189 -5.882
939.488 15.886
939.787 26.011
940.086 15.907
940.384 4.347
940.683 -1.818
940.982 -11.049
941.281 -16.554
941.580 -19.773
941.878 -30.935
942.177 -34.655
942.476 -41.186
942.775 -53.416
943.073 -50.627
943.372 -46.434
943.671 -37.875
943.970 -25.750
944.268 -15.451
944.567 -12.081
944.866 4.249
945.165 1.435
945.464 -17.768
945.762 -48.418
946.061 -62.785
946.360 -59.043
946.659 -53.047
946.957 -65.782
947.256 -58.315
947.555 -52.114
947.854 -30.380
948.153 -20.584
948.451 -33.906
948.750 -47.590
949.049 -44.578
949.348 -60.918
949.646 -54.470
949.945 -54.234
950.244 -69.756
950.543 -70.920
950.841 -61.089
951.140 -57.770
951.439 -50.549
951.738 -57.464
952.037 -64.002
952.335 -55.922
952.634 -53.402
952.933 -52.422
953.232 -50.247
953.530 -34.246
953.829 -16.827
954.128 1.005
954.427 3.967
954.725 3.043
955.024 1.192
955.323 12.171
955.622 14.684
955.921 13.676
956.219 -1.907
956.518 -12.197
956.817 -4.577
957.116 7.217
957.414 5.288
957.713 -0.250
958.012 -8.050
958.311 -7.724
958.610 14.124
958.908 27.590
959.207 31.711
959.506 43.853
959.805 42.812
960.103 45.379
960.402 41.335
960.701 27.130
961.000 27.933
961.298 31.771
961.597 17.609
961.896 17.094
962.195 14.047
962.494 28.029
962.792 36.328
963.091 23.812
963.390 6.388
963.689 9.437
963.987 13.915
964.286 11.764
964.585 0.442
964.884 -2.026
965.182 -11.206
965.481 -29.764
965.780 -38.893
966.080 -33.482
966.380 -31.321
966.680 -25.633
966.981 -18.462
967.281 10.884
967.581 43.564
967.881 41.307
968.181 37.861
968.481 36.355
968.781 28.401
969.082 17.511
969.382 -3.917
969.682 -13.034
969.982 -0.106
970.282 -1.053
970.582 -4.933
970.882 -4.423
971.183 -1.545
971.483 2.232
971.783 -3.324
972.083 -9.925
972.383 -24.473
972.683 -19.813
972.983 -16.032
973.284 -16.582
973.584 -24.531
973.884 -38.473
974.184 -49.751
974.484 -51.700
974.784 -63.036
975.084 -54.975
975.385 -48.691
975.685 -36.084
975.985 -20.815
976.285 -9.424
976.585 0.623
976.885 0.660
977.185 -14.518
977.486 -20.605
977.786 -22.650
978.086 -25.078
978.386 -22.533
978.686 -17.821
978.986 6.078
979.286 16.038
979.587 10.206
979.887 5.186
980.187 11.615
980.487 7.329
980.787 9.757
981.087 -5.385
981.387 -5.243
981.688 7.043
981.988 11.900
982.288 7.900
982.588 4.329
982.888 -7.671
983.188 -1.528
983.488 9.186
983.789 4.757
984.089 -1.100
984.389 2.186
984.689 8.900
984.989 14.757
985.289 5.757
985.589 -9.386
985.890 -7.957
986.190 -10.100
986.490 -6.243
986.790 -6.386
987.090 -12.815
987.390 -21.672
987.690 -20.957
987.991 -16.815
988.291 -17.386
988.591 -34.815
988.891 -44.958
989.191 -43.958
989.491 -23.815
989.791 -12.386
990.092 -9.243
990.392 2.614
990.692 10.757
990.992 19.899
991.292 33.328
991.592 32.614
991.892 28.328
992.193 29.042
992.493 23.185
992.793 20.471
993.093 9.756
993.393 -6.958
993.693 -14.387
993.993 -17.672
994.294 -37.529
994.594 -43.101
994.894 -29.815
995.194 -17.815
995.494 -15.387
995.794 -24.101
996.094 -31.815
996.395 -19.530
996.695 -18.673
996.995 -33.387
997.295 -33.530
997.595 -21.673
997.895 -4.673
998.195 2.184
998.496 12.899
998.796 26.184
999.096 37.899
999.396 42.184
999.696 32.613
999.996 27.184
1000.296 38.327
1000.597 35.041
1000.897 31.470
1001.197 28.898
1001.497 34.041
1001.797 49.041
1002.097 50.470
1002.397 30.756
1002.698 12.184
1002.998 1.470
1003.298 1.041
1003.598 -8.530
1003.898 -16.387
1004.198 -13.102
1004.498 -6.102
1004.799 -2.673
1005.099 -3.388
1005.399 -6.388
1005.699 -7.816
1005.999 -15.531
1006.299 -19.388
1006.599 -21.102
1006.900 -17.959
1007.200 -9.388
1007.500 -13.959
1007.800 -16.959
1008.100 -11.674
1008.400 -12.959
1008.700 -7.816
1009.001 -2.674
1009.301 -9.388
1009.601 -8.531
1009.901 -9.959
1010.201 -15.102
1010.501 -13.817
1010.801 -25.245
1011.102 -23.102
1011.402 -9.960
1011.702 -13.102
1012.002 -7.102
1012.302 4.183
1012.602 2.612
1012.902 5.755
1013.203 -0.245
1013.503 -4.674
1013.803 9.469
1014.103 2.755
1014.403 -20.245
1014.703 -28.246
1015.003 -22.531
1015.304 -19.103
1015.604 -31.674
1015.904 -37.674
1016.204 -30.389
1016.504 -20.674
1016.804 -27.960
1017.104 -35.246
1017.405 -43.960
1017.705 -38.103
1018.005 -34.532
1018.305 -40.674
1018.605 -42.389
1018.905 -25.532
1019.205 -6.532
1019.506 -3.103
1019.806 -1.389
1020.106 -3.246
1020.406 -0.532
1020.706 5.468
1021.006 10.040
1021.306 1.183
1021.607 3.325
1021.907 2.754
1022.207 5.897
1022.507 9.754
1022.807 13.897
1023.107 9.754
1023.407 9.468
1023.708 18.611
1024.008 32.325
1024.308 30.039
1024.608 28.325
1024.908 28.325
1025.208 35.611
1025.508 38.325
1025.809 24.182
1026.109 8.611
1026.409 4.754
1026.709 11.611
1027.009 14.325
1027.309 12.039
1027.609 17.182
1027.910 27.468
1028.210 32.182
1028.510 30.039
1028.810 19.325
1029.110 15.896
1029.410 13.610
1029.710 4.468
1030.011 3.753
1030.311 1.039
1030.611 -2.104
1030.911 -1.961
1031.211 -11.818
1031.511 -27.961
1031.811 -27.533
1032.112 -29.818
1032.412 -28.533
1032.712 -26.104
1033.012 -31.247
1033.312 -32.247
1033.612 -29.247
1033.912 -31.961
1034.212 -35.676
1034.513 -36.676
1034.813 -37.819
1035.113 -29.961
1035.413 -17.676
1035.713 -5.104
1036.013 -0.390
1036.313 10.181
1036.614 16.324
1036.914 13.896
1037.214 17.467
1037.514 26.610
1037.814 18.324
1038.114 15.038
1038.414 15.181
1038.715 12.038
1039.015 17.181
1039.315 10.181
1039.615 -6.248
1039.915 0.038
1040.215 0.752
1040.515 -2.390
1040.816 1.895
1041.116 10.324
1041.416 15.038
1041.716 16.467
1042.016 20.895
1042.316 28.467
1042.616 29.181
1042.917 10.752
1043.217 -0.676
1043.517 1.324
1043.817 -3.105
1044.117 -7.819
1044.417 -11.248
1044.717 -24.105
1045.018 -16.391
1045.318 -6.248
1045.618 -9.962
1045.918 -11.248
1046.218 -10.534
1046.518 -2.248
1046.818 22.609
1047.119 31.180
1047.419 18.895
1047.719 12.752
1048.019 12.609
1048.319 -0.534
1048.619 -19.820
1048.919 -39.820
1049.220 -40.105
1049.520 -34.391
1049.820 -24.677
1050.120 -18.963
1050.420 -11.820
1050.720 -13.963
1051.020 -23.106
1051.321 -31.391
1051.621 -28.963
1051.921 -27.391
1052.221 -22.677
1052.521 -17.391
1052.821 -4.248
1053.121 -2.820
1053.422 -0.534
1053.722 1.751
1054.022 -4.249
1054.322 -0.820
1054.622 4.894
1054.922 -5.534
1055.222 7.323
1055.523 15.751
1055.823 9.323
1056.123 12.037
1056.423 0.180
1056.723 -13.677
1057.023 -12.106
1057.323 -11.820
1057.624 -12.249
1057.924 -0.249
1058.224 1.323
1058.524 6.037
1058.824 8.037
1059.124 10.894
1059.424 10.322
1059.725 9.465
1060.025 9.180
1060.325 11.465
1060.625 17.180
1060.925 12.037
1061.225 8.751
1061.525 7.322
1061.826 4.751
1062.126 0.751
1062.426 -9.249
1062.726 -16.821
1063.026 -9.249
1063.326 -3.678
1063.626 1.179
1063.927 -0.821
1064.227 -7.392
1064.527 -0.678
1064.827 7.751
1065.127 10.465
1065.427 2.893
1065.727 -14.678
1066.028 -27.107
1066.328 -29.678
1066.628 -34.964
1066.928 -38.107
1067.228 -34.250
1067.528 -21.535
1067.828 -11.392
1068.129 -3.821
1068.429 -5.678
1068.729 0.607
1069.029 -6.107
1069.329 -18.250
1069.629 -23.678
1069.929 -28.250
1070.230 -19.964
1070.530 -26.393
1070.830 -44.821
1071.130 -51.678
1071.430 -51.536
1071.730 -49.393
1072.030 -48.821
1072.331 -58.678
1072.631 -54.964
1072.931 -42.107
1073.231 -26.107
1073.531 -10.821
1073.831 -10.107
1074.131 -1.393
1074.432 10.464
1074.732 31.321
1075.032 37.036
1075.332 32.607
1075.632 26.607
1075.932 21.036
1076.232 9.607
1076.533 -5.250
1076.833 -22.822
1077.133 -30.250
1077.433 -37.536
1077.733 -46.536
1078.033 -41.822
1078.333 -34.393
1078.634 -24.393
1078.934 -25.822
1079.234 -30.822
1079.534 -30.822
1079.834 -22.250
1080.134 -24.536
1080.434 -25.822
1080.735 -26.536
1081.035 -13.965
1081.335 -1.108
1081.635 10.464
1081.935 11.321
1082.235 13.892
1082.535 8.464
1082.836 2.892
1083.136 -5.251
1083.436 -8.679
1083.736 -1.822
1084.036 4.321
1084.336 -1.822
1084.636 3.321
1084.937 6.749
1085.237 -1.536
1085.537 -6.822
1085.837 -16.965
1086.137 -30.965
1086.437 -33.965
1086.737 -38.965
1087.038 -32.965
1087.338 -24.965
1087.638 -24.394
1087.938 -22.965
1088.238 -9.965
1088.538 1.178
1088.838 3.749
1089.139 -9.680
1089.439 -9.251
1089.739 -6.537
1090.039 -13.108
1090.339 -18.823
1090.639 -26.251
1090.939 -19.108
1091.240 -2.251
1091.540 10.463
1091.840 22.177
1092.140 41.034
1092.453 39.463
1092.766 38.177
1093.079 33.463
1093.392 13.463
1093.705 -5.394
1094.018 -19.537
1094.330 -35.537
1094.643 -38.251
1094.956 -29.394
1095.269 -22.680
1095.582 -0.537
1095.895 14.891
1096.208 12.034
1096.521 -1.394
1096.834 -3.823
1097.147 -8.109
1097.460 -6.680
1097.773 -16.966
1098.085 -26.252
1098.398 -18.823
1098.711 -5.395
1099.024 -5.109
1099.337 -10.966
1099.650 -26.823
1099.963 -38.395
1100.276 -40.537
1100.589 -48.109
1100.902 -41.395
1101.215 -23.966
1101.528 -10.823
1101.841 1.891
1102.153 19.605
1102.466 23.605
1102.779 36.462
1103.092 32.320
1103.405 18.748
1103.718 12.462
1104.031 7.891
1104.344 7.605
1104.657 21.748
1104.970 23.462
1105.283 21.891
1105.596 13.034
1105.909 7.748
1106.221 4.462
1106.534 -4.966
1106.847 -7.681
1107.160 -12.681
1107.473 -18.824
1107.786 -13.109
1108.099 -13.967
1108.412 -11.252
1108.725 -8.967
1109.038 -26.395
1109.351 -37.967
1109.664 -41.252
1109.977 -42.538
1110.289 -35.824
1110.602 -29.110
1110.915 -39.395
1111.228 -46.110
1111.541 -36.538
1111.854 -25.538
1112.167 -24.252
1112.480 -21.824
1112.793 -29.110
1113.106 -14.253
1113.419 -4.110
1113.732 -10.253
1114.044 -9.110
1114.357 -0.110
1114.670 -12.395
1114.983 -18.538
1115.296 -19.681
1115.609 -16.110
1115.922 -18.253
1116.235 -22.538
1116.548 -30.824
1116.861 -30.967
1117.174 -29.396
1117.487 -29.396
1117.800 -30.253
1118.112 -21.110
1118.425 -7.824
1118.738 1.319
1119.051 9.319
1119.364 29.747
1119.677 38.033
1119.990 34.461
1120.303 33.461
1120.616 18.318
1120.929 7.033
1121.242 12.033
1121.555 7.176
1121.868 -0.110
1122.180 1.318
1122.493 3.318
1122.806 4.461
1123.119 6.175
1123.432 2.033
1123.745 -10.682
1124.058 -19.539
1124.371 -21.396
1124.684 -24.110
1124.997 -24.253
1125.310 -22.253
1125.623 -22.253
1125.935 -22.968
1126.248 -32.396
1126.561 -41.682
1126.874 -52.110
1127.187 -51.682
1127.500 -49.396
1127.813 -44.968
1128.126 -36.825
1128.439 -23.968
1128.752 -15.968
1129.065 -9.968
1129.378 -7.682
1129.691 -7.825
1130.003 -11.825
1130.316 -3.111
1130.629 5.175
1130.942 7.746
1131.255 10.175
1131.568 5.889
1131.881 -2.825
1132.194 -8.254
1132.507 -23.682
1132.820 -29.111
1133.133 -35.397
1133.446 -41.397
1133.759 -38.968
1134.071 -29.968
1134.384 -21.968
1134.697 -17.254
1135.010 -22.540
1135.323 -22.111
1135.636 -24.682
1135.949 -30.540
1136.262 -40.254
1136.575 -56.968
1136.888 -62.397
1137.201 -55.968
1137.514 -46.540
1137.826 -38.540
1138.139 -37.397
1138.452 -36.683
1138.765 -25.825
1139.078 -24.254
1139.391 -30.968
1139.704 -35.540
1140.017 -32.683
1140.330 -32.826
1140.643 -25.826
1140.956 -36.111
1141.269 -27.254
1141.582 -24.683
1141.894 -32.397
1142.207 -33.968
1142.520 -29.540
1142.833 -33.969
1143.146 -14.826
1143.459 -24.826
1143.772 -26.254
1144.085 -8.969
1144.398 -8.969
1144.711 -3.254
1145.024 9.746
1145.337 10.174
1145.650 13.174
1145.962 13.746
1146.275 12.317
1146.588 17.174
1146.901 13.317
1147.214 4.460
1147.527 -0.683
1147.840 2.603
1148.153 2.317
1148.466 -3.255
1148.779 -14.255
1149.092 -16.540
1149.405 -11.540
1149.718 -4.397
1150.030 -2.540
1150.343 -0.397
1150.656 -7.683
1150.969 1.745
1151.282 4.317
1151.595 11.317
1151.908 12.602
1152.221 9.317
1152.534 10.460
1152.847 9.317
1153.160 8.888
1153.473 10.317
1153.785 -2.541
1154.098 2.031
1154.411 7.031
1154.724 8.888
1155.037 25.031
1155.350 21.745
1155.663 15.745
1155.976 17.602
1156.289 -3.684
1156.602 -11.112
1156.915 -5.684
1157.228 -12.969
1157.541 -11.398
1157.853 -14.255
1158.166 -17.541
1158.479 -5.541
1158.792 -5.112
1159.105 -15.398
1159.418 -26.684
1159.731 -42.684
1160.044 -39.255
1160.357 -38.684
1160.670 -49.112
1160.983 -56.684
1161.296 -48.684
1161.609 -38.541
1161.921 -20.112
1162.234 -1.541
1162.547 8.030
1162.860 0.888
1163.173 7.602
1163.486 6.316
1163.799 -4.255
1164.112 -8.541
1164.425 -17.970
1164.738 -28.684
1165.051 -16.255
1165.364 -10.970
1165.676 -14.970
1165.989 -2.684
1166.302 -6.113
1166.615 -14.684
1166.928 -11.398
1167.241 -8.684
1167.554 -10.541
1167.867 -13.398
1168.180 -14.970
1168.493 -20.541
1168.806 -18.970
1169.119 -24.970
1169.432 -38.970
1169.744 -46.970
1170.057 -41.399
1170.370 -32.541
1170.683 -27.113
1170.996 -25.684
1171.309 -18.399
1171.622 -2.827
1171.935 8.316
1172.248 6.030
1172.561 -0.542
1172.874 8.030
1173.187 6.601
1173.500 0.316
1173.812 -9.827
1174.125 -7.542
1174.438 -5.113
1174.751 1.601
1175.064 -3.399
1175.377 -7.970
1175.690 -0.970
1176.003 3.173
1176.316 -6.399
1176.629 -7.685
1176.942 -14.970
1177.255 -13.113
1177.567 -1.827
1177.880 2.887
1178.193 7.601
1178.506 17.744
1178.819 30.172
1179.132 46.744
1179.445 52.887
1179.758 40.458
1180.071 27.315
1180.384 16.744
1180.697 1.458
1181.010 -26.828
1181.323 -45.399
1181.635 -49.542
1181.948 -40.399
1182.261 -29.971
1182.574 -21.542
1182.887 -12.256
1183.200 -0.113
1183.513 -1.685
1183.826 -3.685
1184.139 2.601
1184.452 2.886
1184.765 13.172
1185.078 13.458
1185.391 -1.971
1185.703 2.458
1186.016 2.886
1186.329 -14.542
1186.642 -17.971
1186.955 -29.542
1187.268 -22.257
1187.581 10.315
1187.894 10.029
1188.207 2.886
1188.520 8.886
1188.833 3.029
1189.146 2.315
1189.459 2.886
1189.771 -6.685
1190.084 -11.114
1190.397 -17.971
1190.710 -15.828
1191.023 -6.971
1191.336 -8.542
1191.649 -27.971
1191.962 -38.257
1192.275 -30.257
1192.588 -8.828
1192.901 2.743
1193.214 8.600
1193.526 7.315
1193.839 13.457
1194.152 21.315
1194.465 22.315
1194.778 12.172
1195.091 -3.971
1195.404 -18.828
1195.717 -8.828
1196.030 4.600
1196.343 5.314
1196.656 2.314
1196.969 4.029
1197.282 7.314
1197.594 5.743
1197.907 4.029
1198.220 4.314
1198.533 6.314
1198.846 12.029
1199.159 17.743
1199.472 18.171
1199.785 26.314
1200.098 29.600
1200.411 13.600
1200.724 1.314
1201.037 -8.971
1201.350 -22.972
1201.662 -22.114
1201.975 -24.972
1202.288 -39.172
1202.601 -36.472
