165.028 68.339
165.288 53.038
165.547 41.503
165.807 33.407
166.067 21.833
166.327 23.117
166.587 19.829
166.847 4.827
167.107 1.824
167.367 3.822
167.627 1.677
167.886 13.675
168.146 4.101
168.406 -3.901
168.666 3.096
168.926 -2.192
169.186 -11.908
169.446 -11.339
169.706 -16.199
169.966 -4.201
170.225 4.225
170.485 0.223
170.745 10.792
171.005 22.361
171.265 26.930
171.525 29.927
171.785 23.496
172.045 20.065
172.305 17.634
172.564 15.632
172.824 18.915
173.084 25.770
173.344 25.767
173.604 28.336
173.864 32.905
174.124 46.474
174.384 56.614
174.644 70.897
174.903 65.895
175.163 52.607
175.423 61.461
175.683 60.887
175.943 46.885
176.203 32.454
176.463 4.451
176.723 -5.123
176.983 6.160
177.242 -4.271
177.502 -9.417
177.762 -6.276
178.022 -2.565
178.282 12.147
178.542 25.859
178.802 28.856
179.062 32.282
179.322 29.136
179.581 21.991
179.841 16.560
180.101 9.986
180.361 8.269
180.621 0.266
180.881 -17.165
181.141 -18.454
181.401 -13.028
181.661 -9.888
181.920 -2.319
182.180 -7.322
182.440 -11.324
182.700 -9.470
182.960 -20.473
183.220 -18.761
183.480 -10.478
183.740 -18.195
184.000 -18.627
184.259 -10.772
184.519 2.939
184.779 27.222
185.039 44.362
185.299 47.645
185.559 54.071
185.819 61.926
186.079 64.351
186.339 51.634
186.598 22.060
186.858 -2.657
187.118 -9.374
187.378 -14.663
187.638 -26.808
187.898 -31.525
188.158 -25.957
188.418 -9.817
188.678 -1.819
188.937 -4.965
189.197 -13.968
189.457 -18.542
189.717 -23.688
189.977 -15.262
190.237 -12.979
190.497 -15.125
190.757 -9.985
191.017 2.727
191.276 19.295
191.536 31.150
191.796 19.718
192.056 13.430
192.316 10.427
192.576 6.424
192.836 7.421
193.096 -2.439
193.356 -14.870
193.616 -18.587
193.875 -19.305
194.135 -5.736
194.395 2.261
194.655 -3.027
194.915 3.541
195.175 16.681
195.435 19.393
195.695 22.104
195.955 28.387
196.214 27.384
196.474 25.238
196.734 18.378
196.994 14.090
197.254 26.658
197.514 28.656
197.774 16.510
198.034 12.221
198.294 21.790
198.553 27.787
198.813 20.641
199.073 3.210
199.333 -6.936
199.593 1.490
199.853 3.201
200.113 -7.944
200.373 -5.662
200.633 3.621
200.892 15.618
201.152 31.616
201.412 17.184
201.672 3.038
201.932 5.607
202.192 3.033
202.452 -4.113
202.712 -5.830
202.972 -9.690
203.231 -8.836
203.491 12.161
203.751 15.016
204.011 15.441
204.271 27.581
204.531 33.293
204.791 24.004
205.051 24.287
205.311 17.284
205.570 16.710
205.830 25.136
206.090 28.133
206.350 27.559
206.610 38.413
206.870 54.410
207.130 54.693
207.390 52.547
207.650 37.116
207.909 8.256
208.169 0.110
208.429 -3.178
208.689 -22.467
208.949 -33.755
209.209 -39.472
209.469 -47.904
209.729 -30.192
209.989 -26.767
210.248 -25.341
210.508 -18.058
210.768 -8.346
211.028 -3.206
211.288 13.505
211.548 5.074
211.808 -7.215
212.068 -12.503
212.328 -18.649
212.587 -24.509
212.847 -14.512
213.107 -12.800
213.367 -14.374
213.627 -14.234
213.887 -12.808
214.147 -11.811
214.407 -8.242
214.667 -14.674
214.926 -30.677
215.186 -28.536
215.446 -20.111
215.706 -28.256
215.966 -28.545
216.226 -30.119
216.486 -34.407
216.746 -7.124
217.006 14.016
217.265 21.870
217.525 39.296
217.785 47.579
218.045 50.148
218.305 59.574
218.565 46.428
218.825 37.282
219.085 28.565
219.345 26.277
219.604 25.417
219.864 27.700
220.124 24.840
220.384 24.981
220.644 28.406
220.904 40.689
221.164 40.973
221.424 40.113
221.684 35.396
221.943 21.965
222.203 13.105
222.463 5.959
222.723 0.528
222.983 -4.903
223.243 -6.192
223.503 -9.194
223.763 0.232
224.023 0.086
224.282 -5.916
224.542 -8.062
224.802 -15.207
225.062 -15.924
225.322 -7.355
225.582 -3.644
225.842 7.211
226.102 10.351
226.362 2.348
226.621 13.203
226.881 24.200
227.141 25.626
227.401 14.052
227.661 4.764
227.921 3.333
228.181 15.902
228.441 12.471
228.701 -1.246
228.960 -8.677
229.220 -0.823
229.480 6.032
229.740 5.172
230.000 -6.973
230.260 -6.976
230.520 -2.978
230.780 -5.267
231.040 -6.983
231.299 -15.986
231.559 -22.274
231.819 -29.562
232.079 -30.851
232.339 -23.567
232.599 -13.141
232.859 -6.715
233.119 1.568
233.379 14.423
233.638 19.706
233.898 23.561
234.158 25.844
234.418 21.270
234.678 18.553
234.938 18.837
235.198 16.263
235.458 28.832
235.718 31.829
235.978 21.970
236.237 21.824
236.497 23.679
236.757 18.677
237.017 18.531
237.277 18.672
237.537 21.384
237.797 28.524
238.057 27.522
238.317 26.519
238.576 30.088
238.836 29.657
239.096 18.226
239.356 5.367
239.616 0.650
239.876 1.219
240.136 -5.069
240.396 -6.500
240.656 -8.788
240.915 -8.076
241.175 -6.507
241.435 -4.366
241.695 -3.511
241.955 -1.085
242.215 1.770
242.475 9.482
242.735 15.622
242.995 16.620
243.254 12.046
243.514 12.615
243.774 17.042
244.034 22.039
244.294 18.323
244.554 20.892
244.814 28.318
245.074 28.173
245.334 13.314
245.593 2.883
245.853 -9.262
246.113 -10.550
246.373 -16.695
246.633 -21.269
246.893 -23.414
247.153 -4.845
247.413 2.867
247.673 6.722
247.932 12.434
248.192 20.861
248.452 14.573
248.712 11.713
248.972 9.140
249.232 4.566
249.492 -0.150
249.752 -9.010
250.012 -16.155
250.271 -21.014
250.531 -20.588
250.791 -17.018
251.051 -14.163
251.311 -11.880
251.571 3.547
251.831 18.973
252.091 29.114
252.351 24.112
252.610 17.252
252.870 22.679
253.130 17.677
253.390 -2.897
253.650 -2.470
253.911 -0.758
254.172 5.668
254.433 4.095
254.694 -4.622
254.955 -3.481
255.216 -0.197
255.477 -11.914
255.738 -11.344
255.999 -3.632
256.261 -0.063
256.522 10.792
256.783 28.219
257.044 35.788
257.305 40.215
257.566 49.213
257.827 49.639
258.088 47.923
258.349 40.492
258.610 31.205
258.871 24.060
259.132 14.629
259.393 10.056
259.654 5.197
259.915 6.480
260.176 10.478
260.437 5.619
260.698 7.617
260.959 12.330
261.221 13.042
261.482 13.040
261.743 9.038
262.004 7.893
262.265 17.891
262.526 29.604
262.787 27.459
263.048 8.885
263.309 -1.688
263.570 -7.547
263.831 -14.549
264.092 -24.265
264.353 -36.553
264.614 -40.840
264.875 -30.699
265.136 -14.130
265.397 0.440
265.658 3.438
265.919 12.007
266.181 17.005
266.442 22.289
266.703 27.002
266.964 24.714
267.225 25.569
267.486 25.567
267.747 20.423
268.008 27.849
268.269 34.276
268.530 39.846
268.791 44.558
269.052 47.842
269.313 55.412
269.574 50.267
269.835 36.837
270.096 23.692
270.357 13.119
270.618 6.117
270.879 7.401
271.141 15.113
271.402 19.112
271.663 25.681
271.924 36.108
272.185 35.820
272.446 21.819
272.707 1.817
272.968 -9.185
273.229 -3.044
273.490 5.240
273.751 9.953
274.012 16.951
274.273 38.664
274.534 55.948
274.795 59.232
275.056 50.230
275.317 36.657
275.578 27.369
275.839 30.082
276.101 36.651
276.362 38.507
276.623 34.077
276.884 43.646
277.145 47.788
277.406 46.643
277.667 48.213
277.928 39.068
278.189 29.781
278.450 26.636
278.711 13.063
278.972 9.776
279.233 13.917
279.494 4.630
279.755 -0.515
280.016 1.912
280.277 7.910
280.538 8.623
280.799 6.479
281.061 3.620
281.322 6.332
281.583 6.617
281.844 -0.957
282.105 -16.101
282.366 -17.531
282.627 -15.104
282.888 -16.677
283.149 -25.250
283.410 -23.823
283.671 -15.825
283.932 2.174
284.193 20.029
284.454 25.885
284.715 37.597
284.976 49.453
285.237 47.594
285.498 41.021
285.759 36.305
286.021 33.161
286.282 41.302
286.543 35.444
286.804 32.156
287.065 32.012
287.326 41.010
287.587 47.437
287.848 45.293
288.109 35.149
288.370 47.004
288.631 48.860
288.892 48.144
289.153 54.000
289.414 43.998
289.675 39.282
289.936 32.424
290.197 11.422
290.458 11.421
290.719 14.134
290.981 8.132
291.242 11.131
291.503 17.129
291.764 22.699
292.025 31.841
292.286 32.839
292.547 24.695
292.808 21.265
293.069 22.263
293.330 8.405
293.591 10.260
293.852 5.116
294.113 -3.028
294.374 11.399
294.635 17.969
294.896 22.968
295.157 32.680
295.418 28.393
295.679 22.963
295.941 17.962
296.202 0.389
296.463 -12.898
296.724 -18.042
296.985 -26.472
297.246 -25.331
297.507 -12.332
297.768 -10.905
298.029 -14.621
298.290 -6.622
298.551 -3.623
298.812 -0.910
299.073 3.945
299.334 -2.628
299.595 5.085
299.856 22.941
300.117 19.940
300.378 10.081
300.639 23.794
300.901 31.364
301.162 20.363
301.423 7.505
301.684 -9.640
301.945 -18.641
302.206 -10.642
302.467 -17.786
302.728 -31.931
302.989 -29.503
303.250 -17.933
303.511 -4.792
303.772 -0.222
304.033 -3.794
304.294 -4.938
304.555 -2.654
304.816 9.059
305.077 13.629
305.338 12.914
305.599 20.484
305.861 24.911
306.122 22.910
306.383 19.051
306.644 21.050
306.905 15.477
307.166 7.333
307.427 11.903
307.688 25.759
307.949 29.472
308.210 30.328
308.471 23.613
308.732 23.469
308.993 42.182
309.254 36.895
309.515 19.465
309.776 16.035
310.037 9.748
310.298 9.318
310.559 16.317
310.821 0.030
311.082 -2.257
311.343 0.885
311.604 3.027
311.865 14.883
312.126 31.596
312.387 39.023
312.648 45.879
312.909 44.735
313.170 39.734
313.434 40.304
313.698 43.446
313.963 21.873
314.227 7.300
314.491 7.728
314.755 5.012
315.019 6.154
315.284 10.153
315.548 19.437
315.812 26.579
316.076 28.435
316.340 29.148
316.604 24.290
316.869 22.003
317.133 32.859
317.397 27.429
317.661 16.857
317.925 9.570
318.190 18.283
318.454 30.282
318.718 31.709
318.982 14.708
319.246 0.279
319.511 3.278
319.775 9.848
320.039 4.275
320.303 11.703
320.567 25.987
320.832 29.415
321.096 30.414
321.360 26.698
321.624 26.840
321.888 21.410
322.153 -2.876
322.417 -15.735
322.681 -14.450
322.945 -10.451
323.209 6.548
323.473 12.118
323.738 16.831
324.002 31.259
324.266 27.258
324.530 20.685
324.794 19.399
325.059 9.826
325.323 3.682
325.587 0.253
325.851 -5.748
326.115 -8.892
326.380 -13.036
326.644 -4.466
326.908 1.962
327.172 4.104
327.436 18.388
327.701 32.959
327.965 39.958
328.229 42.242
328.493 27.241
328.757 25.526
329.022 20.668
329.286 7.381
329.550 6.237
329.814 9.808
330.078 8.092
330.342 13.806
330.607 13.090
330.871 20.518
331.135 14.803
331.399 3.087
331.663 -4.771
331.928 -4.200
332.192 -8.344
332.456 -14.345
332.720 -15.775
332.984 -9.919
333.249 -8.348
333.513 -2.778
333.777 9.793
334.041 15.649
334.305 19.077
334.570 21.790
334.834 32.646
335.098 32.788
335.362 22.216
335.626 13.929
335.891 11.642
336.155 19.784
336.419 21.212
336.683 15.639
336.947 17.924
337.211 23.495
337.476 22.779
337.740 28.636
338.004 15.063
338.268 -2.366
338.532 -8.796
338.797 3.775
339.061 20.345
339.325 25.916
339.589 18.058
339.853 26.342
340.118 46.199
340.382 39.626
340.646 27.054
340.910 18.053
341.174 14.195
341.439 20.480
341.703 15.765
341.967 -0.808
342.231 0.191
342.495 1.048
342.759 -1.810
343.024 -4.668
343.288 -1.812
343.552 6.473
343.816 11.615
344.080 17.185
344.345 24.470
344.609 32.326
344.873 37.325
345.137 24.467
345.401 13.895
345.666 12.894
345.930 17.179
346.194 15.464
346.458 5.892
346.722 3.891
346.987 9.747
347.251 2.603
347.515 0.031
347.779 -5.827
348.043 -0.971
348.308 8.457
348.572 11.171
348.836 13.598
349.100 31.598
349.364 45.025
349.628 39.739
349.893 26.309
350.157 17.451
350.421 7.451
350.685 9.021
350.949 8.877
351.214 6.877
351.478 26.876
351.742 34.161
352.006 34.731
352.270 50.588
352.535 47.444
352.799 41.300
353.063 39.585
353.327 30.299
353.591 22.869
353.856 29.297
354.120 22.582
354.384 19.867
354.648 16.009
354.912 14.294
355.177 5.579
355.441 -4.136
355.705 -15.851
355.969 -14.424
356.233 -12.139
356.497 -5.425
356.762 -2.569
357.026 6.430
357.290 19.715
357.554 24.857
357.818 20.285
358.083 16.999
358.347 10.569
358.611 3.854
358.875 2.282
359.139 -2.147
359.404 -6.434
359.668 1.423
359.932 10.422
360.196 7.850
360.460 2.706
360.725 10.277
360.989 22.990
361.253 32.275
361.517 29.560
361.781 33.274
362.046 45.845
362.310 47.558
362.574 26.986
362.838 17.842
363.102 13.127
363.366 -0.588
363.631 -7.303
363.895 -9.875
364.159 -11.018
364.423 6.838
364.687 13.837
364.952 16.979
365.216 22.979
365.480 29.549
365.747 35.406
366.013 39.834
366.280 36.404
366.546 40.689
366.813 58.403
367.079 80.116
367.346 85.973
367.612 78.258
367.879 77.257
368.145 81.685
368.412 78.970
368.678 55.398
368.945 39.254
369.211 28.539
369.478 25.682
369.744 31.252
370.011 27.252
370.278 15.251
370.544 20.393
370.811 18.535
371.077 21.392
371.344 21.962
371.610 17.248
371.877 15.533
372.143 15.818
372.410 13.960
372.676 13.816
372.943 6.816
373.209 5.386
373.476 5.671
373.742 4.385
374.009 11.241
374.276 16.098
374.542 17.669
374.809 22.525
375.075 23.667
375.342 26.095
375.608 22.380
375.875 12.380
376.141 8.379
376.408 12.521
376.674 16.235
376.941 11.091
377.207 2.376
377.474 1.090
377.740 7.518
378.007 8.232
378.273 3.231
378.540 -1.627
378.807 7.801
379.073 12.372
379.340 14.371
379.606 7.799
379.873 11.799
380.139 14.655
380.406 1.083
380.672 -7.346
380.939 -13.632
381.205 -16.205
381.472 -13.777
381.738 -23.349
382.005 -31.349
382.271 -14.493
382.538 -0.922
382.804 6.506
383.071 2.791
383.338 4.648
383.604 13.504
383.871 14.504
384.137 7.360
384.404 -10.069
384.670 -15.641
384.937 -9.785
385.203 -3.642
385.470 1.071
385.736 11.785
386.003 20.784
386.269 46.212
386.536 60.926
386.802 64.211
387.069 54.925
387.336 52.067
387.602 51.067
387.869 41.637
388.135 29.351
388.402 20.351
388.668 26.921
388.935 32.635
389.201 24.920
389.468 20.920
389.734 21.919
390.001 19.918
390.267 12.204
390.534 -0.940
390.800 -3.512
391.067 -2.941
391.333 -4.370
391.600 0.344
391.867 9.343
392.133 19.057
392.400 21.199
392.666 22.484
392.933 20.341
393.199 25.197
393.466 26.483
393.732 15.339
393.999 12.767
394.265 14.338
394.532 14.480
394.798 13.623
395.065 4.051
395.331 -7.093
395.598 0.478
395.864 21.763
396.131 33.477
396.398 38.191
396.664 46.904
396.931 54.332
397.197 64.046
397.464 60.617
397.730 45.331
397.997 38.045
398.263 35.473
398.530 45.758
398.796 56.614
399.063 64.042
399.329 80.470
399.596 104.470
399.862 126.898
400.129 136.612
400.396 138.897
400.662 144.468
400.929 150.753
401.195 157.181
401.462 155.038
401.728 164.466
401.995 204.894
402.261 252.893
402.528 316.750
402.794 385.321
403.061 462.320
403.327 548.320
403.594 637.605
403.860 734.033
404.127 824.747
404.393 910.603
404.660 996.746
404.931 1074.745
405.202 1162.745
405.473 1249.601
405.745 1314.315
406.016 1382.172
406.287 1438.171
406.558 1493.028
406.829 1543.885
407.100 1575.170
407.371 1594.598
407.642 1606.169
407.914 1610.883
408.185 1611.168
408.456 1609.596
408.727 1599.453
408.998 1586.595
409.269 1566.309
409.540 1541.022
409.811 1518.308
410.083 1491.593
410.354 1471.450
410.625 1452.021
410.896 1412.877
411.167 1372.305
411.438 1335.876
411.709 1279.876
411.981 1227.304
412.252 1169.732
412.523 1110.731
412.794 1069.445
413.065 1025.445
413.336 984.159
413.607 939.587
413.878 891.300
414.150 833.729
414.421 761.871
414.692 693.442
414.963 637.013
415.234 577.298
415.505 522.583
415.776 476.440
416.047 426.154
416.319 384.011
416.590 343.867
416.861 297.581
417.132 250.866
417.403 220.294
417.674 186.151
417.945 165.436
418.217 149.722
418.488 121.721
418.759 105.721
419.030 102.292
419.301 91.148
419.572 75.862
419.843 66.576
420.114 57.004
420.386 61.718
420.657 60.575
420.928 49.146
421.199 41.431
421.470 35.573
421.741 20.144
422.012 14.858
422.283 7.715
422.555 15.857
422.826 28.571
423.097 29.285
423.368 40.999
423.639 50.141
423.910 51.141
424.181 56.283
424.453 46.426
424.724 40.711
424.995 47.425
425.266 45.567
425.537 54.567
425.808 52.709
426.079 43.709
426.350 36.280
426.622 23.422
426.893 15.279
427.164 12.850
427.435 -0.436
427.706 3.992
427.977 22.420
428.248 31.705
428.519 43.848
428.791 57.705
429.062 59.847
429.333 61.418
429.604 52.275
429.875 39.417
430.146 48.845
430.417 43.702
430.689 27.559
430.960 26.558
431.231 33.415
431.502 41.558
431.773 46.986
432.044 43.557
432.315 48.556
432.586 47.270
432.858 43.984
433.129 32.555
433.400 19.698
433.671 -0.160
433.942 -15.875
434.213 -16.304
434.484 -15.875
434.755 -18.447
435.027 -5.305
435.298 12.695
435.569 31.552
435.840 41.551
436.116 31.551
436.391 27.693
436.667 35.264
436.942 38.407
437.218 41.978
437.493 36.692
437.769 31.406
438.045 40.119
438.320 53.262
438.596 51.404
438.871 36.975
439.147 16.118
439.422 11.403
439.698 9.689
439.974 9.688
440.249 9.116
440.525 5.830
440.800 0.973
441.076 12.115
441.351 21.686
441.627 18.972
441.903 13.114
442.178 6.257
442.454 6.685
442.729 20.113
443.005 28.541
443.281 32.398
443.556 43.398
443.832 51.826
444.107 52.682
444.383 54.539
444.658 44.396
444.934 28.110
445.210 22.824
445.485 27.681
445.761 32.395
446.036 41.680
446.312 49.394
446.587 71.251
446.863 96.250
447.139 98.250
447.414 98.678
447.690 95.392
447.965 91.820
448.241 97.534
448.516 90.962
448.792 78.962
449.068 87.247
449.343 86.818
449.619 94.532
449.894 98.246
450.170 93.389
450.445 91.246
450.721 90.245
450.997 89.816
451.272 89.959
451.548 85.530
451.823 83.387
452.099 78.958
452.375 78.243
452.650 88.243
452.926 82.385
453.201 75.813
453.477 77.670
453.752 93.384
454.028 104.955
454.304 119.098
454.579 119.812
454.855 120.383
455.130 126.668
455.406 125.096
455.681 121.096
455.957 114.667
456.233 99.238
456.508 93.524
456.784 107.095
457.059 112.237
457.335 104.665
457.610 82.951
457.886 73.379
458.162 70.664
458.437 57.664
458.713 45.092
458.988 37.235
459.264 37.663
459.539 40.663
459.815 44.805
460.091 43.662
460.366 57.519
460.642 56.376
460.917 47.375
461.193 37.947
461.468 35.946
461.744 32.660
462.020 33.660
462.295 25.660
462.571 19.231
462.846 17.087
463.122 29.791
463.397 38.067
463.673 40.202
463.949 43.773
464.224 34.640
464.500 17.084
464.775 15.230
465.051 11.804
465.327 12.936
465.602 9.225
465.878 1.363
466.153 2.353
466.429 17.337
466.704 14.185
466.980 19.360
467.256 17.252
467.531 19.119
467.807 25.014
468.082 34.465
468.358 48.961
468.633 66.039
468.909 58.477
469.185 64.126
469.460 70.336
469.736 65.905
470.011 68.095
470.287 74.369
470.562 69.511
470.838 61.154
471.114 50.087
471.389 48.426
471.665 55.682
471.940 61.082
472.216 52.615
472.491 46.993
472.767 65.704
473.043 70.511
473.318 58.212
473.594 58.984
473.869 58.297
474.145 47.287
474.421 46.858
474.696 39.907
474.972 42.251
475.247 51.850
475.523 38.915
475.798 27.290
476.074 25.251
476.350 25.104
476.625 13.033
476.901 5.166
477.176 8.779
477.452 26.203
477.727 41.444
478.003 43.190
478.279 45.072
478.554 56.674
478.830 57.973
479.105 53.596
479.381 49.046
479.656 41.598
479.932 41.741
480.208 42.447
480.483 37.364
480.759 38.067
481.034 28.526
481.310 18.539
481.585 11.597
481.861 12.025
482.137 7.557
482.412 4.527
482.688 1.214
482.963 10.090
483.239 7.363
483.514 5.923
483.790 9.193
484.066 15.454
484.341 20.998
484.617 31.363
484.892 35.158
485.168 49.761
485.443 59.670
485.719 57.942
485.995 59.322
486.270 49.408
486.546 39.744
486.821 38.096
487.097 41.907
487.373 31.713
487.648 27.908
487.924 27.707
488.199 36.145
488.475 33.477
488.750 24.479
489.026 16.155
489.302 20.912
489.577 28.745
489.853 32.786
490.128 37.518
490.404 46.462
490.679 62.957
490.955 63.376
491.231 62.952
491.506 52.748
491.782 34.576
492.057 19.767
492.333 7.193
492.608 -13.364
492.884 -19.657
493.160 -23.990
493.435 -22.037
493.711 -11.268
493.986 3.574
494.262 20.252
494.537 34.557
494.813 41.018
495.089 49.298
495.364 50.837
495.640 42.971
495.915 29.212
496.191 23.767
496.467 18.597
496.742 16.115
497.018 20.282
497.293 32.444
497.569 39.781
497.844 53.076
498.120 60.203
498.396 63.928
498.671 65.258
498.947 64.325
499.222 62.698
499.498 66.991
499.773 75.477
500.049 69.574
500.325 69.793
500.600 77.473
500.876 87.352
501.151 100.068
501.427 99.268
501.702 92.327
501.978 90.067
502.254 84.926
502.529 88.468
502.805 90.885
503.080 91.914
503.356 104.525
503.631 117.164
503.907 127.727
504.183 135.393
504.458 127.356
504.734 127.958
505.009 127.235
505.285 122.752
505.560 113.354
505.836 110.464
506.112 107.575
506.387 109.585
506.663 96.429
506.938 84.250
507.214 84.783
507.490 87.049
507.765 82.971
508.041 71.863
508.316 78.383
508.592 86.797
508.867 80.999
509.143 69.876
509.419 69.754
509.694 71.552
509.970 79.135
510.245 61.744
510.521 41.789
510.796 37.200
511.072 42.847
511.348 34.356
511.623 32.433
511.899 40.194
512.174 43.710
512.450 56.300
512.725 67.869
513.001 69.908
513.277 81.819
513.552 88.110
513.828 91.807
514.103 97.082
514.379 100.197
514.654 104.880
514.930 109.139
515.206 114.043
515.481 113.483
515.757 114.595
516.032 133.687
516.308 152.901
516.583 171.896
516.859 198.152
517.135 216.040
517.410 245.320
517.686 281.695
517.961 306.216
518.237 330.735
518.513 357.304
518.788 384.875
519.064 422.440
519.339 457.243
519.615 490.344
519.890 525.275
520.166 558.467
520.442 595.488
520.717 635.985
520.993 665.735
521.268 694.637
521.544 719.232
521.819 749.566
522.095 779.139
522.371 791.115
522.646 779.683
522.922 780.087
523.197 794.818
523.473 797.338
523.748 780.976
524.024 777.715
524.300 776.546
524.575 777.366
524.851 765.472
525.126 743.230
525.402 728.781
525.677 712.923
525.953 682.080
526.229 653.887
526.504 631.604
526.780 608.982
527.055 594.176
527.331 560.157
527.606 531.895
527.882 507.555
528.158 490.105
528.433 488.278
528.709 488.630
528.984 480.858
529.260 489.422
529.535 501.490
529.811 511.848
530.087 521.114
530.362 516.992
530.638 505.218
530.913 495.864
531.189 485.583
531.465 472.185
531.740 459.258
532.016 449.372
532.291 439.602
532.567 438.444
532.842 434.596
533.118 436.218
533.394 439.480
533.669 435.465
533.945 432.914
534.220 432.995
534.496 435.172
534.771 435.776
535.047 434.636
535.323 447.927
535.598 484.967
535.874 527.981
536.149 577.862
536.425 647.993
536.700 722.249
536.976 823.245
537.252 936.486
537.527 1058.454
537.803 1196.585
538.078 1351.410
538.354 1511.413
538.629 1695.391
538.905 1876.575
539.181 2063.190
539.456 2245.086
539.732 2397.123
540.007 2552.742
540.283 2693.087
540.558 2806.528
540.834 2901.475
541.110 2980.975
541.385 3031.428
541.661 3087.927
541.936 3127.131
542.212 3169.093
542.488 3202.838
542.763 3218.339
543.039 3212.858
543.314 3214.741
543.590 3205.281
543.865 3176.121
544.141 3116.870
544.417 3055.179
544.692 2999.284
544.968 2952.869
545.243 2915.259
545.519 2883.302
545.794 2866.690
546.070 2861.409
546.348 2856.038
546.627 2870.934
546.905 2903.729
547.183 2928.296
547.461 2962.097
547.740 3007.081
548.018 3074.215
548.296 3169.264
548.575 3254.594
548.853 3333.668
549.131 3443.062
549.409 3558.126
549.688 3667.082
549.966 3781.783
550.244 3899.921
550.523 4041.573
550.801 4201.453
551.079 4341.921
551.357 4491.617
551.636 4650.983
551.914 4814.700
552.192 4967.462
552.471 5088.406
552.749 5175.692
553.027 5263.085
553.306 5355.727
553.584 5413.821
553.862 5450.645
554.140 5482.476
554.419 5516.957
554.697 5542.301
554.975 5548.023
555.254 5524.312
555.532 5488.140
555.810 5424.225
556.088 5339.509
556.367 5242.809
556.645 5131.982
556.923 5004.953
557.202 4848.273
557.480 4676.164
557.758 4496.995
558.036 4310.568
558.315 4105.259
558.593 3900.982
558.871 3689.487
559.150 3481.169
559.428 3293.100
559.706 3103.747
559.984 2906.455
560.263 2717.668
560.541 2505.275
560.819 2309.333
561.098 2141.499
561.376 1976.146
561.654 1797.188
561.932 1637.290
562.211 1494.411
562.489 1394.379
562.767 1303.570
563.046 1188.937
563.324 1087.405
563.602 1033.774
563.880 982.361
564.159 931.065
564.437 882.121
564.715 826.626
564.994 788.512
565.272 751.960
565.550 701.983
565.828 658.248
566.107 612.659
566.385 562.401
566.663 519.968
566.942 490.748
567.220 465.037
567.498 440.525
567.776 417.976
568.055 394.086
568.333 377.693
568.611 363.337
568.890 332.582
569.168 301.546
569.446 290.259
569.725 283.976
570.003 269.943
570.281 251.565
570.559 241.722
570.838 235.332
571.116 226.324
571.394 206.937
571.673 177.461
571.951 164.126
572.229 157.992
572.507 145.075
572.786 138.533
573.064 139.193
573.342 138.359
573.621 143.216
573.899 133.807
574.177 130.688
574.455 129.125
574.734 124.874
575.012 119.955
575.290 108.154
575.569 92.692
575.847 97.643
576.125 95.083
576.403 95.594
576.682 93.835
576.960 95.731
577.243 98.747
577.527 91.595
577.810 87.560
578.093 89.578
578.377 90.396
578.660 89.055
578.944 87.485
579.227 84.584
579.510 94.933
579.794 97.100
580.077 88.107
580.360 73.842
580.644 69.488
580.927 64.706
581.210 77.997
581.494 82.183
581.777 86.069
582.061 98.481
582.344 99.642
582.627 95.379
582.911 83.440
583.194 68.662
583.477 64.412
583.761 55.020
584.044 44.783
584.327 46.359
584.611 52.499
584.894 59.492
585.178 63.798
585.461 78.238
585.744 84.671
586.028 77.108
586.311 84.545
586.594 83.411
586.878 73.275
587.161 66.846
587.444 53.846
587.728 60.257
588.011 78.951
588.295 80.094
588.578 81.102
588.861 91.531
589.145 101.084
589.428 100.501
589.711 93.375
589.995 75.536
590.278 63.241
590.562 61.362
590.845 59.641
591.128 46.792
591.412 41.083
591.695 38.061
591.978 45.045
592.262 59.141
592.545 67.964
592.828 64.105
593.112 61.818
593.395 58.524
593.679 58.935
593.962 66.424
594.245 66.103
594.529 64.054
594.812 75.694
595.095 98.669
595.379 113.824
595.662 116.190
595.945 105.379
596.229 98.218
596.512 98.601
596.796 99.240
597.079 83.736
597.362 70.395
597.646 77.998
597.929 89.256
598.212 87.531
598.496 82.835
598.779 86.174
599.062 94.157
599.346 104.417
599.629 101.957
599.913 105.582
600.196 112.007
600.479 116.057
600.763 114.600
601.046 115.267
601.329 116.345
601.613 112.385
601.896 96.747
602.179 87.329
602.463 87.990
602.746 87.397
603.030 86.222
603.313 89.551
603.596 89.378
603.880 95.239
604.163 103.462
604.446 108.191
604.730 105.502
605.013 101.707
605.296 92.173
605.580 86.996
605.863 86.426
606.147 88.259
606.430 85.445
606.713 86.690
606.997 91.830
607.280 97.426
607.563 112.237
607.847 125.097
608.130 128.595
608.414 132.128
608.697 130.462
608.980 124.763
609.264 126.162
609.547 124.923
609.830 120.170
610.114 113.747
610.397 121.169
610.680 134.512
610.964 141.548
611.247 152.656
611.531 163.179
611.814 165.758
612.097 168.014
612.381 152.058
612.664 142.822
612.947 148.455
613.231 144.272
613.514 138.998
613.797 139.160
614.081 142.402
614.364 151.675
614.648 161.664
614.931 164.668
615.214 162.887
615.498 160.967
615.781 166.519
616.064 171.899
616.348 165.766
616.631 157.656
616.914 156.163
617.198 163.561
617.481 170.539
617.765 171.889
618.048 175.655
618.331 187.131
618.615 187.911
618.898 174.144
619.181 163.765
619.465 157.936
619.748 149.545
620.031 150.393
620.315 155.800
620.598 166.831
620.882 183.685
621.165 191.882
621.448 194.874
621.732 198.415
622.015 195.448
622.298 176.051
622.582 163.537
622.865 154.853
623.148 145.329
623.432 138.633
623.715 142.559
623.999 147.915
624.282 161.701
624.565 169.460
624.849 180.014
625.132 194.393
625.415 207.103
625.699 203.751
625.982 196.950
626.265 200.032
626.549 199.362
626.832 184.496
627.116 175.656
627.399 180.951
627.682 196.192
627.966 208.057
628.249 221.857
628.532 227.781
628.816 253.027
629.099 266.004
629.383 255.181
629.666 238.636
629.949 231.634
630.233 228.009
630.516 244.083
630.799 239.647
631.083 236.943
631.366 250.651
631.649 275.707
631.933 300.548
632.216 309.287
632.500 306.769
632.783 319.691
633.066 332.127
633.350 342.511
633.633 339.132
633.916 337.844
634.200 343.290
634.483 341.798
634.766 350.197
635.050 378.249
635.333 411.625
635.617 445.198
635.900 465.709
636.183 489.200
636.467 527.151
636.750 561.712
637.033 574.430
637.317 573.847
637.600 597.862
637.883 628.613
638.167 656.399
638.450 688.256
638.734 718.953
639.017 768.074
639.300 831.982
639.584 867.568
639.867 919.175
640.150 992.412
640.434 1062.562
640.717 1133.790
641.000 1226.640
641.284 1328.470
641.567 1456.512
641.851 1592.833
642.134 1749.309
642.417 1931.968
642.701 2127.309
642.984 2316.947
643.267 2538.155
643.551 2777.889
643.834 3034.696
644.117 3319.965
644.401 3643.621
644.684 4018.651
644.968 4423.493
645.251 4838.771
645.534 5288.278
645.818 5757.316
646.101 6227.471
646.384 6689.292
646.668 7137.833
646.951 7598.430
647.235 8067.779
647.518 8556.055
647.801 9081.582
648.085 9611.024
648.368 10204.664
648.651 10834.597
648.935 11515.519
649.218 12247.656
649.501 12978.198
649.785 13682.333
650.068 14397.382
650.352 15076.795
650.635 15765.753
650.918 16403.251
651.202 16971.517
651.485 17514.510
651.768 18083.451
652.052 18607.860
652.335 19083.212
652.618 19503.031
652.902 19909.905
653.185 20292.330
653.469 20627.145
653.752 20875.015
654.035 21119.652
654.319 21331.204
654.602 21502.817
654.885 21633.724
655.169 21733.355
655.452 21818.543
655.735 21904.351
656.019 21948.040
656.302 22000.794
656.586 22047.229
656.869 22104.953
657.152 22136.009
657.436 22169.105
657.719 22208.881
658.002 22211.389
658.286 22196.727
658.569 22162.357
658.852 22070.763
659.136 21953.013
659.419 21804.680
659.703 21598.813
659.986 21390.788
660.269 21149.651
660.553 20876.867
660.836 20629.590
661.119 20418.388
661.403 20201.322
661.686 19996.037
661.969 19839.536
662.253 19703.965
662.536 19634.389
662.820 19577.879
663.103 19517.090
663.386 19520.000
663.670 19610.555
663.953 19698.919
664.236 19823.295
664.520 19956.663
664.803 20163.260
665.086 20457.365
665.370 20744.043
665.653 20976.162
665.937 21236.827
666.220 21464.921
666.503 21683.634
666.787 21846.059
667.070 21964.576
667.353 22055.256
667.637 22119.219
667.920 22100.997
668.204 22067.646
668.487 22001.109
668.770 21845.582
669.054 21570.543
669.337 21246.032
669.620 20853.390
669.904 20396.336
670.187 19861.362
670.470 19254.493
670.754 18617.819
671.037 18011.751
671.321 17367.079
671.604 16698.925
671.887 16053.496
672.171 15454.329
672.454 14838.984
672.737 14207.071
673.021 13510.406
673.304 12802.357
673.587 12098.153
673.871 11400.791
674.154 10663.739
674.438 9945.194
674.721 9261.759
675.004 8638.734
675.288 8055.554
675.571 7509.514
675.854 7001.108
676.138 6532.529
676.421 6101.288
676.704 5702.675
676.988 5332.422
677.271 4984.568
677.555 4666.902
677.838 4353.577
678.121 4051.459
678.405 3752.680
678.688 3453.772
678.971 3174.585
679.255 2907.292
679.538 2655.292
679.821 2421.081
680.105 2181.297
680.388 1958.405
680.672 1753.642
680.955 1562.367
681.238 1401.875
681.522 1239.350
681.805 1090.269
682.088 982.735
682.372 877.892
682.655 787.230
682.938 707.831
683.222 638.287
683.505 604.117
683.789 564.302
684.072 538.504
684.355 544.319
684.639 560.947
684.922 583.636
685.205 592.087
685.489 598.846
685.772 639.705
686.056 675.047
686.339 702.783
686.622 727.089
686.906 745.812
687.189 779.330
687.472 804.184
687.756 800.158
688.039 795.535
688.322 799.561
688.606 799.412
688.889 796.100
689.173 774.374
689.456 753.990
689.739 736.653
690.023 720.114
690.306 695.064
690.589 682.377
690.873 668.656
691.156 652.184
691.439 637.618
691.723 627.250
692.006 619.472
692.290 602.056
692.573 577.881
692.856 558.388
693.140 552.469
693.423 546.041
693.706 549.676
693.990 551.868
694.273 555.908
694.556 553.907
694.840 547.257
695.123 539.950
695.407 535.883
695.690 527.542
695.973 522.612
696.257 525.278
696.540 522.118
696.830 524.323
697.120 527.261
697.410 523.293
697.699 524.889
697.989 530.644
698.279 524.518
698.569 531.166
698.859 538.526
699.149 545.955
699.439 543.924
699.729 531.593
700.018 505.923
700.308 489.852
700.598 488.586
700.888 474.419
701.178 452.542
701.468 436.102
701.758 426.372
702.048 426.378
702.337 420.271
702.627 394.803
702.917 374.324
703.207 373.083
703.497 371.285
703.787 355.626
704.077 341.369
704.366 319.803
704.656 302.584
704.946 294.288
705.236 273.410
705.526 260.491
705.816 255.424
706.106 242.903
706.396 232.581
706.685 217.950
706.975 213.027
707.265 211.680
707.555 203.905
707.845 192.750
708.135 192.020
708.425 192.514
708.715 199.577
709.004 185.334
709.294 167.411
709.584 166.564
709.874 167.225
710.164 156.171
710.454 155.373
710.744 149.418
711.034 150.070
711.323 158.730
711.613 149.741
711.903 146.278
712.193 149.396
712.483 146.343
712.773 156.548
713.063 176.897
713.352 171.363
713.642 169.627
713.932 179.860
714.222 184.253
714.512 181.649
714.802 179.354
715.092 165.803
715.382 160.224
715.671 163.887
715.961 161.870
716.251 167.178
716.541 172.323
716.831 159.789
717.121 152.242
717.411 161.124
717.701 163.690
717.990 158.842
718.280 145.611
718.570 142.410
718.860 144.566
719.150 146.153
719.440 133.464
719.730 125.823
720.019 124.522
720.309 122.649
720.599 126.693
720.889 133.604
721.179 133.008
721.469 134.966
721.759 136.706
722.049 133.616
722.338 141.126
722.628 136.410
722.918 127.975
723.208 124.606
723.498 125.918
723.788 124.181
724.078 119.588
724.368 107.419
724.657 107.768
724.947 108.348
725.237 111.320
725.527 124.485
725.817 124.824
726.107 119.753
726.397 124.341
726.686 130.043
726.976 132.315
727.266 120.572
727.556 99.167
727.846 99.338
728.136 111.676
728.426 109.775
728.716 101.828
729.005 108.213
729.295 121.254
729.585 126.663
729.875 122.258
730.165 114.810
730.455 120.297
730.745 134.305
731.035 131.321
731.324 131.497
731.614 140.422
731.904 146.700
732.194 146.449
732.484 139.223
732.774 127.946
733.064 121.742
733.354 120.405
733.643 110.140
733.933 104.759
734.223 111.629
734.513 111.132
734.803 107.524
735.093 105.066
735.383 97.717
735.672 102.801
735.962 97.676
736.252 82.371
736.542 85.091
736.832 86.993
737.122 84.506
737.412 96.507
737.702 94.586
737.991 89.142
738.281 88.741
738.571 79.944
738.861 80.401
739.151 82.411
739.441 67.121
739.731 56.889
740.021 57.595
740.310 65.507
740.600 79.363
740.890 84.937
741.180 88.627
741.470 86.528
741.760 94.587
742.050 113.535
742.339 116.512
742.629 96.634
742.919 77.894
743.209 71.010
743.499 73.129
743.789 79.946
744.079 64.126
744.369 60.492
744.658 82.585
744.948 95.351
745.238 96.077
745.528 96.531
745.818 91.458
746.108 98.145
746.398 105.121
746.688 98.663
746.977 94.865
747.267 91.624
747.557 95.904
747.847 105.901
748.137 109.054
748.427 97.017
748.717 84.526
749.006 79.290
749.296 81.858
749.586 80.742
749.876 64.818
750.166 54.174
750.456 62.600
750.746 72.472
751.036 78.636
751.325 77.814
751.615 79.418
751.905 84.156
752.195 88.463
752.485 93.229
752.775 93.976
753.065 89.033
753.355 86.334
753.644 82.511
753.934 76.659
754.224 74.816
754.514 63.537
754.804 57.553
755.094 66.713
755.384 70.447
755.674 64.564
755.963 69.025
756.253 67.456
756.543 56.562
756.833 47.108
757.123 26.759
757.413 27.333
757.703 36.096
757.992 36.670
758.282 39.979
758.572 46.579
758.862 50.025
759.152 58.208
759.442 51.617
759.732 46.310
760.022 41.434
760.311 32.963
760.601 28.086
760.891 28.096
761.181 37.606
761.471 45.941
761.761 47.098
762.051 46.097
762.341 61.222
762.630 71.580
762.920 64.531
763.210 39.354
763.500 25.701
763.793 22.819
764.086 28.276
764.379 21.919
764.671 16.169
764.964 24.807
765.257 37.615
765.550 50.284
765.843 60.646
766.136 65.245
766.429 71.441
766.722 66.977
767.014 54.160
767.307 61.217
767.600 70.001
767.893 57.343
768.186 44.988
768.479 38.945
768.772 57.378
769.064 77.813
769.357 59.387
769.650 38.074
769.943 37.065
770.236 40.666
770.529 30.740
770.822 12.595
771.115 -3.091
771.407 1.220
771.700 -1.085
771.993 9.716
772.286 25.989
772.579 31.605
772.872 36.218
773.165 39.391
773.457 45.593
773.750 57.978
774.043 48.619
774.336 36.388
774.629 45.446
774.922 42.988
775.215 41.258
775.508 39.088
775.800 35.771
776.093 43.534
776.386 33.156
776.679 8.852
776.972 8.563
777.265 18.470
777.558 21.631
777.850 24.206
778.143 15.284
778.436 20.598
778.729 35.969
779.022 37.261
779.315 28.072
779.608 28.493
779.900 28.622
780.193 29.620
780.486 21.730
780.779 20.433
781.072 14.262
781.365 12.972
781.658 9.242
781.951 -3.516
782.243 -9.535
782.536 2.787
782.829 4.072
783.122 7.227
783.415 9.376
783.708 12.808
784.001 28.565
784.293 39.587
784.586 38.862
784.879 36.709
785.172 35.134
785.465 33.272
785.758 41.275
786.051 33.686
786.344 27.396
786.636 29.532
786.929 34.373
787.222 32.663
787.515 35.661
787.808 32.496
788.101 28.493
788.394 28.631
788.686 23.467
788.979 13.763
789.272 16.903
789.565 18.187
789.858 10.768
790.151 11.911
790.444 12.623
790.737 9.342
791.029 14.336
791.322 16.616
791.615 15.327
791.908 19.302
792.201 32.976
792.494 42.221
792.787 45.354
793.079 40.361
793.372 31.100
793.665 31.097
793.958 44.207
794.251 51.044
794.544 47.636
794.837 45.215
795.130 46.212
795.422 59.309
795.715 68.985
796.008 51.037
796.301 26.966
796.594 13.863
796.887 12.581
797.180 12.865
797.472 14.723
797.765 14.593
798.058 17.870
798.351 30.680
798.644 47.486
798.937 43.925
799.230 44.638
799.523 31.677
799.815 17.574
800.108 14.441
800.401 6.761
800.694 2.788
800.987 2.927
801.280 -5.341
801.573 -1.639
801.865 8.483
802.158 14.473
802.451 16.613
802.744 15.038
803.037 26.445
803.330 44.277
803.623 54.713
803.915 40.867
804.208 32.596
804.501 29.887
804.794 21.038
805.087 13.774
805.380 -1.940
805.673 -9.657
805.966 -0.351
806.258 3.952
806.551 9.261
806.844 21.300
807.137 11.553
807.430 10.096
807.723 13.108
808.016 5.354
808.308 -6.004
808.601 -15.190
808.894 -19.919
809.187 -7.143
809.480 -1.826
809.773 -6.127
810.066 -3.255
810.359 2.351
810.651 17.046
810.944 23.561
811.237 29.343
811.530 34.819
811.825 32.799
812.119 25.130
812.414 25.414
812.709 21.409
813.003 19.551
813.298 18.303
813.593 22.246
813.887 37.611
814.182 57.911
814.476 65.450
814.771 69.394
815.066 68.131
815.360 58.715
815.655 52.778
815.950 43.369
816.244 34.803
816.539 34.528
816.834 18.824
817.128 10.096
817.423 16.832
817.718 20.064
818.012 21.709
818.307 20.848
818.602 20.461
818.896 31.613
819.191 27.921
819.486 19.862
819.780 18.885
820.075 14.498
820.369 21.027
820.664 17.209
820.959 14.449
821.253 15.008
821.548 9.645
821.843 15.786
822.137 17.440
822.432 4.971
822.727 10.068
823.021 16.859
823.316 27.333
823.611 35.391
823.905 28.584
824.200 29.669
824.495 37.768
824.789 34.501
825.084 23.559
825.379 14.822
825.673 23.034
825.968 27.457
826.262 33.252
826.557 39.939
826.852 36.011
827.146 25.537
827.441 22.499
827.736 1.560
828.030 -16.801
828.325 -39.068
828.620 -61.641
828.914 -63.300
829.209 -62.491
829.504 -57.937
829.798 -49.583
830.093 -27.082
830.388 -12.575
830.682 -5.391
830.977 2.549
831.271 12.954
831.566 -1.373
831.861 -8.381
832.155 -19.688
832.450 -19.022
832.745 0.709
833.039 -1.192
833.334 -5.098
833.629 15.139
833.923 30.978
834.218 30.086
834.513 30.544
834.807 20.642
835.102 23.498
835.397 42.044
835.691 55.210
835.986 55.779
836.281 59.545
836.575 61.879
836.870 57.518
837.164 52.602
837.459 51.063
837.754 31.910
838.048 20.992
838.343 21.455
838.638 24.374
838.932 27.229
839.227 30.114
839.522 16.840
839.816 25.461
840.111 36.353
840.406 27.025
840.700 22.199
840.995 19.392
841.290 14.656
841.584 5.132
841.879 -5.806
842.174 -13.825
842.468 -5.214
842.763 -5.502
843.057 -3.468
843.352 1.145
843.647 19.736
843.941 29.903
844.236 46.794
844.531 62.687
844.825 63.291
845.120 63.551
845.415 62.561
845.709 56.298
846.004 54.571
846.299 33.736
846.593 21.304
846.888 25.956
847.183 27.648
847.477 27.385
847.772 28.426
848.066 22.141
848.361 29.910
848.656 15.626
848.950 -1.965
849.245 -0.446
849.540 -4.524
849.834 -11.876
850.129 -4.658
850.424 -3.009
850.718 8.940
851.013 20.079
851.308 6.473
851.602 -0.724
851.897 -13.806
852.192 -16.445
852.486 -16.950
852.781 -27.265
853.076 -38.211
853.370 -32.623
853.665 -20.860
853.959 -9.380
854.254 -11.683
854.549 -9.618
854.843 5.795
855.138 13.629
855.433 11.711
855.727 13.122
856.022 22.325
856.317 24.234
856.611 14.095
856.906 9.502
857.201 17.466
857.495 26.721
857.790 15.396
858.085 -1.451
858.379 -12.387
858.674 -19.558
858.969 -19.019
859.263 -26.494
859.558 -31.109
859.852 -19.470
860.147 -11.932
860.442 1.693
860.736 12.408
861.031 14.592
861.326 34.215
861.620 46.276
861.915 48.606
862.210 66.478
862.504 63.930
862.799 68.790
863.094 62.599
863.388 36.516
863.683 19.614
863.978 11.555
864.272 -3.904
864.567 -18.981
864.861 -25.293
865.156 -29.758
865.451 -28.880
865.745 -31.011
866.040 -35.538
866.335 -23.656
866.629 -4.030
866.924 -2.246
867.219 -3.792
867.513 11.922
867.808 22.707
868.103 26.828
868.397 20.477
868.692 23.050
868.987 34.782
869.281 48.378
869.576 37.547
869.871 31.079
870.165 36.483
870.460 35.300
870.754 23.584
871.049 7.360
871.344 -1.761
871.638 1.198
871.933 9.469
872.228 15.561
872.522 12.880
872.817 11.921
873.112 15.734
873.406 26.568
873.701 29.317
873.996 23.578
874.290 10.194
874.585 9.784
874.880 16.704
875.174 18.368
875.469 10.402
875.764 15.428
876.058 27.071
876.353 30.520
876.647 30.939
876.942 27.887
877.237 26.385
877.531 24.451
877.826 21.605
878.121 5.886
878.415 -2.468
878.710 -14.020
879.005 -28.139
879.299 -38.312
879.594 -40.604
879.889 -48.706
880.183 -44.269
880.478 -37.654
880.773 -25.429
881.067 -13.337
881.362 -0.763
881.656 4.122
881.951 7.815
882.246 8.189
882.540 15.928
882.835 21.800
883.130 31.706
883.424 32.206
883.719 25.401
884.014 23.034
884.308 25.974
884.603 21.371
884.898 22.312
885.192 14.862
885.487 8.679
885.782 7.049
886.076 1.030
886.371 -6.174
886.666 -5.683
886.960 -14.549
887.255 -22.333
887.549 -19.372
887.844 -11.716
888.139 -5.195
888.433 -3.777
888.728 -5.695
889.023 2.666
889.317 10.925
889.612 19.143
889.907 24.174
890.201 19.756
890.496 15.978
890.791 12.696
891.085 12.180
891.380 17.959
891.675 13.909
891.969 6.463
892.264 9.363
892.559 21.454
892.853 25.491
893.148 24.468
893.442 16.286
893.737 6.592
894.032 1.804
894.326 11.497
894.621 6.595
894.916 12.913
895.210 16.074
895.505 13.805
895.800 20.980
896.094 24.759
896.389 12.286
896.684 8.878
896.978 4.710
897.273 -1.338
897.568 8.769
897.862 14.965
898.157 14.964
898.451 14.705
898.746 15.840
899.041 12.809
899.335 16.229
899.630 14.729
899.925 10.062
900.219 9.173
900.514 26.290
900.809 26.418
901.103 21.963
901.398 15.759
901.693 9.421
901.987 8.661
902.282 12.734
902.577 -1.863
902.871 -13.097
903.166 -13.632
903.461 -10.303
903.755 -13.122
904.050 -16.704
904.344 -15.267
904.639 -14.764
904.934 5.609
905.228 23.215
905.523 24.390
905.818 27.338
906.112 26.032
906.407 16.479
906.702 20.487
906.996 15.632
907.291 11.463
907.586 8.894
907.880 8.895
908.175 9.645
908.470 9.616
908.764 12.122
909.059 4.318
909.354 -6.605
909.648 -10.261
909.943 -5.153
910.237 7.538
910.532 21.155
910.827 19.223
911.121 21.168
911.416 13.901
911.711 13.879
912.005 11.945
912.300 -0.006
912.599 -10.662
912.898 -15.930
913.196 -18.197
913.495 -10.702
913.794 -12.588
914.093 -16.692
914.391 -11.507
914.690 0.359
914.989 12.787
915.288 22.264
915.586 27.474
915.885 27.039
916.184 35.358
916.483 41.573
916.782 30.076
917.080 16.407
917.379 16.996
917.678 15.813
917.977 21.598
918.275 16.390
918.574 22.044
918.873 20.933
919.172 16.266
919.471 -0.612
919.769 -16.780
920.068 -19.789
920.367 -17.558
920.666 -30.842
920.964 -36.282
921.263 -36.674
921.562 -18.526
921.861 3.113
922.159 6.012
922.458 -4.266
922.757 -10.960
923.056 4.781
923.355 16.055
923.653 8.716
923.952 8.694
924.251 12.814
924.550 13.732
924.848 22.743
925.147 24.688
925.446 28.166
925.745 34.027
926.043 30.128
926.342 28.336
926.641 33.444
926.940 29.031
927.239 19.638
927.537 15.839
927.836 8.093
928.135 6.411
928.434 10.725
928.732 9.262
929.031 7.192
929.330 8.077
929.629 -0.018
929.927 7.098
930.226 10.726
930.525 10.145
930.824 31.534
931.123 48.271
931.421 52.857
931.720 60.510
932.019 51.458
932.318 41.901
932.616 35.019
932.915 21.078
933.214 19.631
933.513 25.614
933.812 31.549
934.110 32.987
934.409 33.252
934.708 27.621
935.007 14.131
935.305 -1.561
935.604 -18.178
935.903 -34.156
936.202 -35.222
936.500 -38.610
936.799 -39.282
937.098 -31.333
937.397 -36.034
937.696 -39.127
937.994 -33.541
938.293 -19.454
938.592 -5.738
938.891 7.055
939.189 8.503
939.488 5.909
939.787 18.533
940.086 12.144
940.384 12.203
940.683 20.150
940.982 18.035
941.281 20.820
941.580 32.415
941.878 16.692
942.177 9.472
942.476 -9.042
942.775 -34.025
943.073 -44.201
943.372 -48.535
943.671 -36.416
943.970 -19.900
944.268 -12.303
944.567 -8.099
944.866 6.729
945.165 9.898
945.464 4.543
945.762 -5.754
946.061 3.499
946.360 25.419
946.659 37.242
946.957 35.107
947.256 42.199
947.555 47.525
947.854 47.625
948.153 46.918
948.451 27.429
948.750 9.989
949.049 3.130
949.348 -6.498
949.646 -8.437
949.945 -7.989
950.244 -10.369
950.543 0.170
950.841 16.014
951.140 26.040
951.439 42.112
951.738 53.552
952.037 53.586
952.335 27.465
952.634 12.817
952.933 5.388
953.232 5.364
953.530 -0.550
953.829 -11.177
954.128 -5.015
954.427 11.840
954.725 13.950
955.024 16.385
955.323 11.193
955.622 16.970
955.921 29.020
956.219 16.161
956.518 4.307
956.817 12.259
957.116 13.035
957.414 11.199
957.713 -1.716
958.012 -4.012
958.311 10.498
958.610 16.197
958.908 11.468
959.207 29.874
959.506 47.878
959.805 50.514
960.103 46.911
960.402 43.762
960.701 41.282
961.000 43.109
961.298 27.102
961.597 11.078
961.896 3.988
962.195 4.034
962.494 10.315
962.792 18.907
963.091 22.383
963.390 16.998
963.689 19.635
963.987 32.741
964.286 34.314
964.585 18.792
964.884 12.776
965.182 6.770
965.481 9.075
965.780 14.525
966.080 17.020
966.380 8.863
966.680 9.937
966.981 16.212
967.281 32.549
967.581 40.259
967.881 35.041
968.181 38.253
968.481 37.507
968.781 40.960
969.082 53.549
969.382 50.262
969.682 44.483
969.982 54.163
970.282 58.582
970.582 58.444
970.882 47.532
971.183 31.769
971.483 25.261
971.783 22.661
972.083 9.353
972.383 -13.769
972.683 -14.621
972.983 -1.423
973.284 -0.675
973.584 -10.850
973.884 -9.827
974.184 -8.068
974.484 -6.832
974.784 -3.311
975.084 -1.185
975.385 3.914
975.685 18.697
975.985 22.584
976.285 23.733
976.585 27.093
976.885 22.885
977.185 20.057
977.486 18.999
977.786 15.785
978.086 17.549
978.386 22.512
978.686 22.963
978.986 35.013
979.286 31.252
979.587 27.789
979.887 31.472
980.187 29.329
980.487 26.900
980.787 36.186
981.087 34.043
981.387 31.757
981.688 31.614
981.988 33.186
982.288 40.043
982.588 46.472
982.888 36.614
983.188 28.900
983.488 34.329
983.789 38.900
984.089 28.329
984.389 13.043
984.689 5.471
984.989 9.186
985.289 19.614
985.589 22.186
985.890 17.043
986.190 15.043
986.490 29.757
986.790 36.043
987.090 32.328
987.390 19.185
987.690 12.185
987.991 21.328
988.291 25.042
988.591 9.471
988.891 -9.815
989.191 -10.815
989.491 0.042
989.791 2.899
990.092 5.328
990.392 18.757
990.692 25.614
990.992 35.471
991.292 34.471
991.592 22.756
991.892 22.899
992.193 26.899
992.493 18.756
992.793 20.328
993.093 19.185
993.393 24.613
993.693 29.328
993.993 28.756
994.294 13.471
994.594 13.756
994.894 18.042
995.194 27.042
995.494 25.613
995.794 24.613
996.094 30.756
996.395 36.756
996.695 41.899
996.995 32.042
997.295 19.899
997.595 29.470
997.895 39.327
998.195 33.470
998.496 31.184
998.796 21.899
999.096 26.184
999.396 41.470
999.696 36.613
999.996 25.613
1000.296 36.041
1000.597 39.184
1000.897 43.184
1001.197 47.470
1001.497 40.327
1001.797 42.041
1002.097 44.470
1002.397 17.327
1002.698 8.470
1002.998 7.898
1003.298 5.041
1003.598 9.470
1003.898 6.327
1004.198 11.755
1004.498 33.327
1004.799 32.612
1005.099 19.327
1005.399 10.612
1005.699 2.327
1005.999 -5.816
1006.299 -10.245
1006.599 -21.531
1006.900 -17.959
1007.200 -3.531
1007.500 7.612
1007.800 8.326
1008.100 21.041
1008.400 23.469
1008.700 28.898
1009.001 18.326
1009.301 4.041
1009.601 -6.245
1009.901 -11.817
1010.201 -20.817
1010.501 -26.817
1010.801 -38.388
1011.102 -23.817
1011.402 -6.674
1011.702 -9.817
1012.002 -14.960
1012.302 -14.102
1012.602 -4.674
1012.902 0.897
1013.203 -4.245
1013.503 0.183
1013.803 21.183
1014.103 28.040
1014.403 21.612
1014.703 11.183
1015.003 13.040
1015.304 15.469
1015.604 -4.388
1015.904 -18.674
1016.204 -12.960
1016.504 3.040
1016.804 8.754
1017.104 8.040
1017.405 2.469
1017.705 13.183
1018.005 17.897
1018.305 23.326
1018.605 17.183
1018.905 23.897
1019.205 34.468
1019.506 40.754
1019.806 40.325
1020.106 32.754
1020.406 20.325
1020.706 18.040
1021.006 19.897
1021.306 17.468
1021.607 13.611
1021.907 17.468
1022.207 24.325
1022.507 31.897
1022.807 35.754
1023.107 24.897
1023.407 20.039
1023.708 26.468
1024.008 30.611
1024.308 30.468
1024.608 28.039
1024.908 24.182
1025.208 34.754
1025.508 40.896
1025.809 39.611
1026.109 32.182
1026.409 29.896
1026.709 34.182
1027.009 41.039
1027.309 33.182
1027.609 34.325
1027.910 39.182
1028.210 34.325
1028.510 30.753
1028.810 25.753
1029.110 20.753
1029.410 23.468
1029.710 13.468
1030.011 -4.818
1030.311 -14.961
1030.611 -19.675
1030.911 -14.818
1031.211 -10.533
1031.511 -12.961
1031.811 -7.533
1032.112 2.753
1032.412 24.610
1032.712 29.182
1033.012 29.324
1033.312 26.467
1033.612 18.324
1033.912 17.896
1034.212 25.896
1034.513 22.039
1034.813 24.039
1035.113 14.324
1035.413 7.324
1035.713 17.467
1036.013 17.038
1036.313 6.038
1036.614 -8.819
1036.914 -21.533
1037.214 -24.247
1037.514 -15.676
1037.814 -19.962
1038.114 -22.390
1038.414 -22.819
1038.715 -16.962
1039.015 -2.105
1039.315 10.467
1039.615 6.324
1039.915 3.752
1040.215 -1.533
1040.515 -0.533
1040.816 -8.105
1041.116 -16.676
1041.416 -24.105
1041.716 -26.248
1042.016 -26.391
1042.316 -21.391
1042.616 -14.391
1042.917 -5.105
1043.217 -0.819
1043.517 -1.962
1043.817 -7.962
1044.117 -4.676
1044.417 -6.676
1044.717 -26.391
1045.018 -35.534
1045.318 -29.391
1045.618 -24.819
1045.918 -29.534
1046.218 -33.534
1046.518 -25.962
1046.818 -1.962
1047.119 6.323
1047.419 -4.391
1047.719 -12.105
1048.019 -4.677
1048.319 -6.820
1048.619 -17.677
1048.919 -32.105
1049.220 -24.963
1049.520 -24.534
1049.820 -22.248
1050.120 -15.391
1050.420 -7.248
1050.720 1.466
1051.020 9.180
1051.321 5.180
1051.621 11.894
1051.921 19.180
1052.221 14.037
1052.521 11.894
1052.821 9.752
1053.121 4.037
1053.422 -1.391
1053.722 6.180
1054.022 8.323
1054.322 15.751
1054.622 18.894
1054.922 22.180
1055.222 39.037
1055.523 55.323
1055.823 45.751
1056.123 45.180
1056.423 50.466
1056.723 55.037
1057.023 59.894
1057.323 43.180
1057.624 33.894
1057.924 45.894
1058.224 48.465
1058.524 33.180
1058.824 22.180
1059.124 14.751
1059.424 14.751
1059.725 19.037
1060.025 22.465
1060.325 19.037
1060.625 24.180
1060.925 14.037
1061.225 1.751
1061.525 5.037
1061.826 5.037
1062.126 -3.392
1062.426 -12.249
1062.726 -12.392
1063.026 -2.392
1063.326 4.751
1063.626 4.465
1063.927 -0.392
1064.227 -14.249
1064.527 -8.821
1064.827 0.893
1065.127 7.036
1065.427 1.465
1065.727 -3.821
1066.028 2.036
1066.328 20.179
1066.628 19.179
1066.928 11.036
1067.228 11.893
1067.528 29.893
1067.828 32.465
1068.129 19.750
1068.429 7.608
1068.729 20.750
1069.029 18.322
1069.329 6.750
1069.629 -8.964
1069.929 -15.107
1070.230 -8.964
1070.530 -7.250
1070.830 -16.107
1071.130 -6.821
1071.430 -0.250
1071.730 3.750
1072.030 1.607
1072.331 -15.964
1072.631 -22.964
1072.931 -23.679
1073.231 -20.536
1073.531 -16.536
1073.831 -12.107
1074.131 4.750
1074.432 25.036
1074.732 47.179
1075.032 54.750
1075.332 48.893
1075.632 42.750
1075.932 38.750
1076.232 31.464
1076.533 21.464
1076.833 -2.393
1077.133 -4.679
1077.433 -10.536
1077.733 -22.965
1078.033 -28.107
1078.333 -33.965
1078.634 -34.393
1078.934 -26.107
1079.234 -25.108
1079.534 -19.679
1079.834 -4.108
1080.134 3.035
1080.434 11.035
1080.735 21.321
1081.035 21.750
1081.335 9.035
1081.635 7.607
1081.935 12.607
1082.235 21.892
1082.535 14.749
1082.836 2.892
1083.136 -0.536
1083.436 -2.108
1083.736 -7.394
1084.036 -14.536
1084.336 -14.251
1084.636 -0.108
1084.937 18.035
1085.237 26.606
1085.537 41.892
1085.837 46.749
1086.137 41.606
1086.437 26.606
1086.737 5.463
1087.038 -13.108
1087.338 -24.822
1087.638 -33.965
1087.938 -33.108
1088.238 -23.394
1088.538 -7.680
1088.838 11.749
1089.139 19.178
1089.439 31.463
1089.739 34.320
1090.039 32.463
1090.339 36.035
1090.639 25.463
1090.939 29.035
1091.240 53.320
1091.540 61.606
1091.840 56.177
1092.140 66.606
1092.453 62.463
1092.766 54.320
1093.079 40.034
1093.392 19.034
1093.705 4.606
1094.018 3.177
1094.330 -0.394
1094.643 2.034
1094.956 14.463
1095.269 17.606
1095.582 18.034
1095.895 24.606
1096.208 28.606
1096.521 11.320
1096.834 -3.109
1097.147 -10.966
1097.460 -13.966
1097.773 -13.966
1098.085 -22.109
1098.398 -31.966
1098.711 -31.252
1099.024 -21.537
1099.337 -16.680
1099.650 -23.537
1099.963 -34.252
1100.276 -29.966
1100.589 -27.109
1100.902 -16.109
1101.215 -3.252
1101.528 -1.109
1101.841 8.177
1102.153 16.748
1102.466 21.034
1102.779 43.605
1103.092 47.320
1103.405 40.891
1103.718 42.462
1104.031 43.748
1104.344 49.605
1104.657 55.177
1104.970 41.462
1105.283 28.319
1105.596 13.891
1105.909 8.748
1106.221 11.748
1106.534 8.319
1106.847 0.891
1107.160 0.034
1107.473 -2.109
1107.786 -2.109
1108.099 -4.967
1108.412 -2.538
1108.725 1.176
1109.038 -5.252
1109.351 -6.681
1109.664 3.891
1109.977 10.605
1110.289 12.748
1110.602 5.748
1110.915 -13.967
1111.228 -12.681
1111.541 -8.967
1111.854 -10.538
1112.167 -12.252
1112.480 -12.538
1112.793 -17.681
1113.106 -9.253
1113.419 -6.967
1113.732 -10.681
1114.044 -2.395
1114.357 9.605
1114.670 15.605
1114.983 18.890
1115.296 18.462
1115.609 23.890
1115.922 19.176
1116.235 5.033
1116.548 -7.538
1116.861 -16.538
1117.174 -13.538
1117.487 -12.253
1117.800 -20.110
1118.112 -16.396
1118.425 -5.539
1118.738 -4.824
1119.051 -10.110
1119.364 -12.253
1119.677 -5.824
1119.990 -1.967
1120.303 5.461
1120.616 -5.396
1120.929 -3.539
1121.242 21.890
1121.555 38.461
1121.868 39.318
1122.180 37.033
1122.493 36.747
1122.806 43.747
1123.119 38.175
1123.432 20.604
1123.745 2.890
1124.058 -7.253
1124.371 -8.682
1124.684 -14.253
1124.997 -19.682
1125.310 -16.968
1125.623 -7.825
1125.935 -0.110
1126.248 5.604
1126.561 -3.110
1126.874 -15.110
1127.187 -11.968
1127.500 -7.682
1127.813 -16.825
1128.126 -12.968
1128.439 -14.396
1128.752 -6.111
1129.065 4.461
1129.378 0.604
1129.691 0.461
1130.003 4.318
1130.316 8.461
1130.629 20.604
1130.942 25.032
1131.255 24.175
1131.568 29.175
1131.881 27.175
1132.194 27.318
1132.507 21.318
1132.820 10.746
1133.133 2.032
1133.446 0.889
1133.759 4.175
1134.071 15.032
1134.384 19.032
1134.697 8.889
1135.010 2.889
1135.323 -3.540
1135.636 -2.111
1135.949 -1.540
1136.262 -11.540
1136.575 -21.254
1136.888 -8.540
1137.201 13.603
1137.514 32.175
1137.826 36.889
1138.139 27.175
1138.452 21.317
1138.765 30.032
1139.078 20.175
1139.391 -0.254
1139.704 -13.683
1140.017 -20.683
1140.330 -15.397
1140.643 -0.111
1140.956 -2.397
1141.269 6.317
1141.582 12.032
1141.894 16.603
1142.207 33.317
1142.520 32.032
1142.833 14.460
1143.146 20.746
1143.459 19.603
1143.772 17.603
1144.085 20.460
1144.398 5.603
1144.711 8.317
1145.024 15.460
1145.337 6.317
1145.650 6.460
1145.962 7.746
1146.275 3.888
1146.588 11.174
1146.901 6.460
1147.214 9.031
1147.527 12.603
1147.840 4.745
1148.153 6.603
1148.466 11.460
1148.779 10.603
1149.092 16.460
1149.405 13.317
1149.718 17.031
1150.030 19.888
1150.343 16.745
1150.656 16.888
1150.969 19.317
1151.282 16.317
1151.595 20.174
1151.908 28.745
1152.221 27.602
1152.534 32.031
1152.847 37.602
1153.160 36.745
1153.473 36.459
1153.785 34.745
1154.098 32.031
1154.411 35.459
1154.724 38.174
1155.037 33.459
1155.350 28.888
1155.663 30.317
1155.976 25.316
1156.289 10.316
1156.602 1.602
1156.915 -6.969
1157.228 -17.112
1157.541 -27.684
1157.853 -38.826
1158.166 -34.541
1158.479 -28.255
1158.792 -18.112
1159.105 -13.398
1159.418 0.745
1159.731 3.459
1160.044 12.173
1160.357 16.745
1160.670 9.888
1160.983 -3.827
1161.296 -4.398
1161.609 -13.541
1161.921 4.888
1162.234 26.459
1162.547 18.316
1162.860 4.888
1163.173 14.745
1163.486 14.888
1163.799 5.173
1164.112 -21.684
1164.425 -41.970
1164.738 -35.684
1165.051 -18.541
1165.364 -11.827
1165.676 -9.541
1165.989 7.745
1166.302 18.887
1166.615 15.459
1166.928 19.173
1167.241 20.459
1167.554 16.316
1167.867 14.316
1168.180 9.459
1168.493 6.459
1168.806 13.602
1169.119 16.316
1169.432 14.173
1169.744 11.030
1170.057 6.459
1170.370 8.316
1170.683 12.316
1170.996 9.601
1171.309 2.030
1171.622 0.601
1171.935 0.887
1172.248 3.030
1172.561 5.030
1172.874 13.601
1173.187 10.173
1173.500 7.173
1173.812 7.601
1174.125 6.173
1174.438 4.316
1174.751 11.887
1175.064 10.173
1175.377 10.315
1175.690 10.601
1176.003 22.744
1176.316 33.030
1176.629 40.887
1176.942 31.315
1177.255 30.458
1177.567 32.458
1177.880 32.315
1178.193 27.601
1178.506 21.458
1178.819 26.744
1179.132 40.315
1179.445 47.030
1179.758 45.601
1180.071 37.315
1180.384 23.458
1180.697 23.601
1181.010 8.744
1181.323 -8.399
1181.635 -27.113
1181.948 -23.971
1182.261 -7.542
1182.574 1.315
1182.887 4.744
1183.200 9.458
1183.513 13.458
1183.826 24.029
1184.139 24.744
1184.452 17.601
1184.765 17.458
1185.078 14.172
1185.391 3.744
1185.703 4.458
1186.016 1.315
1186.329 -6.399
1186.642 -9.399
1186.955 -7.828
1187.268 -8.971
1187.581 1.172
1187.894 -2.542
1188.207 4.029
1188.520 3.172
1188.833 -2.399
1189.146 -3.257
1189.459 -1.400
1189.771 -3.257
1190.084 -3.542
1190.397 -17.971
1190.710 -17.257
1191.023 -8.685
1191.336 -6.971
1191.649 -12.400
1191.962 -6.971
1192.275 -3.400
1192.588 2.743
1192.901 11.029
1193.214 18.886
1193.526 14.172
1193.839 22.600
1194.152 30.743
1194.465 35.172
1194.778 36.457
1195.091 29.172
1195.404 14.886
1195.717 16.886
1196.030 17.314
1196.343 6.886
1196.656 -5.543
1196.969 -4.971
1197.282 -0.828
1197.594 5.886
1197.907 11.743
1198.220 10.314
1198.533 13.886
1198.846 16.314
1199.159 16.457
1199.472 13.743
1199.785 11.314
1200.098 7.171
1200.411 0.600
1200.724 -1.400
1201.037 -3.400
1201.350 -7.972
1201.662 -2.686
1201.975 0.362
1202.288 -3.172
1202.601 -3.472
