165.028 61.758
165.288 53.957
165.547 54.755
165.807 43.896
166.067 34.464
166.327 35.890
166.587 26.458
166.847 -5.403
167.107 -16.121
167.367 -15.838
167.627 -7.842
167.886 9.012
168.146 3.437
168.406 4.719
168.666 25.430
168.926 30.284
169.186 16.852
169.446 10.562
169.706 9.559
169.966 12.984
170.225 14.409
170.485 11.548
170.745 14.402
171.005 23.255
171.265 19.252
171.525 0.962
171.785 -12.756
172.045 -9.331
172.305 0.523
172.564 3.805
172.824 4.087
173.084 21.369
173.344 31.079
173.604 36.504
173.864 35.929
174.124 34.497
174.384 34.778
174.644 51.203
174.903 50.342
175.163 47.767
175.423 61.906
175.683 62.617
175.943 54.613
176.203 49.752
176.463 21.605
176.723 -0.399
176.983 2.311
177.242 -1.692
177.502 -4.982
177.762 -5.557
178.022 -5.133
178.282 2.006
178.542 21.431
178.802 25.141
179.062 16.709
179.322 10.705
179.581 6.272
179.841 7.697
180.101 11.978
180.361 10.831
180.621 15.256
180.881 8.109
181.141 2.248
181.401 9.815
181.661 8.240
181.920 7.379
182.180 9.375
182.440 4.085
182.700 3.224
182.960 7.791
183.220 3.787
183.480 3.497
183.740 2.921
184.000 0.203
184.259 5.485
184.519 27.052
184.779 43.905
185.039 62.044
185.299 73.468
185.559 77.321
185.819 62.746
186.079 44.027
186.339 27.594
186.598 2.876
186.858 -28.271
187.118 -46.418
187.378 -54.994
187.638 -40.855
187.898 -27.574
188.158 -25.721
188.418 -19.296
188.678 -16.300
188.937 -28.305
189.197 -43.737
189.457 -53.170
189.717 -58.175
189.977 -49.179
190.237 -41.040
190.497 -32.901
190.757 -5.763
191.017 18.661
191.276 26.657
191.536 28.939
191.796 16.792
192.056 6.644
192.316 5.497
192.576 2.065
192.836 -9.797
193.096 -33.944
193.356 -49.091
193.616 -44.667
193.875 -36.528
194.135 -32.818
194.395 -28.108
194.655 -18.970
194.915 4.312
195.175 25.736
195.435 18.589
195.695 14.442
195.955 8.295
196.214 2.433
196.474 -11.142
196.734 -24.432
196.994 -26.008
197.254 -8.584
197.514 -5.302
197.774 -5.307
198.034 -11.597
198.294 1.256
198.553 11.109
198.813 1.819
199.073 -6.614
199.333 -13.475
199.593 -0.908
199.853 16.230
200.113 8.655
200.373 11.365
200.633 10.789
200.892 1.785
201.152 9.495
201.412 1.633
201.672 -21.228
201.932 -19.232
202.192 -17.237
202.452 -13.241
202.712 -11.960
202.972 -14.678
203.231 -13.682
203.491 2.456
203.751 3.595
204.011 3.876
204.271 13.729
204.531 23.153
204.791 16.863
205.051 17.431
205.311 12.855
205.570 17.565
205.830 23.275
206.090 22.699
206.350 21.838
206.610 31.262
206.870 39.829
207.130 39.397
207.390 38.250
207.650 27.817
207.909 12.527
208.169 8.808
208.429 5.661
208.689 -11.200
208.949 -21.776
209.209 -29.066
209.469 -35.784
209.729 -33.503
209.989 -38.364
210.248 -30.797
210.508 -13.801
210.768 1.338
211.028 1.048
211.288 7.186
211.548 11.896
211.808 17.606
212.068 14.745
212.328 3.027
212.587 -1.120
212.847 16.875
213.107 22.871
213.367 16.581
213.627 10.720
213.887 7.145
214.147 14.140
214.407 20.422
214.667 10.418
214.926 -0.443
215.186 1.695
215.446 -0.309
215.706 -15.742
215.966 -20.031
216.226 -28.750
216.486 -32.611
216.746 -14.329
217.006 -0.762
217.265 7.377
217.525 33.658
217.785 38.654
218.045 29.936
218.305 25.218
218.565 13.642
218.825 13.067
219.085 19.348
219.345 15.487
219.604 11.483
219.864 18.193
220.124 21.618
220.384 17.328
220.644 9.895
220.904 9.891
221.164 11.173
221.424 11.741
221.684 14.022
221.943 15.875
222.203 11.729
222.463 5.010
222.723 -1.279
222.983 -4.426
223.243 0.141
223.503 -4.434
223.763 -6.724
224.023 -3.299
224.282 1.697
224.542 0.836
224.802 -5.168
225.062 -11.315
225.322 -0.462
225.582 1.820
225.842 0.102
226.102 -5.616
226.362 -7.763
226.621 -8.338
226.881 -0.771
227.141 -2.060
227.401 -5.350
227.661 -0.783
227.921 2.499
228.181 15.924
228.441 18.063
228.701 5.202
228.960 3.198
229.220 9.480
229.480 13.191
229.740 9.330
230.000 -9.817
230.260 -7.392
230.520 6.033
230.780 -3.114
231.040 -15.261
231.299 -23.836
231.559 -28.983
231.819 -29.272
232.079 -27.419
232.339 -32.994
232.599 -22.855
232.859 -11.716
233.119 -10.576
233.379 -5.152
233.638 -4.584
233.898 -6.588
234.158 -6.448
234.418 -8.166
234.678 -4.456
234.938 -4.888
235.198 -11.320
235.458 -11.324
235.718 -9.328
235.978 -14.331
236.237 -12.192
236.497 -8.910
236.757 3.515
237.017 22.226
237.277 37.508
237.537 40.790
237.797 49.500
238.057 43.925
238.317 38.779
238.576 35.347
238.836 26.915
239.096 12.768
239.356 12.050
239.616 10.761
239.876 7.472
240.136 4.326
240.396 5.322
240.656 7.747
240.915 8.029
241.175 -3.831
241.435 -0.406
241.695 11.162
241.955 17.158
242.215 13.726
242.475 10.294
242.735 6.576
242.995 11.287
243.254 8.141
243.514 -1.863
243.774 -5.723
244.034 -2.441
244.294 3.841
244.554 13.409
244.814 13.834
245.074 1.545
245.334 -7.887
245.593 -15.461
245.853 -18.322
246.113 -9.754
246.373 -0.614
246.633 7.097
246.893 18.665
247.153 34.804
247.413 30.801
247.673 18.797
247.932 9.508
248.192 5.791
248.452 -4.070
248.712 -5.073
248.972 -3.219
249.232 10.063
249.492 15.632
249.752 7.057
250.012 -0.946
250.271 -3.807
250.531 -8.382
250.791 -11.813
251.051 -15.102
251.311 -7.534
251.571 12.606
251.831 23.317
252.091 30.171
252.351 31.739
252.610 38.307
252.870 50.304
253.130 46.444
253.390 24.583
253.650 33.580
253.911 44.434
254.172 56.431
254.433 59.285
254.694 49.282
254.955 47.564
255.216 44.847
255.477 19.272
255.738 11.412
255.999 12.695
256.261 13.406
256.522 18.689
256.783 23.828
257.044 31.825
257.305 42.822
257.566 38.819
257.827 24.102
258.088 8.670
258.349 5.667
258.610 15.521
258.871 26.518
259.132 26.801
259.393 25.512
259.654 33.795
259.915 37.078
260.176 30.932
260.437 12.786
260.698 2.640
260.959 10.923
261.221 20.491
261.482 10.917
261.743 5.200
262.004 -0.517
262.265 7.765
262.526 16.620
262.787 3.617
263.048 -8.243
263.309 -6.961
263.570 1.608
263.831 7.462
264.092 6.174
264.353 -0.972
264.614 -7.832
264.875 -9.263
265.136 2.448
265.397 9.445
265.658 9.728
265.919 13.154
266.181 20.151
266.442 33.148
266.703 44.574
266.964 34.285
267.225 20.854
267.486 18.137
267.747 13.563
268.008 2.703
268.269 -0.729
268.530 1.697
268.791 8.266
269.052 17.977
269.313 23.832
269.574 24.972
269.835 31.826
270.096 23.824
270.357 8.678
270.618 -3.182
270.879 -4.470
271.141 -1.330
271.402 -1.761
271.663 -1.907
271.924 6.519
272.185 7.659
272.446 2.228
272.707 -9.060
272.968 -9.492
273.229 0.363
273.490 12.789
273.751 18.929
274.012 26.498
274.273 41.638
274.534 49.778
274.795 42.919
275.056 34.202
275.317 16.914
275.578 6.482
275.839 7.194
276.101 10.906
276.362 17.189
276.623 27.615
276.884 32.470
277.145 32.038
277.406 28.607
277.667 22.605
277.928 13.174
278.189 11.457
278.450 12.740
278.711 8.595
278.972 14.592
279.233 23.018
279.494 15.730
279.755 12.156
280.016 4.582
280.277 -4.992
280.538 -9.280
280.799 -10.711
281.061 -11.285
281.322 -5.144
281.583 2.568
281.844 6.422
282.105 4.563
282.366 -1.440
282.627 -10.156
282.888 -15.730
283.149 -6.590
283.410 2.122
283.671 3.548
283.932 10.832
284.193 20.972
284.454 18.827
284.715 20.396
284.976 16.537
285.237 8.677
285.498 12.532
285.759 6.815
286.021 7.670
286.282 31.096
286.543 38.951
286.804 36.663
287.065 25.089
287.326 10.230
287.587 11.799
287.848 5.082
288.109 -9.348
288.370 -5.065
288.631 0.361
288.892 21.502
289.153 39.500
289.414 35.497
289.675 48.067
289.936 44.493
290.197 30.205
290.458 31.488
290.719 20.915
290.981 8.341
291.242 14.482
291.503 12.051
291.764 15.906
292.025 20.904
292.286 17.044
292.547 11.185
292.808 14.040
293.069 10.038
293.330 -1.679
293.591 0.176
293.852 -1.969
294.113 -9.971
294.374 -2.687
294.635 3.882
294.896 6.737
295.157 13.878
295.418 14.161
295.679 14.874
295.941 22.443
296.202 22.584
296.463 13.867
296.724 11.437
296.985 1.006
297.246 -3.568
297.507 9.145
297.768 1.285
298.029 -5.574
298.290 7.710
298.551 18.136
298.812 30.991
299.073 37.275
299.334 22.130
299.595 25.842
299.856 32.126
300.117 26.981
300.378 14.408
300.639 12.691
300.901 20.689
301.162 22.116
301.423 9.543
301.684 -14.174
301.945 -35.604
302.206 -30.321
302.467 -31.037
302.728 -44.610
302.989 -46.041
303.250 -34.328
303.511 -16.045
303.772 -8.190
304.033 -23.906
304.294 -38.336
304.555 -33.910
304.816 -24.054
305.077 -21.342
305.338 -18.773
305.599 -7.917
305.861 5.795
306.122 22.507
306.383 12.934
306.644 -9.211
306.905 -23.784
307.166 -27.929
307.427 -30.931
307.688 -26.075
307.949 -23.649
308.210 -7.936
308.471 24.633
308.732 49.203
308.993 56.630
309.254 54.913
309.515 51.912
309.776 49.767
310.037 38.622
310.298 23.763
310.559 23.904
310.821 21.617
311.082 23.758
311.343 25.470
311.604 20.183
311.865 23.752
312.126 24.465
312.387 12.892
312.648 19.461
312.909 23.317
313.170 25.172
313.434 29.313
313.698 26.026
313.963 15.024
314.227 14.879
314.491 8.877
314.755 4.018
315.019 -4.698
315.284 -3.271
315.548 14.870
315.812 31.297
316.076 48.581
316.340 61.008
316.604 64.006
316.869 70.576
317.133 75.289
317.397 56.001
317.661 41.428
317.925 19.569
318.190 5.425
318.454 8.994
318.718 11.278
318.982 5.277
319.246 15.132
319.511 17.845
319.775 26.700
320.039 30.984
320.303 28.268
320.567 31.124
320.832 33.408
321.096 28.263
321.360 27.262
321.624 18.546
321.888 11.259
322.153 -3.743
322.417 -12.888
322.681 -18.175
322.945 -19.319
323.209 1.822
323.473 21.106
323.738 24.104
324.002 31.388
324.266 25.958
324.530 18.814
324.794 10.241
325.059 -14.475
325.323 -32.334
325.587 -22.621
325.851 -19.908
326.115 -20.910
326.380 -17.483
326.644 -5.342
326.908 7.228
327.172 14.084
327.436 7.511
327.701 12.938
327.965 18.793
328.229 20.363
328.493 10.219
328.757 0.360
329.022 -11.641
329.286 -21.214
329.550 -22.359
329.814 -23.789
330.078 -26.362
330.342 -14.220
330.607 -2.793
330.871 12.777
331.135 20.347
331.399 7.059
331.663 6.201
331.928 9.485
332.192 -6.374
332.456 -22.232
332.720 -29.662
332.984 -21.807
333.249 -8.094
333.513 -0.952
333.777 4.761
334.041 14.331
334.305 21.043
334.570 20.328
334.834 22.183
335.098 17.182
335.362 11.609
335.626 9.036
335.891 6.463
336.155 12.605
336.419 17.603
336.683 3.030
336.947 -4.114
337.211 -4.258
337.476 -8.688
337.740 -5.975
338.004 -5.548
338.268 0.022
338.532 13.735
338.797 25.305
339.061 28.304
339.325 25.302
339.589 14.872
339.853 12.014
340.118 13.869
340.382 2.011
340.646 -3.133
340.910 -2.135
341.174 2.150
341.439 9.434
341.703 -3.567
341.967 -27.426
342.231 -29.570
342.495 -21.286
342.759 -30.144
343.024 -32.431
343.288 -27.718
343.552 -15.005
343.816 -4.292
344.080 -9.722
344.345 -23.581
344.609 -12.582
344.873 -7.297
345.137 -11.156
345.401 -6.729
345.666 -5.301
345.930 2.983
346.194 17.125
346.458 17.266
346.722 12.836
346.987 9.978
347.251 -3.309
347.515 -1.025
347.779 3.974
348.043 6.830
348.308 9.543
348.572 19.970
348.836 29.969
349.100 34.253
349.364 38.109
349.628 39.537
349.893 29.535
350.157 18.391
350.421 9.533
350.685 16.817
350.949 24.816
351.214 17.815
351.478 15.242
351.742 14.384
352.006 10.525
352.270 15.381
352.535 -1.191
352.799 -6.050
353.063 4.949
353.327 8.377
353.591 10.090
353.856 19.946
354.120 16.944
354.384 26.086
354.648 24.656
354.912 14.941
355.177 6.368
355.441 3.938
355.705 2.937
355.969 9.793
356.233 11.506
356.497 18.077
356.762 20.647
357.026 22.217
357.290 26.073
357.554 23.215
357.818 14.642
358.083 11.784
358.347 14.068
358.611 16.067
358.875 19.495
359.139 23.779
359.404 21.350
359.668 24.206
359.932 30.776
360.196 23.060
360.460 19.631
360.725 38.058
360.989 53.200
361.253 63.913
361.517 54.626
361.781 43.911
362.046 47.338
362.310 46.623
362.574 28.193
362.838 17.192
363.102 13.762
363.366 14.618
363.631 19.189
363.895 16.331
364.159 16.187
364.423 14.757
364.687 3.613
364.952 7.612
365.216 12.182
365.480 11.038
365.747 23.037
366.013 24.179
366.280 30.606
366.546 39.463
366.813 40.319
367.079 48.460
367.346 51.174
367.612 39.744
367.879 44.743
368.145 53.456
368.412 53.884
368.678 38.597
368.945 32.167
369.211 26.166
369.478 24.451
369.744 19.164
370.011 7.592
370.278 -11.552
370.544 -1.553
370.811 3.731
371.077 10.588
371.344 12.015
371.610 14.443
371.877 12.299
372.143 24.441
372.410 16.440
372.676 8.010
372.943 1.152
373.209 1.437
373.476 2.578
373.742 2.006
374.009 -2.709
374.276 2.575
374.542 1.860
374.809 0.431
375.075 4.572
375.342 3.429
375.608 2.428
375.875 3.427
376.141 1.426
376.408 10.996
376.674 17.709
376.941 5.137
377.207 -8.435
377.474 -23.293
377.740 -22.580
378.007 -13.438
378.273 -9.439
378.540 -12.154
378.807 -1.298
379.073 11.986
379.340 28.986
379.606 24.413
379.873 16.126
380.139 3.126
380.406 -12.161
380.672 -20.448
380.939 -20.877
381.205 -20.164
381.472 -11.165
381.738 -15.166
382.005 -13.024
382.271 14.689
382.538 26.831
382.804 21.402
383.071 11.544
383.338 9.114
383.604 28.399
383.871 29.113
384.137 11.826
384.404 3.254
384.670 0.110
384.937 0.252
385.203 -6.463
385.470 -24.179
385.736 -20.894
386.003 -6.180
386.269 5.676
386.536 8.532
386.802 8.388
387.069 7.102
387.336 16.244
387.602 15.100
387.869 -3.758
388.135 -14.045
388.402 -12.617
388.668 1.382
388.935 5.953
389.201 -7.477
389.468 -15.049
389.734 -12.336
390.001 -17.337
390.267 -20.623
390.534 -21.053
390.800 -8.482
391.067 10.517
391.333 17.231
391.600 9.373
391.867 19.372
392.133 29.371
392.400 13.941
392.666 4.512
392.933 -4.203
393.199 -3.633
393.466 16.795
393.732 18.223
393.999 21.651
394.265 26.507
394.532 24.506
394.798 23.934
395.065 13.933
395.331 -7.496
395.598 -8.069
395.864 -2.498
396.131 6.358
396.398 18.215
396.664 28.500
396.931 35.213
397.197 45.784
397.464 41.783
397.730 34.353
397.997 33.924
398.263 32.209
398.530 41.208
398.796 60.636
399.063 82.492
399.329 99.634
399.596 107.062
399.862 111.776
400.129 115.060
400.396 112.345
400.662 118.345
400.929 127.487
401.195 146.486
401.462 176.199
401.728 215.341
401.995 264.198
402.261 307.911
402.528 361.339
402.794 431.910
403.061 510.909
403.327 586.051
403.594 679.907
403.860 795.907
404.127 909.477
404.393 1010.477
404.660 1098.190
404.931 1184.046
405.202 1279.474
405.473 1362.759
405.745 1410.901
406.016 1479.901
406.287 1550.757
406.558 1613.613
406.829 1660.041
407.100 1681.326
407.371 1697.040
407.642 1715.325
407.914 1714.324
408.185 1713.180
408.456 1709.465
408.727 1693.036
408.998 1689.892
409.269 1687.177
409.540 1665.748
409.811 1641.462
410.083 1605.175
410.354 1584.460
410.625 1564.888
410.896 1531.887
411.167 1495.744
411.438 1463.314
411.709 1417.885
411.981 1371.599
412.252 1299.598
412.523 1226.026
412.794 1165.168
413.065 1089.310
413.336 1023.024
413.607 956.594
413.878 888.022
414.150 831.164
414.421 780.164
414.692 721.449
414.963 667.448
415.234 609.876
415.505 556.018
415.776 511.732
416.047 462.731
416.319 411.873
416.590 365.015
416.861 320.014
417.132 274.157
417.403 238.013
417.674 203.870
417.945 180.869
418.217 154.011
418.488 119.725
418.759 93.867
419.030 86.866
419.301 87.437
419.572 78.579
419.843 54.578
420.114 38.435
420.386 44.291
420.657 39.005
420.928 25.433
421.199 20.718
421.470 9.003
421.741 5.002
422.012 18.716
422.283 20.287
422.555 33.715
422.826 34.571
423.097 15.428
423.368 17.855
423.639 30.855
423.910 38.283
424.181 36.425
424.453 26.853
424.724 37.138
424.995 46.566
425.266 37.137
425.537 26.993
425.808 13.278
426.079 15.278
426.350 15.134
426.622 8.133
426.893 12.276
427.164 24.561
427.435 21.131
427.706 24.845
427.977 23.844
428.248 23.844
428.519 19.843
428.791 14.271
429.062 15.271
429.333 23.413
429.604 20.841
429.875 23.412
430.146 28.982
430.417 24.553
430.689 11.981
430.960 4.695
431.231 3.408
431.502 1.122
431.773 -3.307
432.044 -0.308
432.315 16.977
432.586 30.405
432.858 36.405
433.129 23.833
433.400 11.404
433.671 -3.597
433.942 -15.598
434.213 -19.313
434.484 -23.027
434.755 -34.457
435.027 -16.886
435.298 -0.886
435.569 9.113
435.840 12.255
436.116 4.112
436.391 3.826
436.667 23.539
436.942 26.824
437.218 31.824
437.493 37.680
437.769 42.680
438.045 48.251
438.320 53.393
438.596 44.678
438.871 28.249
439.147 3.534
439.422 -3.895
439.698 -6.896
439.974 -7.039
440.249 -6.754
440.525 -5.612
440.800 -1.327
441.076 16.244
441.351 17.101
441.627 4.386
441.903 -0.472
442.178 3.099
442.454 9.241
442.729 13.955
443.005 23.240
443.281 36.811
443.556 55.382
443.832 61.953
444.107 57.952
444.383 49.809
444.658 44.094
444.934 35.522
445.210 35.807
445.485 31.807
445.761 28.378
446.036 35.091
446.312 50.662
446.587 70.233
446.863 75.518
447.139 66.232
447.414 64.517
447.690 63.231
447.965 60.659
448.241 52.087
448.516 45.086
448.792 47.657
449.068 72.228
449.343 92.513
449.619 109.227
449.894 114.512
450.170 117.797
450.445 123.368
450.721 131.368
450.997 127.224
451.272 121.081
451.548 119.080
451.823 118.223
452.099 112.222
452.375 104.650
452.650 103.936
452.926 93.792
453.201 81.506
453.477 78.505
453.752 89.933
454.028 98.362
454.304 111.647
454.579 119.789
454.855 125.074
455.130 152.217
455.406 165.216
455.681 156.787
455.957 148.072
456.233 130.215
456.508 116.357
456.784 115.499
457.059 101.784
457.335 91.641
457.610 85.212
457.886 85.640
458.162 94.782
458.437 88.639
458.713 78.353
458.988 76.924
459.264 72.209
459.539 61.780
459.815 55.637
460.091 47.636
460.366 51.207
460.642 50.349
460.917 43.063
461.193 30.206
461.468 24.348
461.744 24.633
462.020 21.918
462.295 15.489
462.571 9.203
462.846 2.343
463.122 8.765
463.397 18.475
463.673 30.319
463.949 32.604
464.224 28.320
464.500 23.897
464.775 22.611
465.051 23.181
465.327 21.181
465.602 11.476
465.878 12.463
466.153 13.603
466.429 22.739
466.704 21.169
466.980 20.760
467.256 32.505
467.531 34.226
467.807 37.133
468.082 48.177
468.358 53.075
468.633 59.108
468.909 63.457
469.185 57.914
469.460 63.111
469.736 64.733
470.011 59.166
470.287 61.661
470.562 68.320
470.838 64.897
471.114 61.901
471.389 58.924
471.665 55.361
471.940 64.661
472.216 67.602
472.491 62.290
472.767 71.910
473.043 81.381
473.318 76.620
473.594 75.052
473.869 74.660
474.145 69.624
474.421 63.542
474.696 51.357
474.972 50.949
475.247 56.624
475.523 52.265
475.798 47.343
476.074 47.934
476.350 58.698
476.625 63.488
476.901 42.677
477.176 33.950
477.452 43.819
477.727 45.096
478.003 33.741
478.279 16.737
478.554 6.565
478.830 11.656
479.105 22.079
479.381 16.827
479.656 5.362
479.932 4.796
480.208 7.277
480.483 7.710
480.759 19.817
481.034 26.104
481.310 31.396
481.585 44.622
481.861 52.528
482.137 47.248
482.412 48.964
482.688 41.887
482.963 27.473
483.239 10.113
483.514 -8.093
483.790 -8.843
484.066 1.743
484.341 2.724
484.617 1.845
484.892 8.084
485.168 15.211
485.443 20.773
485.719 10.703
485.995 14.647
486.270 29.854
486.546 38.428
486.821 34.274
487.097 52.243
487.373 59.402
487.648 54.247
487.924 48.730
488.199 36.567
488.475 25.157
488.750 24.022
489.026 20.588
489.302 24.625
489.577 43.397
489.853 46.052
490.128 35.834
490.404 30.110
490.679 32.620
490.955 27.723
491.231 22.260
491.506 16.110
491.782 13.174
492.057 17.083
492.333 21.130
492.608 15.958
492.884 13.447
493.160 9.954
493.435 3.935
493.711 6.596
493.986 21.035
494.262 35.340
494.537 41.514
494.813 42.091
495.089 49.113
495.364 57.955
495.640 60.925
495.915 46.906
496.191 41.466
496.467 43.469
496.742 48.321
497.018 54.898
497.293 59.736
497.569 70.547
497.844 88.848
498.120 94.563
498.396 94.049
498.671 79.504
498.947 60.818
499.222 56.612
499.498 51.294
499.773 48.422
500.049 55.243
500.325 51.441
500.600 56.740
500.876 73.363
501.151 75.417
501.427 70.917
501.702 63.824
501.978 49.842
502.254 60.372
502.529 78.702
502.805 81.512
503.080 93.710
503.356 113.699
503.631 131.245
503.907 138.344
504.183 130.731
504.458 125.161
504.734 136.444
505.009 135.720
505.285 135.286
505.560 130.948
505.836 123.292
506.112 124.014
506.387 119.518
506.663 108.235
506.938 94.338
507.214 83.446
507.490 86.119
507.765 94.300
508.041 89.664
508.316 97.627
508.592 94.529
508.867 90.629
509.143 77.066
509.419 66.147
509.694 70.912
509.970 78.172
510.245 67.201
510.521 60.544
510.796 68.227
511.072 75.877
511.348 62.577
511.623 45.854
511.899 49.895
512.174 57.039
512.450 60.387
512.725 55.650
513.001 56.418
513.277 76.263
513.552 93.021
513.828 109.222
514.103 117.913
514.379 123.994
514.654 133.358
514.930 142.520
515.206 144.900
515.481 147.516
515.757 144.742
516.032 143.962
516.308 157.886
516.583 173.859
516.859 197.446
517.135 229.503
517.410 253.474
517.686 272.346
517.961 299.948
518.237 335.402
518.513 375.396
518.788 397.305
519.064 410.248
519.339 443.117
519.615 477.086
519.890 519.594
520.166 556.765
520.442 593.071
520.717 639.906
520.993 683.698
521.268 719.732
521.544 758.734
521.819 796.310
522.095 825.961
522.371 843.516
522.646 843.283
522.922 848.463
523.197 864.542
523.473 870.739
523.748 860.642
524.024 848.348
524.300 842.649
524.575 843.469
524.851 836.770
525.126 801.137
525.402 773.565
525.677 748.548
525.953 721.664
526.229 690.471
526.504 658.345
526.780 635.187
527.055 634.593
527.331 623.560
527.606 596.146
527.882 567.986
528.158 556.444
528.433 560.677
528.709 558.867
528.984 542.619
529.260 524.475
529.535 526.533
529.811 545.420
530.087 552.669
530.362 539.068
530.638 522.653
530.913 520.338
531.189 526.748
531.465 525.783
531.740 520.399
532.016 505.985
532.291 503.696
532.567 501.458
532.842 492.932
533.118 484.198
533.394 480.027
533.669 466.359
533.945 466.337
534.220 465.346
534.496 458.756
534.771 454.907
535.047 463.258
535.323 477.269
535.598 506.241
535.874 546.483
536.149 599.616
536.425 674.490
536.700 761.783
536.976 858.069
537.252 984.125
537.527 1130.392
537.803 1275.011
538.078 1438.451
538.354 1628.180
538.629 1838.547
538.905 2041.900
539.181 2244.663
539.456 2430.914
539.732 2602.582
540.007 2759.563
540.283 2882.344
540.558 2989.851
540.834 3095.206
541.110 3172.152
541.385 3233.026
541.661 3304.649
541.936 3370.935
542.212 3429.644
542.488 3460.900
542.763 3466.159
543.039 3471.381
543.314 3458.587
543.590 3426.092
543.865 3381.561
544.141 3330.425
544.417 3271.347
544.692 3221.127
544.968 3161.406
545.243 3108.341
545.519 3073.016
545.794 3046.637
546.070 3039.154
546.348 3049.782
546.627 3081.985
546.905 3115.603
547.183 3172.831
547.461 3248.020
547.740 3310.290
548.018 3376.929
548.296 3446.868
548.575 3510.464
548.853 3581.855
549.131 3671.041
549.409 3763.654
549.688 3885.417
549.966 4014.444
550.244 4153.123
550.523 4303.732
550.801 4479.756
551.079 4660.956
551.357 4841.144
551.636 5024.562
551.914 5197.752
552.192 5342.991
552.471 5486.324
552.749 5605.026
553.027 5688.527
553.306 5749.890
553.584 5788.503
553.862 5828.063
554.140 5884.567
554.419 5922.463
554.697 5942.446
554.975 5945.960
555.254 5930.553
555.532 5908.937
555.810 5839.745
556.088 5730.498
556.367 5604.547
556.645 5480.167
556.923 5348.519
557.202 5194.159
557.480 4999.650
557.758 4805.415
558.036 4615.636
558.315 4408.054
558.593 4184.453
558.871 3947.776
559.150 3725.856
559.428 3512.390
559.706 3299.293
559.984 3094.688
560.263 2892.970
560.541 2682.240
560.819 2483.289
561.098 2291.709
561.376 2108.428
561.654 1930.398
561.932 1757.243
562.211 1614.895
562.489 1499.031
562.767 1396.399
563.046 1288.044
563.324 1189.798
563.602 1118.053
563.880 1052.519
564.159 979.953
564.437 906.331
564.715 839.994
564.994 797.219
565.272 760.111
565.550 718.641
565.828 689.850
566.107 664.432
566.385 629.263
566.663 600.017
566.942 567.111
567.220 523.427
567.498 486.561
567.776 451.672
568.055 421.232
568.333 405.980
568.611 387.687
568.890 362.076
569.168 348.933
569.446 342.594
569.725 328.298
570.003 296.348
570.281 270.115
570.559 256.285
570.838 246.481
571.116 240.284
571.394 225.615
571.673 205.263
571.951 192.040
572.229 181.600
572.507 159.669
572.786 143.286
573.064 128.945
573.342 118.376
573.621 130.083
573.899 139.374
574.177 142.250
574.455 146.124
574.734 140.050
575.012 135.385
575.290 129.449
575.569 107.011
575.847 85.339
576.125 61.546
576.403 41.257
576.682 38.080
576.960 42.351
577.243 40.302
577.527 32.874
577.810 45.008
578.093 64.334
578.377 86.540
578.660 92.398
578.944 91.948
579.227 93.843
579.510 102.920
579.794 96.731
580.077 81.342
580.360 54.591
580.644 36.452
580.927 19.158
581.210 22.637
581.494 24.685
581.777 23.137
582.061 25.557
582.344 30.528
582.627 36.937
582.911 38.645
583.194 21.284
583.477 12.461
583.761 17.604
584.044 23.602
584.327 30.310
584.611 42.444
584.894 50.722
585.178 64.148
585.461 77.580
585.744 78.874
586.028 76.882
586.311 89.603
586.594 81.475
586.878 78.198
587.161 78.912
587.444 78.627
587.728 90.319
588.011 103.443
588.295 97.014
588.578 96.878
588.861 100.021
589.145 103.718
589.428 99.847
589.711 88.868
589.995 70.601
590.278 61.592
590.562 58.576
590.845 53.572
591.128 41.864
591.412 29.305
591.695 28.989
591.978 43.103
592.262 44.808
592.545 50.073
592.828 48.781
593.112 46.067
593.395 46.917
593.679 39.647
593.962 39.729
594.245 49.383
594.529 54.169
594.812 67.370
595.095 86.798
595.379 106.210
595.662 115.955
595.945 110.813
596.229 118.091
596.512 123.989
596.796 128.291
597.079 129.052
597.362 120.499
597.646 129.650
597.929 137.508
598.212 129.825
598.496 117.496
598.779 107.856
599.062 97.493
599.346 101.959
599.629 100.749
599.913 104.796
600.196 99.678
600.479 103.171
600.763 111.006
601.046 113.510
601.329 107.987
601.613 97.703
601.896 85.850
602.179 83.735
602.463 85.244
602.746 84.788
603.030 73.119
603.313 64.834
603.596 60.746
603.880 59.317
604.163 64.038
604.446 68.631
604.730 66.217
605.013 79.506
605.296 90.416
605.580 98.112
605.863 103.415
606.147 101.188
606.430 94.182
606.713 95.984
606.997 104.051
607.280 111.747
607.563 120.120
607.847 136.894
608.130 145.149
608.414 149.090
608.697 152.325
608.980 141.319
609.264 129.426
609.547 121.892
609.830 107.773
610.114 101.909
610.397 115.214
610.680 115.114
610.964 120.468
611.247 137.310
611.531 151.610
611.814 151.658
612.097 150.409
612.381 133.052
612.664 124.091
612.947 128.038
613.231 111.645
613.514 96.967
613.797 96.282
614.081 100.643
614.364 109.494
614.648 117.371
614.931 115.307
615.214 130.512
615.498 138.976
615.781 151.831
616.064 158.190
616.348 146.564
616.631 141.253
616.914 140.448
617.198 132.767
617.481 141.155
617.765 139.263
618.048 137.799
618.331 149.396
618.615 157.929
618.898 159.401
619.181 158.888
619.465 142.446
619.748 130.505
620.031 129.049
620.315 132.428
620.598 131.545
620.882 134.800
621.165 144.409
621.448 154.182
621.732 159.261
622.015 165.799
622.298 158.347
622.582 141.624
622.865 124.755
623.148 122.534
623.432 125.287
623.715 127.316
623.999 135.835
624.282 151.091
624.565 169.126
624.849 180.433
625.132 182.023
625.415 187.271
625.699 188.514
625.982 171.193
626.265 161.153
626.549 170.723
626.832 186.112
627.116 188.936
627.399 190.929
627.682 202.585
627.966 220.518
628.249 249.415
628.532 251.268
628.816 252.528
629.099 258.896
629.383 260.900
629.666 257.301
629.949 243.108
630.233 223.034
630.516 230.895
630.799 239.334
631.083 235.665
631.366 238.335
631.649 254.757
631.933 279.197
632.216 298.072
632.500 305.993
632.783 314.136
633.066 331.962
633.350 344.985
633.633 347.355
633.916 355.760
634.200 360.110
634.483 365.056
634.766 374.387
635.050 391.149
635.333 417.625
635.617 443.697
635.900 469.722
636.183 503.731
636.467 536.304
636.750 567.084
637.033 597.984
637.317 615.546
637.600 648.942
637.883 687.670
638.167 718.057
638.450 756.170
638.734 799.169
639.017 848.117
639.300 912.928
639.584 959.999
639.867 1001.699
640.150 1073.578
640.434 1157.054
640.717 1232.959
641.000 1320.721
641.284 1428.298
641.567 1558.592
641.851 1699.862
642.134 1852.198
642.417 2025.543
642.701 2237.485
642.984 2459.142
643.267 2690.131
643.551 2949.607
643.834 3251.283
644.117 3583.667
644.401 3936.301
644.684 4325.195
644.968 4749.369
645.251 5206.175
645.534 5693.452
645.818 6163.398
646.101 6638.247
646.384 7123.114
646.668 7592.014
646.951 8054.328
647.235 8534.140
647.518 9047.195
647.801 9635.878
648.085 10257.900
648.368 10895.118
648.651 11578.557
648.935 12314.337
649.218 13073.941
649.501 13834.515
649.785 14570.512
650.068 15296.009
650.352 16034.150
650.635 16756.170
650.918 17416.606
651.202 18053.276
651.485 18660.974
651.768 19248.575
652.052 19803.692
652.335 20296.323
652.618 20738.503
652.902 21160.464
653.185 21546.554
653.469 21918.107
653.752 22217.737
654.035 22447.970
654.319 22638.899
654.602 22804.818
654.885 22950.719
655.169 23037.950
655.452 23059.860
655.735 23121.091
656.019 23196.983
656.302 23270.997
656.586 23342.397
656.869 23392.783
657.152 23443.600
657.436 23498.345
657.719 23500.774
658.002 23488.828
658.286 23468.831
658.569 23431.503
658.852 23366.450
659.136 23257.237
659.419 23090.952
659.703 22917.073
659.986 22703.258
660.269 22462.743
660.553 22197.526
660.836 21930.716
661.119 21699.712
661.403 21490.162
661.686 21278.489
661.969 21105.085
662.253 20945.089
662.536 20842.542
662.820 20788.135
663.103 20719.804
663.386 20719.843
663.670 20762.797
663.953 20870.960
664.236 21062.681
664.520 21269.407
664.803 21525.625
665.086 21826.447
665.370 22081.867
665.653 22359.329
665.937 22628.303
666.220 22870.097
666.503 23095.927
666.787 23265.673
667.070 23441.274
667.353 23577.606
667.637 23636.311
667.920 23621.818
668.204 23570.774
668.487 23431.887
668.770 23216.490
669.054 22881.442
669.337 22530.824
669.620 22139.743
669.904 21682.088
670.187 21106.981
670.470 20502.656
670.754 19861.668
671.037 19224.167
671.321 18526.959
671.604 17820.608
671.887 17135.032
672.171 16493.206
672.454 15801.912
672.737 15113.898
673.021 14389.590
673.304 13678.819
673.587 12925.562
673.871 12130.042
674.154 11324.495
674.438 10568.091
674.721 9843.931
675.004 9192.040
675.288 8578.987
675.571 8009.588
675.854 7471.269
676.138 6974.607
676.421 6531.671
676.704 6122.981
676.988 5714.666
677.271 5315.626
677.555 4952.918
677.838 4622.365
678.121 4294.543
678.405 3968.115
678.688 3635.439
678.971 3326.608
679.255 3040.048
679.538 2771.356
679.821 2519.255
680.105 2283.073
680.388 2052.524
680.672 1857.752
680.955 1676.991
681.238 1513.711
681.522 1349.424
681.805 1202.286
682.088 1076.352
682.372 962.462
682.655 852.701
682.938 765.298
683.222 694.739
683.505 654.609
683.789 622.846
684.072 601.820
684.355 600.180
684.639 596.664
684.922 600.247
685.205 607.362
685.489 621.739
685.772 656.185
686.056 695.105
686.339 728.359
686.622 753.709
686.906 762.749
687.189 779.401
687.472 787.839
687.756 785.304
688.039 786.199
688.322 791.418
688.606 795.742
688.889 794.806
689.173 782.027
689.456 769.698
689.739 757.705
690.023 739.775
690.306 716.638
690.589 706.787
690.873 699.333
691.156 697.742
691.439 697.291
691.723 684.810
692.006 666.899
692.290 648.710
692.573 634.153
692.856 620.733
693.140 599.345
693.423 584.875
693.706 579.458
693.990 574.842
694.273 580.042
694.556 579.783
694.840 571.337
695.123 572.721
695.407 574.969
695.690 576.621
695.973 573.312
696.257 569.035
696.540 573.301
696.830 588.680
697.120 596.986
697.410 595.468
697.699 591.752
697.989 601.017
698.279 602.627
698.569 600.428
698.859 592.398
699.149 591.757
699.439 589.503
699.729 590.398
700.018 574.276
700.308 563.072
700.598 553.048
700.888 542.493
701.178 525.760
701.468 505.609
701.758 487.190
702.048 483.207
702.337 475.261
702.627 456.690
702.917 439.189
703.207 430.721
703.497 422.122
703.787 408.411
704.077 395.352
704.366 370.692
704.656 358.405
704.946 349.345
705.236 324.024
705.526 308.103
705.816 301.503
706.106 277.699
706.396 260.652
706.685 234.044
706.975 225.109
707.265 228.443
707.555 221.949
707.845 206.657
708.135 198.164
708.425 195.687
708.715 208.243
709.004 194.973
709.294 177.879
709.584 173.786
709.874 167.524
710.164 170.857
710.454 178.638
710.744 173.516
711.034 181.181
711.323 186.036
711.613 187.878
711.903 187.791
712.193 184.289
712.483 177.420
712.773 181.017
713.063 189.297
713.352 191.133
713.642 196.402
713.932 201.618
714.222 194.803
714.512 180.681
714.802 171.217
715.092 153.003
715.382 139.086
715.671 131.595
715.961 133.720
716.251 140.244
716.541 142.323
716.831 137.644
717.121 135.880
717.411 136.036
717.701 132.572
717.990 128.803
718.280 126.663
718.570 135.352
718.860 139.963
719.150 138.007
719.440 137.461
719.730 132.685
720.019 124.009
720.309 120.087
720.599 117.020
720.889 117.779
721.179 120.178
721.469 123.790
721.759 127.591
722.049 121.607
722.338 131.447
722.628 128.357
722.918 125.134
723.208 133.038
723.498 136.166
723.788 128.517
724.078 131.463
724.368 131.709
724.657 144.590
724.947 139.939
725.237 133.705
725.527 135.559
725.817 135.193
726.107 132.194
726.397 115.255
726.686 110.058
726.976 118.127
727.266 114.673
727.556 106.825
727.846 113.770
728.136 125.696
728.426 128.348
728.716 119.004
729.005 118.470
729.295 126.551
729.585 129.613
729.875 127.569
730.165 122.343
730.455 127.261
730.745 134.612
731.035 130.644
731.324 124.025
731.614 122.268
731.904 120.356
732.194 120.252
732.484 118.028
732.774 111.299
733.064 110.231
733.354 107.635
733.643 98.475
733.933 94.338
734.223 89.093
734.513 82.741
734.803 83.871
735.093 85.046
735.383 85.926
735.672 93.791
735.962 94.814
736.252 88.432
736.542 90.713
736.832 93.590
737.122 88.731
737.412 102.305
737.702 114.976
737.991 119.254
738.281 119.277
738.571 109.200
738.861 96.452
739.151 93.259
739.441 69.111
739.731 49.782
740.021 41.916
740.310 55.472
740.600 74.661
740.890 88.783
741.180 86.683
741.470 81.751
741.760 82.189
742.050 91.691
742.339 86.204
742.629 63.356
742.919 45.874
743.209 48.296
743.499 58.328
743.789 61.459
744.079 50.444
744.369 41.849
744.658 57.279
744.948 65.644
745.238 64.810
745.528 68.536
745.818 81.610
746.108 96.101
746.398 111.858
746.688 105.937
746.977 95.732
747.267 90.495
747.557 82.419
747.847 67.977
748.137 50.394
748.427 35.374
748.717 37.941
749.006 46.763
749.296 51.887
749.586 56.171
749.876 50.629
750.166 53.207
750.456 70.328
750.746 75.795
751.036 78.533
751.325 78.276
751.615 86.019
751.905 91.465
752.195 95.202
752.485 88.122
752.775 72.425
753.065 64.307
753.355 59.742
753.644 53.070
753.934 47.071
754.224 40.787
754.514 32.652
754.804 46.982
755.094 63.457
755.384 66.615
755.674 53.851
755.963 54.863
756.253 53.576
756.543 48.137
756.833 41.275
757.123 29.542
757.413 35.709
757.703 40.443
757.992 35.848
758.282 37.430
758.572 38.001
758.862 29.961
759.152 20.916
759.442 11.885
759.732 18.930
760.022 25.397
760.311 20.515
760.601 16.929
760.891 25.848
761.181 29.874
761.471 16.652
761.761 1.844
762.051 3.433
762.341 16.680
762.630 20.851
762.920 9.917
763.210 2.724
763.500 11.203
763.793 13.364
764.086 13.356
764.379 7.151
764.671 3.698
764.964 9.745
765.257 25.005
765.550 43.002
765.843 64.147
766.136 63.860
766.429 64.298
766.722 61.996
767.014 50.043
767.307 50.043
767.600 50.619
767.893 32.924
768.186 35.531
768.479 46.033
768.772 64.176
769.064 79.865
769.357 72.085
769.650 53.076
769.943 46.163
770.236 30.466
770.529 10.464
770.822 -7.395
771.115 -17.761
771.407 -23.232
771.700 -21.360
771.993 -2.063
772.286 20.834
772.579 20.981
772.872 17.665
773.165 19.542
773.457 18.529
773.750 18.961
774.043 10.325
774.336 1.405
774.629 6.299
774.922 0.996
775.215 -3.607
775.508 -0.720
775.800 5.035
776.093 16.823
776.386 17.957
776.679 15.655
776.972 28.731
777.265 38.504
777.558 39.654
777.850 30.166
778.143 19.797
778.436 13.891
778.729 17.480
779.022 22.074
779.315 22.218
779.608 28.527
779.900 36.558
780.193 31.245
780.486 23.500
780.779 17.472
781.072 7.711
781.365 8.413
781.658 8.556
781.951 8.417
782.243 14.872
782.536 29.200
782.829 39.949
783.122 43.963
783.415 32.362
783.708 19.178
784.001 12.872
784.293 12.137
784.586 12.126
784.879 12.547
785.172 13.118
785.465 17.565
785.758 29.869
786.051 24.294
786.344 13.416
786.636 14.693
786.929 14.238
787.222 10.235
787.515 21.654
787.808 28.063
788.101 37.642
788.394 40.944
788.686 36.347
788.979 33.915
789.272 41.193
789.565 31.774
789.858 20.501
790.151 7.238
790.444 8.380
790.737 6.664
791.029 7.384
791.322 4.527
791.615 7.659
791.908 6.942
792.201 25.611
792.494 45.390
792.787 50.660
793.079 40.534
793.372 30.276
793.665 19.317
793.958 29.857
794.251 37.976
794.544 21.331
794.837 0.536
795.130 2.956
795.422 13.493
795.715 34.836
796.008 29.418
796.301 16.171
796.594 10.474
796.887 22.011
797.180 28.700
797.472 35.682
797.765 40.681
798.058 49.517
798.351 54.069
798.644 61.190
798.937 60.051
799.230 61.196
799.523 50.941
799.815 21.589
800.108 -0.630
800.401 -14.025
800.694 -18.727
800.987 -16.015
801.280 -23.279
801.573 -7.454
801.865 14.502
802.158 18.629
802.451 21.911
802.744 24.193
803.037 20.768
803.330 21.909
803.623 11.803
803.915 0.111
804.208 11.818
804.501 17.247
804.794 17.252
805.087 22.256
805.380 21.542
805.673 16.394
805.966 17.684
806.258 7.389
806.551 11.122
806.844 14.570
807.137 7.842
807.430 13.016
807.723 24.777
808.016 20.467
808.308 27.369
808.601 22.925
808.894 15.033
809.187 18.047
809.480 21.217
809.773 20.556
810.066 30.054
810.359 27.037
810.651 33.816
810.944 39.430
811.237 42.891
811.530 39.448
811.825 26.617
812.119 20.858
812.414 27.363
812.709 29.566
813.003 26.535
813.298 25.397
813.593 23.397
813.887 24.984
814.182 29.055
814.476 12.984
814.771 7.062
815.066 21.013
815.360 21.894
815.655 28.459
815.950 34.284
816.244 34.152
816.539 42.721
816.834 31.353
817.128 19.158
817.423 28.115
817.718 23.919
818.012 23.814
818.307 22.965
818.602 37.835
818.896 57.498
819.191 51.906
819.486 27.059
819.780 18.832
820.075 18.879
820.369 23.794
820.664 9.237
820.959 -0.895
821.253 -2.409
821.548 -1.901
821.843 7.611
822.137 2.589
822.432 -8.387
822.727 4.193
823.021 21.906
823.316 36.724
823.611 41.100
823.905 31.381
824.200 34.248
824.495 42.362
824.789 30.411
825.084 12.743
825.379 -1.877
825.673 12.645
825.968 24.302
826.262 34.338
826.557 40.124
826.852 42.106
827.146 38.473
827.441 45.589
827.736 24.501
828.030 -5.701
828.325 -40.687
828.620 -70.683
828.914 -75.835
829.209 -81.266
829.504 -82.935
829.798 -67.476
830.093 -42.909
830.388 -11.968
830.682 6.815
830.977 6.384
831.271 13.325
831.566 5.188
831.861 -5.165
832.155 -10.519
832.450 -18.224
832.745 -20.261
833.039 -22.373
833.334 -28.557
833.629 -24.719
833.923 -9.483
834.218 -6.138
834.513 -3.807
834.807 -1.218
835.102 -3.781
835.397 2.525
835.691 16.596
835.986 10.320
836.281 7.096
836.575 3.423
836.870 6.627
837.164 26.221
837.459 41.612
837.754 39.398
838.048 39.261
838.343 34.584
838.638 37.566
838.932 39.198
839.227 27.061
839.522 -0.224
839.816 -9.087
840.111 0.049
840.406 6.079
840.700 9.273
840.995 0.197
841.290 -4.061
841.584 3.235
841.879 -6.705
842.174 -22.622
842.468 -22.511
842.763 -16.881
843.057 3.862
843.352 8.679
843.647 4.318
843.941 11.352
844.236 21.930
844.531 30.244
844.825 15.038
845.120 -5.662
845.415 1.725
845.709 19.865
846.004 36.619
846.299 32.703
846.593 25.301
846.888 32.199
847.183 34.072
847.477 22.218
847.772 16.367
848.066 -0.899
848.361 -4.329
848.656 -6.618
848.950 -10.180
849.245 2.092
849.540 4.694
849.834 -4.143
850.129 4.041
850.424 1.569
850.718 -5.327
851.013 -12.723
851.308 -20.091
851.602 -15.836
851.897 -16.473
852.192 -15.668
852.486 -4.533
852.781 5.469
853.076 11.721
853.370 11.861
853.665 6.305
853.959 8.616
854.254 9.218
854.549 6.413
854.843 12.706
855.138 17.232
855.433 14.456
855.727 15.759
856.022 26.711
856.317 30.338
856.611 29.188
856.906 32.293
857.201 40.986
857.495 45.890
857.790 45.892
858.085 34.397
858.379 27.327
858.674 10.627
858.969 -3.984
859.263 -11.383
859.558 -8.814
859.852 -10.679
860.147 -11.528
860.442 -10.163
860.736 2.170
861.031 17.944
861.326 34.081
861.620 31.315
861.915 30.749
862.210 36.772
862.504 40.501
862.799 54.336
863.094 49.135
863.388 17.002
863.683 3.553
863.978 1.205
864.272 -4.777
864.567 -19.775
864.861 -26.538
865.156 -24.018
865.451 -8.631
865.745 -4.064
866.040 -1.032
866.335 13.092
866.629 28.421
866.924 27.473
867.219 26.590
867.513 32.006
867.808 36.543
868.103 41.042
868.397 34.268
868.692 35.995
868.987 39.805
869.281 32.843
869.576 21.159
869.871 14.610
870.165 9.464
870.460 5.324
870.754 -0.870
871.049 -6.047
871.344 -2.684
871.638 -7.011
871.933 4.538
872.228 18.830
872.522 21.222
872.817 15.060
873.112 12.256
873.406 21.934
873.701 42.393
873.996 32.779
874.290 15.511
874.585 8.325
874.880 16.499
875.174 17.473
875.469 5.084
875.764 0.815
876.058 15.111
876.353 18.587
876.647 19.347
876.942 16.566
877.237 26.208
877.531 29.176
877.826 19.156
878.121 2.251
878.415 4.436
878.710 9.756
879.005 1.407
879.299 -7.163
879.594 -6.696
879.889 -8.699
880.183 -2.887
880.478 -8.869
880.773 -14.426
881.067 -8.376
881.362 -2.853
881.656 -4.901
881.951 4.713
882.246 11.146
882.540 20.525
882.835 24.000
883.130 19.711
883.424 7.911
883.719 -1.863
884.014 -12.974
884.308 -22.364
884.603 -28.607
884.898 -27.157
885.192 -18.742
885.487 -4.176
885.782 1.675
886.076 2.863
886.371 1.614
886.666 0.622
886.960 1.523
887.255 -3.857
887.549 -13.219
887.844 -7.119
888.139 -5.197
888.433 4.220
888.728 9.314
889.023 9.314
889.317 10.211
889.612 7.559
889.907 0.338
890.201 4.753
890.496 7.379
890.791 10.783
891.085 15.200
891.380 19.357
891.675 24.529
891.969 38.148
892.264 40.670
892.559 40.405
892.853 36.617
893.148 33.459
893.442 24.522
893.737 23.262
894.032 20.858
894.326 16.944
894.621 12.799
894.916 14.696
895.210 14.446
895.505 16.705
895.800 11.661
896.094 3.725
896.389 0.072
896.684 -1.316
896.978 -2.706
897.273 -7.251
897.568 1.716
897.862 11.444
898.157 12.839
898.451 18.405
898.746 22.717
899.041 23.479
899.335 23.979
899.630 17.782
899.925 13.239
900.219 11.723
900.514 7.422
900.809 -4.128
901.103 -9.971
901.398 -5.916
901.693 -0.312
901.987 1.727
902.282 -0.817
902.577 -1.835
902.871 -4.536
903.166 -7.499
903.461 -4.926
903.755 -11.946
904.050 -21.155
904.344 -16.414
904.639 -10.237
904.934 4.754
905.228 19.776
905.523 24.824
905.818 30.232
906.112 24.260
906.407 8.473
906.702 5.522
906.996 11.546
907.291 10.324
907.586 6.621
907.880 7.155
908.175 17.467
908.470 20.918
908.764 12.068
909.059 -6.910
909.354 -17.450
909.648 -26.445
909.943 -31.254
910.237 -20.910
910.532 -4.696
910.827 0.910
911.121 2.700
911.416 9.657
911.711 16.227
912.005 13.708
912.300 5.326
912.599 1.946
912.898 8.046
913.196 18.355
913.495 19.449
913.794 10.142
914.093 10.110
914.391 6.781
914.690 4.406
914.989 3.377
915.288 -0.316
915.586 -2.419
915.885 12.164
916.184 27.448
916.483 34.416
916.782 32.408
917.080 24.618
917.379 20.987
917.678 4.753
917.977 -9.681
918.275 -17.283
918.574 -9.367
918.873 -9.239
919.172 -8.592
919.471 -15.991
919.769 -13.827
920.068 -7.729
920.367 -15.245
920.666 -28.572
920.964 -30.793
921.263 -29.173
921.562 -19.455
921.861 3.191
922.159 15.459
922.458 25.199
922.757 27.699
923.056 36.927
923.355 41.551
923.653 49.164
923.952 41.155
924.251 29.153
924.550 23.284
924.848 26.995
925.147 16.976
925.446 16.743
925.745 11.156
926.043 13.784
926.342 16.941
926.641 4.542
926.940 -13.297
927.239 -14.955
927.537 -23.174
927.836 -29.092
928.135 -46.518
928.434 -53.934
928.732 -39.899
929.031 -22.911
929.330 -13.998
929.629 -3.418
929.927 8.432
930.226 26.708
930.525 24.063
930.824 21.559
931.123 16.379
931.421 8.422
931.720 7.215
932.019 -0.650
932.318 -16.360
932.616 -10.730
932.915 -6.351
933.214 7.194
933.513 18.621
933.812 22.873
934.110 29.878
934.409 52.447
934.708 55.499
935.007 40.847
935.305 27.685
935.604 21.718
935.903 16.851
936.202 20.022
936.500 2.507
936.799 -4.591
937.098 3.067
937.397 -3.453
937.696 -8.199
937.994 -5.385
938.293 -6.332
938.592 -1.046
938.891 8.078
939.189 18.715
939.488 39.046
939.787 52.842
940.086 36.297
940.384 30.212
940.683 35.401
940.982 31.473
941.281 39.262
941.580 24.467
941.878 -0.630
942.177 2.153
942.476 1.860
942.775 -11.802
943.073 -12.854
943.372 -17.483
943.671 -19.579
943.970 -12.456
944.268 -19.714
944.567 -29.324
944.866 -28.630
945.165 -38.520
945.464 -60.291
945.762 -58.783
946.061 -41.885
946.360 -23.031
946.659 -18.001
946.957 -16.013
947.256 -1.649
947.555 4.655
947.854 5.321
948.153 -3.457
948.451 -9.292
948.750 -15.296
949.049 -10.278
949.348 -9.625
949.646 -3.505
949.945 10.842
950.244 16.701
950.543 -3.706
950.841 -3.972
951.140 -8.454
951.439 -18.201
951.738 -14.959
952.037 -26.443
952.335 -35.793
952.634 -18.894
952.933 -20.600
953.232 -32.434
953.530 -31.852
953.829 -25.719
954.128 -21.039
954.427 -20.030
954.725 -18.968
955.024 -13.982
955.323 11.230
955.622 37.894
955.921 32.239
956.219 21.377
956.518 14.030
956.817 18.179
957.116 28.157
957.414 26.328
957.713 7.321
958.012 8.658
958.311 22.080
958.610 35.916
958.908 30.710
959.207 39.446
959.506 44.900
959.805 36.932
960.103 32.108
960.402 21.349
960.701 7.027
961.000 13.013
961.298 4.279
961.597 -5.192
961.896 -7.239
962.195 -13.102
962.494 -4.112
962.792 3.464
963.091 -7.601
963.390 -19.686
963.689 -16.636
963.987 -1.651
964.286 3.368
964.585 1.687
964.884 12.315
965.182 24.106
965.481 35.071
965.780 40.915
966.080 36.534
966.380 34.848
966.680 36.023
966.981 32.001
967.281 33.965
967.581 27.082
967.881 13.491
968.181 15.571
968.481 10.902
968.781 -2.703
969.082 3.698
969.382 6.068
969.682 12.872
969.982 29.789
970.282 37.704
970.582 43.584
970.882 58.251
971.183 58.448
971.483 57.314
971.783 61.323
972.083 54.783
972.383 34.236
972.683 35.257
972.983 32.369
973.284 17.985
973.584 2.632
973.884 -5.627
974.184 -7.779
974.484 2.939
974.784 0.158
975.084 10.026
975.385 26.069
975.685 44.944
975.985 49.141
976.285 54.014
976.585 53.851
976.885 52.695
977.185 41.004
977.486 25.308
977.786 22.515
978.086 24.440
978.386 22.688
978.686 19.081
978.986 18.546
979.286 7.523
979.587 5.408
979.887 3.065
980.187 -1.507
980.487 -10.792
980.787 6.350
981.087 27.065
981.387 43.779
981.688 51.350
981.988 47.636
982.288 44.636
982.588 41.779
982.888 15.350
983.188 -2.650
983.488 -1.364
983.789 -1.221
984.089 -4.221
984.389 4.493
984.689 12.921
984.989 26.064
985.289 26.350
985.589 12.778
985.890 5.778
986.190 4.921
986.490 12.064
986.790 20.492
987.090 22.778
987.390 16.064
987.690 19.921
987.991 34.349
988.291 44.349
988.591 24.635
988.891 3.206
989.191 -6.079
989.491 10.778
989.791 26.635
990.092 27.063
990.392 28.349
990.692 32.635
990.992 44.349
991.292 52.349
991.592 38.635
991.892 26.920
992.193 36.635
992.493 40.349
992.793 44.063
993.093 45.206
993.393 43.777
993.693 39.634
993.993 35.920
994.294 23.206
994.594 17.491
994.894 12.349
995.194 2.063
995.494 1.348
995.794 1.491
996.094 -3.937
996.395 -6.937
996.695 -13.080
996.995 -14.366
997.295 -8.080
997.595 4.777
997.895 31.920
998.195 46.062
998.496 55.634
998.796 67.919
999.096 77.777
999.396 76.919
999.696 57.919
999.996 42.062
1000.296 47.348
1000.597 36.062
1000.897 28.348
1001.197 21.205
1001.497 28.776
1001.797 53.205
1002.097 47.490
1002.397 18.490
1002.698 9.919
1002.998 6.062
1003.298 12.633
1003.598 12.347
1003.898 -8.224
1004.198 -7.938
1004.498 3.062
1004.799 -7.653
1005.099 -22.939
1005.399 -37.367
1005.699 -49.653
1005.999 -51.510
1006.299 -48.082
1006.599 -39.653
1006.900 -16.367
1007.200 4.204
1007.500 6.918
1007.800 7.204
1008.100 12.347
1008.400 3.347
1008.700 -9.510
1009.001 -20.939
1009.301 -21.796
1009.601 -14.653
1009.901 -11.368
1010.201 -9.796
1010.501 -0.511
1010.801 -0.082
1011.102 9.775
1011.402 12.775
1011.702 12.061
1012.002 20.346
1012.302 18.346
1012.602 14.918
1012.902 15.918
1013.203 -4.368
1013.503 -10.797
1013.803 1.060
1014.103 -3.654
1014.403 -16.511
1014.703 -18.083
1015.003 -4.654
1015.304 29.203
1015.604 28.917
1015.904 17.632
1016.204 23.774
1016.504 41.060
1016.804 40.060
1017.104 24.203
1017.405 -2.511
1017.705 1.488
1018.005 15.060
1018.305 18.631
1018.605 7.917
1018.905 6.488
1019.205 18.345
1019.506 31.488
1019.806 30.917
1020.106 19.060
1020.406 7.202
1020.706 13.345
1021.006 23.631
1021.306 18.631
1021.607 5.488
1021.907 2.488
1022.207 1.488
1022.507 -0.655
1022.807 -0.512
1023.107 -1.941
1023.407 5.774
1023.708 18.202
1024.008 23.773
1024.308 23.773
1024.608 18.631
1024.908 13.630
1025.208 15.630
1025.508 16.773
1025.809 14.202
1026.109 -9.370
1026.409 -22.370
1026.709 -15.798
1027.009 -9.370
1027.309 -10.370
1027.609 -10.227
1027.910 -11.513
1028.210 2.487
1028.510 7.916
1028.810 10.344
1029.110 16.059
1029.410 25.201
1029.710 21.058
1030.011 17.344
1030.311 18.487
1030.611 16.344
1030.911 3.344
1031.211 -11.513
1031.511 -30.370
1031.811 -31.370
1032.112 -20.799
1032.412 -9.085
1032.712 0.201
1033.012 3.058
1033.312 -2.656
1033.612 -8.942
1033.912 -12.656
1034.212 -20.799
1034.513 -30.514
1034.813 -36.085
1035.113 -30.371
1035.413 -15.799
1035.713 1.486
1036.013 11.201
1036.313 16.772
1036.614 14.772
1036.914 10.200
1037.214 12.058
1037.514 23.772
1037.814 22.200
1038.114 15.343
1038.414 11.343
1038.715 16.772
1039.015 24.057
1039.315 18.486
1039.615 0.343
1039.915 -6.943
1040.215 -10.514
1040.515 -12.800
1040.816 -21.229
1041.116 -17.514
1041.416 -8.657
1041.716 -3.086
1042.016 -2.657
1042.316 -2.086
1042.616 3.914
1042.917 11.057
1043.217 11.771
1043.517 10.200
1043.817 4.628
1044.117 3.343
1044.417 -2.372
1044.717 -21.229
1045.018 -31.658
1045.318 -28.372
1045.618 -22.086
1045.918 -31.658
1046.218 -28.229
1046.518 -8.515
1046.818 19.056
1047.119 26.914
1047.419 6.628
1047.719 -8.229
1048.019 -1.372
1048.319 -11.944
1048.619 -29.658
1048.919 -48.801
1049.220 -48.944
1049.520 -42.658
1049.820 -41.801
1050.120 -39.658
1050.420 -35.230
1050.720 -39.944
1051.020 -42.230
1051.321 -48.230
1051.621 -45.515
1051.921 -43.658
1052.221 -35.801
1052.521 -26.944
1052.821 -12.516
1053.121 -12.087
1053.422 -13.230
1053.722 -9.659
1054.022 0.199
1054.322 -0.516
1054.622 0.913
1054.922 -6.659
1055.222 5.341
1055.523 22.913
1055.823 30.055
1056.123 33.627
1056.423 29.627
1056.723 27.913
1057.023 30.627
1057.323 27.912
1057.624 14.484
1057.924 15.198
1058.224 6.770
1058.524 3.627
1058.824 -2.231
1059.124 -10.659
1059.424 -15.088
1059.725 -9.088
1060.025 -6.945
1060.325 -1.374
1060.625 8.055
1060.925 9.341
1061.225 17.341
1061.525 26.769
1061.826 24.055
1062.126 13.055
1062.426 5.769
1062.726 3.483
1063.026 7.055
1063.326 11.055
1063.626 16.483
1063.927 25.626
1064.227 16.769
1064.527 9.340
1064.827 10.483
1065.127 6.626
1065.427 -6.803
1065.727 -30.088
1066.028 -39.946
1066.328 -26.517
1066.628 -21.089
1066.928 -26.803
1067.228 -29.660
1067.528 -10.089
1067.828 9.483
1068.129 13.911
1068.429 11.054
1068.729 29.340
1069.029 39.197
1069.329 43.768
1069.629 32.197
1069.929 20.054
1070.230 21.483
1070.530 21.197
1070.830 4.482
1071.130 -4.375
1071.430 -7.803
1071.730 -2.232
1072.030 7.911
1072.331 1.768
1072.631 1.768
1072.931 4.197
1073.231 7.054
1073.531 17.911
1073.831 14.196
1074.131 3.339
1074.432 2.054
1074.732 17.482
1075.032 32.625
1075.332 31.339
1075.632 27.482
1075.932 33.768
1076.232 41.339
1076.533 39.339
1076.833 20.625
1077.133 3.768
1077.433 -0.233
1077.733 -2.518
1078.033 -6.804
1078.333 -15.947
1078.634 -18.233
1078.934 -23.233
1079.234 -36.947
1079.534 -43.376
1079.834 -46.518
1080.134 -50.090
1080.434 -48.661
1080.735 -47.661
1081.035 -39.376
1081.335 -33.947
1081.635 -25.519
1081.935 -27.804
1082.235 -31.804
1082.535 -37.090
1082.836 -35.233
1083.136 -34.233
1083.436 -28.090
1083.736 -25.519
1084.036 -18.233
1084.336 -14.090
1084.636 0.910
1084.937 11.767
1085.237 17.481
1085.537 20.767
1085.837 18.338
1086.137 11.052
1086.437 12.338
1086.737 4.481
1087.038 -7.233
1087.338 -14.091
1087.638 -17.805
1087.938 -16.948
1088.238 -12.805
1088.538 -11.805
1088.838 -7.805
1089.139 -3.091
1089.439 8.481
1089.739 19.909
1090.039 19.195
1090.339 21.338
1090.639 23.195
1090.939 37.195
1091.240 45.195
1091.540 47.337
1091.840 50.766
1092.140 59.909
1092.453 59.052
1092.766 50.052
1093.079 31.480
1093.392 19.194
1093.705 7.337
1094.018 -5.806
1094.330 -12.234
1094.643 -13.091
1094.956 -1.234
1095.269 13.337
1095.582 22.480
1095.895 18.337
1096.208 6.623
1096.521 -10.092
1096.834 -22.663
1097.147 -36.663
1097.460 -46.377
1097.773 -56.377
1098.085 -55.663
1098.398 -36.092
1098.711 -15.377
1099.024 -0.235
1099.337 8.765
1099.650 3.908
1099.963 1.337
1100.276 4.051
1100.589 -6.521
1100.902 -6.949
1101.215 -4.949
1101.528 -6.092
1101.841 -5.663
1102.153 -3.664
1102.466 -12.664
1102.779 -8.235
1103.092 -9.664
1103.405 -6.521
1103.718 5.908
1104.031 14.765
1104.344 23.479
1104.657 39.479
1104.970 43.479
1105.283 37.050
1105.596 21.622
1105.909 8.479
1106.221 -0.807
1106.534 -7.092
1106.847 -18.235
1107.160 -23.807
1107.473 -33.093
1107.786 -41.950
1108.099 -52.378
1108.412 -59.236
1108.725 -60.093
1109.038 -61.093
1109.351 -65.378
1109.664 -58.950
1109.977 -45.379
1110.289 -33.236
1110.602 -17.807
1110.915 -11.236
1111.228 -9.664
1111.541 -5.522
1111.854 -2.236
1112.167 -0.807
1112.480 -7.093
1112.793 -14.807
1113.106 -14.093
1113.419 -9.379
1113.732 -13.236
1114.044 -9.665
1114.357 2.764
1114.670 8.193
1114.983 4.478
1115.296 0.478
1115.609 -2.379
1115.922 -0.950
1116.235 -7.379
1116.548 -26.951
1116.861 -30.379
1117.174 -32.522
1117.487 -38.236
1117.800 -41.236
1118.112 -42.379
1118.425 -33.522
1118.738 -16.951
1119.051 -14.094
1119.364 6.049
1119.677 29.049
1119.990 30.049
1120.303 36.621
1120.616 30.335
1120.929 15.049
1121.242 20.620
1121.555 19.192
1121.868 3.906
1122.180 17.620
1122.493 22.478
1122.806 28.192
1123.119 31.049
1123.432 24.049
1123.745 9.763
1124.058 13.477
1124.371 15.049
1124.684 12.049
1124.997 0.334
1125.310 5.477
1125.623 15.906
1125.935 19.477
1126.248 12.191
1126.561 -5.523
1126.874 -20.094
1127.187 -20.380
1127.500 -22.809
1127.813 -30.380
1128.126 -28.094
1128.439 -30.666
1128.752 -32.523
1129.065 -22.523
1129.378 -13.666
1129.691 -12.523
1130.003 -7.095
1130.316 7.191
1130.629 27.905
1130.942 37.620
1131.255 33.191
1131.568 31.191
1131.881 27.905
1132.194 12.191
1132.507 -3.238
1132.820 -15.809
1133.133 -13.952
1133.446 -3.666
1133.759 -3.523
1134.071 2.905
1134.384 11.619
1134.697 3.048
1135.010 -8.666
1135.323 -28.381
1135.636 -36.524
1135.949 -26.238
1136.262 -17.809
1136.575 -16.238
1136.888 0.905
1137.201 25.191
1137.514 42.905
1137.826 45.333
1138.139 31.905
1138.452 10.190
1138.765 9.048
1139.078 -0.238
1139.391 -12.524
1139.704 -10.667
1140.017 -11.095
1140.330 -8.095
1140.643 4.476
1140.956 -2.953
1141.269 4.047
1141.582 0.190
1141.894 -7.096
1142.207 3.476
1142.520 8.476
1142.833 10.190
1143.146 27.619
1143.459 22.761
1143.772 23.047
1144.085 34.190
1144.398 25.904
1144.711 28.904
1145.024 31.333
1145.337 28.047
1145.650 29.476
1145.962 32.476
1146.275 26.761
1146.588 27.761
1146.901 23.761
1147.214 25.047
1147.527 29.047
1147.840 35.333
1148.153 34.904
1148.466 33.904
1148.779 36.761
1149.092 31.904
1149.405 26.618
1149.718 23.190
1150.030 10.189
1150.343 4.475
1150.656 0.761
1150.969 3.189
1151.282 9.332
1151.595 15.189
1151.908 14.618
1152.221 17.046
1152.534 20.332
1152.847 13.475
1153.160 5.761
1153.473 7.189
1153.785 3.189
1154.098 15.189
1154.411 23.189
1154.724 30.046
1155.037 46.189
1155.350 39.475
1155.663 35.903
1155.976 37.189
1156.289 12.046
1156.602 1.189
1156.915 4.046
1157.228 -0.383
1157.541 -13.525
1157.853 -33.811
1158.166 -40.811
1158.479 -31.097
1158.792 -28.811
1159.105 -37.668
1159.418 -45.811
1159.731 -36.811
1160.044 -24.240
1160.357 -24.526
1160.670 -32.383
1160.983 -41.811
1161.296 -42.811
1161.609 -35.383
1161.921 -16.383
1162.234 -1.811
1162.547 6.617
1162.860 9.188
1163.173 17.903
1163.486 22.188
1163.799 10.188
1164.112 -5.240
1164.425 -15.526
1164.738 -19.955
1165.051 -14.097
1165.364 -9.669
1165.676 -13.383
1165.989 7.045
1166.302 9.902
1166.615 3.331
1166.928 -1.098
1167.241 -4.098
1167.554 -0.812
1167.867 7.902
1168.180 2.045
1168.493 0.474
1168.806 12.759
1169.119 28.474
1169.432 27.188
1169.744 21.331
1170.057 18.045
1170.370 16.045
1170.683 14.616
1170.996 2.188
1171.309 -12.098
1171.622 -5.384
1171.935 -3.241
1172.248 -6.241
1172.561 3.045
1172.874 18.902
1173.187 29.616
1173.500 25.331
1173.812 7.616
1174.125 4.330
1174.438 2.473
1174.751 3.045
1175.064 2.902
1175.377 -3.241
1175.690 -1.098
1176.003 20.187
1176.316 26.187
1176.629 29.616
1176.942 19.187
1177.255 10.045
1177.567 13.902
1177.880 14.759
1178.193 8.759
1178.506 8.902
1178.819 14.473
1179.132 17.187
1179.445 13.759
1179.758 15.187
1180.071 18.330
1180.384 21.330
1180.697 21.330
1181.010 8.044
1181.323 10.616
1181.635 19.901
1181.948 19.187
1182.261 20.473
1182.574 14.901
1182.887 10.330
1183.200 16.330
1183.513 18.473
1183.826 14.758
1184.139 13.330
1184.452 10.044
1184.765 9.187
1185.078 11.187
1185.391 -6.528
1185.703 -12.670
1186.016 -8.528
1186.329 -14.528
1186.642 -15.385
1186.955 -14.813
1187.268 -11.528
1187.581 8.187
1187.894 -0.671
1188.207 -0.671
1188.520 7.187
1188.833 10.472
1189.146 13.615
1189.459 11.615
1189.771 7.615
1190.084 16.044
1190.397 1.615
1190.710 -4.671
1191.023 -0.957
1191.336 7.901
1191.649 5.472
1191.962 6.329
1192.275 3.186
1192.588 14.615
1192.901 28.900
1193.214 33.043
1193.526 16.615
1193.839 6.472
1194.152 7.758
1194.465 11.472
1194.778 6.472
1195.091 -7.957
1195.404 -15.243
1195.717 -0.100
1196.030 29.757
1196.343 37.900
1196.656 30.043
1196.969 25.329
1197.282 20.900
1197.594 8.186
1197.907 -9.957
1198.220 -30.957
1198.533 -34.386
1198.846 -18.814
1199.159 -11.671
1199.472 -4.671
1199.785 7.186
1200.098 12.186
1200.411 12.900
1200.724 14.900
1201.037 0.471
1201.350 -6.386
1201.662 1.186
1201.975 1.543
1202.288 6.443
1202.601 7.293
