165.028 321.382
165.288 286.470
165.547 223.996
165.807 218.057
166.067 278.843
166.327 335.496
166.587 293.728
166.847 268.826
167.107 351.790
167.367 421.619
167.627 445.457
167.886 461.445
168.146 524.156
168.406 568.447
168.666 512.174
168.926 430.766
169.186 484.367
169.446 505.974
169.706 442.733
169.966 430.213
170.225 555.844
170.485 633.482
170.745 635.127
171.005 546.208
171.265 543.726
171.525 582.535
171.785 514.067
172.045 347.033
172.305 362.007
172.564 421.559
172.824 415.689
173.084 442.397
173.344 496.112
173.604 514.119
173.864 512.418
174.124 502.295
174.384 582.178
174.644 661.495
174.903 584.248
175.163 566.006
175.423 633.199
175.683 661.112
175.943 565.889
176.203 486.385
176.463 515.886
176.723 619.822
176.983 612.906
177.242 567.424
177.502 620.805
177.762 662.905
178.022 599.296
178.282 521.263
178.542 575.807
178.802 574.213
179.062 522.053
179.322 530.183
179.581 632.460
179.841 691.600
180.101 686.601
180.361 608.035
180.621 631.616
180.881 702.488
181.141 646.363
181.401 570.957
181.661 594.842
181.920 597.301
182.180 511.336
182.440 470.946
182.700 565.417
182.960 602.035
183.220 545.800
183.480 471.282
183.740 543.911
184.000 628.543
184.259 632.464
184.519 601.246
184.779 678.745
185.039 773.677
185.299 823.896
185.559 814.548
185.819 830.774
186.079 798.860
186.339 674.663
186.598 606.184
186.858 631.135
187.118 657.518
187.378 633.475
187.638 606.435
187.898 657.111
188.158 713.361
188.418 668.042
188.678 655.296
188.937 701.124
189.197 679.097
189.457 612.216
189.717 643.907
189.977 732.743
190.237 785.867
190.497 708.136
190.757 656.264
191.017 709.250
191.276 755.238
191.536 653.370
191.796 558.647
192.056 553.640
192.316 567.491
192.576 505.058
192.836 497.340
193.096 567.480
193.356 590.337
193.616 604.051
193.875 646.909
194.135 749.054
194.395 805.486
194.655 776.204
194.915 695.066
195.175 680.785
195.435 659.792
195.695 612.656
195.955 585.377
196.214 654.528
196.474 691.251
196.734 708.974
196.994 785.269
197.254 839.993
197.514 813.003
197.774 732.013
198.034 663.737
198.294 621.033
198.553 607.187
198.813 558.197
199.073 581.779
199.333 694.075
199.593 751.943
199.853 709.096
200.113 724.820
200.373 772.829
200.633 781.696
200.892 717.276
201.152 725.285
201.412 820.864
201.672 865.157
201.932 820.021
202.192 840.028
202.452 974.891
202.712 1046.039
202.972 935.900
203.231 853.904
203.491 971.621
203.751 1040.051
204.011 980.766
204.271 882.623
204.531 897.908
204.791 900.477
205.051 811.474
205.311 683.756
205.570 748.179
205.830 839.173
206.090 801.736
206.350 757.441
206.610 846.145
206.870 904.419
207.130 893.692
207.390 873.963
207.650 907.519
207.909 913.787
208.169 859.768
208.429 837.461
208.689 848.868
208.949 825.844
209.209 737.818
209.469 621.362
209.729 746.190
209.989 817.874
210.248 750.556
210.508 797.664
210.768 905.770
211.028 968.446
211.288 1011.977
211.548 981.078
211.808 1037.891
212.068 1056.416
212.328 986.225
212.587 980.317
212.847 1043.407
213.107 1062.067
213.367 944.581
213.627 885.093
213.887 943.317
214.147 950.968
214.407 868.330
214.667 833.547
214.926 853.477
215.186 883.546
215.446 813.756
215.706 764.678
215.966 846.312
216.226 916.657
216.486 840.714
216.746 788.626
217.006 869.106
217.265 921.013
217.525 888.774
217.785 832.961
218.045 873.431
218.305 926.469
218.565 897.363
218.825 834.253
219.085 899.569
219.345 965.597
219.604 919.336
219.864 861.786
220.124 868.805
220.384 923.964
220.644 909.835
220.904 827.988
221.164 830.852
221.424 867.571
221.684 836.286
221.943 802.285
222.203 844.994
222.463 863.130
222.723 831.976
222.983 774.391
223.243 775.945
223.503 785.353
223.763 809.044
224.023 820.589
224.282 888.703
224.542 983.813
224.802 1003.491
225.062 1037.737
225.322 1123.123
225.582 1125.506
225.842 1053.028
226.102 995.833
226.362 1004.206
226.621 1059.861
226.881 1012.942
227.141 1005.019
227.401 1048.664
227.661 1040.877
227.921 1014.801
228.181 1011.579
228.441 995.925
228.701 987.982
228.960 942.749
229.220 963.513
229.480 1019.559
229.740 1040.602
230.000 967.784
230.260 961.249
230.520 1015.995
230.780 1011.453
231.040 935.478
231.299 974.214
231.559 1061.803
231.819 1067.103
232.079 1022.971
232.339 1061.550
232.599 1091.411
232.859 1080.125
233.119 989.407
233.379 950.400
233.638 1010.960
233.898 1053.946
234.158 980.356
234.418 933.049
234.678 969.737
234.938 990.280
235.198 913.818
235.458 901.353
235.718 951.027
235.978 989.268
236.237 1003.649
236.497 1029.026
236.757 1100.256
237.017 1132.912
237.277 1091.420
237.537 1042.068
237.797 1016.997
238.057 1018.066
238.317 972.131
238.576 924.049
238.836 987.392
239.096 1034.160
239.356 1013.210
239.616 1069.827
239.876 1181.870
240.136 1245.765
240.396 1213.371
240.656 1142.830
240.915 1190.143
241.175 1230.451
241.435 1180.613
241.695 1142.914
241.955 1139.783
242.215 1160.505
242.475 1155.509
242.735 1097.794
242.995 1040.791
243.254 1000.068
243.514 950.343
243.774 933.470
244.034 998.879
244.294 1036.284
244.554 1000.400
244.814 1056.798
245.074 1153.191
245.334 1137.153
245.593 1086.824
245.853 1076.635
246.113 1130.299
246.373 1168.244
246.633 1148.615
246.893 1132.696
247.153 1191.201
247.413 1217.988
247.673 1141.343
247.932 1113.694
248.192 1119.184
248.452 1117.670
248.712 1058.867
248.972 979.059
249.232 1042.819
249.492 1100.004
249.752 1041.614
250.012 1130.076
250.271 1251.249
250.531 1305.990
250.791 1301.441
251.051 1283.746
251.311 1346.332
251.571 1409.343
251.831 1311.349
252.091 1248.638
252.351 1267.637
252.610 1308.490
252.870 1258.053
253.130 1222.183
253.390 1292.596
253.650 1314.861
253.911 1242.551
254.172 1245.381
254.433 1279.777
254.694 1285.456
254.955 1206.988
255.216 1098.373
255.477 1126.040
255.738 1171.846
255.999 1103.649
256.261 1027.733
256.522 1014.670
256.783 1011.889
257.044 961.533
257.305 927.031
257.566 921.238
257.827 931.442
258.088 963.642
258.349 1048.410
258.610 1137.745
258.871 1182.791
259.132 1112.547
259.393 1099.300
259.654 1187.049
259.915 1202.079
260.176 1107.677
260.437 1112.129
260.698 1241.577
260.959 1326.306
261.221 1302.032
261.482 1300.754
261.743 1393.187
262.004 1413.473
262.265 1313.041
262.526 1202.176
262.787 1250.308
263.048 1309.722
263.309 1231.132
263.570 1088.396
263.831 1151.941
264.092 1212.911
264.353 1196.592
264.614 1212.984
264.875 1313.943
265.136 1402.898
265.397 1472.421
265.658 1441.369
265.919 1459.028
266.181 1476.683
266.442 1351.048
266.703 1234.267
266.964 1237.768
267.225 1239.694
267.486 1204.616
267.747 1226.963
268.008 1324.164
268.269 1435.790
268.530 1409.554
268.791 1364.887
269.052 1420.644
269.313 1455.827
269.574 1387.148
269.835 1308.752
270.096 1259.495
270.357 1275.949
270.618 1238.113
270.879 1174.417
271.141 1221.288
271.402 1260.727
271.663 1245.735
271.924 1260.167
272.185 1287.738
272.446 1288.306
272.707 1268.870
272.968 1210.717
273.229 1224.131
273.490 1256.542
273.751 1213.092
274.012 1229.782
274.273 1322.039
274.534 1325.293
274.795 1283.401
275.056 1273.362
275.317 1260.891
275.578 1257.560
275.839 1192.653
276.101 1169.744
276.362 1275.545
276.623 1337.056
276.884 1281.565
277.145 1253.784
277.406 1363.857
277.667 1433.783
277.928 1347.992
278.189 1288.626
278.450 1296.971
278.711 1359.599
278.972 1386.223
279.233 1352.272
279.494 1364.889
279.755 1387.217
280.016 1310.541
280.277 1312.863
280.538 1334.609
280.799 1318.781
281.061 1219.378
281.322 1157.828
281.583 1228.704
281.844 1270.434
282.105 1214.732
282.366 1190.741
282.627 1246.889
282.888 1305.463
283.149 1297.462
283.410 1198.458
283.671 1221.307
283.932 1265.582
284.193 1215.997
284.454 1217.837
284.715 1341.816
284.976 1404.364
285.237 1434.480
285.498 1443.021
285.759 1512.130
286.021 1550.808
286.282 1486.768
286.543 1407.439
286.804 1364.250
287.065 1348.486
287.326 1321.148
287.587 1293.949
287.848 1290.462
288.109 1273.828
288.370 1185.906
288.631 1154.695
288.892 1266.623
289.153 1305.263
289.414 1222.756
289.675 1230.247
289.936 1298.877
290.197 1340.933
290.458 1367.414
290.719 1353.893
290.981 1360.653
291.242 1359.697
291.503 1310.309
291.764 1308.918
292.025 1339.809
292.286 1331.269
292.547 1234.583
292.808 1242.751
293.069 1333.059
293.330 1366.364
293.591 1300.951
293.852 1303.107
294.113 1391.403
294.374 1448.125
294.635 1418.701
294.896 1431.988
295.157 1522.415
295.418 1581.839
295.679 1536.402
295.941 1528.249
296.202 1585.807
296.463 1590.934
296.724 1491.914
296.985 1401.464
297.246 1458.724
297.507 1529.839
297.768 1476.808
298.029 1489.632
298.290 1531.167
298.551 1547.984
298.812 1538.085
299.073 1506.754
299.334 1567.420
299.595 1615.084
299.856 1495.744
300.117 1437.974
300.378 1519.629
300.639 1580.566
300.901 1578.073
301.162 1577.291
301.423 1569.220
301.684 1599.433
301.945 1570.500
302.206 1542.421
302.467 1571.482
302.728 1584.826
302.989 1499.454
303.250 1515.935
303.511 1589.700
303.772 1634.033
304.033 1575.792
304.294 1543.120
304.555 1515.588
304.816 1474.911
305.077 1408.516
305.338 1398.690
305.599 1450.576
305.861 1491.460
306.122 1411.197
306.383 1449.504
306.644 1543.379
306.905 1555.966
307.166 1467.836
307.427 1446.560
307.688 1505.282
307.949 1577.430
308.210 1487.004
308.471 1433.147
308.732 1426.572
308.993 1458.710
309.254 1419.845
309.515 1315.263
309.776 1303.678
310.037 1396.377
310.298 1382.930
310.559 1373.195
310.821 1374.172
311.082 1344.003
311.343 1321.260
311.604 1315.372
311.865 1287.482
312.126 1280.446
312.387 1285.693
312.648 1322.652
312.909 1388.609
313.170 1450.278
313.434 1429.372
313.698 1418.036
313.963 1468.268
314.227 1478.498
314.491 1374.726
314.755 1352.808
315.019 1390.888
315.284 1428.394
315.548 1418.041
315.812 1418.685
316.076 1507.898
316.340 1592.537
316.604 1602.746
316.869 1638.809
317.133 1681.441
317.397 1660.499
317.661 1594.269
317.925 1521.180
318.190 1585.374
318.454 1601.852
318.718 1568.327
318.982 1539.514
319.246 1596.128
319.511 1622.310
319.775 1577.062
320.039 1512.097
320.303 1529.129
320.567 1490.731
320.832 1448.759
321.096 1410.071
321.360 1420.809
321.624 1437.830
321.888 1382.278
322.153 1357.295
322.417 1404.309
322.681 1412.321
322.945 1374.474
323.209 1370.625
323.473 1485.774
323.738 1555.777
324.002 1492.207
324.266 1435.063
324.530 1441.202
324.794 1477.626
325.059 1459.618
325.323 1444.323
325.587 1487.596
325.851 1532.154
326.115 1550.995
326.380 1580.548
326.644 1640.384
326.908 1657.361
327.172 1539.479
327.436 1511.167
327.701 1506.566
327.965 1465.392
328.229 1457.930
328.493 1404.323
328.757 1411.286
329.022 1445.246
329.286 1384.776
329.550 1381.875
329.814 1446.400
330.078 1434.210
330.342 1412.017
330.607 1451.393
330.871 1525.482
331.135 1542.283
331.399 1529.796
331.663 1533.593
331.928 1608.816
332.192 1613.609
332.456 1521.543
332.720 1464.760
332.984 1472.261
333.249 1446.474
333.513 1368.972
333.777 1307.609
334.041 1331.103
334.305 1342.879
334.570 1333.797
334.834 1387.141
335.098 1466.627
335.362 1494.538
335.626 1437.877
335.891 1373.070
336.155 1408.405
336.419 1392.309
336.683 1304.497
336.947 1298.825
337.211 1361.724
337.476 1398.906
337.740 1450.800
338.004 1456.693
338.268 1535.298
338.532 1603.472
338.797 1564.359
339.061 1535.815
339.325 1587.984
339.589 1611.866
339.853 1579.031
340.118 1485.480
340.382 1487.212
340.646 1503.229
340.910 1472.387
341.174 1435.400
341.439 1451.982
341.703 1446.277
341.967 1450.713
342.231 1435.576
342.495 1523.152
342.759 1554.439
343.024 1472.725
343.288 1437.010
343.552 1514.435
343.816 1513.001
344.080 1427.137
344.345 1367.271
344.609 1432.404
344.873 1488.249
345.137 1508.806
345.401 1531.505
345.666 1586.487
345.930 1640.754
346.194 1562.733
346.458 1523.853
346.722 1666.971
346.987 1673.088
347.251 1573.632
347.515 1565.317
347.779 1583.571
348.043 1600.824
348.308 1517.646
348.572 1346.610
348.836 1319.000
349.100 1341.675
349.364 1294.348
349.628 1302.876
349.893 1393.545
350.157 1423.499
350.421 1402.737
350.685 1420.258
350.949 1467.493
351.214 1492.440
351.478 1458.528
351.742 1378.328
352.006 1398.699
352.270 1471.068
352.535 1429.864
352.799 1368.658
353.063 1398.737
353.327 1400.099
353.591 1400.174
353.856 1474.962
354.120 1562.320
354.384 1599.390
354.648 1590.745
354.912 1643.383
355.177 1761.735
355.441 1802.656
355.705 1715.147
355.969 1656.637
356.233 1690.982
356.497 1710.754
356.762 1619.239
357.026 1560.722
357.290 1594.347
357.554 1587.255
357.818 1545.877
358.083 1551.640
358.347 1607.544
358.611 1614.304
358.875 1549.491
359.139 1540.962
359.404 1646.431
359.668 1679.042
359.932 1624.080
360.196 1622.260
360.460 1742.295
360.725 1815.186
360.989 1792.361
361.253 1776.534
361.517 1873.563
361.781 1928.591
362.046 1870.760
362.310 1803.070
362.574 1832.808
362.838 1825.115
363.102 1724.564
363.366 1668.155
363.631 1699.601
363.895 1727.760
364.159 1683.060
364.423 1682.216
364.687 1762.657
364.952 1796.810
365.216 1700.247
365.480 1629.398
365.747 1701.404
366.013 1727.694
366.280 1619.983
366.546 1571.414
366.813 1639.129
367.079 1694.414
367.346 1696.983
367.612 1624.408
367.879 1630.117
368.145 1680.540
368.412 1608.960
368.678 1577.237
368.945 1607.798
369.211 1594.643
369.478 1547.916
369.744 1521.473
370.011 1569.314
370.278 1605.154
370.544 1523.707
370.811 1497.116
371.077 1565.524
371.344 1610.787
371.610 1598.620
371.877 1624.167
372.143 1745.140
372.410 1805.970
372.676 1740.798
372.943 1663.625
373.209 1730.450
373.476 1778.274
373.742 1669.383
374.009 1537.919
374.276 1488.740
374.542 1482.987
374.809 1447.519
375.075 1351.622
375.342 1394.580
375.608 1435.537
375.875 1427.349
376.141 1482.875
376.408 1578.686
376.674 1684.637
376.941 1724.588
377.207 1643.537
377.474 1687.343
377.740 1744.004
378.007 1708.521
378.273 1668.608
378.540 1644.123
378.807 1643.351
379.073 1629.434
379.340 1594.374
379.606 1620.741
379.873 1659.107
380.139 1631.614
380.406 1597.692
380.672 1563.197
380.939 1530.986
381.205 1466.917
381.472 1431.562
381.738 1466.062
382.005 1523.704
382.271 1520.345
382.538 1570.127
382.804 1689.480
383.071 1750.688
383.338 1682.039
383.604 1628.959
383.871 1655.308
384.137 1653.797
384.404 1589.000
384.670 1529.059
384.937 1574.974
385.203 1637.888
385.470 1616.800
385.736 1551.712
386.003 1605.193
386.269 1674.388
386.536 1713.297
386.802 1719.203
387.069 1696.966
387.336 1673.443
387.602 1627.061
387.869 1596.392
388.135 1643.293
388.402 1619.765
388.668 1527.093
388.935 1568.848
389.201 1674.316
389.468 1716.355
389.734 1684.821
390.001 1632.001
390.267 1702.608
390.534 1756.642
390.800 1679.961
391.067 1630.851
391.333 1689.454
391.600 1687.484
391.867 1593.656
392.133 1561.684
392.400 1620.139
392.666 1638.165
392.933 1565.905
393.199 1562.500
393.466 1660.380
393.732 1709.259
393.999 1653.851
394.265 1566.871
394.532 1620.889
394.798 1692.050
395.065 1619.638
395.331 1571.082
395.598 1657.382
395.864 1683.253
396.131 1661.837
396.398 1690.420
396.664 1720.430
396.931 1726.726
397.197 1669.163
397.464 1621.884
397.730 1638.891
397.997 1705.468
398.263 1640.472
398.530 1590.333
398.796 1677.479
399.063 1731.623
399.329 1703.481
399.596 1721.195
399.862 1667.907
400.129 1632.334
400.396 1603.187
400.662 1542.326
400.929 1566.035
401.195 1591.172
401.462 1487.022
401.728 1457.299
401.995 1498.004
402.261 1528.709
402.528 1539.983
402.794 1522.114
403.061 1511.101
403.327 1524.088
403.594 1541.359
403.860 1582.486
404.127 1653.183
404.393 1671.023
404.660 1620.433
404.931 1665.842
405.202 1846.251
405.473 1924.229
405.745 1881.636
406.016 1891.755
406.287 1905.303
406.558 1955.992
406.829 1933.538
407.100 1837.083
407.371 1806.483
407.642 1788.455
407.914 1719.140
408.185 1711.395
408.456 1821.935
408.727 1871.332
408.998 1798.299
409.269 1808.408
409.540 1867.087
409.811 1852.623
410.083 1816.872
410.354 1792.835
410.625 1855.225
410.896 1899.329
411.167 1887.575
411.438 1869.534
411.709 1922.206
411.981 1948.735
412.252 1849.406
412.523 1733.648
412.794 1837.031
413.065 1905.556
413.336 1914.224
413.607 1877.033
413.878 1863.413
414.150 1827.507
414.421 1775.599
414.692 1691.977
414.963 1740.925
415.234 1771.872
415.505 1754.961
415.776 1748.907
416.047 1755.423
416.319 1759.510
416.590 1692.596
416.861 1577.824
417.132 1528.337
417.403 1532.849
417.674 1511.789
417.945 1514.442
418.217 1556.238
418.488 1597.461
418.759 1571.969
419.030 1600.190
419.301 1642.411
419.572 1639.345
419.843 1659.707
420.114 1654.640
420.386 1668.715
420.657 1649.217
420.928 1550.576
421.199 1514.505
421.470 1546.863
421.741 1522.648
422.012 1498.718
422.283 1528.930
422.555 1618.284
422.826 1666.209
423.097 1632.561
423.368 1602.342
423.639 1629.693
423.910 1693.615
424.181 1655.250
424.453 1592.170
424.724 1625.233
424.995 1683.294
425.266 1705.069
425.537 1728.272
425.808 1719.474
426.079 1695.533
426.350 1668.019
426.622 1660.934
426.893 1662.276
427.164 1642.046
427.435 1551.386
427.706 1529.297
427.977 1554.065
428.248 1575.118
428.519 1516.884
428.791 1483.792
429.062 1562.129
429.333 1664.607
429.604 1640.942
429.875 1640.276
430.146 1636.181
430.417 1638.227
430.689 1615.274
430.960 1588.891
431.231 1599.364
431.502 1607.551
431.773 1569.308
432.044 1636.065
432.315 1703.107
432.586 1721.577
432.858 1660.332
433.129 1619.800
433.400 1597.840
433.671 1552.021
433.942 1459.059
434.213 1390.810
434.484 1435.275
434.755 1505.882
435.027 1488.917
435.298 1527.666
435.569 1660.128
435.840 1674.875
436.116 1683.622
436.391 1715.368
436.667 1772.399
436.942 1813.143
437.218 1785.887
437.493 1758.630
437.769 1856.373
438.045 1898.829
438.320 1832.285
438.596 1734.454
438.871 1687.194
439.147 1680.219
439.422 1631.815
439.698 1605.838
439.974 1586.575
440.249 1566.169
440.525 1548.191
440.800 1643.069
441.076 1756.804
441.351 1744.824
441.627 1672.700
441.903 1766.719
442.178 1825.879
442.454 1847.182
442.729 1764.770
443.005 1686.786
443.281 1731.944
443.556 1743.673
443.832 1652.259
444.107 1600.701
444.383 1654.142
444.658 1698.297
444.934 1697.880
445.210 1718.891
445.485 1819.330
445.761 1872.197
446.036 1858.063
446.312 1824.072
446.587 1833.080
446.863 1827.801
447.139 1759.379
447.414 1677.528
447.690 1694.105
447.965 1741.824
448.241 1689.543
448.516 1669.261
448.792 1671.978
449.068 1700.266
449.343 1677.697
449.619 1709.555
449.894 1818.556
450.170 1828.270
450.445 1762.270
450.721 1721.554
450.997 1718.981
451.272 1735.122
451.548 1600.690
451.823 1470.115
452.099 1522.540
452.375 1562.821
452.650 1603.387
452.926 1630.810
453.201 1640.089
453.477 1676.797
453.752 1674.075
454.028 1670.210
454.304 1729.201
454.579 1768.621
454.855 1747.611
455.130 1762.886
455.406 1816.733
455.681 1839.578
455.957 1777.566
456.233 1718.982
456.508 1752.541
456.784 1784.098
457.059 1754.941
457.335 1719.927
457.610 1746.197
457.886 1819.324
458.162 1808.736
458.437 1769.433
458.713 1825.130
458.988 1860.683
459.264 1832.379
459.539 1787.360
459.815 1743.483
460.091 1722.320
460.366 1665.442
460.642 1578.849
460.917 1569.828
461.193 1586.948
461.468 1568.497
461.744 1565.045
462.020 1642.735
462.295 1676.139
462.571 1674.400
462.846 1666.412
463.122 1716.679
463.397 1762.549
463.673 1741.033
463.949 1677.291
464.224 1683.744
464.500 1688.475
464.775 1652.698
465.051 1641.394
465.327 1630.995
465.602 1651.087
465.878 1708.516
466.153 1742.289
466.429 1853.926
466.704 1924.314
466.980 1887.724
467.256 1936.446
467.531 2032.095
467.807 2029.385
468.082 1931.703
468.358 1810.970
468.633 1842.103
468.909 1898.760
469.185 1837.144
469.460 1790.992
469.736 1848.339
470.011 1906.804
470.287 1903.318
470.562 1851.009
470.838 1862.387
471.114 1917.842
471.389 1879.111
471.665 1779.976
471.940 1807.880
472.216 1843.101
472.491 1824.412
472.767 1790.027
473.043 1817.704
473.318 1831.634
473.594 1804.313
473.869 1776.934
474.145 1780.288
474.421 1762.545
474.696 1722.449
474.972 1709.336
475.247 1767.730
475.523 1834.074
475.798 1810.224
476.074 1835.056
476.350 1941.410
476.625 1977.899
476.901 1889.909
477.176 1750.734
477.452 1756.677
477.727 1788.005
478.003 1709.608
478.279 1655.754
478.554 1706.341
478.830 1732.031
479.105 1770.984
479.381 1803.956
479.656 1878.988
479.932 1962.571
480.208 1919.845
480.483 1866.870
480.759 1931.660
481.034 1989.611
481.310 1910.913
481.585 1863.599
481.861 1870.346
482.137 1921.513
482.412 1922.817
482.688 1831.228
482.963 1856.775
483.239 1933.838
483.514 1893.112
483.790 1859.738
484.066 1897.772
484.341 1909.120
484.617 1913.398
484.892 1892.583
485.168 1913.949
485.443 1928.581
485.719 1880.879
485.995 1791.709
486.270 1760.734
486.546 1779.735
486.821 1765.079
487.097 1731.249
487.373 1703.733
487.648 1642.355
487.924 1572.011
488.199 1575.717
488.475 1582.104
488.750 1528.101
489.026 1445.885
489.302 1499.971
489.577 1634.999
489.853 1682.413
490.128 1648.713
490.404 1699.677
490.679 1819.009
490.955 1860.353
491.231 1783.258
491.506 1797.164
491.782 1884.315
492.057 1910.028
492.333 1798.688
492.608 1706.662
492.884 1753.190
493.160 1758.502
493.435 1641.388
493.711 1561.226
493.986 1616.100
494.262 1659.506
494.537 1612.864
494.813 1552.884
495.089 1599.199
495.364 1652.468
495.640 1655.859
495.915 1636.096
496.191 1720.996
496.467 1782.869
496.742 1775.007
497.018 1752.554
497.293 1808.109
497.569 1856.479
497.844 1837.554
498.120 1836.858
498.396 1887.308
498.671 1896.484
498.947 1893.626
499.222 1880.551
499.498 1900.049
499.773 1913.299
500.049 1848.128
500.325 1868.879
500.600 1965.306
500.876 2006.535
501.151 1945.166
501.427 1939.648
501.702 1949.641
501.978 1994.136
502.254 1947.670
502.529 1882.372
502.805 1904.767
503.080 1933.761
503.356 1881.320
503.631 1913.843
503.907 1956.486
504.183 1987.681
504.458 1958.036
504.734 1934.272
505.009 1981.749
505.285 1991.777
505.560 1903.771
505.836 1825.675
506.112 1787.880
506.387 1781.045
506.663 1737.377
506.938 1700.179
507.214 1782.816
507.490 1849.230
507.765 1814.915
508.041 1845.415
508.316 1968.404
508.592 2005.314
508.867 1938.702
509.143 1860.136
509.419 1829.861
509.694 1855.146
509.970 1773.238
510.245 1652.992
510.521 1647.585
510.796 1700.840
511.072 1661.334
511.348 1689.702
511.623 1781.693
511.899 1804.803
512.174 1760.233
512.450 1720.091
512.725 1802.858
513.001 1885.377
513.277 1819.418
513.552 1793.567
513.828 1852.804
514.103 1894.813
514.379 1941.773
514.654 1922.539
514.930 1931.649
515.206 1938.297
515.481 1876.372
515.757 1884.167
516.032 1944.354
516.308 1944.482
516.583 1872.716
516.859 1865.435
517.135 1951.958
517.410 1965.881
517.686 1866.380
517.961 1888.619
518.237 1936.877
518.513 1927.898
518.788 1838.541
519.064 1784.785
519.339 1812.969
519.615 1881.147
519.890 1802.259
520.166 1775.933
520.442 1811.903
520.717 1845.037
520.993 1786.577
521.268 1762.902
521.544 1819.432
521.819 1861.431
522.095 1829.381
522.371 1866.010
522.646 1974.738
522.922 2044.270
523.197 2009.515
523.473 1959.845
523.748 1964.127
524.024 1974.701
524.300 1935.349
524.575 1900.652
524.851 1987.075
525.126 2063.915
525.402 2039.094
525.677 2013.692
525.953 2063.167
526.229 2081.358
526.504 2036.542
526.780 2010.360
527.055 2054.827
527.331 2070.654
527.606 2043.719
527.882 1988.637
528.158 2041.996
528.433 2063.067
528.709 1995.696
528.984 1893.160
529.260 1873.422
529.535 1896.482
529.811 1882.292
530.087 1854.063
530.362 1921.509
530.638 1930.928
530.913 1950.573
531.189 2029.426
531.465 2109.585
531.740 2151.614
532.016 2090.717
532.291 2038.543
532.567 2142.915
532.842 2154.723
533.118 2028.508
533.394 1954.032
533.669 2010.578
533.945 2040.611
534.220 1995.834
534.496 1916.019
534.771 1977.882
535.047 2072.422
535.323 2074.674
535.598 1991.430
535.874 1991.430
536.149 1999.279
536.425 1952.798
536.700 1855.206
536.976 1845.719
537.252 1876.061
537.527 1908.025
537.803 1935.855
538.078 2024.362
538.354 2076.604
538.629 2124.048
538.905 2254.354
539.181 2418.817
539.456 2474.669
539.732 2486.879
540.007 2505.021
540.283 2591.657
540.558 2656.731
540.834 2565.608
541.110 2506.256
541.385 2542.017
541.661 2579.973
541.936 2578.733
542.212 2609.416
542.488 2698.839
542.763 2746.056
543.039 2695.494
543.314 2677.132
543.590 2734.175
543.865 2707.818
544.141 2622.272
544.417 2557.405
544.692 2539.963
544.968 2530.513
545.243 2501.355
545.519 2455.282
545.794 2447.676
546.070 2423.042
546.348 2374.867
546.627 2432.752
546.905 2551.022
547.183 2578.859
547.461 2545.215
547.740 2528.146
548.018 2526.544
548.296 2510.091
548.575 2424.086
548.853 2360.856
549.131 2375.706
549.409 2392.947
549.688 2420.778
549.966 2473.475
550.244 2554.061
550.523 2607.785
550.801 2555.284
551.079 2527.906
551.357 2527.641
551.636 2531.354
551.914 2507.626
552.192 2485.594
552.471 2522.133
552.749 2543.931
553.027 2510.374
553.306 2551.642
553.584 2605.012
553.862 2643.333
554.140 2628.723
554.419 2646.679
554.697 2646.172
554.975 2604.069
555.254 2543.153
555.532 2506.718
555.810 2485.962
556.088 2496.535
556.367 2391.414
556.645 2425.102
556.923 2497.704
557.202 2462.039
557.480 2384.676
557.758 2379.779
558.036 2379.390
558.315 2351.262
558.593 2233.980
558.871 2171.029
559.150 2202.814
559.428 2235.032
559.706 2172.102
559.984 2132.078
560.263 2203.573
560.541 2230.940
560.819 2169.898
561.098 2087.401
561.376 2094.531
561.654 2110.991
561.932 2048.453
562.211 1928.698
562.489 1885.197
562.767 1902.254
563.046 1871.781
563.324 1842.392
563.602 1883.578
563.880 1878.359
564.159 1840.818
564.437 1877.139
564.715 1897.466
564.994 1891.286
565.272 1800.180
565.550 1717.941
565.828 1721.221
566.107 1718.807
566.385 1633.585
566.663 1659.083
566.942 1721.977
567.220 1743.718
567.498 1713.188
567.776 1745.833
568.055 1820.335
568.333 1842.298
568.611 1762.561
568.890 1743.860
569.168 1728.253
569.446 1692.965
569.725 1629.840
570.003 1610.325
570.281 1690.115
570.559 1731.984
570.838 1709.821
571.116 1776.863
571.394 1876.358
571.673 1895.369
571.951 1845.507
572.229 1800.134
572.507 1830.870
572.786 1819.259
573.064 1747.023
573.342 1774.682
573.621 1863.403
573.899 1913.159
574.177 1877.404
574.455 1844.252
574.734 1951.764
575.012 2048.726
575.290 1966.595
575.569 1862.705
575.847 1897.847
576.125 1939.534
576.403 1944.997
576.682 1885.658
576.960 1832.092
577.243 1831.285
577.527 1846.485
577.810 1822.542
578.093 1842.246
578.377 1829.782
578.660 1803.050
578.944 1811.723
579.227 1841.913
579.510 1834.660
579.794 1787.921
580.077 1762.805
580.360 1811.916
580.644 1812.821
580.927 1789.838
581.210 1780.629
581.494 1807.306
581.777 1818.741
582.061 1785.477
582.344 1733.325
582.627 1775.991
582.911 1775.395
583.194 1752.794
583.477 1776.997
583.761 1832.400
584.044 1869.235
584.327 1860.466
584.611 1846.028
584.894 1932.011
585.178 1959.461
585.461 1886.300
585.744 1861.000
586.028 1873.245
586.311 1868.885
586.594 1816.988
586.878 1768.285
587.161 1825.830
587.444 1851.803
587.728 1794.418
588.011 1829.216
588.295 1894.046
588.578 1912.543
588.861 1850.372
589.145 1784.230
589.428 1880.146
589.711 1940.904
589.995 1844.686
590.278 1855.609
590.562 1940.836
590.845 1986.263
591.128 1972.861
591.412 1919.314
591.695 1897.097
591.978 1938.049
592.262 1857.238
592.545 1792.079
592.828 1795.974
593.112 1806.273
593.395 1763.591
593.679 1773.575
593.962 1755.886
594.245 1730.097
594.529 1710.027
594.812 1744.977
595.095 1780.365
595.379 1761.038
595.662 1701.148
595.945 1720.351
596.229 1836.428
596.512 1884.201
596.796 1845.398
597.079 1829.103
597.362 1924.451
597.646 1987.258
597.929 1968.131
598.212 1978.858
598.496 1984.462
598.779 1946.895
599.062 1886.955
599.346 1834.881
599.629 1879.076
599.913 1886.723
600.196 1762.200
600.479 1734.727
600.763 1812.846
601.046 1853.410
601.329 1821.289
601.613 1771.529
601.896 1844.844
602.179 1935.541
602.463 1926.875
602.746 1862.746
603.030 1897.399
603.313 1940.596
603.596 1906.495
603.880 1792.586
604.163 1780.488
604.446 1815.069
604.730 1842.418
605.013 1865.326
605.296 1852.002
605.580 1844.409
605.863 1886.378
606.147 1872.627
606.430 1926.540
606.713 1943.859
606.997 1848.673
607.280 1877.178
607.563 2003.149
607.847 2023.100
608.130 2001.513
608.414 1987.725
608.697 1998.732
608.980 2036.894
609.264 1992.221
609.547 1930.674
609.830 1980.677
610.114 2000.208
610.397 1907.031
610.680 1871.390
610.964 1847.314
611.247 1819.026
611.531 1801.195
611.814 1818.090
612.097 1846.351
612.381 1853.273
612.664 1825.134
612.947 1876.259
613.231 1966.107
613.514 1968.551
613.797 1868.227
614.081 1807.151
614.364 1797.666
614.648 1799.813
614.931 1736.066
615.214 1663.381
615.498 1702.672
615.781 1760.906
616.064 1788.041
616.348 1809.383
616.631 1851.871
616.914 1880.997
617.198 1871.085
617.481 1815.964
617.765 1785.326
618.048 1789.565
618.331 1780.259
618.615 1786.371
618.898 1815.601
619.181 1808.034
619.465 1761.840
619.748 1770.370
620.031 1830.947
620.315 1866.457
620.598 1835.551
620.882 1868.422
621.165 1935.152
621.448 1964.537
621.732 1919.811
622.015 1863.069
622.298 1859.440
622.582 1902.871
622.865 1857.057
623.148 1897.296
623.432 2001.740
623.715 2081.455
623.999 2063.478
624.282 2032.120
624.565 2108.853
624.849 2163.108
625.132 2093.117
625.415 2049.392
625.699 2044.253
625.982 2093.853
626.265 2115.949
626.549 2002.930
626.832 2019.554
627.116 2058.114
627.399 2006.993
627.682 1960.751
627.966 1994.688
628.249 2004.355
628.532 1990.014
628.816 1921.317
629.099 1902.783
629.383 1910.181
629.666 1924.217
629.949 1913.579
630.233 1935.603
630.516 1946.466
630.799 1896.105
631.083 1840.060
631.366 1895.130
631.649 1907.241
631.933 1854.448
632.216 1841.801
632.500 1911.982
632.783 1997.561
633.066 2062.394
633.350 2044.717
633.633 2055.191
633.916 2064.769
634.200 2019.629
634.483 1930.575
634.766 1893.121
635.050 1873.814
635.333 1873.850
635.617 1873.921
635.900 1901.542
636.183 1935.310
636.467 1938.972
636.750 1944.263
637.033 1960.337
637.317 1941.761
637.600 1899.202
637.883 1808.954
638.167 1832.019
638.450 1850.523
638.734 1813.418
639.017 1867.112
639.300 1919.242
639.584 1917.896
639.867 1901.617
640.150 1882.190
640.434 1929.859
640.717 1958.940
641.000 1875.165
641.284 1878.855
641.567 1963.357
641.851 2012.837
642.134 2011.183
642.417 2025.875
642.701 2060.439
642.984 2045.790
643.267 1956.548
643.551 1884.707
643.834 1900.987
644.117 1946.080
644.401 1901.727
644.684 1870.191
644.968 1919.271
645.251 1995.920
645.534 2049.593
645.818 2104.297
646.101 2128.119
646.384 2188.459
646.668 2261.932
646.951 2388.753
647.235 2543.896
647.518 2658.253
647.801 2697.470
648.085 2826.575
648.368 3041.164
648.651 3212.644
648.935 3300.529
649.218 3430.950
649.501 3666.794
649.785 3895.556
650.068 4038.559
650.352 4217.098
650.635 4519.750
650.918 4791.677
651.202 4921.479
651.485 5015.590
651.768 5191.232
652.052 5398.398
652.335 5563.339
652.618 5642.857
652.902 5796.920
653.185 6035.552
653.469 6275.327
653.752 6522.512
654.035 6777.134
654.319 6956.316
654.602 7115.588
654.885 7282.085
655.169 7460.438
655.452 7553.407
655.735 7565.735
656.019 7655.917
656.302 7756.324
656.586 7817.252
656.869 7835.795
657.152 7872.268
657.436 7990.064
657.719 8046.261
658.002 7986.872
658.286 7973.836
658.569 8011.844
658.852 7977.246
659.136 7891.373
659.419 7849.725
659.703 7846.674
659.986 7825.594
660.269 7779.376
660.553 7793.720
660.836 7881.149
661.119 7906.988
661.403 7838.526
661.686 7840.202
661.969 7926.314
662.253 7914.286
662.536 7875.758
662.820 7846.510
663.103 7812.173
663.386 7794.895
663.670 7732.097
663.953 7635.171
664.236 7622.034
664.520 7552.226
664.803 7439.562
665.086 7432.125
665.370 7431.118
665.653 7375.613
665.937 7266.957
666.220 7135.999
666.503 7046.076
666.787 6894.769
667.070 6657.668
667.353 6369.928
667.637 6152.730
667.920 5945.803
668.204 5680.588
668.487 5389.444
668.770 5171.437
669.054 4939.394
669.337 4723.946
669.620 4579.469
669.904 4437.947
670.187 4249.203
670.470 4039.208
670.754 3909.088
671.037 3822.622
671.321 3683.928
671.604 3465.320
671.887 3296.529
672.171 3220.053
672.454 3113.956
672.737 2949.407
673.021 2826.337
673.304 2822.020
673.587 2808.818
673.871 2723.506
674.154 2684.036
674.438 2729.226
674.721 2737.758
675.004 2636.431
675.288 2513.081
675.571 2432.703
675.854 2350.241
676.138 2239.761
676.421 2204.000
676.704 2221.688
676.988 2234.351
677.271 2209.373
677.555 2198.028
677.838 2281.648
678.121 2273.814
678.405 2194.781
678.688 2174.262
678.971 2246.272
679.255 2266.632
679.538 2193.206
679.821 2085.650
680.105 2117.614
680.388 2094.494
680.672 1953.948
680.955 1851.568
681.238 1886.802
681.522 1945.219
681.805 1919.973
682.088 1934.270
682.372 2010.617
682.655 2089.621
682.938 2092.510
683.222 2057.207
683.505 2097.106
683.789 2181.432
684.072 2124.094
684.355 2080.773
684.639 2152.706
684.922 2205.921
685.205 2193.007
685.489 2201.703
685.772 2198.346
686.056 2179.927
686.339 2145.702
686.622 2142.792
686.906 2154.536
687.189 2149.985
687.472 2029.892
687.756 2017.140
688.039 2103.254
688.322 2116.150
688.606 2002.741
688.889 1955.899
689.173 2007.815
689.456 2053.086
689.739 2004.764
690.023 1997.877
690.306 2064.287
690.589 2095.816
690.873 2042.635
691.156 2012.745
691.439 2050.583
691.723 2086.955
692.006 2072.535
692.290 2067.052
692.573 2100.534
692.856 2122.837
693.140 2057.334
693.423 2014.468
693.706 2050.346
693.990 2061.312
694.273 1989.950
694.556 1985.928
694.840 2022.608
695.123 2023.119
695.407 1983.529
695.690 1960.550
695.973 1935.780
696.257 1947.712
696.540 1909.044
696.830 1893.073
697.120 2037.314
697.410 2100.046
697.699 2024.084
697.989 2048.439
698.279 2130.655
698.569 2117.625
698.859 2052.383
699.149 1915.757
699.439 1951.778
699.729 1989.141
700.018 1879.517
700.308 1837.308
700.598 1880.549
700.888 1896.994
701.178 1902.945
701.468 1838.999
701.758 1909.933
702.048 1992.169
702.337 1892.591
702.627 1849.929
702.917 1872.205
703.207 1854.585
703.497 1848.948
703.787 1760.602
704.077 1731.807
704.366 1741.570
704.656 1707.145
704.946 1783.951
705.236 1808.690
705.526 1792.780
705.816 1790.550
706.106 1764.141
706.396 1762.988
706.685 1760.907
706.975 1649.191
707.265 1637.520
707.555 1637.954
707.845 1616.142
708.135 1662.071
708.425 1734.310
708.715 1817.459
709.004 1881.500
709.294 1878.511
709.584 1899.323
709.874 1949.575
710.164 1916.265
710.454 1869.042
710.744 1817.446
711.034 1850.508
711.323 1897.608
711.613 1877.006
711.903 1892.012
712.193 1929.852
712.483 1921.979
712.773 1885.061
713.063 1858.497
713.352 1896.198
713.642 1919.406
713.932 1848.856
714.222 1866.138
714.512 1904.756
714.802 1907.379
715.092 1838.778
715.382 1734.881
715.671 1743.298
715.961 1780.019
716.251 1679.409
716.541 1681.447
716.831 1789.326
717.121 1838.992
717.411 1836.431
717.701 1811.906
717.990 1829.255
718.280 1871.263
718.570 1815.989
718.860 1739.543
719.150 1809.283
719.440 1865.964
719.730 1846.919
720.019 1834.763
720.309 1895.156
720.599 1939.182
720.889 1904.618
721.179 1827.441
721.469 1799.942
721.759 1798.975
722.049 1765.362
722.338 1754.362
722.628 1740.210
722.918 1796.950
723.208 1830.078
723.498 1879.119
723.788 1955.524
724.078 1994.270
724.368 1934.218
724.657 1969.184
724.947 1984.934
725.237 1945.970
725.527 1869.530
725.817 1791.453
726.107 1807.884
726.397 1834.771
726.686 1770.040
726.976 1785.487
727.266 1848.957
727.556 1871.735
727.846 1854.784
728.136 1854.273
728.426 1871.020
728.716 1864.326
729.005 1762.800
729.295 1690.923
729.585 1753.293
729.875 1810.340
730.165 1763.918
730.455 1802.416
730.745 1891.375
731.035 1929.111
731.324 1933.131
731.614 1896.847
731.904 1917.705
732.194 1942.809
732.484 1844.476
732.774 1797.394
733.064 1828.805
733.354 1806.642
733.643 1756.965
733.933 1757.994
734.223 1787.235
734.513 1811.419
734.803 1772.666
735.093 1802.468
735.383 1827.794
735.672 1805.996
735.962 1726.440
736.252 1652.970
736.542 1697.091
736.832 1751.511
737.122 1649.292
737.412 1636.142
737.702 1723.796
737.991 1767.192
738.281 1791.848
738.571 1825.039
738.861 1826.621
739.151 1872.529
739.441 1870.078
739.731 1882.842
740.021 1875.683
740.310 1857.262
740.600 1770.699
740.890 1789.904
741.180 1877.185
741.470 1895.915
741.760 1821.676
742.050 1906.060
742.339 1936.680
742.629 1915.989
742.919 1850.873
743.209 1802.431
743.499 1844.592
743.789 1871.006
744.079 1730.789
744.369 1748.151
744.658 1836.679
744.948 1860.578
745.238 1779.860
745.528 1756.732
745.818 1803.396
746.108 1891.395
746.398 1855.520
746.688 1848.644
746.977 1918.931
747.267 1969.648
747.557 1893.933
747.847 1804.674
748.137 1729.652
748.427 1759.566
748.717 1728.491
749.006 1716.103
749.296 1749.427
749.586 1776.956
749.876 1818.206
750.166 1868.188
750.456 1916.951
750.746 1925.882
751.036 1827.832
751.325 1816.778
751.615 1885.395
751.905 1866.186
752.195 1829.523
752.485 1834.654
752.775 1902.592
753.065 1964.545
753.355 1945.247
753.644 1973.630
753.934 1987.046
754.224 1968.039
754.514 1863.980
754.804 1811.400
755.094 1873.931
755.384 1902.934
755.674 1821.980
755.963 1883.260
756.253 2017.901
756.543 2056.855
756.833 1980.947
757.123 1876.299
757.413 1883.951
757.703 1917.243
757.992 1844.214
758.282 1800.087
758.572 1835.744
758.862 1914.043
759.152 1942.664
759.442 1910.696
759.732 1880.996
760.022 1878.265
760.311 1822.608
760.601 1822.658
760.891 1807.312
761.181 1781.137
761.471 1756.323
761.761 1816.621
762.051 1885.241
762.341 1879.937
762.630 1833.519
762.920 1831.410
763.210 1897.637
763.500 1928.586
763.793 1860.913
764.086 1819.268
764.379 1911.708
764.671 1948.001
764.964 1897.340
765.257 1891.361
765.550 1903.053
765.843 1886.376
766.136 1847.477
766.429 1734.768
766.722 1701.018
767.014 1720.364
767.307 1629.687
767.600 1606.118
767.893 1692.373
768.186 1739.670
768.479 1771.368
768.772 1797.583
769.064 1881.698
769.357 1924.552
769.650 1875.925
769.943 1838.098
770.236 1892.438
770.529 1929.000
770.822 1877.135
771.115 1865.310
771.407 1949.474
771.700 2028.295
771.993 1989.748
772.286 1934.352
772.579 1979.776
772.872 2030.278
773.165 1928.386
773.457 1869.609
773.750 1901.338
774.043 1929.595
774.336 1888.972
774.629 1839.929
774.922 1846.356
775.215 1893.032
775.508 1832.322
775.800 1749.032
776.093 1786.084
776.386 1859.908
776.679 1864.571
776.972 1882.290
777.265 1952.467
777.558 2019.487
777.850 2014.309
778.143 1998.089
778.436 1989.204
778.729 1941.596
779.022 1856.790
779.315 1798.401
779.608 1808.062
779.900 1812.648
780.193 1733.807
780.486 1736.564
780.779 1812.975
781.072 1843.652
781.365 1822.432
781.658 1836.391
781.951 1923.885
782.243 1963.942
782.536 1913.981
782.829 1929.198
783.122 2029.880
783.415 2093.788
783.708 2064.591
784.001 2039.213
784.293 2093.843
784.586 2112.538
784.879 2023.946
785.172 1956.231
785.465 1983.640
785.758 2028.166
786.051 1955.835
786.344 1924.112
786.636 1943.055
786.929 1949.407
787.222 1911.393
787.515 1912.531
787.808 1979.436
788.101 2039.535
788.394 2015.219
788.686 2020.122
788.979 2063.844
789.272 2072.593
789.565 1954.184
789.858 1829.046
790.151 1819.241
790.444 1837.854
790.737 1789.471
791.029 1806.919
791.322 1883.141
791.615 1919.782
791.908 1880.216
792.201 1902.197
792.494 1952.786
792.787 1977.043
793.079 1899.583
793.372 1884.782
793.665 1982.467
793.958 2043.266
794.251 1964.688
794.544 1925.026
794.837 1968.511
795.130 2030.506
795.422 1977.174
795.715 1898.958
796.008 1942.684
796.301 1997.990
796.594 1930.948
796.887 1836.560
797.180 1836.327
797.472 1843.455
797.765 1785.089
798.058 1681.342
798.351 1685.659
798.644 1782.981
798.937 1841.419
799.230 1806.561
799.523 1812.443
799.815 1863.028
800.108 1866.061
800.401 1882.655
800.694 1921.136
800.987 1949.404
801.280 1955.394
801.573 1964.537
801.865 1987.247
802.158 2016.744
802.451 1968.120
802.744 1947.141
803.037 1972.690
803.330 1972.270
803.623 1933.943
803.915 1925.842
804.208 1965.112
804.501 1942.295
804.794 1851.943
805.087 1834.224
805.380 1873.670
805.673 1901.234
805.966 1867.122
806.258 1881.145
806.551 1917.936
806.844 1899.042
807.137 1819.684
807.430 1853.663
807.723 1907.204
808.016 1917.514
808.308 1848.118
808.601 1884.913
808.894 1964.858
809.187 1991.225
809.480 1945.844
809.773 1942.567
810.066 1907.987
810.359 1860.943
810.651 1779.158
810.944 1727.314
811.237 1742.970
811.530 1675.533
811.825 1600.996
812.119 1661.218
812.414 1748.608
812.709 1798.034
813.003 1783.825
813.298 1904.615
813.593 2064.612
813.887 2110.376
814.182 2068.544
814.476 2036.624
814.771 2019.198
815.066 2030.738
815.360 1888.238
815.655 1823.537
815.950 1857.200
816.244 1880.716
816.539 1903.801
816.834 1999.320
817.128 2057.772
817.423 2023.139
817.718 1937.370
818.012 1915.770
818.307 1956.910
818.602 1953.286
818.896 1878.014
819.191 1926.071
819.486 2082.618
819.780 2132.422
820.075 2085.945
820.369 2088.514
820.664 2136.564
820.959 2138.137
821.253 2047.469
821.548 1971.926
821.843 2015.210
822.137 2025.816
822.432 1967.373
822.727 1948.147
823.021 1976.561
823.316 1960.633
823.611 1898.989
823.905 1880.829
824.200 1953.765
824.495 1979.980
824.789 1933.058
825.084 1965.754
825.379 2051.484
825.673 2122.173
825.968 2111.059
826.262 2095.815
826.557 2143.975
826.852 2210.710
827.146 2148.570
827.441 2037.087
827.736 2043.024
828.030 2073.578
828.325 2004.396
828.620 2039.885
828.914 2084.873
829.209 2089.805
829.504 2107.044
829.798 2026.710
830.093 2005.863
830.388 2036.094
830.682 1900.798
830.977 1797.793
831.271 1807.888
831.566 1849.936
831.861 1890.661
832.155 1870.366
832.450 1868.307
832.745 1922.956
833.039 1900.312
833.334 1858.877
833.629 1852.901
833.923 1827.426
834.218 1760.746
834.513 1744.384
834.807 1722.887
835.102 1713.175
835.397 1671.776
835.691 1641.664
835.986 1668.795
836.281 1695.030
836.575 1653.229
836.870 1659.043
837.164 1699.285
837.459 1718.769
837.754 1698.486
838.048 1702.469
838.343 1754.740
838.638 1790.133
838.932 1773.568
839.227 1769.492
839.522 1813.211
839.816 1846.302
840.111 1817.902
840.406 1887.134
840.700 1991.266
840.995 2048.465
841.290 2053.288
841.584 2076.710
841.879 2088.074
842.174 2143.387
842.468 2084.617
842.763 2040.039
843.057 2060.322
843.352 2078.027
843.647 2037.528
843.941 2070.914
844.236 2114.507
844.531 2155.763
844.825 2146.439
845.120 2160.178
845.415 2164.534
845.709 2205.009
846.004 2203.501
846.299 2168.265
846.593 2134.077
846.888 2101.141
847.183 2030.703
847.477 2041.416
847.772 2075.474
848.066 2054.637
848.361 2001.096
848.656 1950.228
848.950 2040.772
849.245 2125.665
849.540 2090.730
849.834 2057.114
850.129 2128.365
850.424 2162.583
850.718 2173.991
851.013 2142.480
851.308 2193.932
851.602 2249.163
851.897 2220.702
852.192 2238.693
852.486 2333.028
852.781 2407.837
853.076 2380.792
853.370 2270.401
853.665 2303.754
853.959 2340.519
854.254 2208.547
854.549 2144.317
854.843 2179.301
855.138 2171.597
855.433 2182.205
855.727 2165.056
856.022 2175.119
856.317 2236.759
856.611 2189.868
856.906 2159.286
857.201 2223.801
857.495 2205.151
857.790 2116.442
858.085 2075.456
858.379 2088.615
858.674 2077.352
858.969 1965.443
859.263 1907.510
859.558 1985.313
859.852 1990.543
860.147 1966.996
860.442 1981.023
860.736 2040.096
861.031 2125.810
861.326 2107.758
861.620 2023.636
861.915 2103.084
862.210 2147.965
862.504 2065.327
862.799 2028.094
863.094 2007.297
863.388 1983.192
863.683 1931.506
863.978 1862.026
864.272 1843.458
864.567 1820.466
864.861 1760.873
865.156 1768.922
865.451 1840.767
865.745 1975.404
866.040 2013.243
866.335 2018.468
866.629 2113.303
866.924 2167.644
867.219 2115.656
867.513 2079.073
867.808 2051.179
868.103 2024.713
868.397 1980.503
868.692 1957.997
868.987 1998.319
869.281 1987.196
869.576 1899.177
869.871 1827.446
870.165 1804.691
870.460 1803.924
870.754 1744.674
871.049 1681.684
871.344 1739.084
871.638 1789.621
871.933 1798.274
872.228 1891.992
872.522 1969.713
872.817 2018.760
873.112 1996.599
873.406 1952.005
873.701 1967.365
873.996 1972.656
874.290 1886.047
874.585 1843.590
874.880 1848.381
875.174 1857.862
875.469 1815.399
875.764 1776.337
876.058 1779.078
876.353 1781.021
876.647 1758.082
876.942 1760.042
877.237 1817.977
877.531 1863.818
877.826 1856.224
878.121 1865.680
878.415 1876.976
878.710 1866.407
879.005 1766.678
879.299 1672.958
879.594 1683.292
879.889 1710.324
880.183 1655.603
880.478 1642.374
880.773 1665.254
881.067 1711.072
881.362 1710.607
881.656 1708.918
881.951 1732.199
882.246 1736.016
882.540 1684.903
882.835 1644.300
883.130 1689.830
883.424 1741.799
883.719 1695.005
884.014 1663.749
884.308 1714.382
884.603 1756.877
884.898 1739.733
885.192 1722.145
885.487 1741.401
885.782 1727.779
886.076 1689.091
886.371 1614.794
886.666 1599.871
886.960 1663.264
887.255 1650.790
887.549 1649.863
887.844 1706.871
888.139 1733.246
888.433 1752.215
888.728 1735.091
889.023 1722.052
889.317 1722.351
889.612 1683.902
889.907 1677.864
890.201 1705.716
890.496 1699.799
890.791 1687.256
891.085 1694.789
891.380 1684.159
891.675 1660.373
891.969 1626.381
892.264 1597.281
892.559 1632.654
892.853 1677.541
893.148 1622.636
893.442 1597.237
893.737 1631.560
894.032 1607.958
894.326 1576.616
894.621 1573.803
894.916 1575.128
895.210 1577.909
895.505 1578.435
895.800 1565.872
896.094 1611.466
896.389 1616.236
896.684 1573.985
896.978 1564.411
897.273 1609.643
897.568 1647.653
897.862 1634.445
898.157 1670.516
898.451 1759.855
898.746 1786.486
899.041 1760.497
899.335 1772.357
899.630 1813.611
899.925 1819.027
900.219 1730.485
900.514 1733.320
900.809 1751.730
901.103 1746.873
901.398 1732.279
901.693 1669.381
901.987 1659.885
902.282 1690.972
902.577 1625.489
902.871 1629.131
903.166 1691.359
903.461 1656.978
903.755 1624.024
904.050 1624.604
904.344 1645.968
904.639 1626.118
904.934 1580.290
905.228 1588.107
905.523 1646.284
905.818 1673.734
906.112 1693.479
906.407 1718.545
906.702 1758.989
906.996 1797.918
907.291 1741.551
907.586 1733.172
907.880 1817.382
908.175 1846.960
908.470 1808.058
908.764 1798.140
909.059 1804.801
909.354 1840.780
909.648 1845.738
909.943 1858.138
910.237 1893.434
910.532 1932.450
910.827 1916.429
911.121 1912.470
911.416 1939.843
911.711 1941.702
912.005 1880.722
912.300 1858.303
912.599 1882.305
912.898 1915.239
913.196 1869.165
913.495 1844.638
913.794 1893.450
914.093 1912.431
914.391 1895.649
914.690 1862.494
914.989 1850.806
915.288 1845.547
915.586 1783.617
915.885 1733.956
916.184 1752.054
916.483 1757.947
916.782 1746.320
917.080 1806.461
917.379 1925.992
917.678 1979.427
917.977 1957.995
918.275 1948.085
918.574 1941.462
918.873 1935.626
919.172 1877.057
919.471 1806.908
919.769 1818.508
920.068 1831.676
920.367 1760.824
920.666 1724.406
920.964 1776.471
921.263 1774.378
921.562 1740.513
921.861 1735.869
922.159 1765.803
922.458 1824.675
922.757 1871.858
923.056 1850.691
923.355 1849.418
923.653 1875.798
923.952 1864.602
924.251 1823.666
924.550 1819.570
924.848 1789.489
925.147 1741.847
925.446 1763.370
925.745 1769.887
926.043 1768.550
926.342 1776.537
926.641 1810.760
926.940 1856.042
927.239 1908.314
927.537 1927.592
927.836 1976.476
928.135 2063.083
928.434 2110.946
928.732 2061.519
929.031 2037.955
929.330 2039.031
929.629 2029.386
929.927 1989.066
930.226 1918.504
930.525 1941.913
930.824 1999.161
931.123 2014.105
931.421 2037.862
931.720 2072.907
932.019 2089.699
932.318 2074.935
932.616 2034.398
932.915 2045.647
933.214 2053.126
933.513 2050.191
933.812 2038.460
934.110 2156.325
934.409 2291.274
934.708 2309.668
935.007 2333.141
935.305 2408.728
935.604 2433.217
935.903 2444.154
936.202 2418.530
936.500 2437.787
936.799 2471.685
937.098 2442.873
937.397 2448.741
937.696 2469.738
937.994 2477.439
938.293 2427.497
938.592 2419.970
938.891 2527.757
939.189 2571.841
939.488 2571.805
939.787 2590.528
940.086 2632.362
940.384 2662.495
940.683 2692.056
940.982 2710.119
941.281 2762.149
941.580 2783.107
941.878 2783.479
942.177 2766.487
942.476 2772.251
942.775 2728.505
943.073 2649.698
943.372 2648.306
943.671 2644.216
943.970 2639.958
944.268 2650.719
944.567 2663.561
944.866 2625.271
945.165 2592.580
945.464 2560.830
945.762 2615.295
946.061 2701.328
946.360 2712.540
946.659 2671.012
946.957 2724.907
947.256 2772.307
947.555 2734.044
947.854 2625.243
948.153 2535.979
948.451 2590.368
948.750 2613.375
949.049 2542.297
949.348 2558.327
949.646 2619.277
949.945 2640.490
950.244 2592.834
950.543 2478.020
950.841 2470.552
951.140 2473.531
951.439 2391.171
951.738 2391.508
952.037 2409.337
952.335 2427.186
952.634 2361.885
952.933 2364.385
953.232 2451.711
953.530 2467.017
953.829 2385.051
954.128 2365.943
954.427 2448.790
954.725 2540.872
955.024 2464.779
955.323 2385.695
955.622 2366.253
955.921 2333.271
956.219 2272.043
956.518 2184.011
956.817 2147.529
957.116 2118.820
957.414 2012.997
957.713 2009.201
958.012 2072.419
958.311 2098.606
958.610 2062.536
958.908 2110.031
959.207 2223.754
959.506 2303.636
959.805 2251.943
960.103 2193.447
960.402 2173.656
960.701 2164.537
961.000 2090.228
961.298 2041.671
961.597 2077.217
961.896 2105.890
962.195 2058.670
962.494 2034.583
962.792 2054.622
963.091 2063.820
963.390 2037.847
963.689 2022.366
963.987 2052.773
964.286 2087.863
964.585 2120.990
964.884 2228.368
965.182 2349.089
965.481 2404.816
965.780 2363.059
966.080 2340.031
966.380 2401.180
966.680 2380.757
966.981 2249.977
967.281 2167.420
967.581 2154.360
967.881 2149.631
968.181 2074.351
968.481 2026.922
968.781 2074.688
969.082 2095.143
969.382 2073.767
969.682 2030.422
969.982 2035.949
970.282 2102.076
970.582 2071.484
970.882 2014.478
971.183 2052.509
971.483 2072.297
971.783 2060.841
972.083 2078.226
972.383 2052.874
972.683 2046.798
972.983 2035.423
973.284 1997.657
973.584 2020.165
973.884 2009.081
974.184 1931.908
974.484 1913.942
974.784 1956.169
975.084 1949.967
975.385 1910.894
975.685 1869.996
975.985 1885.677
976.285 1906.717
976.585 1892.412
976.885 1864.833
977.185 1926.541
977.486 1960.304
977.786 1896.060
978.086 1862.769
978.386 1892.112
978.686 1923.490
978.986 1884.418
979.286 1815.822
979.587 1774.663
979.887 1791.812
980.187 1784.691
980.487 1835.428
980.787 1852.736
981.087 1846.758
981.387 1817.066
981.688 1851.945
981.988 1906.538
982.288 1938.418
982.588 1855.583
982.888 1850.605
983.188 1945.627
983.488 1999.934
983.789 1971.956
984.089 1921.978
984.389 1933.429
984.689 1955.308
984.989 1914.615
985.289 1832.494
985.589 1810.373
985.890 1813.252
986.190 1797.560
986.490 1803.582
986.790 1844.032
987.090 1830.768
987.390 1841.790
987.690 1870.383
987.991 1869.262
988.291 1864.855
988.591 1843.877
988.891 1820.470
989.191 1888.206
989.491 1938.799
989.791 1909.534
990.092 1938.842
990.392 1966.292
990.692 1956.742
990.992 1911.192
991.292 1886.499
991.592 1893.092
991.892 1893.828
992.193 1847.278
992.493 1848.013
992.793 1878.892
993.093 1908.342
993.393 1886.649
993.693 1853.813
993.993 1890.691
994.294 1930.570
994.594 1913.591
994.894 1874.041
995.194 1855.062
995.494 1846.655
995.794 1826.533
996.094 1756.411
996.395 1713.861
996.695 1705.025
996.995 1673.046
997.295 1643.781
997.595 1655.802
997.895 1644.681
998.195 1673.702
998.496 1687.723
998.796 1750.601
999.096 1809.907
999.396 1857.500
999.696 1896.663
999.996 1940.256
1000.296 1952.705
1000.597 2021.726
1000.897 1995.175
1001.197 1974.196
1001.497 1972.217
1001.797 1919.666
1002.097 1946.401
1002.397 1999.851
1002.698 1934.300
1002.998 1897.321
1003.298 1935.770
1003.598 1983.791
1003.898 2004.240
1004.198 1944.118
1004.498 1920.710
1004.799 1982.016
1005.099 2017.036
1005.399 1958.486
1005.699 1941.220
1005.999 2005.384
1006.299 2013.547
1006.599 1965.282
1006.900 1936.302
1007.200 1939.894
1007.500 1953.200
1007.800 1903.935
1008.100 1831.098
1008.400 1845.261
1008.700 1895.139
1009.001 1904.588
1009.301 1949.037
1009.601 2023.914
1009.901 2075.934
1010.201 2065.812
1010.501 2073.261
1010.801 2029.995
1011.102 1969.872
1011.402 1920.035
1011.702 1883.198
1012.002 1884.933
1012.302 1907.953
1012.602 1878.116
1012.902 1932.422
1013.203 1966.442
1013.503 1957.462
1013.803 1908.910
1014.103 1855.502
1014.403 1895.950
1014.703 1954.542
1015.003 1879.419
1015.304 1850.582
1015.604 1875.459
1015.904 1920.621
1016.204 1915.498
1016.504 1868.518
1016.804 1821.967
1017.104 1834.986
1017.405 1846.435
1017.705 1849.740
1018.005 1808.474
1018.305 1788.208
1018.605 1816.371
1018.905 1867.105
1019.205 1935.553
1019.506 1971.287
1019.806 1938.164
1020.106 1984.184
1020.406 2084.632
1020.706 2072.080
1021.006 2023.385
1021.306 1995.119
1021.607 1983.853
1021.907 1981.158
1022.207 1931.321
1022.507 1856.054
1022.807 1861.074
1023.107 1848.522
1023.407 1800.827
1023.708 1785.132
1024.008 1774.723
1024.308 1793.457
1024.608 1852.190
1024.908 1888.067
1025.208 1909.372
1025.508 1938.963
1025.809 1930.982
1026.109 1972.001
1026.409 2032.020
1026.709 1975.611
1027.009 1902.916
1027.309 1941.364
1027.609 2013.526
1027.910 2108.402
1028.210 2147.278
1028.510 2145.583
1028.810 2266.745
1029.110 2323.622
1029.410 2271.783
1029.710 2190.231
1030.011 2149.679
1030.311 2125.269
1030.611 2075.288
1030.911 2028.879
1031.211 2068.041
1031.511 2080.774
1031.811 2048.507
1032.112 2021.240
1032.412 2054.116
1032.712 2059.564
1033.012 1985.154
1033.312 1907.173
1033.612 1898.049
1033.912 1922.639
1034.212 1900.944
1034.513 1809.963
1034.813 1807.838
1035.113 1832.143
1035.413 1808.305
1035.713 1845.466
1036.013 1896.342
1036.313 1886.218
1036.614 1921.379
1036.914 1920.969
1037.214 1935.988
1037.514 1948.292
1037.814 1885.882
1038.114 1813.615
1038.414 1796.777
1038.715 1791.510
1039.015 1774.100
1039.315 1727.118
1039.615 1741.422
1039.915 1760.298
1040.215 1780.031
1040.515 1807.335
1040.816 1786.496
1041.116 1773.229
1041.416 1802.533
1041.716 1816.266
1042.016 1838.856
1042.316 1850.731
1042.616 1840.321
1042.917 1910.768
1043.217 1982.072
1043.517 1958.804
1043.817 1910.823
1044.117 1898.984
1044.417 1969.002
1044.717 2015.735
1045.018 1946.753
1045.318 1874.914
1045.618 1887.789
1045.918 1925.807
1046.218 1900.397
1046.518 1879.844
1046.818 1896.290
1047.119 1918.023
1047.419 1942.041
1047.719 1954.202
1048.019 1988.220
1048.319 1988.381
1048.619 1923.684
1048.919 1884.417
1049.220 1864.149
1049.520 1875.024
1049.820 1859.899
1050.120 1850.631
1050.420 1932.221
1050.720 1971.810
1051.020 1941.257
1051.321 1934.132
1051.621 1904.435
1051.921 1874.596
1052.221 1851.042
1052.521 1828.489
1052.821 1882.792
1053.121 1925.524
1053.422 2013.828
1053.722 2076.703
1054.022 2117.149
1054.322 2094.167
1054.622 2042.756
1054.922 2013.488
1055.222 2061.505
1055.523 2020.237
1055.823 1973.541
1056.123 1957.558
1056.423 1944.862
1056.723 1954.879
1057.023 1905.611
1057.323 1862.914
1057.624 1851.932
1057.924 1864.807
1058.224 1849.967
1058.524 1879.699
1058.824 1922.716
1059.124 1930.162
1059.424 1893.323
1059.725 1882.340
1060.025 1892.500
1060.325 1899.375
1060.625 1892.249
1060.925 1855.838
1061.225 1893.713
1061.525 1908.587
1061.826 1899.176
1062.126 1908.622
1062.426 2002.354
1062.726 2042.514
1063.026 2051.531
1063.326 2041.691
1063.626 2050.565
1063.927 2076.011
1064.227 2056.314
1064.527 1937.760
1064.827 1898.206
1065.127 1896.651
1065.427 1881.669
1065.727 1852.543
1066.028 1825.703
1066.328 1820.291
1066.628 1844.023
1066.928 1843.183
1067.228 1811.771
1067.528 1789.645
1067.828 1813.091
1068.129 1820.251
1068.429 1808.839
1068.729 1830.571
1069.029 1864.730
1069.329 1943.319
1069.629 1996.336
1069.929 1991.638
1070.230 1999.370
1070.530 2024.958
1070.830 2063.403
1071.130 2066.277
1071.430 1994.294
1071.730 1979.454
1072.030 2029.042
1072.331 2043.202
1072.631 2010.647
1072.931 1964.807
1073.231 1985.109
1073.531 2030.126
1073.831 1976.571
1074.131 1887.302
1074.432 1842.748
1074.732 1836.907
1075.032 1802.781
1075.332 1733.512
1075.632 1710.529
1075.932 1717.831
1076.232 1724.991
1076.533 1749.436
1076.833 1779.309
1077.133 1788.326
1077.433 1761.343
1077.733 1763.073
1078.033 1831.947
1078.333 1862.821
1078.634 1854.837
1078.934 1893.854
1079.234 1960.013
1079.534 2007.315
1079.834 1989.189
1080.134 1949.634
1080.434 1915.365
1080.735 1897.952
1081.035 1842.683
1081.335 1801.414
1081.635 1815.430
1081.935 1846.732
1082.235 1841.320
1082.535 1927.336
1082.836 2020.353
1083.136 2041.655
1083.436 2017.099
1083.736 2000.401
1084.036 1995.132
1084.336 2022.863
1084.636 1992.879
1084.937 1969.752
1085.237 1989.625
1085.537 2057.070
1085.837 2062.801
1086.137 2066.960
1086.437 2106.262
1086.737 2119.563
1087.038 2045.437
1087.338 1959.596
1087.638 1932.326
1087.938 1947.913
1088.238 1942.072
1088.538 1838.231
1088.838 1850.819
1089.139 1929.263
1089.439 1988.851
1089.739 1966.867
1090.039 1963.597
1090.339 1924.756
1090.639 1928.058
1090.939 1889.788
1091.240 1891.089
1091.540 1926.248
1091.840 1932.978
1092.140 1907.851
1092.453 1946.296
1092.766 1972.312
1093.079 1944.327
1093.392 1920.486
1093.705 1925.502
1094.018 1966.375
1094.330 1966.819
1094.643 1995.549
1094.956 2021.565
1095.269 2043.295
1095.582 1996.025
1095.895 1976.898
1096.208 1980.628
1096.521 2029.787
1096.834 2002.088
1097.147 1971.104
1097.460 1972.548
1097.773 1983.421
1098.085 1913.436
1098.398 1885.738
1098.711 1913.325
1099.024 1930.054
1099.337 1917.356
1099.650 1906.943
1099.963 1960.244
1100.276 2018.831
1100.589 1987.847
1100.902 1909.005
1101.215 1909.592
1101.528 1975.322
1101.841 1964.908
1102.153 1908.638
1102.466 1933.368
1102.779 1968.098
1103.092 1973.685
1103.405 1983.986
1103.718 1975.715
1104.031 2009.731
1104.344 2005.746
1104.657 1985.047
1104.970 2001.634
1105.283 2038.649
1105.596 2012.807
1105.909 1950.823
1106.221 1892.981
1106.534 1871.425
1106.847 1828.011
1107.160 1745.598
1107.473 1717.042
1107.786 1704.057
1108.099 1684.644
1108.412 1761.373
1108.725 1840.388
1109.038 1850.404
1109.351 1883.704
1109.664 1877.720
1109.977 1894.306
1110.289 1939.750
1110.602 1881.051
1110.915 1835.494
1111.228 1820.795
1111.541 1808.382
1111.854 1785.682
1112.167 1749.412
1112.480 1767.855
1112.793 1798.013
1113.106 1764.457
1113.419 1797.186
1113.732 1847.915
1114.044 1876.073
1114.357 1877.802
1114.670 1878.103
1114.983 1903.261
1115.296 1959.133
1115.609 1959.148
1115.922 1944.448
1116.235 1952.178
1116.548 1964.621
1116.861 1932.779
1117.174 1887.651
1117.487 1900.237
1117.800 1904.537
1118.112 1886.981
1118.425 1879.424
1118.738 1918.153
1119.051 1932.025
1119.364 1951.040
1119.677 1990.769
1119.990 2015.927
1120.303 2032.227
1120.616 2039.670
1120.929 2046.971
1121.242 2084.557
1121.555 2033.857
1121.868 1922.586
1122.180 1912.601
1122.493 1948.615
1122.806 1954.487
1123.119 1887.930
1123.432 1841.374
1123.745 1951.674
1124.058 2035.688
1124.371 2012.274
1124.684 1934.003
1124.997 1875.446
1125.310 1887.318
1125.623 1884.190
1125.935 1829.633
1126.248 1857.933
1126.561 1903.376
1126.874 1934.962
1127.187 1996.119
1127.500 2054.419
1127.813 2106.005
1128.126 2072.448
1128.439 1932.891
1128.752 1879.620
1129.065 1875.920
1129.378 1836.077
1129.691 1772.663
1130.003 1750.535
1130.316 1778.692
1130.629 1814.992
1130.942 1834.292
1131.255 1889.306
1131.568 1913.320
1131.881 1891.906
1132.194 1906.777
1132.507 1902.649
1132.820 1922.663
1133.133 1964.249
1133.446 1947.263
1133.759 1989.277
1134.071 2088.720
1134.384 2063.020
1134.697 2048.034
1135.010 2050.334
1135.323 1994.062
1135.636 1949.505
1135.949 1904.091
1136.262 1857.819
1136.575 1845.262
1136.888 1858.276
1137.201 1871.147
1137.514 1906.018
1137.826 1987.461
1138.139 2042.475
1138.452 2101.775
1138.765 2174.360
1139.078 2216.945
1139.391 2211.674
1139.704 2188.688
1140.017 2140.273
1140.330 2089.001
1140.643 2017.872
1140.956 1939.029
1141.269 1950.472
1141.582 1974.914
1141.894 1990.071
1142.207 1973.371
1142.520 1954.527
1142.833 1943.827
1143.146 1959.269
1143.459 1907.426
1143.772 1889.011
1144.085 1837.454
1144.398 1832.325
1144.711 1892.481
1145.024 1920.924
1145.337 1929.795
1145.650 1898.666
1145.962 1939.679
1146.275 2009.693
1146.588 1998.278
1146.901 1944.578
1147.214 1927.734
1147.527 1938.462
1147.840 1961.762
1148.153 1928.204
1148.466 1885.646
1148.779 1943.231
1149.092 1976.531
1149.405 1966.259
1149.718 1926.844
1150.030 1939.429
1150.343 1949.014
1150.656 1945.884
1150.969 1907.612
1151.282 1825.054
1151.595 1780.211
1151.908 1818.510
1152.221 1828.524
1152.534 1881.823
1152.847 1955.122
1153.160 1967.993
1153.473 2077.435
1153.785 2183.163
1154.098 2174.462
1154.411 2141.761
1154.724 2107.203
1155.037 2063.645
1155.350 2050.230
1155.663 1961.529
1155.976 1868.114
1156.289 1821.556
1156.602 1817.855
1156.915 1764.583
1157.228 1780.739
1157.541 1848.466
1157.853 1888.765
1158.166 1909.922
1158.479 1962.792
1158.792 2013.377
1159.105 2036.819
1159.418 2011.689
1159.731 1965.274
1160.044 1945.001
1160.357 1977.586
1160.670 1995.742
1160.983 1983.470
1161.296 1990.197
1161.609 1931.496
1161.921 1864.366
1162.234 1861.808
1162.547 1874.107
1162.860 1832.977
1163.173 1792.705
1163.486 1786.004
1163.799 1844.160
1164.112 1864.601
1164.425 1848.472
1164.738 1816.771
1165.051 1867.212
1165.364 1910.797
1165.676 1913.667
1165.989 1931.537
1166.302 2025.836
1166.615 2089.849
1166.928 2102.719
1167.241 2082.018
1167.554 2055.174
1167.867 2030.472
1168.180 1975.485
1168.493 1937.498
1168.806 1947.940
1169.119 1939.953
1169.432 1895.823
1169.744 1920.407
1170.057 1965.849
1170.370 2008.005
1170.683 1950.160
1170.996 1916.173
1171.309 1979.329
1171.622 2016.485
1171.935 1986.498
1172.248 1978.511
1172.561 2004.381
1172.874 2049.965
1173.187 2047.978
1173.500 2029.562
1173.812 2015.003
1174.125 1991.730
1174.438 2012.172
1174.751 2001.184
1175.064 1970.769
1175.377 1950.781
1175.690 1883.651
1176.003 1867.235
1176.316 1897.820
1176.629 1818.547
1176.942 1759.416
1177.255 1807.572
1177.567 1846.442
1177.880 1887.169
1178.193 1927.467
1178.506 1925.623
1178.819 1992.064
1179.132 2031.362
1179.445 1960.232
1179.758 1963.102
1180.071 1996.400
1180.384 2000.841
1180.697 2032.425
1181.010 2048.152
1181.323 2056.165
1181.635 2062.034
1181.948 2029.476
1182.261 2048.202
1182.574 2091.929
1182.887 2079.227
1183.200 2030.240
1183.513 2022.110
1183.826 2045.836
1184.139 2023.420
1184.452 1934.004
1184.765 1835.731
1185.078 1797.029
1185.391 1756.041
1185.703 1729.768
1186.016 1800.352
1186.329 1863.079
1186.642 1914.948
1186.955 1925.532
1187.268 1972.116
1187.581 2041.414
1187.894 2073.426
1188.207 1964.439
1188.520 1874.451
1188.833 1827.606
1189.146 1835.047
1189.459 1783.202
1189.771 1780.357
1190.084 1810.084
1190.397 1869.525
1190.710 1909.109
1191.023 1938.264
1191.336 1939.704
1191.649 1953.860
1191.962 1929.729
1192.275 1875.741
1192.588 1876.896
1192.901 1920.194
1193.214 1878.921
1193.526 1913.647
1193.839 1958.802
1194.152 1936.243
1194.465 1902.255
1194.778 1896.267
1195.091 1920.279
1195.404 1922.863
1195.717 1832.018
1196.030 1809.744
1196.343 1874.471
1196.656 1935.768
1196.969 1960.352
1197.282 1976.507
1197.594 2021.948
1197.907 2042.245
1198.220 1997.257
1198.533 1957.698
1198.846 1979.853
1199.159 1930.865
1199.472 1840.877
1199.785 1826.175
1200.098 1886.615
1200.411 1903.341
1200.724 1848.639
1201.037 1825.365
1201.350 1878.520
1201.662 1748.675
1201.975 1714.943
1202.288 1645.715
1202.601 1627.371
