537.190 256.055
537.230 236.094
537.270 184.402
537.310 163.579
537.350 218.693
537.390 286.958
537.430 269.517
537.470 254.226
537.510 316.515
537.550 379.813
537.590 430.117
537.630 457.144
537.670 496.179
537.710 518.364
537.750 473.843
537.790 402.329
537.830 435.250
537.870 435.465
537.910 377.259
537.950 381.060
537.990 496.582
538.030 560.682
538.070 577.218
538.110 514.476
538.150 504.883
538.190 528.153
538.230 459.717
538.270 301.715
538.310 308.005
538.350 344.302
538.390 343.605
538.430 392.915
538.470 440.945
538.510 445.124
538.560 449.023
538.600 458.786
538.640 545.125
538.680 616.471
538.720 537.822
538.760 530.322
538.800 603.256
538.840 622.910
538.880 531.283
538.920 454.662
538.960 473.332
539.000 569.722
539.040 568.688
539.080 516.516
539.120 558.921
539.160 585.188
539.200 525.317
539.240 455.308
539.280 510.303
539.320 511.161
539.360 474.451
539.400 490.746
539.440 576.903
539.480 631.207
539.520 632.658
539.560 546.256
539.600 552.859
539.640 611.465
539.680 560.933
539.720 494.261
539.760 504.022
539.800 500.645
539.840 436.842
539.880 404.329
539.920 503.533
539.960 545.456
540.000 503.524
540.040 436.882
540.080 491.386
540.120 559.180
540.160 561.547
540.200 523.204
540.240 584.149
540.280 669.526
540.320 731.049
540.360 721.146
540.400 730.389
540.440 696.492
540.480 577.597
540.520 515.277
540.560 524.816
540.600 537.215
540.640 530.331
540.680 518.877
540.720 571.140
540.760 624.263
540.800 586.959
540.840 570.086
540.880 609.072
540.920 583.060
540.960 521.765
541.000 554.185
541.040 624.893
541.080 662.460
541.120 612.600
541.160 578.457
541.200 621.028
541.240 656.173
541.280 579.606
541.320 510.325
541.360 510.188
541.400 529.768
541.440 479.777
541.480 483.787
541.520 558.227
541.560 568.668
541.600 576.110
541.640 615.696
541.680 691.425
541.720 739.727
541.760 722.316
541.800 636.905
541.840 599.924
541.880 581.800
541.920 542.677
541.960 515.983
542.000 569.004
542.040 598.311
542.080 620.476
542.120 701.927
542.160 734.378
542.200 705.543
542.240 653.709
542.280 603.732
542.320 553.327
542.360 533.636
542.400 503.231
542.440 533.825
542.480 640.563
542.520 690.586
542.560 647.323
542.600 663.632
542.640 701.368
542.680 689.248
542.720 646.984
542.760 662.434
542.800 727.455
542.840 762.618
542.880 732.781
542.920 749.800
542.970 858.248
543.010 900.552
543.050 795.426
543.090 737.729
543.130 846.316
543.170 899.903
543.210 855.060
543.250 783.931
543.290 805.657
543.330 810.955
543.370 732.537
543.410 604.975
543.450 647.840
543.490 731.562
543.530 711.568
543.570 682.715
543.610 747.719
543.650 793.007
543.690 796.294
543.730 794.865
543.770 819.149
543.810 819.003
543.850 767.570
543.890 753.564
543.930 761.271
543.970 743.262
544.010 667.965
544.050 567.239
544.090 689.225
544.130 761.066
544.170 709.192
544.210 761.172
544.250 858.580
544.290 911.557
544.330 960.533
544.370 925.078
544.410 967.478
544.450 980.019
544.490 917.987
544.530 907.953
544.570 950.631
544.610 951.449
544.650 842.266
544.690 784.938
544.730 829.036
544.770 825.847
544.810 758.083
544.850 753.604
544.890 778.836
544.930 808.066
544.970 748.151
545.010 707.090
545.050 772.170
545.090 825.820
545.130 746.467
545.170 704.254
545.210 769.753
545.250 812.250
545.290 792.458
545.330 752.093
545.370 780.582
545.410 824.783
545.450 797.267
545.490 748.605
545.530 811.655
545.570 859.703
545.610 826.033
545.650 789.076
545.690 789.401
545.730 838.580
545.770 826.757
545.810 745.788
545.850 746.817
545.890 777.414
545.930 744.580
545.960 706.457
546.000 732.188
546.040 743.345
546.080 727.642
546.120 681.651
546.160 683.085
546.200 705.516
546.240 740.944
546.280 758.226
546.320 818.505
546.360 895.067
546.400 917.769
546.440 950.468
546.480 1017.449
546.520 1020.570
546.560 970.260
546.600 925.089
546.640 931.629
546.680 968.024
546.720 916.415
546.760 917.232
546.800 959.902
546.840 945.855
546.880 930.948
546.920 930.323
546.960 918.124
547.000 917.493
547.040 878.573
547.080 910.364
547.120 961.294
547.160 969.221
547.200 911.145
547.240 918.637
547.280 975.983
547.320 967.182
547.360 882.664
547.400 909.285
547.440 986.618
547.480 985.947
547.520 941.844
547.560 962.166
547.600 968.342
547.640 945.086
547.680 876.255
547.720 843.706
547.760 877.583
547.800 911.456
547.840 854.611
547.880 824.191
547.920 861.339
547.960 870.770
548.000 812.626
548.040 804.478
548.080 838.469
548.120 870.886
548.160 894.013
548.200 933.566
548.240 995.400
548.280 1014.231
548.320 1003.630
548.360 974.454
548.400 945.703
548.440 935.805
548.480 895.761
548.520 856.285
548.560 897.234
548.600 923.465
548.640 902.264
548.680 964.060
548.720 1075.709
548.760 1124.497
548.800 1101.710
548.840 1057.348
548.880 1101.697
548.920 1140.042
548.960 1096.240
549.000 1060.150
549.040 1055.627
549.080 1082.814
549.120 1104.141
549.160 1065.465
549.200 1006.927
549.240 957.815
549.280 909.270
549.320 889.579
549.360 928.884
549.400 940.900
549.440 913.340
549.480 969.206
549.520 1050.354
549.560 1035.640
549.600 1005.352
549.640 1001.060
549.680 1037.193
549.720 1060.608
549.760 1057.877
549.800 1060.142
549.840 1107.117
549.880 1118.375
549.920 1056.771
549.960 1036.450
550.000 1034.125
550.040 1020.225
550.080 963.179
550.120 895.557
550.160 961.218
550.200 1007.017
550.240 961.099
550.280 1056.606
550.320 1175.680
550.350 1217.751
550.390 1203.103
550.430 1172.452
550.470 1213.798
550.510 1258.425
550.550 1162.763
550.590 1090.526
550.630 1104.143
550.670 1162.755
550.710 1137.222
550.750 1110.970
550.790 1174.572
550.830 1197.599
550.870 1141.907
550.910 1153.641
550.950 1167.657
550.990 1162.812
551.030 1113.106
551.070 1029.968
551.110 1066.684
551.150 1121.110
551.190 1067.961
551.230 1008.237
551.270 983.510
551.310 959.493
551.350 907.901
551.390 850.162
551.430 818.135
551.470 815.532
551.510 842.925
551.550 940.458
551.590 1019.559
551.630 1046.084
551.670 997.606
551.710 996.982
551.750 1071.640
551.790 1079.151
551.830 983.944
551.870 990.163
551.910 1110.092
551.950 1185.732
551.990 1180.939
552.030 1202.286
552.070 1285.630
552.110 1307.255
552.150 1230.163
552.190 1144.353
552.230 1192.682
552.270 1233.294
552.310 1152.901
552.350 1035.220
552.390 1102.107
552.430 1163.704
552.470 1145.440
552.510 1154.459
552.550 1243.046
552.590 1312.058
552.630 1368.638
552.660 1321.071
552.700 1308.929
552.740 1321.070
552.780 1210.064
552.820 1105.770
552.860 1117.900
552.900 1134.884
552.940 1130.150
552.980 1168.127
553.020 1242.815
553.060 1318.499
553.100 1283.323
553.140 1230.715
553.180 1251.103
553.220 1263.631
553.260 1203.013
553.300 1142.248
553.340 1119.909
553.380 1153.280
553.420 1129.934
553.460 1076.441
553.500 1111.517
553.540 1137.589
553.580 1127.514
553.620 1138.008
553.660 1143.927
553.700 1137.700
553.740 1131.327
553.780 1080.236
553.820 1094.999
553.860 1125.473
553.900 1081.229
553.940 1097.553
553.980 1181.732
554.020 1190.621
554.060 1158.649
554.100 1143.246
554.140 1124.268
554.180 1126.573
554.220 1076.874
554.260 1063.743
554.300 1145.610
554.340 1200.758
554.380 1163.189
554.410 1150.903
554.450 1248.756
554.490 1308.034
554.530 1232.738
554.570 1185.439
554.610 1196.993
554.650 1262.116
554.690 1290.950
554.730 1271.066
554.770 1280.036
554.810 1296.575
554.850 1230.253
554.890 1225.642
554.930 1216.314
554.970 1183.554
555.010 1084.363
555.050 1025.596
555.090 1086.113
555.130 1132.483
555.170 1089.422
555.210 1085.786
555.250 1148.147
555.290 1205.219
555.330 1217.288
555.370 1121.497
555.410 1123.132
555.450 1160.192
555.490 1110.534
555.530 1113.588
555.570 1227.353
555.610 1280.543
555.650 1330.731
555.690 1359.486
555.730 1427.811
555.770 1468.417
555.810 1406.307
555.850 1337.908
555.890 1303.506
555.920 1281.958
555.960 1248.978
556.000 1208.853
556.040 1197.867
556.080 1188.164
556.120 1108.887
556.160 1076.464
556.200 1169.324
556.240 1206.895
556.280 1144.177
556.320 1156.314
556.360 1215.733
556.400 1249.293
556.440 1278.706
556.480 1265.974
556.520 1263.239
556.560 1252.072
556.600 1200.331
556.640 1200.873
556.680 1225.984
556.720 1211.520
556.760 1131.768
556.800 1143.298
556.840 1228.969
556.880 1266.065
556.920 1208.873
556.960 1210.963
557.000 1280.908
557.040 1322.993
557.080 1292.361
557.120 1307.155
557.160 1385.803
557.200 1430.162
557.240 1391.948
557.270 1397.016
557.310 1462.224
557.350 1479.716
557.390 1398.061
557.430 1307.261
557.470 1343.173
557.510 1399.368
557.550 1352.417
557.590 1366.606
557.630 1398.792
557.670 1415.262
557.710 1427.872
557.750 1410.479
557.790 1471.368
557.830 1511.970
557.870 1392.855
557.910 1322.880
557.950 1381.473
557.990 1439.064
558.030 1463.938
558.070 1469.095
558.110 1449.250
558.150 1477.259
558.190 1467.551
558.230 1454.269
558.270 1470.270
558.310 1461.412
558.350 1376.550
558.390 1387.544
558.430 1444.963
558.460 1476.380
558.500 1432.652
558.540 1411.778
558.580 1396.758
558.620 1370.593
558.660 1324.283
558.700 1318.685
558.740 1372.227
558.780 1400.480
558.820 1316.446
558.860 1344.123
558.900 1416.798
558.940 1426.899
558.980 1362.568
559.020 1346.664
559.060 1393.472
559.100 1460.420
559.140 1388.508
559.180 1333.023
559.220 1306.821
559.260 1326.616
559.300 1289.409
559.340 1194.771
559.380 1186.845
559.420 1258.774
559.460 1259.843
559.500 1273.052
559.540 1255.260
559.570 1212.036
559.610 1192.524
559.650 1188.295
559.690 1150.921
559.730 1140.974
559.770 1145.452
559.810 1191.214
559.850 1255.117
559.890 1313.160
559.930 1297.343
559.970 1288.096
560.010 1324.561
560.050 1335.737
560.090 1249.626
560.130 1245.941
560.170 1277.682
560.210 1308.706
560.250 1316.871
560.290 1325.892
560.330 1401.052
560.370 1478.068
560.410 1487.795
560.450 1529.949
560.490 1572.101
560.530 1556.678
560.570 1506.397
560.600 1445.542
560.640 1496.685
560.680 1504.254
560.720 1474.963
560.760 1442.957
560.800 1482.662
560.840 1500.508
560.880 1459.495
560.920 1407.336
560.960 1414.604
561.000 1364.584
561.040 1333.420
561.080 1293.538
561.120 1288.655
561.160 1294.198
561.200 1233.453
561.240 1219.706
561.280 1275.671
561.320 1281.634
561.360 1260.167
561.400 1263.840
561.440 1380.082
561.480 1463.037
561.520 1407.847
561.550 1345.226
561.590 1333.460
561.630 1355.835
561.670 1337.351
561.710 1311.293
561.750 1338.662
561.790 1395.314
561.830 1426.536
561.870 1457.756
561.910 1512.831
561.950 1537.761
561.990 1440.832
562.030 1415.186
562.070 1383.539
562.110 1332.318
562.150 1338.238
562.190 1286.299
562.230 1265.358
562.270 1285.843
562.310 1242.755
562.350 1254.808
562.390 1325.288
562.430 1317.194
562.460 1318.670
562.500 1384.715
562.540 1452.187
562.580 1453.228
562.620 1447.267
562.660 1447.305
562.700 1498.483
562.740 1498.231
562.780 1419.120
562.820 1373.150
562.860 1374.035
562.900 1340.775
562.940 1276.799
562.980 1232.107
563.020 1234.556
563.060 1227.861
563.100 1219.163
563.140 1269.892
563.180 1340.619
563.220 1366.916
563.260 1316.497
563.300 1265.933
563.330 1307.367
563.370 1299.514
563.410 1225.373
563.450 1212.230
563.490 1244.086
563.530 1274.368
563.570 1330.505
563.610 1324.356
563.650 1393.204
563.690 1472.622
563.730 1460.467
563.770 1452.452
563.810 1490.008
563.850 1505.276
563.890 1495.399
563.930 1408.092
563.970 1387.926
564.010 1382.045
564.050 1346.732
564.090 1322.704
564.130 1337.817
564.160 1326.357
564.200 1338.895
564.240 1331.717
564.280 1426.252
564.320 1466.785
564.360 1396.173
564.400 1363.845
564.440 1424.373
564.480 1417.757
564.520 1332.853
564.560 1258.090
564.600 1299.325
564.640 1338.702
564.680 1360.934
564.720 1388.450
564.760 1421.536
564.800 1467.477
564.840 1407.989
564.880 1373.355
564.920 1511.578
564.950 1514.941
564.990 1427.589
565.030 1435.806
565.070 1449.879
565.110 1451.522
565.150 1379.591
565.190 1223.945
565.230 1187.726
565.270 1202.219
565.310 1158.283
565.350 1167.773
565.390 1257.547
565.430 1296.320
565.470 1280.377
565.510 1293.433
565.550 1325.487
565.590 1345.396
565.630 1318.876
565.670 1251.925
565.700 1254.401
565.740 1318.304
565.780 1298.206
565.820 1244.821
565.860 1267.862
565.900 1278.188
565.940 1283.370
565.980 1363.692
566.020 1437.871
566.060 1467.619
566.100 1468.223
566.140 1520.826
566.180 1630.569
566.220 1666.883
566.260 1582.624
566.300 1528.363
566.340 1558.816
566.380 1579.409
566.420 1492.859
566.450 1421.592
566.490 1440.324
566.530 1439.912
566.570 1411.213
566.610 1415.798
566.650 1463.810
566.690 1461.677
566.730 1410.830
566.770 1412.980
566.810 1505.272
566.850 1519.277
566.890 1461.281
566.930 1461.283
566.970 1589.998
567.010 1659.426
567.050 1636.995
567.090 1614.991
567.130 1703.558
567.160 1756.552
567.200 1705.544
567.240 1634.249
567.280 1655.382
567.320 1643.799
567.360 1558.071
567.400 1512.771
567.440 1539.041
567.480 1576.024
567.520 1552.291
567.560 1563.842
567.600 1635.821
567.640 1660.513
567.680 1586.060
567.720 1522.178
567.760 1560.151
567.800 1565.981
567.840 1477.380
567.870 1438.921
567.910 1491.318
567.950 1540.999
567.990 1563.250
568.030 1512.643
568.070 1521.606
568.110 1552.139
568.150 1487.528
568.190 1464.202
568.230 1475.159
568.270 1460.687
568.310 1428.500
568.350 1401.739
568.390 1434.549
568.430 1458.644
568.470 1397.308
568.510 1382.400
568.540 1412.776
568.580 1436.009
568.620 1435.382
568.660 1467.469
568.700 1577.555
568.740 1633.353
568.780 1586.008
568.820 1542.090
568.860 1598.456
568.900 1639.964
568.940 1552.757
568.980 1434.548
569.020 1375.338
569.060 1351.984
569.100 1315.772
569.140 1232.130
569.170 1265.915
569.210 1306.985
569.250 1314.340
569.290 1384.264
569.330 1477.045
569.370 1581.538
569.410 1635.317
569.450 1552.379
569.490 1574.727
569.530 1617.930
569.570 1579.704
569.610 1542.333
569.650 1510.104
569.690 1498.732
569.730 1502.215
569.770 1480.983
569.800 1508.606
569.840 1549.086
569.880 1531.993
569.920 1498.185
569.960 1463.804
570.000 1428.565
570.040 1375.611
570.080 1333.227
570.120 1353.556
570.160 1402.884
570.200 1404.925
570.240 1458.251
570.280 1570.147
570.320 1623.185
570.360 1569.793
570.400 1513.114
570.430 1519.006
570.470 1516.896
570.510 1457.929
570.550 1393.389
570.590 1421.705
570.630 1482.734
570.670 1484.619
570.710 1439.789
570.750 1473.672
570.790 1524.697
570.830 1562.720
570.870 1569.886
570.910 1523.908
570.950 1493.214
570.990 1452.948
571.020 1442.538
571.060 1482.698
571.100 1459.286
571.140 1380.016
571.180 1439.887
571.220 1536.472
571.260 1579.913
571.300 1555.210
571.340 1515.077
571.380 1579.230
571.420 1628.095
571.460 1564.959
571.500 1524.966
571.540 1565.114
571.580 1557.404
571.610 1471.692
571.650 1437.980
571.690 1495.267
571.730 1513.268
571.770 1453.410
571.810 1447.265
571.850 1522.405
571.890 1572.544
571.930 1532.254
571.970 1437.534
572.010 1474.242
572.050 1533.948
572.090 1487.654
572.130 1461.073
572.170 1533.348
572.200 1553.194
572.240 1540.896
572.280 1559.454
572.320 1576.725
572.360 1576.138
572.400 1522.693
572.440 1477.391
572.480 1484.230
572.520 1547.639
572.560 1504.190
572.600 1466.884
572.640 1551.291
572.680 1599.553
572.720 1585.958
572.750 1608.219
572.790 1547.622
572.830 1518.310
572.870 1506.568
572.910 1459.969
572.950 1482.654
572.990 1494.909
573.030 1408.021
573.070 1392.846
573.110 1417.671
573.150 1434.351
573.190 1438.745
573.230 1417.138
573.270 1410.388
573.310 1414.064
573.340 1430.169
573.380 1464.273
573.420 1519.090
573.460 1531.192
573.500 1494.579
573.540 1542.536
573.580 1715.636
573.620 1798.877
573.660 1786.975
573.700 1819.786
573.740 1833.453
573.780 1893.263
573.820 1903.786
573.850 1818.736
573.890 1781.971
573.930 1761.920
573.970 1702.154
574.010 1706.958
574.050 1801.333
574.090 1827.279
574.130 1761.937
574.170 1762.167
574.210 1807.681
574.250 1783.909
574.290 1747.565
574.330 1717.648
574.370 1775.873
574.400 1827.955
574.440 1836.179
574.480 1817.687
574.520 1841.767
574.560 1860.416
574.600 1781.923
574.640 1667.714
574.680 1748.932
574.720 1810.436
574.760 1832.082
574.800 1819.870
574.840 1796.657
574.880 1753.015
574.910 1715.514
574.950 1634.299
574.990 1661.940
575.030 1674.866
575.070 1659.791
575.110 1650.716
575.150 1637.782
575.190 1621.991
575.230 1566.627
575.270 1464.834
575.310 1411.040
575.350 1404.817
575.390 1394.451
575.420 1406.797
575.460 1432.286
575.500 1446.346
575.540 1422.690
575.580 1447.891
575.620 1473.091
575.660 1469.862
575.700 1501.918
575.740 1515.830
575.780 1544.742
575.820 1527.652
575.860 1446.705
575.900 1423.614
575.930 1444.237
575.970 1413.288
576.010 1394.052
576.050 1427.244
576.090 1498.435
576.130 1529.483
576.170 1512.244
576.210 1487.433
576.250 1496.336
576.290 1540.952
576.330 1507.710
576.370 1464.039
576.410 1501.796
576.440 1550.838
576.480 1582.594
576.520 1613.920
576.560 1605.245
576.600 1575.570
576.640 1547.751
576.680 1530.932
576.720 1517.255
576.760 1491.005
576.800 1417.755
576.840 1401.647
576.880 1417.824
576.920 1434.286
576.950 1387.462
576.990 1356.208
577.030 1411.097
577.070 1498.413
577.110 1484.158
577.150 1493.473
577.190 1479.073
577.230 1482.530
577.270 1480.700
577.310 1465.584
577.350 1454.038
577.390 1455.207
577.420 1419.517
577.460 1494.827
577.500 1557.993
577.540 1562.302
577.580 1512.038
577.620 1498.488
577.660 1480.937
577.700 1445.529
577.740 1368.405
577.780 1312.424
577.820 1358.157
577.860 1419.888
577.890 1394.905
577.930 1421.779
577.970 1517.508
578.010 1523.666
578.050 1537.823
578.090 1567.551
578.130 1619.850
578.170 1669.148
578.210 1647.874
578.250 1634.314
578.290 1718.610
578.330 1748.191
578.360 1679.772
578.400 1581.495
578.440 1523.075
578.480 1522.225
578.520 1479.517
578.560 1448.381
578.600 1419.815
578.640 1408.105
578.680 1408.110
578.720 1499.113
578.760 1589.974
578.800 1577.547
578.830 1514.692
578.870 1608.693
578.910 1652.266
578.950 1659.123
578.990 1598.408
579.030 1540.693
579.070 1581.262
579.110 1600.117
579.150 1514.257
579.190 1469.111
579.230 1530.964
579.260 1571.673
579.300 1580.240
579.340 1607.948
579.380 1698.513
579.420 1758.649
579.460 1757.213
579.500 1723.347
579.540 1729.339
579.580 1718.187
579.620 1652.462
579.660 1565.880
579.700 1557.155
579.730 1603.572
579.770 1559.131
579.810 1524.119
579.850 1508.820
579.890 1537.377
579.930 1537.077
579.970 1575.491
580.010 1657.761
580.050 1656.887
580.090 1607.157
580.130 1586.139
580.160 1581.979
580.200 1595.817
580.240 1483.227
580.280 1362.779
580.320 1406.331
580.360 1439.882
580.400 1477.146
580.440 1506.982
580.480 1507.245
580.520 1545.223
580.560 1562.199
580.590 1565.461
580.630 1626.580
580.670 1659.984
580.710 1627.387
580.750 1624.647
580.790 1650.334
580.830 1654.736
580.870 1605.423
580.910 1549.252
580.950 1591.081
580.990 1633.337
581.020 1623.879
581.060 1593.706
581.100 1607.818
581.140 1663.787
581.180 1657.184
581.220 1603.866
581.260 1638.548
581.300 1666.657
581.340 1653.624
581.380 1634.161
581.420 1598.126
581.450 1569.948
581.490 1521.769
581.530 1446.876
581.570 1437.696
581.610 1445.945
581.650 1424.335
581.690 1427.154
581.730 1498.687
581.770 1541.791
581.810 1558.751
581.850 1546.853
581.880 1586.384
581.920 1622.057
581.960 1597.872
582.000 1529.259
582.040 1523.073
582.080 1517.459
582.120 1491.129
582.160 1485.799
582.200 1461.897
582.240 1474.852
582.280 1547.664
582.310 1586.618
582.350 1690.714
582.390 1759.810
582.430 1750.619
582.470 1834.143
582.510 1911.380
582.550 1889.331
582.590 1799.424
582.630 1686.946
582.670 1719.038
582.700 1759.845
582.740 1685.793
582.780 1658.170
582.820 1726.261
582.860 1779.208
582.900 1776.298
582.940 1719.672
582.980 1718.761
583.020 1772.135
583.060 1743.223
583.100 1652.310
583.130 1656.397
583.170 1688.341
583.210 1690.427
583.250 1656.798
583.290 1662.741
583.330 1660.825
583.370 1636.195
583.410 1617.565
583.450 1602.505
583.490 1569.159
583.520 1539.242
583.560 1540.895
583.600 1600.977
583.640 1658.486
583.680 1643.567
583.720 1684.076
583.760 1783.441
583.800 1814.949
583.840 1737.028
583.880 1597.392
583.910 1600.470
583.950 1642.119
583.990 1570.197
584.030 1520.988
584.070 1566.778
584.110 1595.854
584.150 1661.787
584.190 1705.005
584.230 1757.651
584.270 1830.154
584.310 1804.513
584.340 1761.586
584.380 1814.659
584.420 1850.446
584.460 1770.661
584.500 1731.304
584.540 1746.375
584.580 1783.875
584.620 1786.374
584.660 1704.301
584.700 1727.228
584.730 1798.868
584.770 1759.651
584.810 1717.291
584.850 1745.359
584.890 1758.141
584.930 1767.780
584.970 1744.561
585.010 1756.484
585.050 1776.550
585.080 1733.616
585.120 1644.538
585.160 1596.888
585.200 1606.953
585.240 1601.588
585.280 1578.509
585.320 1542.572
585.360 1478.920
585.400 1426.268
585.440 1459.330
585.470 1474.678
585.510 1437.167
585.550 1365.800
585.590 1439.288
585.630 1583.777
585.670 1630.551
585.710 1596.467
585.750 1651.383
585.790 1761.870
585.830 1795.071
585.860 1707.272
585.900 1701.901
585.940 1763.957
585.980 1774.871
586.020 1665.213
586.060 1564.697
586.100 1589.753
586.140 1599.522
586.180 1511.434
586.220 1465.488
586.250 1525.114
586.290 1559.739
586.330 1521.792
586.370 1479.702
586.410 1519.468
586.450 1571.806
586.490 1569.858
586.530 1539.766
586.570 1618.246
586.600 1673.296
586.640 1675.347
586.680 1658.396
586.720 1698.732
586.760 1739.638
586.800 1719.972
586.840 1721.735
586.880 1770.926
586.920 1779.545
586.960 1778.164
586.990 1762.925
587.030 1767.543
587.070 1787.018
587.110 1726.778
587.150 1736.252
587.190 1813.869
587.230 1846.771
587.270 1797.101
587.310 1809.431
587.340 1815.189
587.380 1847.947
587.420 1821.561
587.460 1768.747
587.500 1784.647
587.540 1806.832
587.580 1749.873
587.620 1778.343
587.660 1805.241
587.690 1817.568
587.730 1783.751
587.770 1764.648
587.810 1800.974
587.850 1812.727
587.890 1729.766
587.930 1665.233
587.970 1623.843
588.010 1610.024
588.050 1570.633
588.080 1540.099
588.120 1589.993
588.160 1640.030
588.200 1620.209
588.240 1659.102
588.280 1780.566
588.320 1809.887
588.360 1756.208
588.400 1701.957
588.430 1679.134
588.470 1698.883
588.510 1626.345
588.550 1514.664
588.590 1507.411
588.630 1559.587
588.670 1541.048
588.710 1585.366
588.750 1674.826
588.780 1714.286
588.820 1691.888
588.860 1667.491
588.900 1735.235
588.940 1797.837
588.980 1735.867
589.020 1714.611
589.060 1751.926
589.100 1791.955
589.130 1847.840
589.170 1824.154
589.210 1811.611
589.250 1802.638
589.290 1739.380
589.330 1752.407
589.370 1797.148
589.410 1791.460
589.450 1753.058
589.480 1778.369
589.520 1867.538
589.560 1880.134
589.600 1778.731
589.640 1802.612
589.680 1851.494
589.720 1835.232
589.760 1750.970
589.800 1700.136
589.830 1731.588
589.870 1811.754
589.910 1753.347
589.950 1724.370
589.990 1747.106
590.030 1779.985
590.070 1748.006
590.110 1735.313
590.150 1786.190
590.180 1820.211
590.220 1812.374
590.260 1858.394
590.300 1959.842
590.340 2023.575
590.380 1998.594
590.420 1957.756
590.460 1952.917
590.490 1951.221
590.530 1925.096
590.570 1897.970
590.610 1970.559
590.650 2030.719
590.690 2013.021
590.730 2001.180
590.770 2055.196
590.810 2074.498
590.840 2050.228
590.880 2040.386
590.920 2087.543
590.960 2106.701
591.000 2089.715
591.040 2016.587
591.080 2046.029
591.120 2049.900
591.160 1974.913
591.190 1873.354
591.230 1843.510
591.270 1855.237
591.310 1866.535
591.350 1863.404
591.390 1919.415
591.430 1927.569
591.470 1946.581
591.500 2015.020
591.540 2076.173
591.580 2099.612
591.620 2036.908
591.660 1985.060
591.700 2075.213
591.740 2091.936
591.780 1980.231
591.820 1911.382
591.850 1951.676
591.890 1976.256
591.930 1944.978
591.970 1866.843
592.010 1918.421
592.050 2007.857
592.090 2018.435
592.130 1947.870
592.160 1929.591
592.200 1927.454
592.240 1897.031
592.280 1812.322
592.320 1781.899
592.360 1800.904
592.400 1839.052
592.440 1881.342
592.470 1965.203
592.510 2024.064
592.550 2081.782
592.590 2229.500
592.630 2409.217
592.670 2467.220
592.710 2482.651
592.750 2512.225
592.790 2590.085
592.820 2652.658
592.860 2591.660
592.900 2532.947
592.940 2565.805
592.980 2616.949
593.020 2641.521
593.060 2682.807
593.100 2764.236
593.130 2804.093
593.170 2770.235
593.210 2768.806
593.250 2821.519
593.290 2783.518
593.330 2710.803
593.370 2658.230
593.410 2628.799
593.440 2616.654
593.480 2598.795
593.520 2559.650
593.560 2541.218
593.600 2510.072
593.640 2466.926
593.680 2517.780
593.720 2611.490
593.750 2620.344
593.790 2577.339
593.830 2565.763
593.870 2547.759
593.910 2504.040
593.950 2413.749
593.990 2355.743
594.030 2363.166
594.060 2381.446
594.100 2408.011
594.140 2471.148
594.180 2567.856
594.220 2639.992
594.260 2624.699
594.300 2628.835
594.340 2627.827
594.380 2631.105
594.410 2620.811
594.450 2598.375
594.490 2630.080
594.530 2638.357
594.570 2601.777
594.610 2662.482
594.650 2728.044
594.690 2770.463
594.720 2775.168
594.760 2788.729
594.800 2781.291
594.840 2752.423
594.880 2705.984
594.920 2668.116
594.960 2632.676
594.990 2623.093
595.030 2540.224
595.070 2578.927
595.110 2617.201
595.150 2550.617
595.190 2469.319
595.230 2474.306
595.270 2469.865
595.300 2440.280
595.340 2341.981
595.380 2279.968
595.420 2301.525
595.460 2337.226
595.500 2274.211
595.540 2239.054
595.580 2278.897
595.610 2264.596
595.650 2198.581
595.690 2106.137
595.730 2079.407
595.770 2068.106
595.810 2000.661
595.850 1885.074
595.890 1833.772
595.920 1843.041
595.960 1827.453
596.000 1817.150
596.040 1866.276
596.080 1849.401
596.120 1796.098
596.160 1836.223
596.200 1849.062
596.230 1821.901
596.270 1731.025
596.310 1641.721
596.350 1635.988
596.390 1649.540
596.430 1573.378
596.470 1600.359
596.500 1672.053
596.540 1689.176
596.580 1665.299
596.620 1706.707
596.660 1771.258
596.700 1776.809
596.740 1705.503
596.780 1683.767
596.810 1660.603
596.850 1609.582
596.890 1541.417
596.930 1514.967
596.970 1596.373
597.010 1635.494
597.050 1621.043
597.090 1690.448
597.120 1794.140
597.160 1824.260
597.200 1794.379
597.240 1754.784
597.280 1772.904
597.320 1754.165
597.360 1677.856
597.390 1706.831
597.430 1783.521
597.470 1820.497
597.510 1788.758
597.550 1763.732
597.590 1852.564
597.630 1938.253
597.670 1852.085
597.700 1748.630
597.740 1775.462
597.780 1810.435
597.820 1822.695
597.860 1773.097
597.900 1708.784
597.940 1694.615
597.970 1708.730
598.010 1682.417
598.050 1681.818
598.090 1651.076
598.130 1627.334
598.170 1654.449
598.210 1680.135
598.250 1672.964
598.280 1644.649
598.320 1624.192
598.360 1660.020
598.400 1650.705
598.440 1629.390
598.480 1636.932
598.520 1653.331
598.550 1652.301
598.590 1637.843
598.630 1593.669
598.670 1636.068
598.710 1643.180
598.750 1633.720
598.790 1670.832
598.830 1719.373
598.860 1740.341
598.900 1733.310
598.940 1719.278
598.980 1780.817
599.020 1787.928
599.060 1711.325
599.100 1679.721
599.130 1693.688
599.170 1706.084
599.210 1669.765
599.250 1626.304
599.290 1683.413
599.330 1714.094
599.370 1678.917
599.400 1710.026
599.440 1753.564
599.480 1763.244
599.520 1713.638
599.560 1644.175
599.600 1719.855
599.640 1772.106
599.670 1690.213
599.710 1717.750
599.750 1795.857
599.790 1836.107
599.830 1841.214
599.870 1800.321
599.910 1768.285
599.950 1811.963
599.980 1739.356
600.020 1678.033
600.060 1661.568
600.100 1650.817
600.140 1608.208
600.180 1623.600
600.220 1585.419
600.250 1544.239
600.290 1538.630
600.330 1598.306
600.370 1645.982
600.410 1636.516
600.450 1590.906
600.490 1620.439
600.520 1728.114
600.560 1767.075
600.600 1740.750
600.640 1724.568
600.680 1801.958
600.720 1860.204
600.760 1850.878
600.790 1865.838
600.830 1868.227
600.870 1825.758
600.910 1779.146
600.950 1738.534
600.990 1765.637
601.030 1767.882
601.060 1645.412
601.100 1622.656
601.140 1703.044
601.180 1743.288
601.220 1723.103
601.260 1691.062
601.300 1753.591
601.330 1845.978
601.370 1832.793
601.410 1759.464
601.450 1784.279
601.490 1828.522
601.530 1811.050
601.570 1715.865
601.600 1706.393
601.640 1744.349
601.680 1761.163
601.720 1772.977
601.760 1745.361
601.800 1727.460
601.840 1766.416
601.870 1747.515
601.910 1800.899
601.950 1834.426
601.990 1765.809
602.030 1788.907
602.070 1890.005
602.110 1905.817
602.140 1908.486
602.180 1901.012
602.220 1906.252
602.260 1935.635
602.300 1906.303
602.340 1856.686
602.380 1890.354
602.410 1884.022
602.450 1794.832
602.490 1766.500
602.530 1735.739
602.570 1698.549
602.610 1690.359
602.650 1730.740
602.680 1756.407
602.720 1754.931
602.760 1728.740
602.800 1780.407
602.840 1868.359
602.880 1866.454
602.920 1768.262
602.950 1714.500
602.990 1696.023
603.030 1688.117
603.070 1628.925
603.110 1556.162
603.150 1586.255
603.190 1640.635
603.220 1682.585
603.260 1717.536
603.300 1749.629
603.340 1773.150
603.380 1786.672
603.420 1739.621
603.450 1696.285
603.490 1687.092
603.530 1677.327
603.570 1693.277
603.610 1713.940
603.650 1691.746
603.690 1652.838
603.720 1660.787
603.760 1711.735
603.800 1747.827
603.840 1726.489
603.880 1756.009
603.920 1803.814
603.960 1825.905
603.990 1795.710
604.030 1754.514
604.070 1741.176
604.110 1775.695
604.150 1737.642
604.190 1786.446
604.230 1869.108
604.260 1930.626
604.300 1912.430
604.340 1879.948
604.380 1951.894
604.420 2017.983
604.460 1956.501
604.490 1912.018
604.530 1897.964
604.570 1940.195
604.610 1966.712
604.650 1838.086
604.690 1814.317
604.730 1835.834
604.760 1797.065
604.800 1761.153
604.840 1798.383
604.880 1806.614
604.920 1820.844
604.960 1786.788
604.990 1771.447
605.030 1775.105
605.070 1793.335
605.110 1781.708
605.150 1809.508
605.190 1822.452
605.230 1773.110
605.260 1716.339
605.300 1772.711
605.340 1786.940
605.380 1740.883
605.420 1721.397
605.460 1767.340
605.500 1850.139
605.530 1937.796
605.570 1936.881
605.610 1958.252
605.650 1977.051
605.690 1954.993
605.730 1891.078
605.760 1857.448
605.800 1829.961
605.840 1828.903
605.880 1823.130
605.920 1836.643
605.960 1865.727
606.000 1879.811
606.030 1884.751
606.070 1887.549
606.110 1867.490
606.150 1832.859
606.190 1784.942
606.230 1788.454
606.260 1807.965
606.300 1784.620
606.340 1857.845
606.380 1912.642
606.420 1912.296
606.460 1925.664
606.490 1932.746
606.530 1991.971
606.570 2022.339
606.610 1938.135
606.650 1949.931
606.690 2038.584
606.730 2084.666
606.760 2085.605
606.800 2085.686
606.840 2109.481
606.880 2101.420
606.920 2027.929
606.960 1945.438
606.990 1939.805
607.030 1986.314
607.070 1955.537
607.110 1928.761
607.150 1971.555
607.190 2032.492
607.230 2098.572
607.260 2164.366
607.300 2188.018
607.340 2254.240
607.380 2340.605
607.420 2494.685
607.460 2668.336
607.490 2810.700
607.530 2881.922
607.570 3051.001
607.610 3294.366
607.650 3508.016
607.690 3640.380
607.720 3821.316
607.760 4068.966
607.800 4344.901
607.840 4523.122
607.880 4727.915
607.920 5063.707
607.960 5366.499
607.990 5546.720
608.030 5715.797
608.070 5922.732
608.110 6157.523
608.150 6373.886
608.190 6517.535
608.220 6729.041
608.260 6989.546
608.300 7245.480
608.340 7496.843
608.380 7738.348
608.420 7906.281
608.450 8027.501
608.490 8126.577
608.530 8247.367
608.570 8296.158
608.610 8307.662
608.650 8404.881
608.680 8504.814
608.720 8558.032
608.760 8593.108
608.800 8640.183
608.840 8742.973
608.880 8788.191
608.910 8728.552
608.950 8703.198
608.990 8751.273
609.030 8736.633
609.070 8678.422
609.110 8654.783
609.150 8656.143
609.180 8648.931
609.220 8632.434
609.260 8654.080
609.300 8721.154
609.340 8731.799
609.380 8684.587
609.410 8693.661
609.450 8774.877
609.490 8758.665
609.530 8703.310
609.570 8681.812
609.610 8658.171
609.640 8633.815
609.680 8568.460
609.720 8462.104
609.760 8434.748
609.800 8366.107
609.840 8260.465
609.870 8224.394
609.910 8182.324
609.950 8091.968
609.990 7954.468
610.030 7792.826
610.070 7657.612
610.100 7432.827
610.140 7180.756
610.180 6891.970
610.220 6649.328
610.260 6433.828
610.300 6145.328
610.330 5848.113
610.370 5621.756
610.410 5340.398
610.450 5087.041
610.490 4900.397
610.530 4678.039
610.560 4440.253
610.600 4182.609
610.640 4026.251
610.680 3911.607
610.720 3747.677
610.760 3523.319
610.790 3357.389
610.830 3267.173
610.870 3163.243
610.910 2991.599
610.950 2862.240
610.990 2818.738
611.020 2774.093
611.060 2689.020
611.100 2639.517
611.140 2634.872
611.180 2606.941
611.220 2495.010
611.250 2385.937
611.290 2311.577
611.330 2216.360
611.370 2105.428
611.410 2087.640
611.450 2105.851
611.480 2121.634
611.520 2114.273
611.560 2114.627
611.600 2199.409
611.640 2203.477
611.680 2132.545
611.710 2099.185
611.750 2154.109
611.790 2151.463
611.830 2064.244
611.870 1955.883
611.910 1962.808
611.940 1936.446
611.980 1825.942
612.020 1733.438
612.060 1756.219
612.100 1802.286
612.140 1774.781
612.170 1783.848
612.210 1839.057
612.250 1888.123
612.290 1882.476
612.330 1848.970
612.370 1878.322
612.400 1947.674
612.440 1899.169
612.480 1858.235
612.520 1921.443
612.560 1964.938
612.600 1957.003
612.630 1966.355
612.670 1955.563
612.710 1945.628
612.750 1922.408
612.790 1929.616
612.820 1931.395
612.860 1909.318
612.900 1810.668
612.940 1820.733
612.980 1888.655
613.020 1900.434
613.050 1821.927
613.090 1796.849
613.130 1852.913
613.170 1898.120
613.210 1848.042
613.250 1835.820
613.280 1883.598
613.320 1886.662
613.360 1838.012
613.400 1817.219
613.440 1835.854
613.480 1861.775
613.510 1854.838
613.550 1857.759
613.590 1893.965
613.630 1910.743
613.670 1849.663
613.710 1816.869
613.740 1863.789
613.780 1892.852
613.820 1842.915
613.860 1839.120
613.900 1855.326
613.930 1855.531
613.970 1831.023
614.010 1816.942
614.050 1788.862
614.090 1792.924
614.130 1766.986
614.160 1778.905
614.200 1919.253
614.240 1973.744
614.280 1891.805
614.320 1893.296
614.360 1956.215
614.390 1941.419
614.430 1884.909
614.470 1768.399
614.510 1795.889
614.550 1830.950
614.580 1754.011
614.620 1723.644
614.660 1746.134
614.700 1743.052
614.740 1737.827
614.780 1686.173
614.810 1737.805
614.850 1797.152
614.890 1717.069
614.930 1700.416
614.970 1722.190
615.010 1701.108
615.040 1695.168
615.080 1623.657
615.120 1593.431
615.160 1595.920
615.200 1568.837
615.230 1642.611
615.270 1660.528
615.310 1641.587
615.350 1649.790
615.390 1639.421
615.430 1639.909
615.460 1640.682
615.500 1562.170
615.540 1569.372
615.580 1565.288
615.620 1539.062
615.650 1589.549
615.690 1656.322
615.730 1713.238
615.770 1754.011
615.810 1750.927
615.850 1782.271
615.880 1839.330
615.920 1813.817
615.960 1772.589
616.000 1738.219
616.040 1779.277
616.080 1824.192
616.110 1805.965
616.150 1803.166
616.190 1818.509
616.230 1821.424
616.270 1803.053
616.300 1787.682
616.340 1831.026
616.380 1868.226
616.420 1827.712
616.460 1849.912
616.500 1873.827
616.530 1860.027
616.570 1797.655
616.610 1693.426
616.650 1684.198
616.690 1721.683
616.720 1642.597
616.760 1663.225
616.800 1788.568
616.840 1831.767
616.880 1835.252
616.920 1818.594
616.950 1817.936
616.990 1851.278
617.030 1798.049
617.070 1710.534
617.110 1784.018
617.140 1846.217
617.180 1836.273
617.220 1826.186
617.260 1883.528
617.300 1922.869
617.340 1897.068
617.370 1822.695
617.410 1788.036
617.450 1778.091
617.490 1751.432
617.530 1748.488
617.560 1727.686
617.600 1756.455
617.640 1776.082
617.680 1821.422
617.720 1890.191
617.750 1933.818
617.790 1873.873
617.830 1914.499
617.870 1933.839
617.910 1891.322
617.950 1812.948
617.980 1728.574
618.020 1721.343
618.060 1748.540
618.100 1685.451
618.140 1709.791
618.170 1768.702
618.210 1788.185
618.250 1783.096
618.290 1793.435
618.330 1796.775
618.370 1778.257
618.400 1680.168
618.440 1627.079
618.480 1684.989
618.520 1742.472
618.560 1709.525
618.590 1766.721
618.630 1857.917
618.670 1892.970
618.710 1890.309
618.750 1857.219
618.780 1870.701
618.820 1890.468
618.860 1779.092
618.900 1719.145
618.940 1740.626
618.980 1709.108
619.010 1661.732
619.050 1669.356
619.090 1686.551
619.130 1710.889
619.170 1696.656
619.200 1734.708
619.240 1758.903
619.280 1740.812
619.320 1663.293
619.360 1596.916
619.390 1621.825
619.430 1655.448
619.470 1570.357
619.510 1571.838
619.550 1646.032
619.590 1681.798
619.620 1702.135
619.660 1739.187
619.700 1740.809
619.740 1776.147
619.780 1771.341
619.810 1788.963
619.850 1785.443
619.890 1774.637
619.930 1714.259
619.970 1741.167
620.000 1817.647
620.040 1835.126
620.080 1765.320
620.120 1832.656
620.160 1849.564
620.190 1820.043
620.230 1742.236
620.270 1673.715
620.310 1699.480
620.350 1718.959
620.390 1583.723
620.420 1607.488
620.460 1684.824
620.500 1717.302
620.540 1665.781
620.580 1651.545
620.610 1707.023
620.650 1814.359
620.690 1776.980
620.730 1767.315
620.770 1836.079
620.800 1878.986
620.840 1805.178
620.880 1715.228
620.920 1630.420
620.960 1649.183
620.990 1621.376
621.030 1616.282
621.070 1642.045
621.110 1662.951
621.150 1692.000
621.180 1730.335
621.220 1785.955
621.260 1798.861
621.300 1707.767
621.340 1699.673
621.380 1754.436
621.410 1741.627
621.450 1712.676
621.490 1719.867
621.530 1777.773
621.570 1813.107
621.600 1795.869
621.640 1842.203
621.680 1858.251
621.720 1849.585
621.760 1754.347
621.790 1697.110
621.830 1740.015
621.870 1740.205
621.910 1650.110
621.950 1697.444
621.980 1812.920
622.020 1845.682
622.060 1789.015
622.100 1716.348
622.140 1744.967
622.170 1773.729
622.210 1713.919
622.250 1676.680
622.290 1705.871
622.330 1771.775
622.360 1804.965
622.400 1771.440
622.440 1734.059
622.480 1730.248
622.520 1676.867
622.550 1665.056
622.590 1632.532
622.630 1594.721
622.670 1589.625
622.710 1669.100
622.740 1726.718
622.780 1725.907
622.820 1705.668
622.860 1716.714
622.900 1775.189
622.930 1787.664
622.970 1714.996
623.010 1672.185
623.050 1745.802
623.090 1773.562
623.130 1734.751
623.160 1723.940
623.200 1728.129
623.240 1717.889
623.280 1694.220
623.320 1591.837
623.350 1532.311
623.390 1539.071
623.430 1467.545
623.470 1459.876
623.510 1536.922
623.540 1580.253
623.580 1622.298
623.620 1669.200
623.660 1763.674
623.700 1811.862
623.730 1762.193
623.770 1713.809
623.810 1748.854
623.850 1779.613
623.890 1746.515
623.920 1725.132
623.960 1775.176
624.000 1841.078
624.040 1818.123
624.080 1757.739
624.110 1778.640
624.150 1805.542
624.190 1715.015
624.230 1672.202
624.270 1704.103
624.300 1732.005
624.340 1717.049
624.380 1686.807
624.420 1693.709
624.450 1730.324
624.490 1690.225
624.530 1624.412
624.570 1656.170
624.610 1734.214
624.640 1761.686
624.680 1785.159
624.720 1844.488
624.760 1893.817
624.800 1886.575
624.830 1866.761
624.870 1830.948
624.910 1761.562
624.950 1688.892
624.990 1638.078
625.020 1640.264
625.060 1646.307
625.100 1582.493
625.140 1592.393
625.180 1665.865
625.210 1689.622
625.250 1676.522
625.290 1699.422
625.330 1769.036
625.370 1803.222
625.400 1778.979
625.440 1800.164
625.480 1882.778
625.520 1939.392
625.560 1926.721
625.590 1919.192
625.630 1973.806
625.670 1975.991
625.710 1896.747
625.750 1852.790
625.780 1888.832
625.820 1919.588
625.860 1851.059
625.900 1822.958
625.940 1844.572
625.970 1846.471
626.010 1800.084
626.050 1784.697
626.090 1840.311
626.130 1895.209
626.160 1875.108
626.200 1879.436
626.240 1911.192
626.280 1912.947
626.310 1810.989
626.350 1690.745
626.390 1658.500
626.430 1663.685
626.470 1621.583
626.500 1630.053
626.540 1688.237
626.580 1722.135
626.620 1707.891
626.660 1759.503
626.690 1820.544
626.730 1843.728
626.770 1792.198
626.810 1786.381
626.850 1876.994
626.880 1924.891
626.920 1842.504
626.960 1798.830
627.000 1828.299
627.040 1869.197
627.070 1832.095
627.110 1760.564
627.150 1797.604
627.190 1850.645
627.230 1791.256
627.260 1708.439
627.300 1711.908
627.340 1717.806
627.380 1675.989
627.410 1584.314
627.450 1582.212
627.490 1670.823
627.530 1727.006
627.570 1695.474
627.600 1679.943
627.640 1716.268
627.680 1726.880
627.720 1744.634
627.760 1778.388
627.790 1806.713
627.830 1823.324
627.870 1853.935
627.910 1864.117
627.950 1875.014
627.980 1825.911
628.020 1798.807
628.060 1806.846
628.100 1795.600
628.130 1763.496
628.170 1768.536
628.210 1806.432
628.250 1787.185
628.290 1706.939
628.320 1698.549
628.360 1736.017
628.400 1757.484
628.440 1735.523
628.480 1755.276
628.510 1775.029
628.550 1758.496
628.590 1700.249
628.630 1730.002
628.660 1758.469
628.700 1752.794
628.740 1688.118
628.780 1725.585
628.820 1788.909
628.850 1801.805
628.890 1767.986
628.930 1784.453
628.970 1756.777
629.010 1708.101
629.040 1652.567
629.080 1617.320
629.120 1609.786
629.160 1537.253
629.200 1477.719
629.230 1540.043
629.270 1623.224
629.310 1658.119
629.350 1640.585
629.380 1765.909
629.420 1916.089
629.460 1960.413
629.500 1925.307
629.540 1896.345
629.570 1878.240
629.610 1893.277
629.650 1773.886
629.690 1727.638
629.720 1742.675
629.760 1752.141
629.800 1778.750
629.840 1881.073
629.880 1939.824
629.910 1895.147
629.950 1811.899
629.990 1794.793
630.030 1815.973
630.070 1789.724
630.100 1696.475
630.140 1723.226
630.180 1863.692
630.220 1901.300
630.250 1864.337
630.290 1877.659
630.330 1923.839
630.370 1935.447
630.410 1866.055
630.440 1802.234
630.480 1832.700
630.520 1832.022
630.560 1781.487
630.600 1780.523
630.630 1799.417
630.670 1767.024
630.710 1709.775
630.750 1692.668
630.780 1742.276
630.820 1756.312
630.860 1701.777
630.900 1721.956
630.940 1794.420
630.970 1845.742
631.010 1848.349
631.050 1846.242
631.090 1880.564
631.120 1926.314
631.160 1880.207
631.200 1796.957
631.240 1816.564
631.280 1839.457
631.310 1789.064
631.350 1838.385
631.390 1888.992
631.430 1885.742
631.460 1891.063
631.500 1814.385
631.540 1788.134
631.580 1808.598
631.620 1689.919
631.650 1610.954
631.690 1626.275
631.730 1674.025
631.770 1721.774
631.800 1710.667
631.840 1708.702
631.880 1764.022
631.920 1753.772
631.960 1735.378
631.990 1726.556
632.030 1709.305
632.070 1665.054
632.110 1655.803
632.150 1631.124
632.180 1616.301
632.220 1577.765
632.260 1562.085
632.300 1582.262
632.330 1601.440
632.370 1572.189
632.410 1588.794
632.450 1625.829
632.490 1642.292
632.520 1634.755
632.560 1639.361
632.600 1666.823
632.640 1696.001
632.670 1675.035
632.710 1666.783
632.750 1694.532
632.790 1712.280
632.820 1695.457
632.860 1771.920
632.900 1848.525
632.940 1885.416
632.980 1884.164
633.010 1904.627
633.050 1897.232
633.090 1907.123
633.130 1832.300
633.160 1775.619
633.200 1766.367
633.240 1764.115
633.280 1731.434
633.320 1758.468
633.350 1801.216
633.390 1834.106
633.430 1833.568
633.470 1862.888
633.500 1861.921
633.540 1880.383
633.580 1874.559
633.620 1829.449
633.660 1784.054
633.690 1746.516
633.730 1688.549
633.770 1690.725
633.810 1703.044
633.840 1676.934
633.880 1647.824
633.920 1622.857
633.960 1699.176
634.000 1758.923
634.030 1744.527
634.070 1730.132
634.110 1799.307
634.150 1825.483
634.180 1836.659
634.220 1817.977
634.260 1856.581
634.300 1889.757
634.330 1854.503
634.370 1847.822
634.410 1911.140
634.450 1974.601
634.490 1946.062
634.520 1855.523
634.560 1898.555
634.600 1940.731
634.640 1849.906
634.670 1805.938
634.710 1829.399
634.750 1830.431
634.790 1841.892
634.830 1810.781
634.860 1804.956
634.900 1863.417
634.940 1845.734
634.980 1823.624
635.010 1869.941
635.050 1857.973
635.090 1788.862
635.130 1754.465
635.160 1752.497
635.200 1734.100
635.240 1648.561
635.280 1603.164
635.320 1670.481
635.350 1684.227
635.390 1674.687
635.430 1690.005
635.470 1728.893
635.500 1796.782
635.540 1797.956
635.580 1724.988
635.620 1800.734
635.650 1856.336
635.690 1808.082
635.730 1793.113
635.770 1771.573
635.810 1740.033
635.840 1712.921
635.880 1651.238
635.920 1625.412
635.960 1598.300
635.990 1559.760
636.030 1587.791
636.070 1661.536
636.110 1773.710
636.140 1808.170
636.180 1816.201
636.220 1913.660
636.260 1967.691
636.300 1925.579
636.330 1895.181
636.370 1866.069
636.410 1843.100
636.450 1821.844
636.480 1805.875
636.520 1832.763
636.560 1823.936
636.600 1755.110
636.630 1707.426
636.670 1703.885
636.710 1713.915
636.750 1673.803
636.780 1617.262
636.820 1662.007
636.860 1697.465
636.900 1711.353
636.940 1808.526
636.970 1871.842
637.010 1904.301
637.050 1907.902
637.090 1894.218
637.120 1928.534
637.160 1943.278
637.200 1851.594
637.240 1814.338
637.270 1826.511
637.310 1823.112
637.350 1774.428
637.390 1733.458
637.420 1724.202
637.460 1729.374
637.500 1710.119
637.540 1708.005
637.580 1752.321
637.610 1787.779
637.650 1791.952
637.690 1826.267
637.730 1847.439
637.760 1844.326
637.800 1754.070
637.840 1676.242
637.880 1688.272
637.910 1707.158
637.950 1644.187
637.990 1637.360
638.030 1652.389
638.060 1696.990
638.100 1692.733
638.140 1683.191
638.180 1705.363
638.220 1720.392
638.250 1673.136
638.290 1653.022
638.330 1712.194
638.370 1771.937
638.400 1740.538
638.440 1710.138
638.480 1757.310
638.520 1809.339
638.550 1794.653
638.590 1782.111
638.630 1809.568
638.670 1791.740
638.700 1765.054
638.740 1691.512
638.780 1668.255
638.820 1729.855
638.850 1717.598
638.890 1720.626
638.930 1784.798
638.970 1813.969
639.010 1840.569
639.040 1824.883
639.080 1804.340
639.120 1798.226
639.160 1762.540
639.190 1770.711
639.230 1800.597
639.270 1794.625
639.310 1788.511
639.340 1796.539
639.380 1774.710
639.420 1747.310
639.460 1723.766
639.490 1704.652
639.530 1739.108
639.570 1781.565
639.610 1734.736
639.640 1713.050
639.680 1745.078
639.720 1715.677
639.760 1682.848
639.790 1688.876
639.830 1687.189
639.870 1681.646
639.910 1698.816
639.940 1694.273
639.980 1725.729
640.020 1714.328
640.060 1665.927
640.100 1665.526
640.130 1717.983
640.170 1746.153
640.210 1734.466
640.250 1788.780
640.280 1881.521
640.320 1893.692
640.360 1864.719
640.400 1878.890
640.430 1930.631
640.470 1938.659
640.510 1838.829
640.550 1845.285
640.580 1872.455
640.620 1870.482
640.660 1862.938
640.700 1787.251
640.730 1759.707
640.770 1787.305
640.810 1721.904
640.850 1722.502
640.880 1767.958
640.920 1716.985
640.960 1684.584
641.000 1689.468
641.030 1698.209
641.070 1672.379
641.110 1626.120
641.150 1640.433
641.180 1699.459
641.220 1729.772
641.260 1757.370
641.300 1788.540
641.330 1820.709
641.370 1853.450
641.410 1794.620
641.450 1779.075
641.480 1857.245
641.520 1883.557
641.560 1858.726
641.600 1856.753
641.630 1866.494
641.670 1897.520
641.710 1896.832
641.750 1903.859
641.780 1935.742
641.820 1966.626
641.860 1951.652
641.900 1950.964
641.940 1979.705
641.970 1998.731
642.010 1941.329
642.050 1907.355
642.090 1921.810
642.120 1952.693
642.160 1906.291
642.200 1877.746
642.240 1913.343
642.270 1923.655
642.310 1913.395
642.350 1882.421
642.390 1859.161
642.420 1842.759
642.460 1779.785
642.500 1732.382
642.540 1760.551
642.570 1765.291
642.610 1742.745
642.650 1800.628
642.690 1915.511
642.720 1976.823
642.760 1960.706
642.800 1939.874
642.840 1917.471
642.870 1907.925
642.910 1847.808
642.950 1774.834
642.990 1750.859
643.020 1738.028
643.060 1674.625
643.100 1648.650
643.140 1698.390
643.170 1700.701
643.210 1668.726
643.250 1673.038
643.290 1693.492
643.320 1721.803
643.360 1751.542
643.400 1737.710
643.440 1734.164
643.470 1764.618
643.510 1761.072
643.550 1733.668
643.590 1731.693
643.620 1705.147
643.660 1664.601
643.700 1675.626
643.740 1674.937
643.770 1681.533
643.810 1698.987
643.850 1739.583
643.890 1769.322
643.920 1791.776
643.960 1807.944
644.000 1835.111
644.040 1889.422
644.070 1913.447
644.110 1865.900
644.150 1861.211
644.180 1866.521
644.220 1849.546
644.260 1820.571
644.300 1760.881
644.330 1771.906
644.370 1802.216
644.410 1800.241
644.450 1816.408
644.480 1842.718
644.520 1850.886
644.560 1833.624
644.600 1787.506
644.630 1777.959
644.670 1770.698
644.710 1762.008
644.750 1742.032
644.780 1820.914
644.820 1915.367
644.860 1918.391
644.900 1935.701
644.930 1977.297
644.970 1976.892
645.010 1973.631
645.050 1930.655
645.080 1910.536
645.120 1912.132
645.160 1868.442
645.200 1850.609
645.230 1832.061
645.270 1800.085
645.310 1745.395
645.350 1725.705
645.380 1786.157
645.420 1803.038
645.460 1779.777
645.500 1778.515
645.530 1795.539
645.570 1799.848
645.610 1806.015
645.650 1812.896
645.680 1834.634
645.720 1843.372
645.760 1829.967
645.800 1801.848
645.830 1784.157
645.870 1749.753
645.910 1694.205
645.940 1679.086
645.980 1660.109
646.020 1667.276
646.060 1694.299
646.090 1707.751
646.130 1671.632
646.170 1642.084
646.210 1637.393
646.240 1685.417
646.280 1734.011
646.320 1739.749
646.360 1728.058
646.390 1773.796
646.430 1796.390
646.470 1771.842
646.510 1718.866
646.540 1677.746
646.580 1730.198
646.620 1758.078
646.660 1727.387
646.690 1763.696
646.730 1812.433
646.770 1825.599
646.810 1809.051
646.840 1725.931
646.880 1721.954
646.920 1739.263
646.950 1707.000
646.990 1718.880
647.030 1741.475
647.070 1750.926
647.100 1707.235
647.140 1720.686
647.180 1786.852
647.220 1801.446
647.250 1761.041
647.290 1761.635
647.330 1841.229
647.370 1927.966
647.400 1887.989
647.440 1844.011
647.480 1838.748
647.520 1831.914
647.550 1809.365
647.590 1753.102
647.630 1728.268
647.670 1710.147
647.700 1634.884
647.740 1630.764
647.780 1673.786
647.810 1692.094
647.850 1674.260
647.890 1723.282
647.930 1823.590
647.960 1892.184
648.000 1853.635
648.040 1805.943
648.080 1780.394
648.110 1772.131
648.150 1722.867
648.190 1680.604
648.230 1712.483
648.260 1744.505
648.300 1710.956
648.340 1702.407
648.380 1720.286
648.410 1745.594
648.450 1747.188
648.490 1745.638
648.520 1777.089
648.560 1810.540
648.600 1852.990
648.640 1966.155
648.670 2071.606
648.710 2112.770
648.750 2080.935
648.790 2069.957
648.820 2125.122
648.860 2105.858
648.900 1993.309
648.940 1916.902
648.970 1900.638
649.010 1894.945
649.050 1836.682
649.080 1812.703
649.120 1859.868
649.160 1870.175
649.200 1853.626
649.230 1801.790
649.270 1789.240
649.310 1845.262
649.350 1823.855
649.380 1776.448
649.420 1808.041
649.460 1819.063
649.500 1828.227
649.530 1868.391
649.570 1854.699
649.610 1853.006
649.640 1847.741
649.680 1812.906
649.720 1826.499
649.760 1809.806
649.790 1728.398
649.830 1687.420
649.870 1709.584
649.910 1702.605
649.940 1683.769
649.980 1663.648
650.020 1682.098
650.060 1708.405
650.090 1720.854
650.130 1708.018
650.170 1764.611
650.200 1789.204
650.240 1731.510
650.280 1706.817
650.320 1729.124
650.350 1755.859
650.390 1729.166
650.430 1662.330
650.470 1618.494
650.500 1640.372
650.540 1644.250
650.580 1703.128
650.610 1716.863
650.650 1697.456
650.690 1672.048
650.730 1701.926
650.760 1746.090
650.800 1768.825
650.840 1699.274
650.880 1708.438
650.910 1792.601
650.950 1840.765
650.990 1829.643
651.020 1774.806
651.060 1769.684
651.100 1789.562
651.140 1754.440
651.170 1684.175
651.210 1675.624
651.250 1681.645
651.290 1692.379
651.320 1725.828
651.360 1762.849
651.400 1746.870
651.440 1761.319
651.470 1775.910
651.510 1757.931
651.550 1735.809
651.580 1712.686
651.620 1681.992
651.660 1731.155
651.700 1778.461
651.730 1761.768
651.770 1791.502
651.810 1817.237
651.850 1813.971
651.880 1778.277
651.920 1771.297
651.960 1776.461
651.990 1770.052
652.030 1742.072
652.070 1750.950
652.110 1772.827
652.140 1805.418
652.180 1791.010
652.220 1761.030
652.250 1799.479
652.290 1828.927
652.330 1809.090
652.370 1773.539
652.400 1750.273
652.440 1728.865
652.480 1718.170
652.520 1656.476
652.550 1610.210
652.590 1601.087
652.630 1560.821
652.660 1519.841
652.700 1526.290
652.740 1506.595
652.780 1534.186
652.810 1559.492
652.850 1621.083
652.890 1700.531
652.930 1782.265
652.960 1835.428
653.000 1873.019
653.040 1877.039
653.070 1940.487
653.110 1901.078
653.150 1846.383
653.190 1814.832
653.220 1763.280
653.260 1798.585
653.300 1849.747
653.330 1779.624
653.370 1754.501
653.410 1812.806
653.450 1868.111
653.480 1878.988
653.520 1832.007
653.560 1828.027
653.600 1896.475
653.630 1930.922
653.670 1877.799
653.710 1868.961
653.740 1939.409
653.780 1943.428
653.820 1898.162
653.860 1872.467
653.890 1880.058
653.930 1889.363
653.970 1836.810
654.000 1755.258
654.040 1745.563
654.080 1784.582
654.120 1798.030
654.150 1827.763
654.190 1891.925
654.230 1938.659
654.270 1930.821
654.300 1946.554
654.340 1907.002
654.380 1851.735
654.410 1818.754
654.450 1785.630
654.490 1766.506
654.530 1785.240
654.560 1774.116
654.600 1818.135
654.640 1836.011
654.670 1823.458
654.710 1778.191
654.750 1740.496
654.790 1781.943
654.820 1825.676
654.860 1757.124
654.900 1733.285
654.930 1750.161
654.970 1782.323
655.010 1783.342
655.050 1739.360
655.080 1694.665
655.120 1704.112
655.160 1717.273
655.190 1711.149
655.230 1659.025
655.270 1626.044
655.310 1658.634
655.340 1717.652
655.380 1789.385
655.420 1825.546
655.460 1809.279
655.490 1879.869
655.530 1992.602
655.570 1977.049
655.600 1924.782
655.640 1892.229
655.680 1866.676
655.720 1864.980
655.750 1825.141
655.790 1748.588
655.830 1747.464
655.860 1733.339
655.900 1690.500
655.940 1686.662
655.980 1676.680
656.010 1682.555
656.050 1743.716
656.090 1791.020
656.120 1808.753
656.160 1833.342
656.200 1830.218
656.240 1857.665
656.270 1909.254
656.310 1847.987
656.350 1769.148
656.380 1798.594
656.420 1871.327
656.460 1966.488
656.500 2018.506
656.530 2019.095
656.570 2126.970
656.610 2188.703
656.640 2155.721
656.680 2075.024
656.720 2016.614
656.760 1989.489
656.790 1951.221
656.830 1922.239
656.870 1953.400
656.900 1959.989
656.940 1921.864
656.980 1885.882
657.020 1925.328
657.050 1940.775
657.090 1867.507
657.130 1792.239
657.160 1778.971
657.200 1803.846
657.240 1806.435
657.280 1713.881
657.310 1709.613
657.350 1746.345
657.390 1731.791
657.420 1762.666
657.460 1814.112
657.500 1799.987
657.540 1848.290
657.570 1849.165
657.610 1845.897
657.650 1855.486
657.680 1814.361
657.720 1755.664
657.760 1742.539
657.790 1725.556
657.830 1714.002
657.870 1682.305
657.910 1698.466
657.940 1710.626
657.980 1715.358
658.020 1729.518
658.050 1699.964
658.090 1658.267
658.130 1672.570
658.170 1677.159
658.200 1675.033
658.240 1678.908
658.280 1677.211
658.310 1743.228
658.350 1818.103
658.390 1799.405
658.430 1757.851
658.460 1759.440
658.500 1831.600
658.540 1878.474
658.570 1823.920
658.610 1750.080
658.650 1755.383
658.690 1780.543
658.720 1746.417
658.760 1734.149
658.800 1753.309
658.830 1768.468
658.870 1811.771
658.910 1826.503
658.940 1857.377
658.980 1881.965
659.020 1835.696
659.060 1780.713
659.090 1757.016
659.130 1762.462
659.170 1751.336
659.200 1748.638
659.240 1813.512
659.280 1845.815
659.320 1833.832
659.350 1826.563
659.390 1789.008
659.430 1754.025
659.460 1735.042
659.500 1725.344
659.540 1774.361
659.580 1815.378
659.610 1904.538
659.650 1957.840
659.690 1990.857
659.720 1971.016
659.760 1913.319
659.800 1870.335
659.830 1903.066
659.870 1858.654
659.910 1832.100
659.950 1823.831
659.980 1790.990
660.020 1791.150
660.060 1758.166
660.090 1726.611
660.130 1715.913
660.170 1721.359
660.200 1723.804
660.240 1772.392
660.280 1824.265
660.320 1817.853
660.350 1786.012
660.390 1778.886
660.430 1785.760
660.460 1788.776
660.500 1787.650
660.540 1752.809
660.580 1794.539
660.610 1821.699
660.650 1831.001
660.690 1837.588
660.720 1918.176
660.760 1957.621
660.800 1976.209
660.830 1970.654
660.870 1956.670
660.910 1971.686
660.950 1958.702
660.980 1841.861
661.020 1793.878
661.060 1785.608
661.090 1768.339
661.130 1735.355
661.170 1702.657
661.200 1702.673
661.240 1730.832
661.280 1725.134
661.320 1680.578
661.350 1660.594
661.390 1696.325
661.430 1703.626
661.460 1675.357
661.500 1686.373
661.540 1726.103
661.570 1816.262
661.610 1875.564
661.650 1869.008
661.690 1882.595
661.720 1910.611
661.760 1946.484
661.800 1953.500
661.830 1874.802
661.870 1843.818
661.910 1894.405
661.940 1900.992
661.980 1883.722
662.020 1857.738
662.060 1869.897
662.090 1918.770
662.130 1885.214
662.170 1801.230
662.200 1760.817
662.240 1752.976
662.280 1704.563
662.310 1629.864
662.350 1593.452
662.390 1585.181
662.430 1587.911
662.460 1601.070
662.500 1615.657
662.540 1640.387
662.570 1634.117
662.610 1642.704
662.650 1701.577
662.680 1729.306
662.720 1746.036
662.760 1810.623
662.800 1867.067
662.830 1909.226
662.870 1899.956
662.910 1879.114
662.940 1846.558
662.980 1810.431
663.020 1741.446
663.050 1702.890
663.090 1700.906
663.130 1713.921
663.170 1689.508
663.200 1766.809
663.240 1852.824
663.280 1872.697
663.310 1850.426
663.350 1832.585
663.390 1847.029
663.420 1887.758
663.460 1857.631
663.500 1834.932
663.530 1855.804
663.570 1914.962
663.610 1929.977
663.650 1927.707
663.680 1955.865
663.720 1980.594
663.760 1915.610
663.790 1816.625
663.830 1778.354
663.870 1795.369
663.900 1803.527
663.940 1723.400
663.980 1730.986
664.020 1802.287
664.050 1873.445
664.090 1859.603
664.130 1851.904
664.160 1804.919
664.200 1804.791
664.240 1759.234
664.270 1760.107
664.310 1793.265
664.350 1806.422
664.380 1774.580
664.420 1803.309
664.460 1827.182
664.500 1819.625
664.530 1810.497
664.570 1818.083
664.610 1854.098
664.640 1864.399
664.680 1897.842
664.720 1910.286
664.750 1911.872
664.790 1867.173
664.830 1845.759
664.860 1847.202
664.900 1900.788
664.940 1881.089
664.980 1854.675
665.010 1859.118
665.050 1864.133
665.090 1801.434
665.120 1778.448
665.160 1807.463
665.200 1827.478
665.230 1820.778
665.270 1816.793
665.310 1861.236
665.340 1919.679
665.380 1916.123
665.420 1836.566
665.460 1828.295
665.490 1894.452
665.530 1884.181
665.570 1830.910
665.600 1840.067
665.640 1839.510
665.680 1836.382
665.710 1843.968
665.750 1822.554
665.790 1852.997
665.820 1856.726
665.860 1837.312
665.900 1849.183
665.930 1884.341
665.970 1864.641
666.010 1815.798
666.050 1767.670
666.080 1743.113
666.120 1704.841
666.160 1629.713
666.190 1597.299
666.230 1583.027
666.270 1565.613
666.300 1625.342
666.340 1697.499
666.380 1717.227
666.410 1761.242
666.450 1768.399
666.490 1772.127
666.530 1807.713
666.560 1762.584
666.600 1715.456
666.640 1681.041
666.670 1655.913
666.710 1632.641
666.750 1613.655
666.780 1638.955
666.820 1663.541
666.860 1634.555
666.890 1680.998
666.930 1739.869
666.970 1754.740
667.000 1751.754
667.040 1743.483
667.080 1758.497
667.120 1819.511
667.150 1826.953
667.190 1816.110
667.230 1831.696
667.260 1830.996
667.300 1812.724
667.340 1774.881
667.370 1769.895
667.410 1762.623
667.450 1743.065
667.480 1732.222
667.520 1768.665
667.560 1771.964
667.590 1796.121
667.630 1842.421
667.670 1860.292
667.700 1876.734
667.740 1886.177
667.780 1897.762
667.820 1923.490
667.850 1864.933
667.890 1763.804
667.930 1767.389
667.960 1799.403
668.000 1812.702
668.040 1758.002
668.070 1719.158
668.110 1827.029
668.150 1906.186
668.180 1890.485
668.220 1818.070
668.260 1757.084
668.290 1769.383
668.330 1775.968
668.370 1727.839
668.400 1752.996
668.440 1789.438
668.480 1825.880
668.520 1896.465
668.550 1953.050
668.590 2011.207
668.630 1985.935
668.660 1842.663
668.700 1780.533
668.740 1774.261
668.770 1725.560
668.810 1647.288
668.850 1603.730
668.880 1622.458
668.920 1669.900
668.960 1685.914
668.990 1734.356
669.030 1768.941
669.070 1763.954
669.100 1782.825
669.140 1777.267
669.180 1804.423
669.210 1865.865
669.250 1842.021
669.290 1877.606
669.320 1985.334
669.360 1971.633
669.400 1954.932
669.440 1942.088
669.470 1870.244
669.510 1829.258
669.550 1778.128
669.580 1714.856
669.620 1698.440
669.660 1727.739
669.690 1741.467
669.730 1777.623
669.770 1861.065
669.800 1913.078
669.840 1959.520
669.880 2011.533
669.910 2044.118
669.950 2044.417
669.990 2020.430
670.020 1968.729
670.060 1915.028
670.100 1855.755
670.130 1798.197
670.170 1823.353
670.210 1849.366
670.240 1871.236
670.280 1859.535
670.320 1835.405
670.350 1821.990
670.390 1833.288
670.430 1767.587
670.470 1746.029
670.500 1700.899
670.540 1697.912
670.580 1762.211
670.610 1794.367
670.650 1812.237
670.690 1785.393
670.720 1819.263
670.760 1876.276
670.800 1866.003
670.830 1826.159
670.870 1817.172
670.910 1821.327
670.940 1845.055
670.980 1831.639
671.020 1801.509
671.050 1852.379
671.090 1881.678
671.130 1873.976
671.160 1831.132
671.200 1824.288
671.240 1810.729
671.270 1808.456
671.310 1773.755
671.350 1683.339
671.380 1627.352
671.420 1668.936
671.460 1696.091
671.490 1745.104
671.530 1802.260
671.570 1824.415
671.600 1936.571
671.640 2039.869
671.680 2034.025
671.710 2001.466
671.750 1981.193
671.790 1943.206
671.830 1906.504
671.860 1813.803
671.900 1723.958
671.940 1675.114
671.970 1677.983
672.010 1630.853
672.050 1646.723
672.080 1721.450
672.120 1773.462
672.160 1806.760
672.190 1860.059
672.230 1895.500
672.270 1910.084
672.300 1893.096
672.340 1848.966
672.380 1805.979
672.410 1824.562
672.450 1848.432
672.490 1845.587
672.520 1855.743
672.560 1792.184
672.600 1720.911
672.630 1714.352
672.670 1712.793
672.710 1670.091
672.740 1639.960
672.780 1635.687
672.820 1685.128
672.850 1702.283
672.890 1711.867
672.930 1706.736
672.960 1747.177
673.000 1771.047
673.040 1775.345
673.070 1788.786
673.110 1885.798
673.150 1949.239
673.180 1958.680
673.220 1933.121
673.260 1898.419
673.290 1862.288
673.330 1820.300
673.370 1796.027
673.400 1811.182
673.440 1808.623
673.480 1793.206
673.510 1836.504
673.550 1866.945
673.590 1891.957
673.620 1834.398
673.660 1787.267
673.700 1840.708
673.730 1865.577
673.770 1843.875
673.810 1868.887
673.840 1909.042
673.880 1951.626
673.920 1955.209
673.950 1930.793
673.990 1909.376
674.030 1879.817
674.060 1877.829
674.100 1854.984
674.140 1818.567
674.170 1798.151
674.210 1744.448
674.250 1736.746
674.280 1757.758
674.320 1690.342
674.360 1646.782
674.390 1687.223
674.430 1709.377
674.470 1735.104
674.500 1776.544
674.540 1766.270
674.580 1825.568
674.610 1863.866
674.650 1817.163
674.690 1831.747
674.720 1861.759
674.760 1862.199
674.800 1922.639
674.830 1953.794
674.870 1959.377
674.910 1953.389
674.940 1929.115
674.980 1960.556
675.020 1984.282
675.050 1952.865
675.090 1903.448
675.130 1894.031
675.160 1913.329
675.200 1875.769
675.240 1779.924
675.270 1696.936
675.310 1643.662
675.350 1590.959
675.380 1568.114
675.420 1627.268
675.460 1686.994
675.490 1734.292
675.530 1751.589
675.570 1814.886
675.600 1875.184
675.640 1895.481
675.680 1811.350
675.710 1748.219
675.750 1725.373
675.790 1735.813
675.820 1687.539
675.860 1694.551
675.900 1725.848
675.930 1765.003
675.970 1789.443
676.010 1800.454
676.040 1778.180
676.080 1783.192
676.120 1773.775
676.150 1727.786
676.190 1737.083
676.230 1781.666
676.260 1749.392
676.300 1804.832
676.340 1853.415
676.370 1822.141
676.410 1794.009
676.450 1783.021
676.480 1809.175
676.520 1816.472
676.560 1725.484
676.590 1697.638
676.630 1749.792
676.670 1803.947
676.700 1830.101
676.740 1827.827
676.780 1856.266
676.810 1883.421
676.850 1858.718
676.890 1831.158
676.920 1857.169
676.960 1812.895
676.990 1747.334
677.030 1736.346
677.070 1772.643
677.100 1774.654
677.140 1721.380
677.180 1697.391
677.210 1740.259
677.250 1610.556
677.290 1577.252
677.320 1520.025
677.360 1504.930
