537.190 293.309
537.230 273.363
537.270 211.354
537.310 186.023
537.350 226.739
537.390 277.750
537.430 256.911
537.470 241.938
537.510 301.831
537.550 366.731
537.590 408.782
537.630 436.413
537.670 489.908
537.710 520.269
537.750 467.780
537.790 394.441
537.830 428.682
537.870 444.644
537.910 403.899
537.950 406.733
537.990 515.574
538.030 582.994
538.070 596.278
538.110 531.998
538.150 516.867
538.190 531.743
538.230 464.484
538.270 307.230
538.310 321.698
538.350 361.172
538.390 359.653
538.430 405.283
538.470 456.205
538.510 456.562
538.560 457.925
538.600 463.865
538.640 558.955
538.680 635.336
538.720 562.294
538.760 558.115
538.800 629.085
538.840 643.060
538.880 537.470
538.920 452.170
538.960 476.591
539.000 579.159
539.040 558.590
539.080 497.455
539.120 552.182
539.160 590.200
539.200 531.937
539.240 459.393
539.280 505.997
539.320 513.748
539.360 492.505
539.400 519.122
539.440 608.459
539.480 651.372
539.520 645.146
539.560 558.496
539.600 565.421
539.640 619.208
539.680 560.999
539.720 503.651
539.760 519.165
539.800 498.825
539.840 421.060
539.880 382.442
539.920 474.684
539.960 512.074
540.000 465.609
540.040 407.862
540.080 488.833
540.120 577.094
540.160 596.786
540.200 566.909
540.240 631.608
540.280 713.880
540.320 770.870
540.360 764.292
540.400 775.002
540.440 740.429
540.480 625.717
540.520 568.435
540.560 578.299
540.600 584.594
540.640 559.606
540.680 530.477
540.720 568.780
540.760 614.084
540.800 567.248
540.840 559.272
540.880 609.868
540.920 595.182
540.960 546.497
541.000 586.671
541.040 659.990
541.080 697.882
541.120 626.490
541.160 577.958
541.200 617.141
541.240 647.468
541.280 564.226
541.320 491.699
541.360 487.031
541.400 506.364
541.440 458.984
541.480 452.177
541.520 513.371
541.560 527.852
541.600 538.619
541.640 579.959
541.680 658.586
541.720 713.785
541.760 702.270
541.800 628.471
541.840 597.529
541.880 575.731
541.920 539.077
541.960 512.280
542.000 565.770
542.040 601.688
542.080 625.464
542.120 709.241
542.160 749.160
542.200 719.080
542.240 664.715
542.280 606.778
542.320 551.841
542.360 534.761
542.400 500.682
542.440 532.317
542.480 645.094
542.520 696.729
542.560 648.934
542.600 668.140
542.640 725.774
542.680 724.550
542.720 674.469
542.760 679.388
542.800 759.592
542.840 810.652
542.880 778.283
542.920 770.057
542.970 873.116
543.010 930.745
543.050 830.803
543.090 759.717
543.130 862.630
543.170 920.685
543.210 872.025
543.250 789.935
543.290 808.702
543.330 814.039
543.370 733.089
543.410 611.567
543.450 660.900
543.490 752.233
543.530 726.993
543.570 688.752
543.610 763.367
543.650 814.980
543.690 803.164
543.730 789.060
543.770 831.526
543.810 849.277
543.850 806.026
543.890 784.488
543.930 786.377
543.970 771.122
544.010 700.294
544.050 587.463
544.090 702.775
544.130 769.227
544.170 721.391
544.210 779.412
544.250 883.430
544.290 935.875
544.330 969.318
544.370 929.616
544.410 975.056
544.450 982.636
544.490 914.785
544.530 897.219
544.570 945.936
544.610 959.936
544.650 854.506
544.690 791.074
544.730 835.068
544.770 846.060
544.810 785.335
544.850 776.465
544.890 804.022
544.930 835.719
544.970 789.271
545.010 746.821
545.050 794.796
545.090 843.484
545.130 763.883
545.170 707.423
545.210 762.532
545.250 792.353
545.290 772.456
545.330 739.700
545.370 776.085
545.410 820.752
545.450 793.274
545.490 746.936
545.530 800.881
545.570 840.253
545.610 795.049
545.650 747.701
545.690 743.349
545.730 801.852
545.770 801.781
545.810 738.564
545.850 744.630
545.890 782.407
545.930 751.467
545.960 717.525
546.000 739.436
546.040 737.773
546.080 706.107
546.120 653.724
546.160 650.767
546.200 670.949
546.240 704.129
546.280 725.019
546.320 795.907
546.360 892.220
546.400 937.958
546.440 982.265
546.480 1053.569
546.520 1053.726
546.560 998.595
546.600 945.318
546.640 943.323
546.680 973.040
546.720 919.610
546.760 929.034
546.800 980.884
546.840 978.445
546.880 961.716
546.920 958.842
546.960 938.535
547.000 933.226
547.040 871.770
547.080 882.454
547.120 926.991
547.160 940.811
547.200 883.770
547.240 896.583
547.280 947.822
547.320 949.914
547.360 870.859
547.400 891.373
547.440 967.026
547.480 957.962
547.520 907.894
547.560 944.108
547.600 966.890
547.640 964.526
547.680 902.016
547.720 874.073
547.760 921.985
547.800 966.035
547.840 899.939
547.880 848.411
547.920 870.594
547.960 879.630
548.000 815.806
548.040 804.549
548.080 841.003
548.120 875.454
548.160 894.187
548.200 920.059
548.240 963.642
548.280 976.649
548.320 958.653
548.360 920.368
548.400 898.365
548.440 912.358
548.480 889.348
548.520 875.048
548.560 938.316
548.600 970.295
548.640 946.984
548.680 1008.670
548.720 1118.066
548.760 1173.458
548.800 1144.847
548.840 1083.947
548.880 1127.185
548.920 1167.992
548.960 1117.938
549.000 1078.022
549.040 1065.389
549.080 1087.181
549.120 1096.254
549.160 1052.610
549.200 991.962
549.240 945.596
549.280 904.798
549.320 902.424
549.360 948.476
549.400 971.666
549.440 941.139
549.480 997.893
549.520 1071.216
549.560 1043.820
549.600 993.992
549.640 981.732
549.680 1024.753
549.720 1063.200
549.760 1055.071
549.800 1067.224
549.840 1128.945
549.880 1156.520
549.920 1109.947
549.960 1080.800
550.000 1063.363
550.040 1044.923
550.080 973.336
550.120 893.745
550.160 941.007
550.200 974.837
550.240 940.092
550.280 1051.630
550.320 1191.306
550.350 1253.264
550.390 1253.790
550.430 1240.455
550.470 1280.402
550.510 1318.202
550.550 1218.856
550.590 1140.506
550.630 1150.438
550.670 1186.652
550.710 1144.576
550.750 1122.926
550.790 1190.843
550.830 1211.471
550.870 1148.523
550.910 1144.715
550.950 1160.474
550.990 1171.373
551.030 1131.696
551.070 1046.016
551.110 1084.475
551.150 1137.644
551.190 1090.953
551.230 1033.829
551.270 1011.273
551.310 974.856
551.350 916.865
551.390 859.440
551.430 842.441
551.470 849.867
551.510 878.860
551.550 953.564
551.590 1022.836
551.630 1052.818
551.670 997.083
551.710 991.486
551.750 1066.744
551.790 1083.426
551.830 1000.390
551.870 1021.207
551.910 1144.878
551.950 1221.689
551.990 1200.495
552.030 1214.156
552.070 1302.527
552.110 1330.751
552.150 1245.686
552.190 1151.046
552.230 1192.831
552.270 1236.469
552.310 1147.676
552.350 1013.021
552.390 1077.078
552.430 1143.988
552.470 1136.608
552.510 1165.654
552.550 1270.267
552.590 1364.734
552.630 1436.626
552.660 1387.086
552.700 1371.828
552.740 1374.709
552.780 1248.444
552.820 1130.461
552.860 1121.332
552.900 1127.199
552.940 1122.063
552.980 1166.923
553.020 1248.779
553.060 1335.775
553.100 1317.482
553.140 1275.900
553.180 1293.600
553.220 1298.867
553.260 1236.417
553.300 1178.964
553.340 1147.935
553.380 1166.189
553.420 1130.154
553.460 1075.829
553.500 1128.930
553.540 1155.884
553.580 1134.406
553.620 1138.211
553.660 1154.869
553.700 1166.238
553.740 1162.747
553.780 1103.252
553.820 1117.325
553.860 1154.110
553.900 1119.319
553.940 1135.382
553.980 1217.442
554.020 1228.784
554.060 1197.122
554.100 1177.315
554.140 1160.504
554.180 1153.832
554.220 1095.872
554.260 1080.480
554.300 1169.655
554.340 1226.685
554.380 1182.997
554.410 1154.877
554.450 1266.611
554.490 1331.770
554.530 1233.640
554.570 1167.079
554.610 1167.228
554.650 1241.803
554.690 1275.374
554.730 1244.228
554.770 1258.222
554.810 1294.355
554.850 1238.199
554.890 1237.183
554.930 1235.449
554.970 1220.426
555.010 1129.543
555.050 1058.942
555.090 1123.339
555.130 1177.446
555.170 1143.407
555.210 1135.366
555.250 1181.463
555.290 1230.272
555.330 1231.221
555.370 1127.166
555.410 1124.823
555.450 1161.477
555.490 1119.841
555.530 1133.346
555.570 1262.276
555.610 1328.202
555.650 1377.697
555.690 1396.761
555.730 1454.250
555.770 1486.735
555.810 1433.647
555.850 1360.126
555.890 1323.746
555.920 1302.076
555.960 1265.404
556.000 1228.728
556.040 1210.621
556.080 1178.083
556.120 1089.684
556.160 1050.996
556.200 1147.592
556.240 1204.041
556.280 1150.630
556.320 1177.645
556.360 1238.371
556.400 1264.665
556.440 1299.814
556.480 1280.674
556.520 1265.817
556.560 1243.528
556.600 1187.522
556.640 1195.228
556.680 1224.073
556.720 1213.201
556.760 1145.755
556.800 1161.734
556.840 1253.997
556.880 1288.827
556.920 1231.512
556.960 1244.052
557.000 1320.017
557.040 1364.122
557.080 1340.652
557.120 1351.323
557.160 1429.848
557.200 1476.228
557.240 1435.461
557.270 1430.264
557.310 1484.634
557.350 1501.288
557.390 1419.939
557.430 1334.016
557.470 1378.947
557.510 1425.875
557.550 1377.087
557.590 1387.152
557.630 1400.644
557.670 1411.990
557.710 1416.476
557.750 1392.816
557.790 1460.725
557.830 1514.346
557.870 1409.249
557.910 1355.865
557.950 1420.334
557.990 1466.373
558.030 1479.980
558.070 1485.298
558.110 1461.186
558.150 1477.642
558.190 1463.238
558.230 1443.832
558.270 1471.280
558.310 1474.297
558.350 1396.598
558.390 1401.895
558.430 1467.333
558.460 1511.625
558.500 1473.915
558.540 1453.630
558.580 1436.343
558.620 1390.339
558.660 1341.047
558.700 1331.467
558.740 1361.312
558.780 1373.012
558.820 1285.424
558.860 1318.262
558.900 1416.240
558.940 1448.359
558.980 1389.903
559.020 1382.445
559.060 1443.985
559.100 1511.093
559.140 1429.057
559.180 1358.446
559.220 1312.832
559.260 1332.074
559.300 1307.741
559.340 1210.120
559.380 1193.211
559.420 1266.300
559.460 1264.243
559.500 1268.756
559.540 1242.837
559.570 1196.059
559.610 1192.706
559.650 1198.780
559.690 1168.709
559.730 1161.493
559.770 1172.845
559.810 1220.338
559.850 1277.829
559.890 1327.031
559.930 1304.231
559.970 1288.429
560.010 1330.767
560.050 1348.818
560.090 1264.723
560.130 1264.197
560.170 1298.526
560.210 1338.424
560.250 1348.748
560.290 1354.355
560.330 1427.818
560.370 1508.992
560.410 1520.022
560.450 1555.334
560.490 1584.216
560.530 1569.239
560.570 1518.687
560.600 1458.134
560.640 1509.864
560.680 1519.163
560.720 1502.746
560.760 1485.612
560.800 1536.904
560.840 1562.051
560.880 1521.768
560.920 1458.054
560.960 1457.337
561.000 1403.761
561.040 1367.898
561.080 1318.746
561.120 1314.164
561.160 1322.008
561.200 1268.850
561.240 1262.118
561.280 1314.527
561.320 1325.505
561.360 1300.481
561.400 1300.027
561.440 1404.570
561.480 1483.111
561.520 1427.507
561.550 1374.615
561.590 1366.436
561.630 1392.683
561.670 1371.213
561.710 1360.742
561.750 1392.411
561.790 1438.364
561.830 1462.314
561.870 1497.692
561.910 1553.495
561.950 1575.583
561.990 1462.668
562.030 1424.894
562.070 1402.119
562.110 1343.769
562.150 1325.704
562.190 1266.350
562.230 1264.138
562.270 1302.923
562.310 1263.135
562.350 1268.202
562.390 1340.696
562.430 1336.188
562.460 1331.963
562.500 1379.165
562.540 1437.080
562.580 1451.278
562.620 1456.474
562.660 1462.954
562.700 1528.432
562.740 1536.765
562.780 1456.668
562.820 1396.854
562.860 1382.467
562.900 1342.221
562.940 1275.973
562.980 1235.723
563.020 1246.615
563.060 1251.647
563.100 1250.391
563.140 1304.991
563.180 1380.160
563.220 1400.327
563.260 1338.493
563.300 1264.657
563.330 1295.675
563.370 1294.264
563.410 1223.851
563.450 1207.864
563.490 1246.733
563.530 1275.885
563.570 1353.321
563.610 1364.613
563.650 1432.617
563.690 1506.048
563.730 1492.192
563.770 1477.333
563.810 1519.902
563.850 1530.183
563.890 1501.747
563.930 1422.739
563.970 1415.300
564.010 1409.860
564.050 1376.132
564.090 1347.973
564.130 1358.527
564.160 1350.508
564.200 1354.773
564.240 1341.179
564.280 1442.441
564.320 1485.129
564.360 1415.101
564.400 1378.500
564.440 1431.755
564.480 1412.436
564.520 1333.830
564.560 1253.365
564.600 1285.327
564.640 1328.145
564.680 1363.532
564.720 1399.060
564.760 1440.301
564.800 1484.683
564.840 1431.064
564.880 1410.014
564.920 1546.820
564.950 1540.909
564.990 1447.569
565.030 1453.941
565.070 1458.026
565.110 1450.680
565.150 1370.048
565.190 1217.842
565.230 1195.920
565.270 1221.140
565.310 1181.786
565.350 1200.431
565.390 1294.360
565.430 1333.287
565.470 1307.356
565.510 1313.137
565.550 1341.203
565.590 1364.838
565.630 1340.615
565.670 1266.961
565.700 1271.020
565.740 1346.078
565.780 1326.991
565.820 1277.760
565.860 1297.956
565.900 1295.721
565.940 1300.628
565.980 1379.819
566.020 1444.295
566.060 1467.911
566.100 1467.384
566.140 1522.569
566.180 1637.324
566.220 1683.077
566.260 1603.258
566.300 1551.722
566.340 1573.471
566.380 1587.790
566.420 1507.393
566.450 1450.138
566.490 1463.881
566.530 1463.051
566.570 1441.648
566.610 1449.386
566.650 1499.124
566.690 1494.716
566.730 1432.879
566.770 1443.040
566.810 1531.200
566.850 1545.073
566.890 1506.659
566.930 1507.528
566.970 1622.397
567.010 1693.121
567.050 1664.987
567.090 1646.279
567.130 1724.285
567.160 1764.575
567.200 1716.006
567.240 1655.579
567.280 1673.150
567.320 1660.435
567.360 1574.860
567.400 1545.142
567.440 1592.422
567.480 1634.844
567.520 1600.835
567.560 1597.254
567.600 1658.100
567.640 1679.516
567.680 1592.788
567.720 1515.487
567.760 1556.042
567.800 1573.167
567.840 1491.005
567.870 1474.128
567.910 1549.677
567.950 1606.225
567.990 1617.058
568.030 1550.032
568.070 1550.148
568.110 1592.548
568.150 1521.804
568.190 1493.201
568.230 1519.026
568.270 1513.564
568.310 1482.386
568.350 1460.778
568.390 1498.741
568.430 1526.416
568.470 1454.233
568.510 1430.049
568.540 1474.435
568.580 1512.677
568.620 1517.631
568.660 1538.728
568.700 1634.109
568.740 1684.060
568.780 1626.866
568.820 1570.529
568.860 1619.191
568.900 1647.565
568.940 1563.367
568.980 1466.596
569.020 1419.396
569.060 1394.337
569.100 1348.848
569.140 1270.644
569.170 1319.153
569.210 1358.518
569.250 1358.595
569.290 1414.815
569.330 1497.462
569.370 1599.393
569.410 1627.180
569.450 1528.681
569.490 1558.323
569.530 1602.392
569.570 1572.175
569.610 1544.813
569.650 1506.022
569.690 1505.087
569.730 1512.150
569.770 1488.641
569.800 1508.417
569.840 1536.477
569.880 1509.536
569.920 1484.165
569.960 1456.222
570.000 1422.849
570.040 1366.617
570.080 1325.242
570.120 1356.151
570.160 1414.916
570.200 1425.252
570.240 1484.872
570.280 1599.920
570.320 1653.395
570.360 1604.583
570.400 1553.484
570.430 1567.813
570.470 1568.855
570.510 1508.181
570.550 1446.793
570.590 1476.974
570.630 1527.298
570.670 1521.763
570.710 1477.084
570.750 1505.547
570.790 1557.008
570.830 1603.898
570.870 1622.500
570.910 1588.959
570.950 1560.273
570.990 1515.730
571.020 1502.757
571.060 1544.211
571.100 1516.093
571.140 1415.545
571.180 1466.996
571.220 1562.018
571.260 1593.324
571.300 1563.343
571.340 1519.362
571.380 1582.807
571.420 1637.967
571.460 1570.839
571.500 1538.139
571.540 1598.009
571.580 1602.450
571.610 1514.604
571.650 1471.900
571.690 1531.195
571.730 1547.060
571.770 1468.925
571.810 1461.645
571.850 1543.936
571.890 1593.797
571.930 1549.800
571.970 1453.945
572.010 1500.089
572.050 1564.518
572.090 1505.660
572.130 1468.372
572.170 1542.655
572.200 1563.080
572.240 1551.790
572.280 1574.355
572.320 1602.063
572.360 1619.198
572.400 1565.475
572.440 1526.180
572.480 1550.169
572.520 1610.301
572.560 1557.288
572.600 1517.989
572.640 1590.689
572.680 1634.388
572.720 1615.515
572.750 1632.355
572.790 1578.194
572.830 1540.889
572.870 1512.869
572.910 1458.276
572.950 1483.397
572.990 1493.518
573.030 1395.351
573.070 1378.184
573.110 1409.872
573.150 1429.560
573.190 1431.818
573.230 1401.362
573.270 1382.904
573.310 1391.017
573.340 1407.414
573.380 1442.240
573.420 1507.492
573.460 1521.745
573.500 1480.853
573.540 1536.817
573.580 1713.924
573.620 1799.744
573.660 1784.849
573.700 1796.667
573.740 1810.055
573.780 1879.443
573.820 1887.687
573.850 1797.359
573.890 1753.030
573.930 1738.843
573.970 1687.227
574.010 1687.038
574.050 1781.705
574.090 1808.372
574.130 1742.038
574.170 1749.560
574.210 1794.652
574.250 1774.601
574.290 1742.407
574.330 1715.497
574.370 1774.300
574.400 1819.960
574.440 1820.334
574.480 1800.277
574.520 1830.221
574.560 1849.163
574.600 1768.676
574.640 1654.616
574.680 1741.985
574.720 1793.781
574.760 1799.290
574.800 1787.514
574.840 1765.164
574.880 1717.100
574.910 1677.178
574.950 1599.398
574.990 1641.331
575.030 1667.406
575.070 1637.195
575.110 1624.698
575.150 1619.628
575.190 1615.557
575.230 1563.771
575.270 1468.842
575.310 1424.912
575.350 1433.267
575.390 1433.049
575.420 1445.259
575.460 1476.040
575.500 1498.392
575.540 1473.172
575.580 1505.236
575.620 1542.442
575.660 1538.220
575.700 1558.567
575.740 1559.772
575.780 1584.546
575.820 1568.178
575.860 1477.094
575.900 1443.152
575.930 1467.496
575.970 1450.409
576.010 1431.466
576.050 1450.092
576.090 1519.290
576.130 1554.344
576.170 1535.539
576.210 1505.449
576.250 1512.786
576.290 1570.123
576.330 1544.744
576.370 1493.794
576.410 1530.557
576.440 1579.033
576.480 1611.081
576.520 1642.841
576.560 1625.030
576.600 1595.932
576.640 1571.120
576.680 1554.020
576.720 1550.920
576.760 1532.963
576.800 1463.004
576.840 1448.902
576.880 1467.514
576.920 1492.696
576.950 1454.163
576.990 1416.773
577.030 1462.667
577.070 1544.989
577.110 1530.597
577.150 1529.203
577.190 1508.095
577.230 1502.272
577.270 1495.734
577.310 1488.766
577.350 1492.798
577.390 1504.543
577.420 1482.145
577.460 1554.461
577.500 1606.633
577.540 1605.804
577.580 1547.403
577.620 1512.287
577.660 1484.742
577.700 1446.625
577.740 1367.507
577.780 1308.532
577.820 1361.699
577.860 1430.864
577.890 1422.458
577.930 1455.052
577.970 1564.501
578.010 1584.379
578.050 1605.684
578.090 1630.418
578.130 1684.151
578.170 1730.026
578.210 1710.757
578.250 1689.060
578.290 1755.219
578.330 1777.377
578.360 1717.677
578.400 1606.834
578.440 1533.133
578.480 1515.717
578.520 1468.158
578.560 1451.741
578.600 1435.895
578.640 1412.905
578.680 1414.201
578.720 1513.638
578.760 1624.789
578.800 1615.226
578.830 1546.519
578.870 1639.954
578.910 1693.674
578.950 1716.965
578.990 1663.399
579.030 1597.117
579.070 1629.549
579.110 1643.123
579.150 1552.840
579.190 1502.270
579.230 1548.700
579.260 1583.129
579.300 1588.129
579.340 1617.271
579.380 1712.556
579.420 1767.554
579.460 1759.123
579.500 1715.834
579.540 1716.259
579.580 1707.541
579.620 1652.250
579.660 1570.673
579.700 1576.524
579.730 1627.661
579.770 1588.225
579.810 1554.932
579.850 1536.780
579.890 1558.629
579.930 1547.334
579.970 1581.609
580.010 1676.884
580.050 1683.730
580.090 1632.433
580.130 1608.278
580.160 1591.694
580.200 1600.109
580.240 1481.381
580.280 1340.366
580.320 1371.065
580.360 1404.907
580.400 1443.034
580.440 1472.445
580.480 1487.571
580.520 1521.125
580.560 1541.963
580.590 1547.230
580.630 1603.211
580.670 1633.619
580.710 1616.456
580.750 1620.577
580.790 1662.842
580.830 1687.248
580.870 1651.511
580.910 1597.773
580.950 1637.607
580.990 1671.011
581.020 1654.558
581.060 1623.246
581.100 1640.792
581.140 1706.908
581.180 1700.453
581.220 1661.854
581.260 1711.397
581.300 1734.940
581.340 1719.482
581.380 1692.167
581.420 1644.566
581.450 1627.249
581.490 1574.075
581.530 1497.044
581.570 1498.440
581.610 1505.693
581.650 1478.231
581.690 1479.055
581.730 1552.878
581.770 1590.129
581.810 1588.950
581.850 1570.486
581.880 1616.021
581.920 1656.270
581.960 1639.090
582.000 1567.767
582.040 1555.300
582.080 1553.975
582.120 1524.222
582.160 1505.611
582.200 1485.285
582.240 1493.673
582.280 1563.917
582.310 1624.590
582.350 1742.833
582.390 1813.648
582.430 1798.605
582.470 1863.704
582.510 1949.803
582.550 1937.758
582.590 1838.713
582.630 1710.810
582.670 1731.050
582.700 1778.718
582.740 1715.385
582.780 1669.909
582.820 1718.147
582.860 1762.384
582.900 1760.335
582.940 1710.143
582.980 1706.950
583.020 1754.043
583.060 1726.706
583.100 1638.798
583.130 1647.318
583.170 1677.408
583.210 1675.641
583.250 1645.874
583.290 1661.106
583.330 1664.338
583.370 1639.712
583.410 1628.943
583.450 1624.316
583.490 1594.832
583.520 1564.918
583.560 1562.576
583.600 1625.519
583.640 1690.318
583.680 1665.260
583.720 1692.916
583.760 1791.000
583.800 1825.655
583.840 1742.452
583.880 1606.392
583.910 1609.188
583.950 1650.984
583.990 1593.637
584.030 1546.860
584.070 1591.941
584.110 1624.878
584.150 1678.100
584.190 1709.179
584.230 1767.401
584.270 1837.193
584.310 1809.128
584.340 1756.348
584.380 1806.282
584.420 1846.216
584.460 1774.578
584.500 1729.511
584.540 1736.300
584.580 1776.518
584.620 1785.449
584.660 1708.238
584.700 1732.883
584.730 1807.670
584.770 1773.743
584.810 1742.243
584.850 1781.601
584.890 1796.530
584.930 1803.743
584.970 1792.671
585.010 1812.884
585.050 1827.811
585.080 1783.166
585.120 1687.950
585.160 1639.875
585.200 1657.372
585.240 1650.725
585.280 1612.936
585.320 1585.860
585.360 1522.783
585.400 1467.135
585.440 1491.915
585.470 1497.124
585.510 1445.760
585.550 1387.824
585.590 1458.031
585.630 1602.238
585.670 1651.730
585.710 1626.507
585.750 1680.284
585.790 1795.346
585.830 1822.408
585.860 1736.469
585.900 1741.245
585.940 1813.448
585.980 1820.794
586.020 1711.854
586.060 1609.485
586.100 1639.544
586.140 1636.603
586.180 1522.947
586.220 1452.005
586.250 1509.491
586.290 1553.119
586.330 1521.748
586.370 1474.090
586.410 1515.574
586.450 1576.487
586.490 1578.971
586.530 1556.597
586.570 1628.795
586.600 1680.134
586.640 1687.188
586.680 1675.099
586.720 1710.152
586.760 1751.490
586.800 1727.971
586.840 1727.880
586.880 1762.646
586.920 1762.126
586.960 1757.891
586.990 1749.370
587.030 1760.277
587.070 1776.184
587.110 1715.805
587.150 1749.140
587.190 1837.474
587.230 1872.094
587.270 1817.142
587.310 1828.047
587.340 1856.237
587.380 1902.998
587.420 1872.759
587.460 1822.376
587.500 1842.279
587.540 1866.611
587.580 1813.799
587.620 1823.986
587.660 1838.745
587.690 1846.075
587.730 1800.404
587.770 1775.733
587.810 1820.776
587.850 1835.105
587.890 1749.147
587.930 1681.618
587.970 1634.516
588.010 1622.986
588.050 1583.027
588.080 1547.782
588.120 1606.108
588.160 1674.148
588.200 1669.188
588.240 1722.084
588.280 1851.695
588.320 1895.876
588.360 1848.057
588.400 1783.095
588.430 1753.133
588.470 1767.885
588.510 1695.350
588.550 1576.530
588.590 1560.994
588.630 1603.745
588.670 1579.780
588.710 1613.244
588.750 1694.565
588.780 1716.028
588.820 1687.348
588.860 1650.525
588.900 1723.559
588.940 1792.306
588.980 1735.482
589.020 1719.658
589.060 1766.690
589.100 1806.151
589.130 1865.183
589.170 1847.214
589.210 1840.959
589.250 1836.133
589.290 1774.306
589.330 1785.051
589.370 1838.938
589.410 1839.682
589.450 1791.711
589.480 1807.311
589.520 1888.197
589.560 1896.654
589.600 1801.825
589.640 1824.138
589.680 1875.308
589.720 1857.478
589.760 1769.077
589.800 1724.103
589.830 1750.558
589.870 1822.441
589.910 1757.466
589.950 1722.634
589.990 1744.802
590.030 1781.398
590.070 1737.994
590.110 1724.875
590.150 1782.470
590.180 1815.351
590.220 1791.517
590.260 1830.825
590.300 1935.419
590.340 2003.013
590.380 1977.321
590.420 1916.771
590.460 1905.649
590.490 1910.242
590.530 1881.120
590.570 1839.283
590.610 1914.303
590.650 1982.180
590.690 1971.485
590.730 1956.790
590.770 2012.809
590.810 2038.257
590.840 2017.847
590.880 2001.865
590.920 2052.740
590.960 2075.472
591.000 2060.060
591.040 1984.934
591.080 2010.523
591.120 2018.253
591.160 1952.984
591.190 1842.714
591.230 1799.587
591.270 1800.888
591.310 1817.188
591.350 1820.632
591.390 1879.360
591.430 1885.803
591.470 1913.246
591.500 1991.402
591.540 2063.558
591.580 2088.714
591.620 2029.870
591.660 1972.597
591.700 2063.323
591.740 2077.621
591.780 1967.490
591.820 1909.787
591.850 1962.941
591.890 1982.380
591.930 1951.820
591.970 1868.830
592.010 1910.697
592.050 2003.564
592.090 2015.859
592.130 1938.154
592.160 1919.878
592.200 1917.458
592.240 1884.324
592.280 1792.760
592.320 1760.911
592.360 1770.205
592.400 1790.355
592.440 1820.791
592.470 1908.226
592.510 1962.233
592.550 2011.525
592.590 2144.817
592.630 2307.965
592.670 2357.685
592.710 2362.691
592.750 2363.696
592.790 2420.415
592.820 2479.991
592.860 2412.709
592.900 2344.713
592.940 2356.003
592.980 2393.292
593.020 2409.296
593.060 2445.727
593.100 2508.730
593.130 2526.304
593.170 2486.020
593.210 2490.023
593.250 2548.739
593.290 2524.597
593.330 2458.884
593.370 2418.457
593.410 2401.315
593.440 2396.601
593.480 2393.458
593.520 2355.030
593.560 2332.458
593.600 2305.601
593.640 2266.743
593.680 2327.028
593.720 2443.598
593.750 2461.311
593.790 2425.023
593.830 2416.307
593.870 2394.305
593.910 2352.303
593.950 2274.586
593.990 2202.440
594.030 2202.008
594.060 2214.291
594.100 2228.716
594.140 2295.998
594.180 2397.565
594.220 2453.132
594.260 2435.985
594.300 2432.837
594.340 2447.546
594.380 2475.827
594.410 2466.821
594.450 2439.244
594.490 2478.524
594.530 2491.661
594.570 2458.511
594.610 2501.076
594.650 2561.212
594.690 2612.205
594.720 2626.626
594.760 2638.333
594.800 2627.468
594.840 2598.603
594.880 2558.738
594.920 2519.872
594.960 2479.721
594.990 2462.426
595.030 2374.702
595.070 2411.264
595.110 2468.112
595.150 2429.245
595.190 2359.521
595.230 2368.225
595.270 2389.071
595.300 2379.775
595.340 2286.335
595.380 2227.467
595.420 2247.456
595.460 2282.444
595.500 2217.147
595.540 2165.135
595.580 2206.408
595.610 2217.396
595.650 2158.669
595.690 2065.656
595.730 2042.214
595.770 2054.058
595.810 1997.901
595.850 1879.602
595.890 1813.874
595.920 1816.002
595.960 1804.559
596.000 1793.402
596.040 1829.672
596.080 1825.086
596.120 1787.356
596.160 1833.484
596.200 1852.897
596.230 1829.881
596.270 1741.722
596.310 1654.705
596.350 1638.260
596.390 1642.529
596.430 1573.798
596.470 1611.638
596.500 1683.478
596.540 1710.032
596.580 1698.157
596.620 1746.139
596.660 1806.120
596.700 1803.530
596.740 1721.083
596.780 1691.922
596.810 1670.331
596.850 1622.026
596.890 1553.578
596.930 1547.130
596.970 1643.110
597.010 1684.804
597.050 1674.213
597.090 1733.621
597.120 1829.029
597.160 1857.436
597.200 1816.701
597.240 1769.537
597.280 1803.801
597.320 1797.779
597.360 1736.900
597.390 1765.307
597.430 1843.713
597.470 1878.119
597.510 1845.097
597.550 1811.788
597.590 1900.051
597.630 1977.599
597.670 1885.861
597.700 1771.266
597.740 1794.100
597.780 1825.933
597.820 1831.337
597.860 1774.456
597.900 1714.431
597.940 1710.692
597.970 1731.381
598.010 1712.499
598.050 1724.045
598.090 1702.591
598.130 1681.279
598.170 1711.968
598.210 1746.656
598.250 1740.915
598.280 1704.746
598.320 1673.862
598.360 1694.549
598.400 1683.665
598.440 1665.638
598.480 1658.611
598.520 1671.869
598.550 1669.127
598.590 1646.956
598.630 1605.785
598.670 1648.756
598.710 1652.299
598.750 1648.699
598.790 1683.813
598.830 1745.070
598.860 1784.612
598.900 1789.154
598.940 1768.838
598.980 1829.237
599.020 1846.921
599.060 1796.605
599.100 1779.718
599.130 1786.116
599.170 1781.942
599.210 1741.197
599.250 1694.023
599.290 1732.706
599.330 1736.103
599.370 1678.357
599.400 1712.183
599.440 1773.865
599.480 1803.547
599.520 1758.800
599.560 1697.339
599.600 1776.307
599.640 1827.988
599.670 1742.098
599.710 1763.779
599.750 1831.460
599.790 1864.569
599.830 1867.535
599.870 1834.073
599.910 1816.610
599.950 1860.719
599.980 1787.256
600.020 1724.078
600.060 1712.186
600.100 1715.152
600.140 1681.259
600.180 1691.510
600.220 1654.188
600.250 1608.439
600.290 1589.831
600.330 1643.795
600.370 1672.902
600.410 1650.294
600.450 1595.115
600.490 1623.221
600.520 1745.327
600.560 1802.433
600.600 1776.539
600.640 1769.359
600.680 1851.178
600.720 1914.284
600.760 1907.532
600.790 1924.208
600.830 1926.884
600.870 1884.417
600.910 1839.807
600.950 1808.197
600.990 1836.730
601.030 1834.691
601.060 1709.223
601.100 1676.184
601.140 1748.573
601.180 1775.676
601.220 1739.208
601.260 1695.597
601.300 1761.699
601.330 1846.231
601.370 1837.619
601.410 1760.007
601.450 1778.966
601.490 1809.211
601.530 1787.313
601.570 1694.986
601.600 1678.230
601.640 1705.617
601.680 1735.718
601.720 1766.248
601.760 1757.206
601.800 1752.449
601.840 1792.550
601.870 1780.793
601.910 1837.036
601.950 1863.279
601.990 1785.379
602.030 1803.908
602.070 1899.293
602.110 1905.678
602.140 1897.777
602.180 1893.019
602.220 1904.547
602.260 1932.503
602.300 1903.316
602.340 1856.272
602.380 1899.656
602.410 1907.897
602.450 1818.709
602.490 1785.236
602.530 1757.619
602.570 1722.717
602.610 1708.386
602.650 1735.769
602.680 1754.295
602.720 1750.820
602.760 1720.632
602.800 1763.443
602.840 1844.539
602.880 1853.493
602.920 1762.446
602.950 1713.828
602.990 1707.353
603.030 1708.163
603.070 1650.544
603.110 1580.068
603.150 1608.164
603.190 1651.402
603.220 1677.926
603.260 1713.449
603.300 1755.401
603.340 1787.925
603.380 1797.305
603.420 1749.114
603.450 1707.208
603.490 1706.159
603.530 1694.253
603.570 1691.204
603.610 1695.726
603.650 1666.534
603.690 1616.056
603.720 1630.578
603.760 1689.385
603.800 1712.478
603.840 1698.000
603.880 1738.235
603.920 1792.042
603.960 1807.563
603.990 1768.227
604.030 1711.319
604.070 1701.697
604.110 1733.646
604.150 1696.452
604.190 1756.686
604.230 1877.778
604.260 1962.583
604.300 1947.103
604.340 1916.194
604.380 1990.428
604.420 2054.233
604.460 1991.752
604.490 1924.843
604.530 1890.505
604.570 1936.595
604.610 1961.399
604.650 1839.346
604.690 2115.865
604.730 2302.526
604.760 2266.044
604.800 2228.990
604.840 2260.794
604.880 2279.597
604.920 2290.972
604.960 1953.347
604.990 1765.150
605.030 1767.381
605.070 1790.041
605.110 1781.415
605.150 1792.932
605.190 1793.734
605.230 1757.822
605.260 1709.482
605.300 1764.569
605.340 1785.228
605.380 1743.459
605.420 1737.832
605.460 1794.062
605.500 1866.292
605.530 1944.379
605.570 1936.751
605.610 1950.409
605.650 1965.639
605.690 1926.296
605.730 1852.383
605.760 1818.469
605.800 1805.555
605.840 1817.641
605.880 1812.298
605.920 1835.526
605.960 1868.183
606.000 1883.840
606.030 1903.783
606.070 1913.153
606.110 1882.953
606.150 1844.466
606.190 1783.408
606.230 1795.636
606.260 1818.434
606.300 1779.233
606.340 1835.032
606.380 1889.259
606.420 1893.343
606.460 1894.569
606.490 1883.225
606.530 1932.023
606.570 1958.820
606.610 1869.761
606.650 1876.844
606.690 1954.499
606.730 2004.010
606.760 2009.522
606.800 2019.033
606.840 2051.402
606.880 2051.770
606.920 1977.567
606.960 1893.935
606.990 1890.588
607.030 1926.099
607.070 1878.467
607.110 1835.548
607.150 1855.059
607.190 1896.426
607.230 1952.507
607.260 1988.303
607.300 1978.527
607.340 2012.323
607.380 2068.975
607.420 2174.485
607.460 2301.708
607.490 2391.932
607.530 2419.155
607.570 2537.521
607.610 2717.744
607.650 2838.967
607.690 2884.476
607.720 2979.985
607.760 3146.779
607.800 3310.573
607.840 3389.224
607.880 3485.589
607.920 3714.383
607.960 3917.462
607.990 3974.970
608.030 4013.620
608.070 4123.842
608.110 4239.063
608.150 4321.856
608.190 4332.935
608.220 4408.156
608.260 4554.663
608.300 4688.884
608.340 4805.534
608.380 4958.041
608.420 5050.261
608.450 5106.482
608.490 5175.845
608.530 5262.494
608.570 5290.000
608.610 5292.792
608.650 5351.584
608.680 5414.518
608.720 5451.595
608.760 5466.100
608.800 5491.320
608.840 5577.111
608.880 5595.188
608.910 5525.121
608.950 5520.626
608.990 5585.845
609.030 5577.207
609.070 5532.997
609.110 5533.502
609.150 5586.006
609.180 5623.082
609.220 5612.729
609.260 5650.947
609.300 5763.451
609.340 5817.384
609.380 5792.030
609.410 5811.391
609.450 5911.466
609.490 5951.398
609.530 5928.044
609.570 5897.690
609.610 5873.193
609.640 5849.125
609.680 5783.914
609.720 5685.274
609.760 5660.491
609.800 5588.565
609.840 5502.781
609.870 5500.427
609.910 5496.500
609.950 5467.717
609.990 5385.647
610.030 5264.435
610.070 5204.651
610.100 5064.296
610.140 4894.797
610.180 4702.728
610.220 4558.086
610.260 4443.873
610.300 4275.089
610.330 4100.876
610.370 3997.662
610.410 3840.592
610.450 3694.807
610.490 3599.165
610.530 3467.237
610.560 3336.166
610.600 3180.952
610.640 3094.024
610.680 3051.810
610.720 2966.739
610.760 2825.810
610.790 2742.881
610.830 2700.667
610.870 2629.881
610.910 2508.381
610.950 2418.023
610.990 2415.094
611.020 2398.022
611.060 2335.378
611.100 2318.591
611.140 2346.091
611.180 2334.447
611.220 2234.660
611.250 2141.158
611.290 2087.086
611.330 2013.441
611.370 1924.226
611.410 1926.438
611.450 1971.936
611.480 2001.435
611.520 1991.933
611.560 1973.145
611.600 2040.643
611.640 2032.712
611.680 1959.781
611.710 1939.850
611.750 2004.062
611.790 2021.845
611.830 1975.771
611.870 1901.697
611.910 1941.194
611.940 1932.262
611.980 1820.759
612.020 1734.256
612.060 1757.181
612.100 1802.535
612.140 1773.889
612.170 1781.671
612.210 1844.310
612.250 1902.521
612.290 1904.017
612.330 1875.656
612.370 1903.866
612.400 1969.219
612.440 1913.001
612.480 1855.925
612.520 1909.135
612.560 1950.202
612.600 1939.697
612.630 1956.336
612.670 1952.688
612.710 1944.469
612.750 1928.964
612.790 1941.173
612.820 1953.525
612.860 1937.734
612.900 1824.086
612.940 1826.438
612.980 1900.218
613.020 1905.427
613.050 1806.207
613.090 1774.844
613.130 1828.195
613.170 1872.975
613.210 1826.326
613.250 1811.392
613.280 1865.743
613.320 1883.951
613.360 1831.730
613.400 1809.795
613.440 1840.860
613.480 1876.353
613.510 1870.989
613.550 1853.340
613.590 1875.690
613.630 1887.040
613.670 1828.247
613.710 1787.740
613.740 1820.661
613.780 1834.011
613.820 1789.790
613.860 1795.568
613.900 1822.917
613.930 1821.124
613.970 1796.331
614.010 1790.537
614.050 1775.743
614.090 1786.378
614.130 1761.870
614.160 1762.219
614.200 1901.996
614.240 1970.345
614.280 1897.551
614.320 1903.471
614.360 1973.820
614.390 1964.882
614.430 1915.945
614.470 1799.293
614.510 1810.642
614.550 1817.704
614.580 1719.195
614.620 1682.971
614.660 1716.891
614.700 1728.381
614.740 1738.443
614.780 1685.934
614.810 1761.996
614.850 1844.486
614.890 1768.262
614.930 1730.466
614.970 1741.099
615.010 1713.303
615.040 1717.079
615.080 1649.855
615.120 1625.773
615.160 1622.691
615.200 1602.752
615.230 1679.956
615.270 1707.160
615.310 1701.363
615.350 1699.995
615.390 1680.770
615.430 1691.831
615.460 1700.605
615.500 1611.952
615.540 1592.012
615.580 1575.786
615.620 1555.989
615.650 1607.764
615.690 1675.395
615.730 1738.026
615.770 1791.229
615.810 1803.003
615.850 1835.205
615.880 1892.408
615.920 1869.182
615.960 1831.955
616.000 1788.443
616.040 1830.788
616.080 1878.562
616.110 1855.621
616.150 1849.680
616.190 1861.024
616.230 1848.940
616.270 1822.571
616.300 1804.486
616.340 1835.831
616.380 1860.318
616.420 1813.948
616.460 1841.721
616.500 1879.636
616.530 1881.266
616.570 1814.181
616.610 1714.953
616.650 1724.869
616.690 1763.641
616.720 1678.841
616.760 1687.471
616.800 1793.100
616.840 1835.729
616.880 1846.786
616.920 1820.701
616.950 1816.187
616.990 1850.102
617.030 1793.587
617.070 1704.502
617.110 1772.416
617.140 1836.616
617.180 1836.673
617.220 1833.301
617.260 1883.787
617.300 1921.558
617.340 1902.329
617.370 1837.528
617.410 1794.299
617.450 1775.498
617.490 1754.697
617.530 1759.754
617.560 1750.096
617.600 1796.723
617.640 1811.779
617.680 1853.407
617.720 1931.605
617.750 1964.233
617.790 1896.574
617.830 1930.487
617.870 1936.543
617.910 1894.313
617.950 1824.082
617.980 1739.281
618.020 1741.050
618.060 1763.391
618.100 1700.732
618.140 1737.359
618.170 1801.271
618.210 1824.898
618.250 1824.953
618.290 1840.293
618.330 1856.776
618.370 1839.974
618.400 1727.314
618.440 1668.512
618.480 1722.995
618.520 1763.621
618.560 1706.818
618.590 1742.158
618.630 1828.784
618.670 1865.838
618.710 1861.035
618.750 1819.660
618.780 1846.000
618.820 1880.054
618.860 1783.251
618.900 1734.590
618.940 1762.929
618.980 1743.126
619.010 1707.894
619.050 1711.661
619.090 1733.143
619.130 1756.911
619.170 1726.536
619.200 1747.732
619.240 1755.928
619.280 1729.267
619.320 1654.034
619.360 1579.801
619.390 1607.854
619.430 1656.050
619.470 1580.817
619.510 1584.441
619.550 1660.208
619.590 1693.974
619.620 1727.884
619.660 1772.079
619.700 1758.132
619.740 1790.470
619.780 1797.379
619.810 1828.717
619.850 1824.769
619.890 1805.107
619.930 1735.730
619.970 1778.496
620.000 1867.976
620.040 1875.885
620.080 1795.223
620.120 1878.560
620.160 1904.183
620.190 1882.235
620.230 1810.857
620.270 1744.480
620.310 1781.817
620.350 1809.725
620.390 1665.062
620.420 1672.399
620.460 1743.593
620.500 1769.501
620.540 1706.409
620.580 1679.317
620.610 1709.368
620.650 1807.133
620.690 1781.469
620.730 1777.806
620.770 1843.856
620.800 1885.764
620.840 1814.386
620.880 1728.579
620.920 1636.200
620.960 1655.251
620.990 1629.158
621.030 1624.065
621.070 1657.829
621.110 1683.879
621.150 1723.358
621.180 1775.979
621.220 1831.457
621.260 1846.793
621.300 1755.985
621.340 1741.321
621.380 1791.370
621.410 1777.848
621.450 1744.040
621.490 1739.233
621.530 1789.425
621.570 1831.188
621.600 1812.666
621.640 1859.858
621.680 1877.764
621.720 1867.242
621.760 1775.433
621.790 1719.625
621.830 1765.102
621.870 1778.437
621.910 1696.914
621.950 1750.820
621.980 1871.154
622.020 1911.488
622.060 1858.965
622.100 1778.156
622.140 1794.490
622.170 1818.967
622.210 1748.873
622.250 1705.492
622.290 1724.540
622.330 1792.017
622.360 1825.065
622.400 1805.684
622.440 1779.303
622.480 1786.351
622.520 1744.827
622.550 1750.875
622.590 1724.494
622.630 1696.542
622.670 1679.160
622.710 1740.065
622.740 1782.541
622.780 1771.017
622.820 1738.921
622.860 1737.825
622.900 1785.587
622.930 1798.634
622.970 1731.395
623.010 1701.585
623.050 1782.489
623.090 1808.679
623.130 1757.440
623.160 1742.915
623.200 1746.533
623.240 1741.580
623.280 1716.626
623.320 1610.530
623.350 1559.719
623.390 1582.766
623.430 1517.241
623.470 1510.430
623.510 1594.619
623.540 1639.808
623.580 1685.282
623.620 1729.043
623.660 1820.232
623.700 1872.706
623.730 1823.038
623.770 1759.941
623.810 1788.272
623.850 1813.318
623.890 1772.649
623.920 1749.266
623.960 1805.740
624.000 1871.072
624.040 1847.546
624.080 1809.305
624.110 1841.208
624.150 1873.967
624.190 1783.727
624.230 1720.915
624.270 1738.960
624.300 1770.005
624.340 1735.336
624.380 1693.238
624.420 1702.711
624.450 1747.756
624.490 1721.515
624.530 1665.988
624.570 1696.033
624.610 1769.649
624.640 1791.979
624.680 1803.167
624.720 1856.783
624.760 1902.827
624.800 1896.157
624.830 1878.344
624.870 1836.674
624.910 1761.861
624.950 1694.763
624.990 1642.664
625.020 1650.993
625.060 1661.609
625.100 1590.081
625.140 1607.697
625.180 1695.026
625.210 1725.499
625.250 1715.828
625.290 1737.014
625.330 1807.487
625.370 1845.673
625.400 1809.288
625.440 1821.903
625.480 1900.803
625.520 1946.704
625.560 1919.033
625.590 1904.076
625.630 1948.119
625.670 1967.734
625.710 1901.920
625.750 1855.534
625.780 1900.149
625.820 1944.192
625.860 1879.663
625.900 1862.992
625.940 1876.034
625.970 1868.506
626.010 1825.120
626.050 1816.734
626.090 1876.205
626.130 1933.819
626.160 1911.004
626.200 1915.475
626.240 1955.375
626.280 1958.274
626.310 1849.031
626.350 1730.359
626.390 1700.401
626.430 1711.300
626.470 1676.485
626.500 1695.956
626.540 1755.998
626.580 1786.754
626.620 1762.653
626.660 1805.695
626.690 1850.022
626.730 1862.064
626.770 1793.677
626.810 1790.290
626.850 1884.475
626.880 1935.373
626.920 1856.986
626.960 1837.171
627.000 1877.355
627.040 1921.539
627.070 1877.295
627.110 1799.907
627.150 1831.234
627.190 1887.418
627.230 1820.459
627.260 1737.500
627.300 1737.398
627.340 1739.725
627.380 1692.909
627.410 1597.950
627.450 1588.276
627.490 1673.746
627.530 1740.501
627.570 1713.113
627.600 1706.725
627.640 1746.622
627.680 1747.949
627.720 1750.132
627.760 1762.458
627.790 1771.356
627.830 1787.396
627.870 1809.579
627.910 1832.619
627.950 1861.231
627.980 1831.557
628.020 1830.311
628.060 1854.066
628.100 1844.534
628.130 1809.146
628.170 1796.471
628.210 1832.225
628.250 1804.694
628.290 1713.162
628.320 1698.059
628.360 1725.099
628.400 1751.853
628.440 1729.749
628.480 1737.932
628.510 1764.543
628.550 1742.296
628.590 1668.907
628.630 1705.518
628.660 1745.414
628.700 1749.739
628.740 1699.207
628.780 1746.818
628.820 1831.857
628.850 1859.325
628.890 1816.506
628.930 1820.974
628.970 1786.870
629.010 1729.623
629.040 1658.805
629.080 1609.844
629.120 1606.454
629.160 1535.350
629.200 1459.389
629.230 1517.856
629.270 1594.323
629.310 1634.790
629.350 1638.829
629.380 1762.867
629.420 1919.477
629.460 1978.087
629.500 1950.696
629.540 1930.878
629.570 1909.487
629.610 1900.097
629.650 1774.564
629.690 1724.173
629.720 1735.640
629.760 1745.678
629.800 1776.716
629.840 1875.754
629.880 1929.363
629.910 1884.544
629.950 1798.867
629.990 1786.048
630.030 1814.514
630.070 1785.838
630.100 1699.161
630.140 1737.056
630.180 1880.236
630.220 1920.559
630.250 1887.311
630.290 1900.491
630.330 1953.529
630.370 1962.709
630.410 1888.032
630.440 1823.783
630.480 1866.106
630.520 1870.858
630.560 1812.181
630.600 1790.075
630.630 1798.112
630.670 1772.006
630.710 1718.329
630.750 1698.651
630.780 1760.117
630.820 1783.868
630.860 1741.905
630.900 1777.513
630.940 1854.835
630.970 1901.729
631.010 1892.766
631.050 1863.659
631.090 1891.839
631.120 1950.161
631.160 1898.197
631.200 1799.234
631.240 1818.270
631.280 1844.021
631.310 1792.914
631.350 1828.093
631.390 1865.558
631.430 1874.594
631.460 1898.773
631.500 1819.381
631.540 1803.131
631.580 1841.167
631.620 1745.060
631.650 1671.525
631.690 1678.561
631.730 1712.882
631.770 1761.204
631.800 1744.811
631.840 1736.847
631.880 1778.025
631.920 1745.918
631.960 1724.811
631.990 1724.989
632.030 1698.739
632.070 1639.631
632.110 1624.095
632.150 1602.131
632.180 1601.738
632.220 1566.773
632.260 1549.094
632.300 1581.558
632.330 1612.736
632.370 1583.485
632.410 1598.520
632.450 1637.556
632.490 1648.733
632.520 1638.768
632.560 1651.375
632.600 1714.838
632.640 1764.730
632.670 1752.337
632.710 1742.229
632.750 1784.263
632.790 1810.870
632.820 1784.904
632.860 1823.367
632.900 1888.259
632.940 1919.865
632.980 1918.614
633.010 1930.649
633.050 1916.683
633.090 1930.146
633.130 1858.323
633.160 1799.215
633.200 1796.392
633.240 1795.140
633.280 1750.032
633.320 1769.209
633.350 1808.243
633.390 1841.706
633.430 1840.026
633.470 1865.060
633.500 1869.236
633.540 1893.699
633.580 1896.162
633.620 1851.195
633.660 1800.944
633.690 1758.263
633.730 1692.868
633.770 1701.331
633.810 1725.650
633.840 1698.969
633.880 1669.717
633.920 1655.037
633.960 1733.356
634.000 1797.961
634.030 1776.709
634.070 1752.885
634.110 1825.490
634.150 1850.095
634.180 1849.271
634.220 1831.304
634.260 1866.766
634.300 1893.513
634.330 1860.832
634.370 1859.437
634.410 1927.756
634.450 2002.360
634.490 1979.108
634.520 1889.712
634.560 1933.745
634.600 1971.349
634.640 1869.097
634.670 1819.987
634.710 1841.591
634.750 1844.052
634.790 1858.371
634.830 1831.689
634.860 1828.579
634.900 1879.040
634.940 1853.787
634.980 1824.105
635.010 1862.281
635.050 1850.742
635.090 1775.203
635.130 1749.093
635.160 1757.839
635.200 1743.443
635.240 1660.333
635.280 1623.079
635.320 1693.254
635.350 1714.858
635.390 1703.462
635.430 1726.779
635.470 1777.526
635.500 1846.844
635.540 1844.304
635.580 1781.051
635.620 1857.797
635.650 1906.972
635.690 1845.861
635.730 1828.321
635.770 1810.639
635.810 1778.528
635.840 1741.988
635.880 1683.020
635.920 1654.337
635.960 1622.369
635.990 1577.829
636.030 1606.718
636.070 1687.607
636.110 1795.067
636.140 1823.527
636.180 1846.272
636.220 1955.590
636.260 2006.335
636.300 1966.367
636.330 1932.255
636.370 1913.286
636.410 1897.461
636.450 1868.920
636.480 1850.380
636.520 1893.554
636.560 1883.014
636.600 1807.902
636.630 1746.505
636.670 1732.107
636.710 1736.424
636.750 1689.455
636.780 1631.629
636.820 1684.231
636.860 1731.690
636.900 1746.578
636.940 1835.466
636.970 1900.354
637.010 1946.385
637.050 1937.273
637.090 1902.732
637.120 1918.191
637.160 1929.936
637.200 1851.110
637.240 1827.426
637.270 1840.313
637.310 1846.630
637.350 1797.517
637.390 1753.548
637.420 1748.435
637.460 1756.037
637.500 1732.639
637.540 1733.097
637.580 1781.271
637.610 1828.872
637.650 1843.902
637.690 1878.075
637.730 1898.963
637.760 1889.421
637.800 1785.880
637.840 1702.481
637.880 1715.226
637.910 1731.256
637.950 1665.571
637.990 1652.744
638.030 1668.631
638.060 1713.375
638.100 1706.119
638.140 1700.006
638.180 1719.750
638.220 1729.637
638.250 1683.095
638.290 1659.982
638.330 1723.869
638.370 1787.470
638.400 1747.928
638.440 1718.529
638.480 1778.701
638.520 1826.016
638.550 1800.474
638.590 1785.647
638.630 1810.819
638.670 1800.848
638.700 1787.449
638.740 1709.621
638.780 1683.222
638.820 1749.251
638.850 1735.709
638.890 1738.881
638.930 1806.767
638.970 1836.082
639.010 1870.968
639.040 1868.854
639.080 1865.597
639.120 1865.626
639.160 1832.512
639.190 1830.541
639.230 1845.427
639.270 1831.599
639.310 1823.056
639.340 1823.799
639.380 1805.400
639.420 1770.571
639.460 1738.600
639.490 1717.343
639.530 1747.086
639.570 1789.971
639.610 1745.286
639.640 1719.743
639.680 1751.914
639.720 1725.943
639.760 1698.114
639.790 1702.000
639.830 1686.742
639.870 1669.771
639.910 1667.656
639.940 1662.113
639.980 1712.427
640.020 1710.884
640.060 1672.198
640.100 1684.369
640.130 1748.397
640.170 1800.139
640.210 1792.025
640.250 1824.624
640.280 1919.224
640.320 1946.537
640.360 1919.708
640.400 1930.450
640.430 1971.050
640.470 1966.078
640.510 1869.820
640.550 1869.990
640.580 1883.161
640.620 1878.475
640.660 1871.502
640.700 1799.816
640.730 1774.843
640.770 1808.300
640.810 1744.042
640.850 1737.069
640.880 1783.954
640.920 1733.267
640.960 1703.438
641.000 1720.608
641.030 1740.778
641.070 1725.234
641.110 1686.404
641.150 1695.146
641.180 1748.602
641.220 1766.772
641.260 1782.371
641.300 1786.684
641.330 1799.568
641.370 1832.024
641.410 1783.908
641.450 1784.364
641.480 1872.534
641.520 1912.276
641.560 1906.303
641.600 1902.758
641.630 1900.500
641.670 1926.241
641.710 1925.268
641.750 1939.009
641.780 1961.607
641.820 1985.348
641.860 1982.375
641.900 1989.974
641.940 2008.143
641.970 2019.027
642.010 1972.482
642.050 1952.652
642.090 1972.107
642.120 1996.562
642.160 1952.875
642.200 1942.901
642.240 1970.214
642.270 1966.240
642.310 1952.552
642.350 1910.008
642.390 1885.605
642.420 1863.489
642.460 1786.801
642.500 1739.399
642.540 1759.140
642.570 1754.166
642.610 1743.621
642.650 1811.219
642.690 1938.816
642.720 2000.700
642.760 1978.154
642.800 1955.466
642.840 1942.349
642.870 1939.661
642.910 1875.687
642.950 1786.713
642.990 1773.311
643.020 1778.908
643.060 1718.934
643.100 1680.675
643.140 1716.843
643.170 1719.012
643.210 1705.324
643.250 1706.207
643.290 1714.518
643.320 1742.830
643.360 1773.427
643.400 1751.738
643.440 1742.193
643.470 1759.933
643.510 1753.387
643.550 1729.841
643.590 1731.438
643.620 1708.035
643.660 1669.918
643.700 1688.086
643.740 1686.969
643.770 1683.852
643.810 1686.877
643.850 1727.188
643.890 1764.499
643.920 1791.239
643.960 1798.264
644.000 1832.004
644.040 1898.744
644.070 1935.055
644.110 1881.794
644.150 1868.248
644.180 1880.273
644.220 1870.156
644.260 1833.752
644.300 1780.492
644.330 1797.660
644.370 1834.970
644.410 1832.424
644.450 1853.020
644.480 1884.045
644.520 1893.356
644.560 1863.524
644.600 1816.120
644.630 1811.717
644.670 1812.027
644.710 1791.338
644.750 1763.791
644.780 1851.673
644.820 1954.127
644.860 1959.151
644.900 1972.747
644.930 2013.915
644.970 2015.654
645.010 2006.822
645.050 1952.132
645.080 1927.299
645.120 1925.324
645.160 1874.063
645.200 1847.802
645.230 1831.255
645.270 1810.136
645.310 1761.161
645.350 1743.185
645.380 1809.781
645.420 1827.234
645.460 1811.973
645.500 1811.426
645.530 1822.164
645.570 1819.046
645.610 1821.213
645.650 1820.951
645.680 1844.833
645.720 1853.285
645.760 1847.595
645.800 1829.048
645.830 1811.072
645.870 1768.668
645.910 1713.835
645.940 1715.716
645.980 1703.740
646.020 1696.764
646.060 1710.502
646.090 1730.669
646.130 1702.836
646.170 1679.574
646.210 1652.884
646.240 1695.050
646.280 1766.074
646.320 1783.384
646.360 1772.693
646.390 1820.288
646.430 1842.598
646.470 1829.907
646.510 1770.217
646.540 1720.669
646.580 1776.121
646.620 1807.145
646.660 1782.168
646.690 1819.192
646.730 1869.216
646.770 1886.953
646.810 1862.834
646.840 1780.572
646.880 1765.310
646.920 1767.476
646.950 1725.642
646.990 1732.666
647.030 1756.260
647.070 1769.569
647.100 1726.450
647.140 1754.616
647.180 1827.639
647.220 1843.091
647.250 1803.257
647.290 1809.423
647.330 1893.589
647.370 1974.041
647.400 1929.636
647.440 1886.230
647.480 1875.396
647.520 1858.419
647.550 1823.300
647.590 1756.465
647.630 1725.488
647.670 1692.226
647.700 1611.677
647.740 1608.986
647.780 1656.295
647.810 1679.889
647.850 1671.340
647.890 1721.363
647.930 1826.957
647.960 1895.409
648.000 1866.860
648.040 1828.740
648.080 1811.049
648.110 1804.071
648.150 1753.380
648.190 1720.974
648.230 1774.996
648.260 1816.733
648.300 1787.899
648.340 1770.921
648.380 1784.515
648.410 1806.252
648.450 1799.132
648.490 1779.154
648.520 1793.748
648.560 1816.057
648.600 1865.508
648.640 1973.530
648.670 2075.552
648.710 2118.860
648.750 2091.026
648.790 2079.905
648.820 2142.642
648.860 2107.807
648.900 1986.258
648.940 1917.280
648.970 1898.445
649.010 1891.610
649.050 1839.204
649.080 1806.369
649.120 1863.534
649.160 1896.699
649.200 1888.864
649.230 1854.886
649.270 1847.908
649.310 1898.787
649.350 1873.380
649.380 1817.117
649.420 1824.567
649.460 1826.589
649.500 1824.468
649.530 1857.633
649.570 1846.083
649.610 1843.105
649.640 1848.984
649.680 1837.863
649.720 1868.457
649.760 1851.907
649.790 1765.071
649.830 1731.236
649.870 1772.258
649.910 1765.708
649.940 1735.301
649.980 1700.037
650.020 1716.630
650.060 1751.795
650.090 1756.388
650.130 1729.266
650.170 1781.145
650.200 1814.309
650.240 1762.902
650.280 1744.067
650.320 1775.945
650.350 1808.681
650.390 1780.988
650.430 1711.867
650.470 1658.888
650.500 1676.195
650.540 1675.217
650.580 1731.666
650.610 1748.688
650.650 1731.566
650.690 1716.016
650.730 1761.037
650.760 1803.344
650.800 1829.508
650.840 1750.958
650.880 1746.694
650.910 1852.143
650.950 1915.736
650.990 1899.900
651.020 1859.778
651.060 1865.513
651.100 1886.534
651.140 1853.413
651.170 1768.719
651.210 1743.169
651.250 1740.333
651.290 1739.068
651.320 1764.946
651.360 1802.967
651.400 1782.559
651.440 1792.294
651.470 1799.029
651.510 1779.907
651.550 1759.928
651.580 1731.949
651.620 1699.255
651.660 1759.991
651.700 1809.011
651.730 1799.603
651.770 1840.338
651.810 1866.359
651.850 1863.094
651.880 1831.972
651.920 1814.564
651.960 1815.727
651.990 1806.319
652.030 1765.340
652.070 1770.217
652.110 1792.381
652.140 1821.544
652.180 1804.279
652.220 1772.299
652.250 1801.606
652.290 1831.340
652.330 1811.932
652.370 1772.524
652.400 1747.973
652.440 1737.422
652.480 1737.585
652.520 1679.891
652.550 1634.911
652.590 1627.074
652.630 1595.380
652.660 1563.686
652.700 1567.849
652.740 1533.584
652.780 1559.461
652.810 1582.338
652.850 1635.644
652.890 1692.950
652.930 1754.684
652.960 1801.562
653.000 1844.725
653.040 1852.745
653.070 1914.336
653.110 1892.928
653.150 1855.090
653.190 1834.539
653.220 1782.845
653.260 1817.436
653.300 1867.456
653.330 1801.476
653.370 1770.496
653.410 1831.944
653.450 1881.678
653.480 1893.555
653.520 1834.003
653.560 1821.738
653.600 1899.043
653.630 1936.491
653.670 1880.654
653.710 1880.816
653.740 1952.836
653.780 1969.142
653.820 1932.304
653.860 1897.181
653.890 1895.058
653.930 1891.791
653.970 1827.811
654.000 1743.973
654.040 1727.564
654.080 1762.584
654.120 1773.746
654.150 1810.623
654.190 1885.071
654.230 1941.090
654.270 1940.110
654.300 1966.272
654.340 1925.006
654.380 1859.025
654.410 1817.473
654.450 1787.493
654.490 1778.798
654.530 1806.531
654.560 1795.550
654.600 1851.998
654.640 1885.303
654.670 1874.751
654.710 1825.913
654.750 1781.647
654.790 1811.237
654.820 1848.828
654.860 1774.561
654.900 1750.009
654.930 1766.314
654.970 1798.476
655.010 1791.352
655.050 1743.942
655.080 1705.676
655.120 1722.838
655.160 1729.714
655.190 1728.876
655.230 1692.323
655.270 1667.771
655.310 1704.790
655.340 1755.809
655.380 1813.970
655.420 1857.418
655.460 1847.151
655.490 1907.170
655.530 2015.189
655.570 2003.350
655.600 1956.083
655.640 1924.817
655.680 1897.550
655.720 1884.711
655.750 1834.730
655.790 1760.177
655.830 1760.196
655.860 1746.786
655.900 1715.090
655.940 1708.252
655.980 1699.128
656.010 1721.146
656.050 1780.308
656.090 1817.469
656.120 1838.059
656.160 1862.506
656.200 1865.096
656.240 1902.543
656.270 1946.990
656.310 1888.437
656.350 1823.599
656.380 1841.903
656.420 1898.350
656.460 1987.940
656.500 2033.530
656.530 2040.691
656.570 2151.424
656.610 2198.013
656.640 2173.032
656.680 2108.050
656.720 2054.068
656.760 2025.801
656.790 1975.819
656.830 1932.837
656.870 1967.713
656.900 1977.302
656.940 1945.606
656.980 1924.053
657.020 1965.357
657.050 1981.089
657.090 1913.965
657.130 1845.983
657.160 1831.572
657.200 1842.447
657.240 1827.751
657.280 1739.484
657.310 1738.644
657.350 1772.662
657.390 1755.109
657.420 1785.841
657.460 1840.859
657.500 1825.592
657.540 1857.324
657.570 1847.056
657.610 1850.074
657.650 1866.235
657.680 1819.824
657.720 1753.985
657.760 1737.288
657.790 1723.592
657.830 1706.324
657.870 1663.484
657.910 1661.931
657.940 1675.806
657.980 1703.681
658.020 1735.270
658.050 1713.716
658.090 1691.305
658.130 1708.466
658.170 1719.340
658.200 1721.930
658.240 1709.376
658.280 1698.536
658.310 1760.840
658.350 1839.429
658.390 1838.446
658.430 1797.178
658.460 1801.196
658.500 1879.927
658.540 1927.516
658.570 1877.248
658.610 1803.551
658.650 1800.854
658.690 1837.443
658.720 1809.604
658.760 1800.050
658.800 1815.210
658.830 1830.513
658.870 1863.959
658.910 1867.262
658.940 1883.851
658.980 1884.439
659.020 1819.742
659.060 1776.474
659.090 1749.777
659.130 1757.509
659.170 1757.526
659.200 1757.972
659.240 1824.703
659.280 1860.006
659.320 1838.452
659.350 1830.183
659.390 1791.915
659.430 1764.932
659.460 1752.520
659.500 1749.109
659.540 1798.840
659.580 1836.857
659.610 1929.589
659.650 1979.177
659.690 1992.908
659.720 1965.068
659.760 1916.800
659.800 1886.817
659.830 1935.262
659.870 1893.708
659.910 1871.725
659.950 1880.170
659.980 1860.330
660.020 1855.632
660.060 1813.078
660.090 1773.809
660.130 1764.683
660.170 1767.986
660.200 1754.002
660.240 1785.448
660.280 1826.179
660.320 1824.767
660.350 1794.355
660.390 1777.658
660.430 1781.532
660.460 1789.405
660.500 1794.279
660.540 1772.725
660.580 1804.741
660.610 1817.187
660.650 1823.917
660.690 1839.648
660.720 1931.094
660.760 1980.824
660.800 2001.698
660.830 2006.000
660.870 1987.731
660.910 2004.319
660.950 1993.050
660.980 1866.924
661.020 1807.655
661.060 1792.957
661.090 1777.259
661.130 1762.418
661.170 1729.435
661.200 1719.594
661.240 1749.039
661.280 1746.912
661.320 1701.357
661.350 1678.517
661.390 1708.247
661.430 1720.406
661.460 1702.709
661.500 1722.725
661.540 1757.170
661.570 1842.329
661.610 1895.917
661.650 1893.219
661.690 1896.378
661.720 1915.680
661.760 1947.696
661.800 1958.283
661.830 1891.157
661.870 1862.887
661.910 1900.475
661.940 1928.634
661.980 1915.364
662.020 1876.380
662.060 1885.682
662.090 1936.555
662.130 1911.857
662.170 1838.302
662.200 1783.318
662.240 1769.334
662.280 1728.064
662.310 1646.366
662.350 1604.525
662.390 1598.826
662.430 1607.414
662.460 1633.144
662.500 1661.303
662.540 1687.604
662.570 1694.192
662.610 1709.351
662.650 1768.652
662.680 1793.239
662.720 1784.112
662.760 1823.128
662.800 1876.144
662.830 1920.446
662.870 1907.176
662.910 1872.906
662.940 1831.779
662.980 1801.509
663.020 1741.667
663.050 1706.969
663.090 1705.127
663.130 1716.000
663.170 1705.873
663.200 1792.174
663.240 1890.333
663.280 1914.206
663.310 1887.078
663.350 1873.666
663.390 1891.681
663.420 1917.697
663.460 1879.569
663.500 1861.156
663.530 1877.743
663.570 1942.759
663.610 1963.489
663.650 1961.647
663.680 2000.377
663.720 2032.821
663.760 1963.979
663.790 1873.709
663.830 1839.010
663.870 1842.454
663.900 1833.898
663.940 1748.199
663.980 1757.072
664.020 1825.659
664.050 1890.674
664.090 1871.118
664.130 1858.133
664.160 1816.863
664.200 1815.307
664.240 1769.036
664.270 1777.623
664.310 1827.067
664.350 1844.939
664.380 1823.669
664.420 1860.256
664.460 1877.985
664.500 1859.715
664.530 1844.730
664.570 1839.745
664.610 1874.760
664.640 1879.347
664.680 1907.790
664.720 1930.234
664.750 1940.106
664.790 1894.836
664.830 1877.565
664.860 1873.723
664.900 1916.167
664.940 1893.468
664.980 1866.197
665.010 1871.783
665.050 1880.513
665.090 1811.813
665.120 1783.257
665.160 1812.415
665.200 1827.715
665.230 1822.730
665.270 1817.888
665.310 1855.760
665.340 1922.204
665.380 1928.790
665.420 1865.519
665.460 1870.248
665.490 1932.692
665.530 1920.421
665.570 1877.864
665.600 1895.451
665.640 1889.037
665.680 1883.052
665.710 1891.638
665.750 1876.224
665.790 1907.525
665.820 1901.825
665.860 1864.840
665.900 1868.855
665.930 1896.155
665.970 1862.027
666.010 1809.042
666.050 1760.628
666.080 1733.928
666.120 1699.657
666.160 1630.243
666.190 1599.258
666.230 1594.415
666.270 1576.430
666.300 1637.301
666.340 1716.316
666.380 1737.616
666.410 1781.774
666.450 1784.074
666.490 1787.089
666.530 1814.532
666.560 1759.832
666.600 1702.561
666.640 1669.289
666.670 1653.018
666.710 1634.461
666.750 1619.904
666.780 1656.204
666.820 1692.933
666.860 1677.947
666.890 1722.676
666.930 1773.262
666.970 1798.562
667.000 1793.862
667.040 1786.876
667.080 1807.891
667.120 1866.191
667.150 1869.634
667.190 1852.791
667.230 1861.234
667.260 1869.105
667.300 1842.405
667.340 1793.277
667.370 1785.148
667.410 1784.448
667.450 1772.034
667.480 1770.048
667.520 1814.919
667.560 1827.790
667.590 1857.947
667.630 1910.247
667.670 1932.404
667.700 1957.561
667.740 1967.147
667.780 1964.018
667.820 1983.318
667.850 1916.761
667.890 1804.632
667.930 1790.932
667.960 1812.231
668.000 1815.103
668.040 1756.831
668.070 1713.131
668.110 1823.859
668.150 1905.301
668.180 1896.030
668.220 1828.615
668.260 1767.200
668.290 1772.786
668.330 1778.657
668.370 1728.671
668.400 1754.113
668.440 1786.270
668.480 1822.141
668.520 1897.726
668.550 1954.026
668.590 2012.326
668.630 1988.197
668.660 1851.068
668.700 1800.939
668.740 1794.809
668.770 1739.966
668.810 1672.266
668.850 1646.851
668.880 1672.722
668.920 1713.593
668.960 1731.321
668.990 1775.477
669.030 1806.062
669.070 1803.219
669.100 1816.233
669.140 1810.818
669.180 1837.831
669.210 1889.845
669.250 1882.859
669.290 1924.587
669.320 2019.743
669.360 2000.043
669.400 1987.628
669.440 1983.070
669.470 1917.226
669.510 1861.668
669.550 1808.253
669.580 1763.838
669.620 1760.995
669.660 1775.294
669.690 1775.593
669.730 1802.321
669.770 1881.763
669.800 1934.919
669.840 1978.219
669.880 2021.232
669.910 2056.388
669.950 2065.830
669.990 2042.844
670.020 1987.000
670.060 1926.156
670.100 1857.027
670.130 1798.040
670.170 1819.339
670.210 1841.638
670.240 1875.937
670.280 1876.808
670.320 1869.250
670.350 1870.549
670.390 1886.276
670.430 1828.290
670.470 1809.732
670.500 1762.316
670.540 1757.187
670.580 1809.914
670.610 1819.213
670.650 1812.798
670.690 1770.811
670.720 1802.110
670.760 1854.695
670.800 1837.565
670.830 1795.435
670.870 1784.163
670.910 1800.033
670.940 1838.332
670.980 1819.059
671.020 1772.501
671.050 1821.800
671.090 1857.813
671.130 1857.397
671.160 1816.125
671.200 1812.567
671.240 1806.580
671.270 1818.164
671.310 1792.891
671.350 1706.619
671.380 1659.346
671.420 1705.216
671.460 1723.229
671.490 1770.814
671.530 1831.827
671.570 1853.840
671.600 1969.281
671.640 2068.008
671.680 2059.307
671.710 2031.177
671.750 2002.618
671.790 1953.631
671.830 1919.501
671.860 1829.657
671.900 1744.527
671.940 1692.683
671.970 1689.410
672.010 1645.280
672.050 1660.436
672.080 1735.877
672.120 1780.890
672.160 1809.046
672.190 1863.630
672.230 1906.928
672.270 1933.941
672.300 1933.668
672.340 1895.681
672.380 1860.265
672.410 1878.421
672.450 1896.433
672.490 1894.732
672.520 1902.744
672.560 1830.043
672.600 1752.770
672.630 1742.497
672.670 1751.795
672.710 1722.951
672.740 1683.106
672.780 1676.976
672.820 1738.703
672.850 1760.430
672.890 1761.728
672.930 1747.598
672.960 1786.753
673.000 1812.051
673.040 1816.064
673.070 1828.934
673.110 1920.375
673.150 1984.102
673.180 1993.686
673.220 1966.698
673.260 1942.425
673.290 1912.866
673.330 1872.450
673.370 1853.605
673.400 1877.046
673.440 1873.630
673.480 1852.642
673.510 1896.083
673.550 1937.667
673.590 1964.680
673.620 1898.121
673.660 1843.847
673.700 1899.717
673.730 1929.015
673.770 1900.170
673.810 1902.468
673.840 1936.338
673.880 1981.921
673.920 1987.934
673.950 1967.660
673.990 1941.530
674.030 1919.685
674.060 1922.697
674.100 1898.281
674.140 1864.293
674.170 1839.877
674.210 1782.603
674.250 1776.044
674.280 1791.914
674.320 1723.069
674.360 1676.938
674.390 1718.807
674.430 1747.391
674.470 1769.974
674.500 1799.272
674.540 1796.427
674.580 1859.297
674.610 1906.880
674.650 1851.464
674.690 1863.619
674.720 1903.488
674.760 1921.071
674.800 1965.941
674.830 1985.667
674.870 1977.393
674.910 1979.263
674.940 1957.418
674.980 1983.144
675.020 2015.584
675.050 1998.454
675.090 1958.180
675.130 1955.192
675.160 1966.775
675.200 1927.930
675.240 1826.799
675.270 1729.811
675.310 1673.537
675.350 1626.407
675.380 1607.276
675.420 1678.859
675.460 1738.728
675.490 1790.740
675.530 1795.609
675.570 1845.907
675.600 1896.347
675.640 1906.359
675.680 1809.799
675.710 1739.954
675.750 1711.966
675.790 1735.263
675.820 1698.561
675.860 1709.430
675.900 1757.156
675.930 1807.453
675.970 1841.037
676.010 1857.191
676.040 1834.346
676.080 1837.072
676.120 1824.227
676.150 1769.667
676.190 1771.679
676.230 1802.262
676.260 1763.273
676.300 1817.428
676.340 1868.154
676.370 1845.880
676.410 1817.177
676.450 1815.332
676.480 1854.344
676.520 1861.355
676.560 1769.224
676.590 1739.093
676.630 1782.962
676.670 1833.830
676.700 1863.128
676.740 1860.282
676.780 1892.865
676.810 1923.162
676.850 1893.031
676.890 1857.043
676.920 1870.197
676.960 1809.209
676.990 1741.363
677.030 1733.089
677.070 1777.957
677.100 1791.255
677.140 1748.266
677.180 1736.135
677.210 1787.575
677.250 1647.872
677.290 1614.854
677.320 1550.226
677.360 1526.032
