537.190 301.081
537.230 263.747
537.270 194.149
537.310 175.974
537.350 233.572
537.390 294.321
537.430 268.507
537.470 252.845
537.510 333.619
537.550 411.830
537.590 453.335
537.630 468.420
537.670 528.798
537.710 569.898
537.750 512.435
537.790 429.407
537.830 466.245
537.870 480.948
537.910 430.657
537.950 413.232
537.990 519.814
538.030 596.974
538.070 606.427
538.110 536.888
538.150 530.498
538.190 550.830
538.230 490.739
538.270 338.942
538.310 350.579
538.350 397.224
538.390 384.731
538.430 416.246
538.470 462.481
538.510 462.865
538.560 455.113
538.600 455.795
538.640 551.484
538.680 631.178
538.720 559.450
538.760 556.014
538.800 619.297
538.840 632.872
538.880 531.024
538.920 445.610
538.960 484.202
539.000 591.942
539.040 579.258
539.080 529.438
539.120 590.050
539.160 624.097
539.200 557.720
539.240 469.205
539.280 510.409
539.320 514.761
539.360 484.975
539.400 504.765
539.440 608.559
539.480 665.073
539.520 671.448
539.560 587.113
539.600 596.639
539.640 657.170
539.680 599.705
539.720 530.958
539.760 557.501
539.800 550.619
539.840 476.170
539.880 441.439
539.920 529.426
539.960 564.845
540.000 520.696
540.040 447.694
540.080 517.266
540.120 602.842
540.160 616.707
540.200 600.147
540.240 669.733
540.280 745.322
540.320 794.914
540.360 783.366
540.400 796.106
540.440 759.850
540.480 631.453
540.520 563.631
540.560 589.525
540.600 606.708
540.640 578.465
540.680 548.796
540.720 596.414
540.760 648.178
540.800 611.088
540.840 596.142
540.880 644.627
540.920 638.971
540.960 578.174
541.000 603.665
541.040 675.015
541.080 713.795
541.120 650.006
541.160 600.504
541.200 623.290
541.240 668.791
541.280 590.866
541.320 519.942
541.360 523.162
541.400 533.383
541.440 477.463
541.480 484.116
541.520 547.770
541.560 557.853
541.600 559.652
541.640 607.880
541.680 697.967
541.720 744.912
541.760 727.286
541.800 647.946
541.840 630.036
541.880 613.984
541.920 562.646
541.960 540.738
542.000 613.830
542.040 655.352
542.080 675.445
542.120 751.110
542.160 794.490
542.200 759.727
542.240 687.107
542.280 628.773
542.320 582.582
542.360 573.105
542.400 533.914
542.440 560.580
542.480 680.961
542.520 734.769
542.560 686.149
542.600 697.529
542.640 732.909
542.680 723.002
542.720 671.810
542.760 678.760
542.800 757.567
542.840 803.087
542.880 768.036
542.920 786.269
542.970 916.359
543.010 974.877
543.050 871.252
543.090 811.625
543.130 934.713
543.170 1007.370
543.210 966.884
543.250 881.540
543.290 905.481
543.330 913.707
543.370 824.360
543.410 688.726
543.450 729.662
543.490 808.597
543.530 766.246
543.570 711.322
543.610 775.253
543.650 829.183
543.690 814.827
543.730 792.897
543.770 816.823
543.810 832.462
543.850 802.528
543.890 799.735
543.930 806.512
543.970 795.288
544.010 724.062
544.050 620.405
544.090 731.605
544.130 790.659
544.170 728.140
544.210 781.048
544.250 882.240
544.290 942.859
544.330 994.047
544.370 975.233
544.410 1029.275
544.450 1044.171
544.490 969.066
544.530 957.387
544.570 1001.563
544.610 1008.451
544.650 906.480
544.690 855.793
544.730 905.389
544.770 916.268
544.810 845.717
544.850 837.734
544.890 863.893
544.930 881.763
544.970 813.488
545.010 765.354
545.050 825.931
545.090 885.220
545.130 801.650
545.170 752.505
545.210 827.930
545.250 863.209
545.290 832.914
545.330 805.331
545.370 851.460
545.410 902.443
545.450 871.851
545.490 802.829
545.530 860.518
545.570 907.491
545.610 855.031
545.650 797.855
545.690 791.819
545.730 841.066
545.770 842.453
545.810 780.980
545.850 803.218
545.890 840.024
545.930 803.828
545.960 773.772
546.000 808.856
546.040 819.508
546.080 801.871
546.120 750.231
546.160 745.017
546.200 759.229
546.240 792.580
546.280 807.214
546.320 868.130
546.360 937.901
546.400 952.096
546.440 987.861
546.480 1075.479
546.520 1079.665
546.560 1024.706
546.600 982.600
546.640 984.205
546.680 1018.379
546.720 967.835
546.760 954.002
546.800 985.594
546.840 969.183
546.880 948.054
546.920 958.208
546.960 959.501
547.000 965.934
547.040 929.078
547.080 967.790
547.120 1027.212
547.160 1029.346
547.200 959.047
547.240 960.745
547.280 1005.297
547.320 990.274
547.360 899.533
547.400 922.789
547.440 1006.327
547.480 1009.004
547.520 957.535
547.560 993.634
547.600 1017.158
547.640 999.822
547.680 925.910
547.720 893.852
547.760 939.504
547.800 982.582
547.840 915.228
547.880 875.727
547.920 912.794
547.960 917.714
548.000 841.774
548.040 828.973
548.080 872.454
548.120 912.217
548.160 931.262
548.200 965.446
548.240 1037.484
548.280 1068.804
548.320 1041.692
548.360 989.862
548.400 961.314
548.440 963.048
548.480 926.921
548.520 879.647
548.560 931.370
548.600 970.375
548.640 955.233
548.680 1017.659
548.720 1128.938
548.760 1184.357
548.800 1164.914
548.840 1113.183
548.880 1161.590
548.920 1205.851
548.960 1153.822
549.000 1108.504
549.040 1090.896
549.080 1117.856
549.120 1135.813
549.160 1092.337
549.200 1032.428
549.240 988.373
549.280 942.743
549.320 935.395
549.360 979.757
549.400 985.401
549.440 951.756
549.480 1009.821
549.520 1088.740
549.560 1071.226
549.600 1027.137
549.640 1018.330
549.680 1066.948
549.720 1097.991
549.760 1081.458
549.800 1085.493
549.840 1141.810
549.880 1159.409
549.920 1099.718
549.960 1079.310
550.000 1072.611
550.040 1056.909
550.080 988.489
550.120 920.780
550.160 993.495
550.200 1042.778
550.240 998.200
550.280 1100.618
550.320 1235.461
550.350 1296.585
550.390 1280.135
550.430 1258.967
550.470 1312.080
550.510 1354.618
550.550 1255.439
550.590 1190.684
550.630 1211.782
550.670 1263.305
550.710 1220.253
550.750 1185.197
550.790 1248.280
550.830 1259.074
550.870 1186.721
550.910 1176.365
550.950 1193.718
550.990 1198.354
551.030 1136.701
551.070 1054.186
551.110 1109.239
551.150 1159.288
551.190 1105.048
551.230 1041.947
551.270 1022.128
551.310 1004.306
551.350 944.050
551.390 877.363
551.430 858.386
551.470 868.263
551.510 896.993
551.550 972.862
551.590 1048.156
551.630 1081.589
551.670 1022.875
551.710 1017.587
551.750 1103.295
551.790 1124.713
551.830 1036.842
551.870 1047.538
551.910 1178.088
551.950 1262.635
551.990 1252.891
552.030 1256.859
552.070 1344.537
552.110 1373.926
552.150 1294.025
552.190 1196.264
552.230 1245.070
552.270 1283.587
552.310 1191.386
552.350 1047.467
552.390 1110.259
552.430 1172.761
552.470 1159.689
552.510 1179.470
552.550 1282.961
552.590 1373.306
552.630 1442.362
552.660 1403.271
552.700 1406.319
552.740 1414.936
552.780 1288.406
552.820 1174.586
552.860 1179.763
552.900 1184.937
552.940 1161.678
552.980 1190.844
553.020 1281.007
553.060 1383.023
553.100 1357.036
553.140 1304.759
553.180 1348.622
553.220 1373.053
553.260 1307.337
553.300 1242.046
553.340 1203.466
553.380 1226.883
553.420 1197.582
553.460 1133.848
553.500 1178.969
553.540 1201.800
553.580 1174.913
553.620 1190.452
553.660 1211.558
553.700 1214.090
553.740 1197.046
553.780 1134.428
553.820 1159.806
553.860 1196.038
553.900 1141.267
553.940 1152.206
553.980 1238.857
554.020 1254.504
554.060 1222.147
554.100 1196.073
554.140 1178.852
554.180 1173.914
554.220 1112.973
554.260 1098.170
554.300 1190.222
554.340 1246.985
554.380 1205.173
554.410 1185.214
554.450 1297.252
554.490 1367.287
554.530 1279.890
554.570 1221.919
554.610 1239.086
554.650 1311.537
554.690 1334.841
554.730 1303.284
554.770 1300.153
554.810 1313.733
554.850 1246.595
554.890 1242.025
554.930 1242.881
554.970 1218.448
555.010 1119.011
555.050 1064.857
555.090 1141.271
555.130 1185.682
555.170 1133.090
555.210 1122.637
555.250 1185.181
555.290 1243.579
555.330 1251.117
555.370 1159.509
555.410 1178.897
555.450 1230.282
555.490 1182.950
555.530 1189.758
555.570 1309.276
555.610 1363.934
555.650 1398.732
555.690 1402.527
555.730 1453.748
555.770 1483.822
555.810 1422.750
555.850 1358.390
555.890 1329.026
555.920 1303.802
555.960 1286.575
556.000 1269.774
556.040 1267.112
556.080 1248.447
556.120 1157.351
556.160 1118.537
556.200 1225.006
556.240 1268.472
556.280 1195.078
556.320 1205.966
556.360 1270.852
556.400 1305.877
556.440 1328.899
556.480 1310.775
556.520 1295.077
556.560 1279.376
556.600 1229.244
556.640 1237.251
556.680 1280.398
556.720 1280.399
556.760 1199.112
556.800 1215.822
556.840 1313.957
556.880 1343.232
556.920 1272.362
556.960 1270.060
557.000 1352.184
557.040 1401.161
557.080 1372.994
557.120 1377.966
557.160 1456.221
557.200 1500.901
557.240 1454.722
557.270 1443.968
557.310 1502.355
557.350 1512.452
557.390 1422.262
557.430 1354.354
557.470 1426.014
557.510 1489.958
557.550 1443.756
557.590 1466.265
557.630 1498.772
557.670 1511.847
557.710 1502.777
557.750 1458.847
557.790 1517.056
557.830 1558.835
557.870 1431.325
557.910 1361.383
557.950 1427.011
557.990 1480.778
558.030 1489.257
558.070 1485.305
558.110 1471.207
558.150 1499.678
558.190 1487.432
558.230 1471.183
558.270 1491.646
558.310 1499.249
558.350 1424.849
558.390 1435.589
558.430 1501.327
558.460 1546.491
558.500 1498.795
558.540 1479.096
558.580 1462.538
558.620 1421.977
558.660 1358.841
558.700 1342.704
558.740 1385.849
558.780 1415.135
558.820 1336.989
558.860 1375.555
558.900 1466.262
558.940 1496.823
558.980 1441.667
559.020 1431.223
559.060 1488.347
559.100 1549.041
559.140 1453.161
559.180 1390.992
559.220 1371.249
559.260 1391.076
559.300 1343.471
559.340 1245.292
559.380 1239.397
559.420 1318.213
559.460 1303.027
559.500 1287.553
559.540 1267.505
559.570 1233.740
559.610 1211.115
559.650 1212.631
559.690 1198.430
559.730 1210.370
559.770 1223.878
559.810 1271.813
559.850 1350.031
559.890 1421.532
559.930 1397.745
559.970 1390.670
560.010 1432.736
560.050 1455.370
560.090 1378.288
560.130 1375.204
560.170 1410.117
560.210 1443.314
560.250 1429.936
560.290 1424.557
560.330 1491.460
560.370 1548.362
560.410 1542.832
560.450 1569.015
560.490 1605.481
560.530 1586.658
560.570 1526.548
560.600 1463.436
560.640 1526.178
560.680 1525.204
560.720 1493.228
560.760 1469.535
560.800 1528.411
560.840 1570.142
560.880 1537.585
560.920 1473.454
560.960 1487.036
561.000 1439.901
561.040 1404.192
561.080 1353.909
561.120 1342.053
561.160 1340.767
561.200 1285.763
561.240 1270.044
561.280 1330.750
561.320 1333.026
561.360 1295.585
561.400 1292.428
561.440 1407.269
561.480 1495.965
561.520 1450.087
561.550 1391.207
561.590 1399.325
561.630 1447.298
561.670 1432.554
561.710 1417.523
561.750 1438.775
561.790 1472.454
561.830 1498.273
561.870 1532.805
561.910 1584.334
561.950 1597.004
561.990 1482.673
562.030 1444.482
562.070 1421.574
562.110 1358.665
562.150 1336.468
562.190 1285.554
562.230 1286.496
562.270 1323.721
562.310 1297.373
562.350 1319.737
562.390 1402.670
562.430 1391.458
562.460 1366.674
562.500 1414.887
562.540 1471.526
562.580 1467.878
562.620 1461.514
562.660 1462.005
562.700 1535.922
562.740 1556.695
562.780 1476.037
562.820 1428.234
562.860 1434.286
562.900 1391.765
562.940 1320.242
562.980 1280.146
563.020 1296.762
563.060 1306.519
563.100 1310.417
563.140 1372.313
563.180 1460.350
563.220 1486.671
563.260 1418.133
563.300 1341.878
563.330 1372.050
563.370 1361.221
563.410 1278.818
563.450 1261.841
563.490 1306.578
563.530 1340.026
563.570 1402.330
563.610 1411.203
563.650 1473.503
563.690 1537.087
563.730 1515.813
563.770 1499.821
563.810 1551.828
563.850 1576.119
563.890 1548.266
563.930 1467.410
563.970 1461.696
564.010 1459.551
564.050 1425.404
564.090 1392.542
564.130 1408.106
564.160 1403.811
564.200 1403.657
564.240 1391.073
564.280 1493.201
564.320 1533.471
564.360 1451.739
564.400 1414.862
564.440 1478.983
564.480 1468.531
564.520 1386.649
564.560 1308.766
564.600 1353.451
564.640 1401.850
564.680 1419.247
564.720 1451.785
564.760 1519.749
564.800 1581.712
564.840 1516.388
564.880 1486.491
564.920 1636.734
564.950 1647.548
564.990 1544.217
565.030 1522.170
565.070 1517.978
565.110 1515.071
565.150 1435.447
565.190 1269.822
565.230 1240.195
565.270 1265.424
565.310 1224.223
565.350 1237.019
565.390 1332.386
565.430 1358.894
565.470 1326.400
565.510 1330.762
565.550 1360.837
565.590 1385.910
565.630 1360.838
565.670 1288.765
565.700 1304.405
565.740 1381.043
565.780 1340.965
565.820 1280.600
565.860 1308.376
565.900 1313.436
565.940 1325.637
565.980 1412.409
566.020 1488.322
566.060 1528.518
566.100 1535.428
566.140 1583.479
566.180 1688.671
566.220 1719.719
566.260 1629.623
566.300 1570.953
566.340 1599.425
566.380 1612.181
566.420 1525.793
566.450 1475.117
566.490 1509.869
566.530 1508.047
566.570 1485.367
566.610 1500.686
566.650 1552.717
566.690 1548.890
566.730 1486.204
566.770 1480.516
566.810 1575.399
566.850 1595.566
566.890 1541.160
566.930 1537.752
566.970 1659.486
567.010 1725.504
567.050 1690.235
567.090 1665.679
567.130 1755.264
567.160 1804.705
567.200 1752.430
567.240 1678.726
567.280 1690.448
567.320 1680.883
567.360 1591.746
567.400 1539.607
567.440 1575.323
567.480 1617.610
567.520 1600.896
567.560 1617.037
567.600 1691.891
567.640 1722.458
567.680 1639.166
567.720 1574.588
567.760 1626.865
567.800 1638.569
567.840 1545.843
567.870 1510.545
567.910 1576.102
567.950 1641.659
567.990 1654.642
568.030 1593.909
568.070 1603.604
568.110 1648.726
568.150 1587.704
568.190 1563.395
568.230 1573.371
568.270 1543.916
568.310 1500.460
568.350 1470.717
568.390 1496.544
568.430 1512.942
568.470 1431.195
568.510 1414.161
568.540 1472.554
568.580 1506.661
568.620 1505.194
568.660 1543.155
568.700 1656.972
568.740 1725.645
568.780 1673.459
568.820 1613.415
568.860 1669.941
568.900 1698.466
568.940 1600.132
568.980 1490.798
569.020 1427.604
569.060 1400.838
569.100 1355.214
569.140 1279.160
569.170 1340.819
569.210 1386.477
569.250 1379.990
569.290 1450.217
569.330 1552.728
569.370 1666.667
569.410 1703.175
569.450 1608.683
569.490 1632.332
569.530 1675.409
569.570 1633.484
569.610 1591.558
569.650 1554.917
569.690 1550.274
569.730 1549.488
569.770 1528.700
569.800 1578.340
569.840 1631.550
569.880 1605.615
569.920 1576.966
569.960 1539.315
570.000 1505.092
570.040 1450.439
570.080 1396.499
570.120 1408.986
570.160 1469.615
570.200 1472.244
570.240 1530.156
570.280 1639.210
570.320 1688.264
570.360 1624.030
570.400 1570.081
570.430 1583.702
570.470 1583.465
570.510 1517.798
570.550 1462.416
570.590 1501.747
570.630 1559.649
570.670 1548.406
570.710 1496.591
570.750 1533.775
570.790 1592.386
570.830 1639.282
570.870 1662.462
570.910 1650.927
570.950 1636.534
570.990 1585.140
571.020 1561.888
571.060 1605.777
571.100 1571.522
571.140 1467.410
571.180 1500.439
571.220 1589.467
571.260 1634.636
571.300 1615.376
571.340 1572.258
571.380 1634.139
571.420 1678.162
571.460 1611.898
571.500 1578.633
571.540 1633.795
571.580 1627.671
571.610 1546.974
571.650 1522.276
571.690 1585.006
571.730 1597.591
571.770 1512.747
571.810 1496.617
571.850 1577.485
571.890 1615.781
571.930 1562.505
571.970 1479.370
572.010 1529.235
572.050 1599.098
572.090 1547.103
572.130 1518.536
572.170 1602.540
572.200 1627.113
572.240 1607.257
572.280 1626.115
572.320 1654.257
572.360 1664.398
572.400 1605.824
572.440 1561.535
572.480 1578.530
572.520 1647.667
572.560 1599.375
572.600 1561.082
572.640 1647.216
572.680 1700.350
572.720 1670.197
572.750 1682.757
572.790 1620.602
572.830 1572.731
572.870 1543.003
572.910 1482.988
572.950 1508.400
572.990 1533.812
573.030 1442.651
573.070 1424.632
573.110 1472.469
573.150 1501.306
573.190 1499.427
573.230 1462.119
573.270 1443.810
573.310 1445.642
573.340 1460.188
573.380 1493.162
573.420 1563.135
573.460 1592.393
573.500 1563.364
573.540 1615.334
573.580 1799.018
573.620 1881.557
573.660 1856.096
573.700 1864.777
573.740 1869.028
573.780 1922.422
573.820 1915.671
573.850 1817.634
573.890 1781.597
573.930 1760.558
573.970 1690.661
574.010 1677.763
574.050 1771.722
574.090 1808.394
574.130 1742.494
574.170 1746.307
574.210 1798.977
574.250 1794.217
574.290 1777.313
574.330 1759.266
574.370 1826.503
574.400 1874.454
574.440 1867.976
574.480 1847.068
574.520 1879.159
574.560 1897.821
574.600 1809.196
574.640 1687.142
574.680 1772.944
574.720 1834.888
574.760 1851.260
574.800 1829.774
574.840 1809.145
574.880 1768.514
574.910 1723.883
574.950 1646.965
574.990 1696.332
575.030 1723.984
575.070 1696.921
575.110 1682.571
575.150 1669.935
575.190 1658.584
575.230 1591.232
575.270 1487.593
575.310 1455.097
575.350 1471.456
575.390 1457.101
575.420 1469.031
575.460 1511.817
575.500 1550.173
575.540 1519.958
575.580 1530.456
575.620 1564.382
575.660 1563.449
575.700 1583.088
575.740 1578.154
575.780 1594.363
575.820 1580.570
575.860 1486.777
575.900 1438.554
575.930 1476.188
575.970 1466.536
576.010 1456.882
576.050 1496.943
576.090 1566.573
576.130 1609.489
576.170 1599.833
576.210 1561.747
576.250 1571.232
576.290 1626.002
576.330 1594.057
576.370 1550.111
576.410 1589.022
576.440 1639.075
576.480 1673.127
576.520 1709.321
576.560 1706.514
576.600 1675.278
576.640 1641.327
576.680 1617.661
576.720 1610.852
576.760 1588.327
576.800 1507.945
576.840 1478.133
576.880 1497.178
576.920 1515.936
576.950 1468.837
576.990 1429.165
577.030 1481.064
577.070 1562.677
577.110 1535.432
577.150 1526.614
577.190 1525.225
577.230 1533.406
577.270 1521.729
577.310 1503.767
577.350 1514.803
577.390 1537.696
577.420 1513.873
577.460 1572.908
577.500 1624.227
577.540 1641.831
577.580 1593.292
577.620 1556.895
577.660 1533.212
577.700 1493.099
577.740 1412.986
577.780 1354.729
577.820 1397.900
577.860 1463.356
577.890 1446.668
577.930 1477.123
577.970 1596.720
578.010 1611.316
578.050 1624.626
578.090 1652.507
578.130 1720.816
578.170 1770.695
578.210 1747.002
578.250 1716.880
578.290 1791.472
578.330 1824.063
578.360 1763.082
578.400 1659.672
578.440 1604.261
578.480 1593.421
578.520 1551.580
578.560 1530.739
578.600 1510.182
578.640 1491.911
578.680 1480.497
578.720 1566.653
578.760 1674.237
578.800 1666.392
578.830 1602.546
578.870 1703.557
578.910 1758.852
578.950 1766.719
578.990 1709.585
579.030 1651.165
579.070 1687.887
579.110 1703.322
579.150 1605.186
579.190 1547.477
579.230 1598.197
579.260 1628.916
579.300 1621.920
579.340 1649.209
579.380 1752.783
579.420 1812.928
579.460 1808.930
579.500 1775.645
579.540 1785.217
579.580 1788.359
579.620 1719.073
579.660 1616.643
579.700 1616.498
579.730 1663.638
579.770 1620.492
579.810 1585.917
579.850 1572.342
579.890 1605.908
579.930 1606.903
579.970 1643.611
580.010 1737.747
580.050 1736.883
580.090 1683.303
580.130 1645.152
580.160 1642.715
580.200 1662.705
580.240 1541.409
580.280 1410.256
580.320 1461.816
580.360 1503.233
580.400 1557.506
580.440 1581.351
580.480 1587.337
580.520 1625.323
580.560 1641.737
580.590 1638.436
580.630 1695.849
580.670 1724.833
580.710 1699.102
580.750 1702.799
580.790 1746.209
580.830 1765.620
580.870 1727.029
580.910 1680.295
580.950 1723.561
580.990 1762.826
581.020 1740.233
581.060 1696.926
581.100 1704.618
581.140 1761.453
581.180 1739.001
581.220 1679.548
581.260 1724.381
581.300 1756.070
581.340 1745.331
581.380 1722.733
581.420 1675.707
581.450 1651.823
581.490 1607.938
581.530 1532.624
581.570 1522.167
581.610 1526.138
581.650 1502.537
581.690 1514.364
581.730 1593.619
581.770 1619.731
581.810 1617.556
581.850 1610.667
581.880 1665.349
581.920 1708.744
581.960 1682.710
582.000 1611.533
582.040 1619.070
582.080 1625.320
582.120 1599.856
582.160 1586.106
582.200 1572.212
582.240 1585.889
582.280 1653.708
582.310 1691.527
582.350 1795.203
582.390 1854.592
582.430 1828.695
582.470 1879.798
582.510 1957.757
582.550 1940.145
582.590 1841.389
582.630 1723.918
582.670 1755.161
582.700 1809.975
582.740 1757.074
582.780 1725.887
582.820 1795.129
582.860 1862.798
582.900 1858.895
582.940 1807.992
582.980 1803.374
583.020 1847.041
583.060 1807.851
583.100 1708.089
583.130 1710.326
583.170 1742.135
583.210 1727.514
583.250 1688.464
583.290 1698.414
583.330 1709.363
583.370 1684.455
583.410 1663.546
583.450 1657.923
583.490 1639.727
583.520 1617.817
583.560 1618.621
583.600 1685.710
583.640 1750.513
583.680 1725.029
583.720 1747.688
583.760 1846.061
583.800 1877.862
583.840 1796.377
583.880 1653.463
583.910 1659.977
583.950 1698.776
583.990 1628.860
584.030 1572.087
584.070 1619.456
584.110 1649.254
584.150 1702.193
584.190 1733.133
584.230 1807.357
584.270 1896.725
584.310 1864.377
584.340 1808.457
584.380 1864.109
584.420 1905.617
584.460 1833.839
584.500 1795.918
584.540 1805.853
584.580 1854.788
584.620 1864.866
584.660 1777.657
584.700 1806.591
584.730 1874.238
584.770 1824.886
584.810 1793.390
584.850 1835.322
584.890 1850.396
584.930 1868.899
584.970 1854.544
585.010 1878.760
585.050 1890.118
585.080 1827.762
585.120 1730.977
585.160 1693.334
585.200 1704.120
585.240 1688.476
585.280 1660.690
585.320 1642.331
585.360 1594.686
585.400 1537.898
585.440 1557.538
585.470 1571.321
585.510 1518.103
585.550 1433.885
585.590 1489.523
585.630 1626.162
585.670 1671.085
585.710 1640.722
585.750 1687.359
585.790 1800.996
585.830 1838.346
585.860 1758.268
585.900 1761.046
585.940 1836.109
585.980 1847.458
586.020 1742.949
586.060 1653.012
586.100 1690.931
586.140 1697.850
586.180 1594.054
586.220 1532.114
586.250 1584.318
586.290 1612.663
586.330 1568.294
586.370 1523.639
586.410 1558.555
586.450 1606.042
586.490 1601.958
586.530 1587.587
586.570 1676.216
586.600 1733.558
586.640 1721.615
586.680 1701.671
586.720 1747.156
586.760 1796.497
586.800 1766.980
586.840 1771.464
586.880 1825.804
586.920 1840.286
586.960 1845.197
586.990 1836.536
587.030 1847.589
587.070 1876.927
587.110 1806.265
587.150 1823.174
587.190 1911.368
587.230 1950.133
587.270 1894.898
587.310 1889.520
587.340 1882.999
587.380 1918.477
587.420 1869.098
587.460 1803.861
587.500 1818.766
587.540 1840.100
587.580 1784.291
587.620 1811.910
587.660 1841.100
587.690 1868.861
587.730 1837.479
587.770 1818.667
587.810 1866.427
587.850 1882.616
587.890 1800.232
587.930 1738.134
587.970 1695.892
588.010 1683.365
588.050 1633.837
588.080 1591.880
588.120 1663.923
588.160 1733.252
588.200 1707.151
588.240 1747.336
588.280 1871.520
588.320 1905.990
588.360 1851.459
588.400 1787.071
588.430 1761.683
588.470 1783.580
588.510 1707.334
588.550 1597.516
588.590 1609.269
588.630 1667.165
588.670 1635.203
588.710 1671.098
588.750 1766.564
588.780 1795.315
588.820 1757.638
588.860 1702.960
588.900 1771.568
588.940 1842.461
588.980 1771.639
589.020 1749.674
589.060 1801.852
589.100 1842.315
589.130 1906.064
589.170 1886.812
589.210 1884.988
589.250 1890.736
589.290 1830.626
589.330 1850.373
589.370 1913.120
589.410 1915.580
589.450 1869.326
589.480 1888.358
589.520 1979.817
589.560 1988.277
589.600 1872.736
589.640 1894.051
589.680 1951.510
589.720 1936.682
589.760 1834.140
589.800 1774.312
589.830 1808.340
589.870 1883.940
589.910 1800.111
589.950 1755.995
589.990 1777.737
590.030 1819.907
590.070 1775.791
590.110 1752.246
590.150 1820.415
590.180 1874.583
590.220 1859.752
590.260 1909.491
590.300 2021.802
590.340 2088.969
590.380 2061.136
590.420 2001.017
590.460 1994.898
590.490 1998.207
590.530 1963.659
590.570 1927.253
590.610 2010.561
590.650 2075.012
590.690 2055.034
590.730 2035.627
590.770 2091.934
590.810 2110.669
590.840 2072.261
590.880 2046.139
590.920 2088.445
590.960 2105.036
591.000 2085.627
591.040 2027.646
591.080 2062.237
591.120 2075.398
591.160 2018.131
591.190 1929.435
591.230 1903.453
591.270 1913.328
591.310 1896.916
591.350 1880.076
591.390 1938.807
591.430 1930.681
591.470 1934.840
591.500 2005.998
591.540 2082.157
591.580 2118.886
591.620 2064.187
591.660 2017.773
591.700 2126.788
591.740 2153.802
591.780 2045.673
591.820 1973.401
591.850 2025.700
591.890 2054.427
591.930 2019.012
591.970 1946.310
592.010 2010.608
592.050 2114.906
592.090 2122.346
592.130 2036.357
592.160 2020.226
592.200 2018.665
592.240 1973.819
592.280 1870.257
592.320 1833.696
592.360 1847.420
592.400 1866.716
592.440 1883.439
592.470 1955.448
592.510 1993.171
592.550 2027.608
592.590 2151.331
592.630 2320.625
592.670 2368.347
592.710 2375.925
592.750 2386.790
592.790 2452.940
592.820 2505.518
592.860 2416.810
592.900 2332.245
592.940 2360.393
592.980 2402.542
593.020 2410.690
593.060 2441.409
593.100 2514.129
593.130 2549.847
593.170 2509.995
593.210 2501.427
593.250 2560.860
593.290 2540.435
593.330 2477.438
593.370 2438.727
593.410 2427.301
593.440 2431.590
593.480 2422.306
593.520 2373.451
593.560 2353.596
593.600 2321.312
593.640 2273.313
593.680 2328.886
593.720 2438.744
593.750 2465.173
593.790 2432.744
593.830 2424.459
593.870 2418.459
593.910 2381.887
593.950 2280.029
593.990 2203.314
594.030 2196.599
594.060 2207.883
594.100 2221.024
594.140 2270.308
594.180 2361.592
594.220 2434.589
594.260 2410.444
594.300 2399.155
594.340 2396.581
594.380 2397.149
594.410 2379.717
594.450 2365.428
594.490 2410.709
594.530 2433.705
594.570 2411.415
594.610 2476.696
594.650 2557.262
594.690 2611.829
594.720 2606.395
594.760 2607.961
594.800 2596.240
594.840 2563.949
594.880 2509.228
594.920 2471.364
594.960 2448.500
594.990 2448.636
595.030 2356.772
595.070 2393.907
595.110 2461.042
595.150 2423.606
595.190 2351.741
595.230 2353.589
595.270 2365.295
595.300 2352.429
595.340 2247.277
595.380 2169.268
595.420 2195.687
595.460 2232.106
595.500 2169.096
595.540 2140.228
595.580 2223.789
595.610 2259.493
595.650 2222.339
595.690 2145.328
595.730 2137.460
595.770 2145.306
595.810 2078.437
595.850 1948.139
595.890 1889.984
595.920 1896.400
595.960 1870.102
596.000 1849.375
596.040 1888.362
596.080 1882.777
596.120 1831.764
596.160 1869.607
596.200 1881.307
596.230 1865.293
596.270 1779.565
596.310 1696.264
596.350 1693.393
596.390 1704.949
596.430 1627.505
596.470 1663.490
596.500 1732.617
596.540 1756.887
596.580 1738.300
596.620 1766.283
596.660 1833.124
596.700 1851.536
596.740 1776.233
596.780 1749.216
596.810 1719.628
596.850 1670.039
596.890 1610.164
596.930 1599.146
596.970 1682.271
597.010 1715.252
597.050 1699.805
597.090 1780.644
597.120 1893.911
597.160 1919.749
597.200 1876.729
597.240 1836.567
597.280 1873.547
597.320 1866.527
597.360 1786.221
597.390 1810.201
597.430 1904.895
597.470 1948.303
597.510 1907.710
597.550 1872.832
597.590 1970.239
597.630 2058.218
597.670 1967.053
597.700 1841.746
597.740 1855.866
597.780 1900.415
597.820 1910.250
597.860 1839.656
597.900 1782.490
597.940 1776.753
597.970 1798.729
598.010 1771.706
598.050 1765.539
598.090 1740.087
598.130 1720.063
598.170 1738.753
598.210 1776.014
598.250 1769.132
598.280 1734.250
598.320 1716.797
598.360 1759.771
598.400 1765.032
598.440 1751.149
598.480 1742.123
598.520 1762.097
598.550 1767.928
598.590 1740.759
598.630 1683.732
598.670 1715.849
598.710 1714.393
598.750 1698.223
598.790 1732.339
598.830 1794.454
598.860 1835.141
598.900 1839.684
598.940 1821.228
598.980 1879.199
599.020 1892.885
599.060 1816.285
599.100 1787.399
599.130 1795.799
599.170 1794.913
599.210 1763.169
599.250 1730.425
599.290 1787.395
599.330 1807.508
599.370 1752.907
599.400 1776.734
599.440 1818.132
599.480 1823.673
599.520 1762.499
599.560 1697.897
599.600 1804.152
599.640 1869.692
599.670 1776.374
599.710 1802.057
599.750 1890.740
599.790 1934.850
599.830 1926.818
599.870 1864.214
599.910 1832.468
599.950 1882.292
599.980 1807.402
600.020 1743.797
600.060 1726.050
600.100 1726.588
600.140 1691.269
600.180 1708.092
600.220 1679.344
600.250 1643.881
600.290 1628.704
600.330 1693.670
600.370 1744.064
600.410 1727.172
600.450 1667.565
600.490 1695.959
600.520 1822.066
600.560 1866.888
600.600 1826.852
600.640 1809.102
600.680 1897.209
600.720 1957.316
600.760 1940.851
600.790 1955.529
600.830 1966.921
600.870 1930.884
600.910 1878.418
600.950 1836.667
600.990 1885.487
601.030 1898.163
601.060 1768.697
601.100 1742.659
601.140 1828.479
601.180 1870.441
601.220 1833.688
601.260 1773.507
601.300 1834.468
601.330 1920.001
601.370 1900.676
601.410 1822.780
601.450 1846.169
601.490 1894.558
601.530 1885.376
601.570 1788.622
601.600 1774.868
601.640 1810.256
601.680 1842.216
601.720 1860.033
601.760 1840.849
601.800 1824.237
601.840 1865.768
601.870 1859.012
601.910 1927.400
601.950 1952.073
601.990 1871.745
602.030 1882.132
602.070 1984.662
602.110 1989.763
602.140 1981.721
602.180 1965.535
602.220 1966.779
602.260 2002.308
602.300 1983.408
602.340 1933.079
602.380 1980.322
602.410 1981.564
602.450 1879.664
602.490 1845.620
602.530 1814.148
602.570 1771.104
602.610 1756.775
602.650 1789.016
602.680 1810.972
602.720 1816.356
602.760 1790.883
602.800 1845.552
602.840 1942.222
602.880 1950.748
602.920 1846.703
602.950 1802.086
602.990 1794.041
603.030 1790.424
603.070 1726.521
603.110 1654.903
603.150 1685.000
603.190 1742.668
603.220 1774.336
603.260 1811.290
603.300 1863.529
603.340 1894.625
603.380 1893.721
603.420 1846.102
603.450 1804.626
603.490 1799.150
603.530 1777.103
603.570 1765.198
603.610 1780.007
603.650 1770.102
603.690 1727.768
603.720 1732.863
603.760 1792.100
603.800 1833.766
603.840 1811.432
603.880 1837.526
603.920 1890.905
603.960 1913.428
603.990 1885.950
604.030 1831.186
604.070 1814.137
604.110 1849.087
604.150 1816.894
604.190 1864.844
604.230 1962.794
604.260 2028.744
604.300 2016.551
604.340 1995.643
604.380 2077.592
604.420 2134.827
604.460 2065.491
604.490 2011.011
604.530 1990.531
604.570 2018.623
604.610 2032.286
604.650 1921.663
604.690 1923.325
604.730 1949.273
604.760 1911.364
604.800 1886.883
604.840 1938.974
604.880 1955.779
604.920 1949.155
604.960 1893.530
604.990 1883.478
605.030 1896.282
605.070 1917.086
605.110 1906.890
605.150 1927.979
605.190 1936.640
605.230 1893.443
605.260 1842.533
605.300 1895.479
605.340 1909.996
605.380 1868.513
605.420 1870.173
605.460 1948.119
605.500 2040.779
605.530 2118.581
605.570 2110.526
605.610 2121.900
605.650 2121.845
605.690 2070.075
605.730 1985.020
605.760 1954.822
605.800 1936.337
605.840 1944.424
605.880 1939.083
605.920 1968.170
605.960 2007.114
606.000 2009.057
606.030 2004.572
606.070 2018.516
606.110 2000.459
606.150 1968.260
606.190 1919.203
606.230 1934.146
606.260 1952.803
606.300 1910.460
606.340 1950.117
606.380 1983.488
606.420 1971.573
606.460 1958.087
606.490 1942.886
606.530 2006.685
606.570 2047.770
606.610 1965.569
606.650 1979.082
606.690 2054.880
606.730 2097.965
606.760 2092.477
606.800 2096.990
606.840 2121.074
606.880 2110.872
606.920 2034.098
606.960 1959.039
606.990 1961.408
607.030 2006.063
607.070 1961.574
607.110 1924.229
607.150 1965.740
607.190 2006.537
607.230 2048.334
607.260 2090.559
607.300 2090.070
607.340 2125.153
607.380 2192.235
607.420 2310.460
607.460 2463.256
607.490 2577.909
607.530 2617.705
607.570 2747.501
607.610 2959.440
607.650 3107.235
607.690 3161.888
607.720 3258.398
607.760 3443.621
607.800 3626.845
607.840 3719.069
607.880 3830.149
607.920 4070.801
607.960 4291.310
607.990 4382.533
608.030 4452.899
608.070 4614.551
608.110 4793.916
608.150 4908.996
608.190 4954.504
608.220 5063.298
608.260 5228.235
608.300 5382.029
608.340 5509.679
608.380 5670.330
608.420 5801.123
608.450 5894.916
608.490 6003.995
608.530 6140.359
608.570 6195.581
608.610 6196.659
608.650 6261.595
608.680 6327.959
608.720 6354.323
608.760 6360.401
608.800 6375.479
608.840 6470.413
608.880 6508.920
608.910 6454.283
608.950 6457.789
608.990 6524.723
609.030 6502.229
609.070 6458.021
609.110 6458.241
609.150 6485.317
609.180 6470.680
609.220 6401.757
609.260 6400.547
609.300 6491.338
609.340 6515.129
609.380 6465.062
609.410 6483.996
609.450 6589.357
609.490 6647.147
609.530 6652.938
609.570 6640.013
609.610 6606.232
609.640 6568.736
609.680 6504.954
609.720 6405.601
609.760 6365.104
609.800 6281.465
609.840 6174.397
609.870 6170.472
609.910 6166.690
609.950 6116.764
609.990 6025.410
610.030 5899.913
610.070 5814.988
610.100 5679.205
610.140 5499.850
610.180 5275.353
610.220 5100.855
610.260 4952.644
610.300 4750.717
610.330 4549.219
610.370 4404.722
610.410 4215.224
610.450 4050.154
610.490 3952.227
610.530 3821.729
610.560 3680.516
610.600 3505.303
610.640 3394.376
610.680 3329.592
610.720 3222.236
610.760 3046.308
610.790 2922.523
610.830 2862.024
610.870 2785.811
610.910 2654.168
610.950 2558.955
610.990 2559.598
611.020 2540.098
611.060 2476.741
611.100 2446.099
611.140 2469.313
611.180 2458.670
611.220 2355.598
611.250 2257.670
611.290 2205.455
611.330 2129.955
611.370 2036.311
611.410 2023.525
611.450 2066.167
611.480 2088.523
611.520 2068.594
611.560 2061.235
611.600 2144.591
611.640 2139.519
611.680 2061.589
611.710 2031.945
611.750 2108.872
611.790 2133.370
611.830 2069.154
611.870 1972.224
611.910 2005.007
611.940 1995.648
611.980 1882.718
612.020 1779.787
612.060 1801.142
612.100 1848.639
612.140 1822.994
612.170 1834.349
612.210 1894.132
612.250 1944.486
612.290 1938.983
612.330 1911.480
612.370 1946.120
612.400 2017.903
612.440 1960.685
612.480 1914.182
612.520 1981.107
612.560 2020.889
612.600 1998.385
612.630 2001.596
612.670 1998.092
612.710 1995.588
612.750 1981.942
612.790 1990.295
612.820 2012.505
612.860 2006.286
612.900 1898.496
612.940 1898.563
612.980 1970.344
613.020 1977.554
613.050 1880.621
613.090 1843.973
613.130 1897.182
613.170 1939.963
613.210 1886.172
613.250 1875.239
613.280 1922.019
613.320 1934.228
613.360 1883.008
613.400 1864.217
613.440 1897.711
613.480 1928.777
613.510 1913.700
613.550 1911.480
613.590 1948.117
613.630 1969.896
613.670 1904.676
613.710 1860.170
613.740 1898.378
613.780 1921.728
613.820 1868.793
613.860 1855.858
613.900 1873.494
613.930 1878.988
613.970 1857.195
614.010 1843.545
614.050 1821.324
614.090 1829.102
614.130 1811.738
614.160 1824.088
614.200 1959.295
614.240 2014.359
614.280 1942.566
614.320 1953.772
614.360 2027.836
614.390 2019.043
614.430 1956.106
614.470 1838.312
614.510 1879.519
614.550 1909.868
614.580 1804.931
614.620 1771.708
614.660 1814.343
614.700 1822.120
614.740 1823.469
614.780 1756.388
614.810 1812.451
614.850 1891.942
614.890 1807.433
614.930 1760.924
614.970 1774.273
615.010 1750.763
615.040 1758.540
615.080 1693.316
615.120 1667.950
615.160 1675.440
615.200 1662.216
615.230 1750.707
615.270 1775.911
615.310 1746.830
615.350 1749.177
615.390 1737.096
615.430 1733.586
615.460 1727.219
615.500 1624.851
615.540 1614.055
615.580 1612.973
615.620 1588.320
615.650 1632.095
615.690 1702.728
615.730 1772.074
615.770 1835.563
615.810 1844.910
615.850 1878.970
615.880 1947.173
615.920 1929.519
615.960 1894.151
616.000 1854.926
616.040 1879.128
616.080 1917.760
616.110 1897.820
616.150 1897.165
616.190 1920.511
616.230 1914.713
616.270 1887.059
616.300 1878.404
616.340 1922.178
616.380 1949.237
616.420 1894.725
616.460 1914.070
616.500 1943.701
616.530 1938.474
616.570 1870.819
616.610 1783.878
616.650 1799.508
616.690 1839.424
616.720 1745.482
616.760 1742.970
616.800 1855.314
616.840 1902.801
616.880 1886.859
616.920 1854.060
616.950 1865.833
616.990 1911.891
617.030 1870.521
617.070 1788.864
617.110 1854.779
617.140 1914.266
617.180 1904.181
617.220 1875.524
617.260 1923.010
617.300 1963.497
617.340 1936.411
617.370 1866.326
617.410 1838.097
617.450 1821.726
617.490 1796.926
617.530 1790.840
617.560 1770.040
617.600 1814.669
617.640 1838.725
617.680 1884.639
617.720 1967.268
617.750 2008.753
617.790 1951.952
617.830 1998.152
617.870 2012.779
617.910 1971.264
617.950 1902.606
617.980 1826.663
618.020 1830.433
618.060 1856.632
618.100 1780.402
618.140 1798.315
618.170 1860.371
618.210 1873.570
618.250 1859.054
618.290 1871.681
618.330 1883.594
618.370 1878.792
618.400 1771.705
618.440 1701.760
618.480 1753.530
618.520 1800.299
618.560 1743.497
618.590 1781.410
618.630 1874.179
618.670 1914.091
618.710 1919.146
618.750 1892.772
618.780 1919.970
618.820 1958.453
618.860 1856.650
618.900 1789.419
618.940 1825.331
618.980 1806.814
619.010 1754.725
619.050 1758.351
619.090 1785.691
619.130 1821.745
619.170 1801.084
619.200 1823.567
619.240 1840.907
619.280 1825.246
619.320 1742.871
619.360 1655.782
619.390 1681.121
619.430 1723.318
619.470 1644.800
619.510 1651.996
619.550 1730.621
619.590 1761.103
619.620 1784.013
619.660 1812.209
619.700 1793.548
619.740 1810.744
619.780 1791.511
619.810 1801.564
619.850 1804.331
619.890 1792.098
619.930 1727.436
619.970 1774.489
620.000 1865.827
620.040 1873.023
620.080 1798.504
620.120 1881.985
620.160 1915.751
620.190 1892.232
620.230 1829.284
620.270 1776.765
620.310 1820.388
620.350 1844.440
620.390 1688.349
620.420 1694.258
620.460 1775.310
620.500 1793.219
620.540 1723.270
620.580 1704.179
620.610 1756.659
620.650 1871.853
620.690 1852.190
620.730 1842.385
620.770 1908.722
620.800 1957.344
620.840 1888.967
620.880 1801.732
620.920 1719.497
620.960 1731.977
620.990 1695.028
621.030 1688.364
621.070 1712.272
621.110 1725.180
621.150 1752.088
621.180 1792.281
621.220 1852.046
621.260 1871.953
621.300 1778.004
621.340 1777.482
621.380 1848.104
621.410 1840.869
621.450 1808.347
621.490 1803.112
621.530 1856.590
621.570 1903.211
621.600 1879.690
621.640 1913.454
621.680 1921.361
621.720 1900.410
621.760 1800.889
621.790 1752.938
621.830 1809.273
621.870 1825.466
621.910 1737.801
621.950 1792.564
621.980 1915.328
622.020 1948.520
622.060 1878.997
622.100 1788.475
622.140 1799.810
622.170 1827.002
622.210 1764.765
622.250 1726.385
622.290 1761.291
622.330 1841.482
622.360 1879.960
622.400 1852.437
622.440 1828.628
622.480 1825.819
622.520 1770.296
622.550 1762.202
622.590 1725.536
622.630 1683.441
622.670 1674.061
622.710 1737.109
622.740 1794.728
622.780 1795.062
622.820 1768.396
622.860 1775.729
622.900 1828.777
622.930 1836.539
622.970 1768.587
623.010 1730.491
623.050 1811.253
623.090 1842.015
623.130 1807.348
623.160 1812.967
623.200 1830.300
623.240 1821.919
623.280 1790.966
623.320 1682.727
623.350 1639.346
623.390 1650.964
623.430 1576.297
623.470 1564.773
623.510 1650.677
623.540 1697.723
623.580 1740.485
623.620 1773.817
623.660 1857.006
623.700 1893.767
623.730 1835.385
623.770 1779.432
623.810 1829.478
623.850 1866.953
623.890 1825.571
623.920 1805.617
623.960 1877.235
624.000 1956.281
624.040 1932.613
624.080 1867.230
624.110 1888.847
624.150 1928.322
624.190 1840.082
624.230 1778.271
624.270 1794.888
624.300 1822.934
624.340 1800.694
624.380 1761.882
624.420 1765.356
624.450 1808.402
624.490 1766.447
624.530 1694.778
624.570 1725.395
624.610 1803.011
624.640 1819.628
624.680 1841.673
624.720 1911.718
624.760 1965.049
624.800 1961.380
624.830 1950.139
624.870 1919.041
624.910 1854.943
624.950 1772.273
624.990 1708.461
625.020 1717.363
625.060 1723.407
625.100 1648.166
625.140 1670.496
625.180 1753.969
625.210 1780.871
625.250 1767.344
625.290 1783.102
625.330 1860.861
625.370 1887.905
625.400 1828.806
625.440 1834.136
625.480 1917.037
625.520 1958.367
625.560 1934.697
625.590 1930.598
625.630 1994.356
625.670 2014.971
625.710 1943.015
625.750 1891.487
625.780 1938.388
625.820 1986.717
625.860 1909.332
625.900 1874.089
625.940 1886.419
625.970 1892.033
626.010 1862.505
626.050 1871.406
626.090 1930.877
626.130 1983.349
626.160 1958.392
626.200 1970.578
626.240 2014.907
626.280 2015.664
626.310 1897.993
626.350 1768.321
626.390 1742.650
626.430 1764.407
626.470 1722.021
626.500 1725.492
626.540 1777.677
626.580 1793.148
626.620 1778.477
626.660 1837.662
626.690 1889.561
626.730 1910.889
626.770 1855.360
626.810 1854.974
626.850 1957.016
626.880 2005.058
626.920 1912.957
626.960 1870.999
627.000 1910.184
627.040 1954.655
627.070 1911.697
627.110 1838.024
627.150 1871.209
627.190 1930.536
627.230 1872.435
627.260 1776.762
627.300 1780.090
627.340 1788.703
627.380 1743.316
627.410 1648.929
627.450 1642.970
627.490 1731.154
627.530 1797.338
627.570 1769.379
627.600 1766.992
627.640 1803.605
627.680 1815.503
627.720 1834.973
627.760 1877.871
627.790 1908.055
627.830 1914.810
627.870 1921.993
627.910 1945.177
627.950 1964.504
627.980 1909.830
628.020 1889.871
628.060 1917.626
628.100 1913.666
628.130 1882.421
628.170 1870.033
628.210 1913.788
628.250 1899.971
628.290 1798.583
628.320 1761.194
628.360 1794.092
628.400 1825.132
628.440 1797.029
628.480 1797.212
628.510 1818.681
628.550 1803.578
628.590 1737.761
628.630 1771.944
628.660 1809.412
628.700 1804.880
628.740 1732.206
628.780 1766.531
628.820 1848.142
628.850 1879.468
628.890 1840.507
628.930 1846.404
628.970 1823.015
629.010 1785.912
629.040 1721.522
629.080 1670.276
629.120 1652.887
629.160 1575.212
629.200 1508.680
629.230 1565.005
629.270 1639.758
629.310 1681.369
629.350 1665.265
629.380 1798.732
629.420 1963.486
629.460 2017.524
629.500 2000.992
629.540 1991.174
629.570 1976.641
629.610 1988.108
629.650 1853.718
629.690 1784.614
629.720 1801.796
629.760 1810.549
629.800 1823.873
629.840 1915.054
629.880 1972.950
629.910 1939.702
629.950 1862.741
629.990 1841.922
630.030 1868.532
630.070 1847.713
630.100 1764.036
630.140 1800.932
630.180 1944.113
630.220 1986.436
630.250 1946.760
630.290 1959.798
630.330 2018.979
630.370 2029.588
630.410 1948.626
630.440 1880.521
630.480 1914.273
630.520 1917.453
630.560 1858.348
630.600 1844.814
630.630 1862.852
630.670 1844.032
630.710 1783.927
630.750 1759.393
630.780 1808.145
630.820 1812.182
630.860 1748.791
630.900 1770.114
630.940 1840.437
630.970 1895.331
631.010 1897.082
631.050 1885.405
631.090 1935.442
631.120 1993.622
631.160 1942.088
631.200 1848.982
631.240 1861.162
631.280 1884.484
631.310 1840.807
631.350 1887.700
631.390 1938.166
631.430 1939.917
631.460 1947.811
631.500 1869.419
631.540 1846.741
631.580 1867.777
631.620 1742.100
631.650 1660.279
631.690 1671.458
631.730 1715.352
631.770 1763.959
631.800 1755.138
631.840 1755.603
631.880 1813.639
631.920 1796.676
631.960 1780.283
631.990 1783.176
632.030 1760.212
632.070 1707.534
632.110 1700.713
632.150 1678.749
632.180 1666.499
632.220 1630.392
632.260 1620.856
632.300 1661.035
632.330 1681.071
632.370 1639.820
632.410 1649.713
632.450 1692.463
632.490 1712.499
632.520 1687.391
632.560 1689.570
632.600 1746.176
632.640 1784.783
632.670 1767.962
632.710 1763.854
632.750 1797.746
632.790 1817.782
632.820 1781.245
632.860 1833.995
632.900 1915.744
632.940 1954.351
632.980 1943.957
633.010 1950.564
633.050 1954.170
633.090 1984.348
633.130 1907.668
633.160 1850.417
633.200 1835.738
633.240 1827.487
633.280 1781.522
633.320 1786.128
633.350 1809.305
633.390 1841.911
633.430 1830.517
633.470 1856.123
633.500 1866.158
633.540 1898.335
633.580 1899.512
633.620 1869.404
633.660 1831.153
633.690 1793.473
633.730 1740.364
633.770 1751.113
633.810 1780.290
633.840 1767.324
633.880 1732.072
633.920 1705.821
633.960 1792.426
634.000 1844.174
634.030 1807.637
634.070 1770.671
634.110 1827.276
634.150 1847.881
634.180 1849.772
634.220 1822.235
634.260 1865.554
634.300 1909.159
634.330 1884.621
634.370 1901.369
634.410 1984.689
634.450 2048.151
634.490 2027.327
634.520 1938.789
634.560 1978.251
634.600 2018.285
634.640 1907.604
634.670 1849.351
634.710 1877.813
634.750 1872.275
634.790 1888.451
634.830 1860.913
634.860 1858.946
634.900 1917.122
634.940 1889.155
634.980 1870.902
635.010 1921.936
635.050 1906.826
635.090 1834.430
635.130 1800.749
635.160 1806.924
635.200 1798.100
635.240 1700.847
635.280 1652.737
635.320 1727.198
635.350 1750.945
635.390 1745.264
635.430 1763.153
635.470 1806.043
635.500 1878.647
635.540 1883.680
635.580 1815.141
635.620 1888.173
635.650 1934.206
635.690 1880.666
635.730 1872.127
635.770 1861.874
635.810 1833.478
635.840 1798.653
635.880 1731.113
635.920 1712.146
635.960 1685.321
635.990 1634.781
636.030 1655.956
636.070 1733.845
636.110 1855.020
636.140 1901.338
636.180 1910.798
636.220 1995.259
636.260 2049.148
636.300 2010.608
636.330 1975.926
636.370 1943.243
636.410 1923.418
636.450 1896.307
636.480 1888.767
636.520 1929.941
636.560 1919.116
636.600 1839.433
636.630 1792.893
636.670 1779.639
636.710 1779.242
636.750 1729.844
636.780 1672.590
636.820 1723.479
636.860 1769.367
636.900 1772.398
636.940 1861.287
636.970 1927.747
637.010 1974.349
637.050 1968.809
637.090 1945.411
637.120 1978.014
637.160 1988.331
637.200 1902.362
637.240 1876.107
637.270 1882.852
637.310 1872.883
637.350 1811.485
637.390 1749.802
637.420 1749.261
637.460 1762.578
637.500 1751.751
637.540 1756.496
637.580 1812.384
637.610 1863.701
637.650 1873.588
637.690 1901.619
637.730 1916.221
637.760 1897.680
637.800 1798.996
637.840 1728.027
637.880 1759.628
637.910 1792.945
637.950 1732.261
637.990 1724.719
638.030 1752.607
638.060 1808.066
638.100 1803.096
638.140 1784.983
638.180 1803.013
638.220 1819.472
638.250 1768.931
638.290 1725.675
638.330 1778.277
638.370 1833.735
638.400 1792.337
638.440 1771.795
638.480 1831.682
638.520 1888.426
638.550 1881.599
638.590 1864.343
638.630 1895.516
638.670 1891.974
638.700 1865.004
638.740 1779.605
638.780 1753.206
638.820 1827.664
638.850 1823.122
638.890 1818.580
638.930 1867.610
638.970 1887.639
639.010 1917.526
639.040 1901.698
639.080 1885.871
639.120 1889.043
639.160 1847.501
639.190 1848.816
639.230 1875.559
639.270 1866.874
639.310 1861.475
639.340 1859.504
639.380 1830.962
639.420 1801.134
639.460 1774.306
639.490 1745.906
639.530 1775.650
639.570 1818.964
639.610 1767.279
639.640 1745.165
639.680 1786.480
639.720 1753.509
639.760 1723.109
639.790 1730.852
639.830 1738.738
639.870 1739.481
639.910 1739.224
639.940 1727.967
639.980 1777.996
640.020 1780.024
640.060 1729.624
640.100 1720.510
640.130 1769.824
640.170 1810.282
640.210 1796.739
640.250 1843.053
640.280 1948.796
640.320 1981.253
640.360 1947.424
640.400 1961.024
640.430 2014.052
640.470 2022.509
640.510 1926.680
640.550 1919.137
640.580 1930.879
640.620 1930.050
640.660 1920.650
640.700 1843.535
640.730 1809.420
640.770 1826.305
640.810 1750.619
640.850 1750.647
640.880 1805.247
640.920 1753.132
640.960 1719.017
641.000 1743.045
641.030 1777.072
641.070 1772.386
641.110 1722.557
641.150 1723.584
641.180 1782.041
641.220 1808.211
641.260 1829.668
641.300 1841.981
641.330 1864.151
641.370 1902.608
641.410 1849.207
641.450 1847.377
641.480 1934.976
641.520 1957.718
641.560 1928.602
641.600 1925.344
641.630 1933.800
641.670 1971.113
641.710 1974.426
641.750 1984.311
641.780 2015.338
641.820 2054.079
641.860 2041.249
641.900 2033.419
641.940 2051.590
641.970 2056.902
642.010 1998.501
642.050 1977.385
642.090 2000.269
642.120 2029.868
642.160 1982.752
642.200 1953.922
642.240 1993.806
642.270 2001.833
642.310 1975.717
642.350 1931.601
642.390 1911.771
642.420 1900.655
642.460 1832.681
642.500 1773.137
642.540 1798.449
642.570 1806.190
642.610 1785.074
642.650 1843.529
642.690 1965.556
642.720 2035.011
642.760 2022.609
642.800 2000.636
642.840 1983.091
642.870 1975.831
642.910 1908.858
642.950 1829.599
642.990 1817.482
643.020 1818.937
643.060 1751.678
643.100 1711.990
643.140 1760.873
643.170 1765.899
643.210 1736.069
643.250 1735.095
643.290 1755.550
643.320 1788.719
643.360 1830.173
643.400 1812.342
643.440 1812.226
643.470 1841.680
643.510 1842.420
643.550 1818.589
643.590 1822.044
643.620 1794.498
643.660 1747.239
643.700 1748.693
643.740 1742.148
643.770 1732.459
643.810 1727.628
643.850 1761.654
643.890 1801.822
643.920 1842.419
643.960 1852.588
644.000 1885.899
644.040 1956.639
644.070 1993.379
644.110 1946.405
644.150 1926.288
644.180 1925.313
644.220 1926.624
644.260 1890.793
644.300 1829.390
644.330 1845.844
644.370 1871.155
644.410 1864.180
644.450 1873.492
644.480 1897.517
644.520 1911.685
644.560 1883.996
644.600 1830.164
644.630 1835.190
644.670 1843.500
644.710 1843.954
644.750 1823.837
644.780 1910.719
644.820 2005.030
644.860 2008.198
644.900 2019.080
644.930 2060.248
644.970 2055.416
645.010 2038.441
645.050 1985.466
645.080 1975.205
645.120 1979.230
645.160 1925.683
645.200 1897.137
645.230 1878.733
645.270 1858.044
645.310 1803.069
645.350 1768.379
645.380 1820.975
645.420 1845.571
645.460 1835.025
645.500 1841.192
645.530 1854.503
645.570 1864.527
645.610 1884.695
645.650 1893.434
645.680 1906.458
645.720 1903.911
645.760 1888.079
645.800 1871.389
645.830 1851.413
645.870 1808.152
645.910 1760.605
645.940 1764.629
645.980 1759.225
646.020 1756.964
646.060 1755.560
646.090 1758.727
646.130 1726.323
646.170 1697.490
646.210 1683.800
646.240 1736.967
646.280 1798.277
646.320 1819.444
646.360 1809.896
646.390 1862.492
646.430 1892.659
646.470 1869.826
646.510 1799.421
646.540 1757.588
646.580 1816.326
646.620 1854.065
646.660 1826.517
646.690 1859.541
646.730 1907.993
646.770 1931.303
646.810 1910.041
646.840 1827.065
646.880 1813.089
646.920 1815.398
646.950 1772.708
646.990 1787.731
647.030 1812.041
647.070 1827.207
647.100 1784.374
647.140 1812.683
647.180 1885.707
647.220 1893.159
647.250 1848.326
647.290 1847.778
647.330 1914.373
647.370 1990.682
647.400 1938.991
647.440 1885.300
647.480 1879.038
647.520 1859.490
647.550 1821.942
647.590 1776.965
647.630 1766.131
647.670 1748.726
647.700 1675.321
647.740 1684.344
647.780 1744.225
647.810 1771.105
647.850 1749.128
647.890 1790.723
647.930 1892.889
647.960 1962.198
648.000 1917.078
648.040 1864.815
648.080 1837.838
648.110 1825.719
648.150 1770.456
648.190 1731.050
648.230 1779.359
648.260 1818.382
648.300 1788.833
648.340 1789.142
648.380 1816.165
648.410 1842.331
648.450 1843.211
648.490 1835.948
648.520 1863.113
648.560 1889.993
648.600 1923.873
648.640 2032.896
648.670 2142.776
648.710 2188.227
648.750 2157.535
648.790 2158.272
648.820 2230.438
648.860 2210.746
648.900 2090.483
648.940 2011.649
648.970 1984.957
649.010 1971.694
649.050 1906.716
649.080 1876.310
649.120 1931.475
649.160 1957.355
649.200 1950.806
649.230 1918.543
649.270 1919.851
649.310 1972.302
649.350 1939.181
649.380 1883.489
649.420 1909.368
649.460 1912.819
649.500 1906.984
649.530 1932.435
649.570 1919.314
649.610 1916.765
649.640 1916.073
649.680 1887.667
649.720 1914.117
649.760 1906.711
649.790 1833.304
649.830 1807.898
649.870 1854.063
649.910 1857.942
649.940 1827.821
649.980 1787.700
650.020 1802.722
650.060 1834.601
650.090 1838.194
650.130 1810.073
650.170 1856.524
650.200 1889.403
650.240 1835.710
650.280 1806.304
650.320 1831.611
650.350 1850.347
650.390 1810.083
650.430 1737.533
650.470 1697.127
650.500 1731.434
650.540 1744.170
650.580 1801.192
650.610 1814.213
650.650 1799.663
650.690 1775.542
650.730 1796.706
650.760 1830.728
650.800 1842.464
650.840 1752.628
650.880 1757.507
650.910 1857.242
650.950 1914.692
650.990 1907.428
651.020 1857.735
651.060 1859.757
651.100 1878.921
651.140 1833.085
651.170 1746.392
651.210 1720.128
651.250 1724.435
651.290 1730.741
651.320 1755.048
651.360 1799.212
651.400 1787.519
651.440 1806.112
651.470 1839.133
651.510 1823.583
651.550 1808.318
651.580 1793.625
651.620 1776.646
651.660 1841.239
651.700 1890.545
651.730 1866.995
651.770 1911.444
651.810 1945.894
651.850 1937.201
651.880 1887.222
651.920 1867.385
651.960 1874.549
651.990 1869.141
652.030 1814.591
652.070 1810.326
652.110 1838.918
652.140 1867.653
652.180 1839.674
652.220 1791.980
652.250 1822.001
652.290 1854.165
652.330 1827.757
652.370 1794.206
652.400 1785.512
652.440 1784.533
652.480 1776.411
652.520 1711.146
652.550 1669.452
652.590 1661.330
652.630 1618.064
652.660 1575.799
652.700 1574.534
652.740 1567.555
652.780 1602.004
652.810 1621.167
652.850 1684.473
652.890 1750.636
652.930 1821.942
652.960 1885.106
653.000 1922.269
653.040 1928.575
653.070 1985.595
653.110 1952.187
653.150 1906.636
653.190 1876.370
653.220 1813.390
653.260 1851.696
653.300 1912.145
653.330 1851.737
653.370 1824.471
653.410 1878.491
653.450 1921.226
653.480 1935.389
653.520 1878.266
653.560 1860.429
653.600 1942.163
653.630 1978.326
653.670 1928.632
653.710 1928.937
653.740 2000.815
653.780 2007.120
653.820 1956.426
653.860 1917.017
653.890 1922.466
653.930 1930.486
653.970 1874.648
654.000 1789.382
654.040 1792.974
654.080 1844.279
654.120 1858.442
654.150 1894.176
654.190 1962.767
654.230 2013.930
654.270 2008.378
654.300 2016.540
654.340 1968.274
654.380 1899.580
654.410 1854.028
654.450 1823.191
654.490 1816.496
654.530 1833.944
654.560 1815.678
654.600 1865.269
654.640 1900.717
654.670 1899.308
654.710 1853.042
654.750 1813.918
654.790 1868.652
654.820 1924.100
654.860 1854.691
654.900 1832.996
654.930 1849.015
654.970 1871.892
655.010 1856.054
655.050 1807.359
655.080 1765.378
655.120 1777.255
655.160 1783.846
655.190 1778.865
655.230 1741.313
655.270 1719.903
655.310 1740.351
655.340 1777.799
655.380 1840.389
655.420 1879.552
655.460 1862.428
655.490 1924.161
655.530 2036.752
655.570 2038.628
655.600 1997.218
655.640 1970.095
655.680 1946.257
655.720 1939.276
655.750 1897.009
655.790 1824.885
655.830 1827.190
655.860 1813.494
655.900 1769.942
655.940 1747.961
655.980 1724.694
656.010 1733.856
656.050 1789.589
656.090 1820.608
656.120 1843.198
656.160 1875.931
656.200 1891.236
656.240 1941.111
656.270 1996.702
656.310 1942.435
656.350 1871.311
656.380 1893.186
656.420 1956.348
656.460 2041.367
656.500 2079.242
656.530 2076.261
656.570 2182.994
656.610 2237.155
656.640 2205.745
656.680 2140.478
656.720 2099.211
656.760 2075.230
656.790 2024.820
656.830 1990.981
656.870 2031.571
656.900 2037.589
656.940 1986.608
656.980 1950.912
657.020 1994.788
657.050 2021.520
657.090 1949.110
657.130 1865.986
657.160 1859.290
657.200 1896.737
657.240 1890.469
657.280 1795.630
657.310 1780.220
657.350 1799.953
657.390 1778.828
657.420 1809.703
657.460 1858.579
657.500 1840.740
657.540 1880.472
657.570 1897.205
657.610 1922.937
657.650 1943.241
657.680 1889.831
657.720 1817.134
657.760 1796.438
657.790 1781.028
657.830 1757.332
657.870 1716.350
657.910 1732.368
657.940 1758.386
657.980 1778.689
658.020 1816.422
658.050 1808.297
658.090 1784.172
658.130 1792.333
658.170 1783.922
658.200 1773.797
658.240 1776.958
658.280 1759.261
658.310 1815.422
658.350 1878.154
658.390 1866.315
658.430 1842.618
658.460 1854.350
658.500 1929.082
658.540 1974.672
658.570 1910.261
658.610 1849.564
658.650 1853.868
658.690 1873.314
658.720 1835.617
658.760 1816.349
658.800 1837.367
658.830 1857.385
658.870 1879.831
658.910 1881.420
658.940 1912.152
658.980 1931.883
659.020 1878.044
659.060 1827.776
659.090 1812.365
659.130 1827.239
659.170 1830.685
659.200 1831.989
659.240 1902.006
659.280 1942.595
659.320 1924.184
659.350 1914.487
659.390 1882.219
659.430 1844.093
659.460 1812.110
659.500 1793.414
659.540 1839.574
659.580 1882.305
659.610 1971.894
659.650 2026.197
659.690 2059.786
659.720 2043.089
659.760 1983.820
659.800 1941.695
659.830 1974.998
659.870 1913.158
659.910 1876.460
659.950 1865.906
659.980 1851.209
660.020 1871.941
660.060 1843.815
660.090 1808.260
660.130 1813.420
660.170 1821.580
660.200 1808.312
660.240 1831.043
660.280 1861.631
660.320 1857.506
660.350 1840.380
660.390 1831.254
660.430 1829.414
660.460 1841.002
660.500 1857.162
660.540 1831.607
660.580 1856.624
660.610 1857.070
660.650 1852.658
660.690 1873.818
660.720 1962.263
660.760 1993.709
660.800 2000.725
660.830 2001.171
660.870 1999.759
660.910 2018.490
660.950 1998.221
660.980 1875.524
661.020 1835.969
661.060 1844.129
661.090 1831.574
661.130 1806.591
661.170 1784.036
661.200 1781.052
661.240 1806.498
661.280 1795.514
661.320 1748.674
661.350 1720.405
661.390 1751.707
661.430 1762.152
661.460 1749.026
661.500 1775.899
661.540 1817.059
661.570 1898.075
661.610 1956.092
661.650 1945.537
661.690 1945.268
661.720 1969.141
661.760 2004.443
661.800 2000.746
661.830 1911.762
661.870 1880.921
661.910 1929.081
661.940 1948.383
661.980 1926.399
662.020 1882.558
662.060 1912.575
662.090 1989.305
662.130 1966.036
662.170 1889.766
662.200 1842.068
662.240 1827.656
662.280 1783.815
662.310 1702.117
662.350 1655.276
662.390 1638.435
662.430 1633.308
662.460 1650.325
662.500 1681.912
662.540 1713.500
662.570 1701.802
662.610 1708.389
662.650 1771.548
662.680 1800.993
662.720 1804.152
662.760 1850.596
662.800 1912.612
662.830 1963.628
662.870 1955.216
662.910 1928.232
662.940 1901.677
662.980 1876.550
663.020 1820.280
663.050 1779.439
663.090 1781.597
663.130 1797.756
663.170 1789.486
663.200 1870.788
663.240 1960.661
663.280 1969.677
663.310 1938.979
663.350 1915.423
663.390 1921.439
663.420 1945.169
663.460 1909.185
663.500 1894.343
663.530 1922.931
663.570 1990.946
663.610 2001.676
663.650 1995.121
663.680 2030.279
663.720 2054.866
663.760 1984.453
663.790 1882.469
663.830 1839.199
663.870 1859.500
663.900 1872.088
663.940 1796.532
663.980 1811.262
664.020 1883.277
664.050 1958.007
664.090 1950.737
664.130 1939.895
664.160 1898.482
664.200 1898.355
664.240 1851.656
664.270 1858.529
664.310 1896.116
664.350 1897.988
664.380 1870.004
664.420 1903.877
664.460 1913.892
664.500 1892.193
664.530 1866.209
664.570 1868.653
664.610 1920.954
664.640 1925.398
664.680 1947.556
664.720 1973.857
664.750 1985.158
664.790 1933.316
664.830 1903.617
664.860 1899.632
664.900 1955.219
664.940 1928.663
664.980 1900.678
665.010 1906.265
665.050 1922.280
665.090 1868.581
665.120 1845.453
665.160 1864.611
665.200 1884.627
665.230 1875.356
665.270 1871.228
665.310 1919.244
665.340 1971.544
665.380 1953.131
665.420 1877.575
665.460 1876.304
665.490 1948.176
665.530 1941.763
665.570 1896.349
665.600 1921.507
665.640 1931.094
665.680 1929.680
665.710 1944.695
665.750 1922.281
665.790 1941.439
665.820 1931.454
665.860 1903.326
665.900 1915.055
665.930 1957.213
665.970 1931.657
666.010 1884.386
666.050 1849.115
666.080 1831.273
666.120 1789.288
666.160 1719.588
666.190 1689.603
666.230 1674.761
666.270 1655.633
666.300 1717.505
666.340 1799.234
666.380 1815.391
666.410 1841.978
666.450 1836.849
666.490 1849.721
666.530 1875.022
666.560 1817.037
666.600 1760.480
666.640 1738.494
666.670 1725.366
666.710 1700.095
666.750 1665.967
666.780 1699.267
666.820 1732.853
666.860 1703.868
666.890 1749.597
666.930 1805.754
666.970 1825.912
667.000 1822.784
667.040 1822.227
667.080 1843.098
667.120 1896.970
667.150 1890.270
667.190 1872.142
667.230 1892.014
667.260 1902.599
667.300 1861.042
667.340 1818.628
667.370 1824.500
667.410 1816.086
667.450 1802.815
667.480 1806.972
667.520 1856.843
667.560 1878.572
667.590 1897.872
667.630 1935.601
667.670 1970.187
667.700 1994.629
667.740 1991.215
667.780 1990.944
667.820 2013.244
667.850 1952.115
667.890 1852.701
667.930 1847.858
667.960 1881.015
668.000 1899.887
668.040 1844.758
668.070 1812.344
668.110 1928.786
668.150 2012.229
668.180 1992.243
668.220 1908.257
668.260 1829.272
668.290 1823.429
668.330 1815.586
668.370 1754.457
668.400 1775.757
668.440 1815.199
668.480 1852.071
668.520 1925.799
668.550 1989.099
668.590 2041.827
668.630 2010.984
668.660 1868.141
668.700 1816.583
668.740 1814.312
668.770 1782.897
668.810 1725.340
668.850 1698.497
668.880 1731.368
668.920 1778.524
668.960 1789.538
668.990 1835.409
669.030 1860.995
669.070 1842.437
669.100 1864.737
669.140 1872.608
669.180 1895.479
669.210 1943.207
669.250 1931.935
669.290 1963.092
669.320 2058.249
669.360 2034.691
669.400 2024.562
669.440 2027.433
669.470 1962.875
669.510 1911.603
669.550 1871.760
669.580 1837.202
669.620 1825.359
669.660 1820.944
669.690 1828.100
669.730 1867.543
669.770 1951.556
669.800 2002.427
669.840 2052.298
669.880 2114.169
669.910 2160.183
669.950 2157.196
669.990 2132.067
670.020 2076.081
670.060 2014.237
670.100 1927.393
670.130 1851.978
670.170 1870.563
670.210 1892.148
670.240 1907.162
670.280 1895.747
670.320 1881.760
670.350 1877.774
670.390 1893.645
670.430 1831.658
670.470 1822.386
670.500 1794.542
670.540 1789.984
670.580 1835.569
670.610 1859.297
670.650 1866.596
670.690 1833.895
670.720 1853.480
670.760 1888.350
670.800 1876.364
670.830 1844.091
670.870 1846.105
670.910 1865.118
670.940 1889.131
670.980 1870.716
671.020 1849.158
671.050 1911.743
671.090 1943.185
671.130 1931.198
671.160 1893.783
671.200 1907.224
671.240 1903.381
671.270 1895.394
671.310 1853.693
671.350 1767.420
671.380 1712.291
671.420 1738.018
671.460 1749.746
671.490 1801.473
671.530 1870.058
671.570 1897.071
671.600 2009.798
671.640 2110.954
671.680 2105.253
671.710 2073.552
671.750 2049.993
671.790 2004.721
671.830 1967.448
671.860 1884.890
671.900 1803.617
671.940 1751.059
671.970 1746.929
672.010 1689.656
672.050 1707.669
672.080 1792.539
672.120 1829.838
672.160 1850.280
672.190 1914.007
672.230 1964.734
672.270 1992.461
672.300 1972.617
672.340 1917.487
672.380 1887.786
672.410 1919.799
672.450 1943.669
672.490 1936.968
672.520 1945.980
672.560 1884.993
672.600 1814.292
672.630 1810.162
672.670 1826.318
672.710 1791.188
672.740 1747.915
672.780 1741.785
672.820 1795.226
672.850 1822.382
672.890 1822.394
672.930 1796.264
672.960 1834.420
673.000 1867.575
673.040 1870.302
673.070 1888.601
673.110 1979.328
673.150 2041.055
673.180 2042.639
673.220 2015.509
673.260 1990.950
673.290 1962.677
673.330 1908.261
673.370 1877.845
673.400 1891.572
673.440 1889.013
673.480 1855.740
673.510 1876.753
673.550 1914.194
673.590 1960.064
673.620 1905.933
673.660 1863.803
673.700 1922.244
673.730 1954.971
673.770 1937.984
673.810 1945.853
673.840 1972.294
673.880 2017.021
673.920 2016.462
673.950 2005.903
673.990 1991.059
674.030 1962.357
674.060 1964.084
674.100 1942.382
674.140 1903.394
674.170 1874.835
674.210 1807.133
674.250 1802.003
674.280 1841.872
674.320 1777.742
674.360 1727.897
674.390 1765.624
674.430 1797.493
674.470 1828.077
674.500 1853.804
674.540 1834.245
674.580 1894.114
674.610 1941.841
674.650 1891.139
674.690 1902.722
674.720 1935.449
674.760 1942.890
674.800 1989.045
674.830 2010.628
674.870 2013.498
674.910 2019.796
674.940 2004.094
674.980 2036.963
675.020 2077.118
675.050 2059.987
675.090 2016.142
675.130 2005.726
675.160 2017.738
675.200 1980.322
675.240 1872.905
675.270 1779.203
675.310 1734.644
675.350 1684.799
675.380 1659.668
675.420 1726.252
675.460 1778.264
675.490 1829.276
675.530 1837.288
675.570 1894.871
675.600 1962.883
675.640 1982.895
675.680 1889.193
675.710 1830.491
675.750 1803.789
675.790 1816.229
675.820 1764.670
675.860 1764.539
675.900 1799.837
675.930 1850.134
675.970 1884.146
676.010 1915.444
676.040 1916.313
676.080 1918.182
676.120 1892.337
676.150 1848.063
676.190 1852.932
676.230 1876.515
676.260 1827.670
676.300 1860.825
676.340 1907.694
676.370 1895.991
676.410 1861.146
676.450 1848.872
676.480 1887.884
676.520 1888.039
676.560 1799.765
676.590 1778.777
676.630 1828.074
676.670 1882.943
676.700 1902.955
676.740 1896.966
676.780 1928.835
676.810 1956.133
676.850 1922.573
676.890 1880.585
676.920 1893.597
676.960 1847.323
676.990 1783.191
677.030 1794.774
677.070 1851.500
677.100 1862.941
677.140 1819.952
677.180 1804.964
677.210 1854.690
677.250 1711.702
677.290 1661.041
677.320 1582.113
677.360 1554.969
