537.190 285.360
537.230 254.687
537.270 196.367
537.310 184.535
537.350 245.868
537.390 301.639
537.430 262.989
537.470 244.777
537.510 323.287
537.550 391.377
537.590 428.761
537.630 439.581
537.670 506.553
537.710 556.246
537.750 505.519
537.790 420.800
537.830 460.089
537.870 469.385
537.910 424.403
537.950 423.000
537.990 541.605
538.030 617.645
538.070 632.121
538.110 575.747
538.150 579.809
538.190 600.735
538.230 521.525
538.270 361.036
538.310 377.412
538.350 431.079
538.390 414.325
538.430 445.863
538.470 495.122
538.510 501.530
538.560 498.801
538.600 501.365
538.640 582.791
538.680 650.796
538.720 568.377
538.760 567.393
538.800 649.844
538.840 667.729
538.880 563.905
538.920 492.802
538.960 530.561
539.000 634.611
539.040 612.524
539.080 539.585
539.120 584.508
539.160 619.294
539.200 546.799
539.240 477.166
539.280 541.538
539.320 549.486
539.360 521.582
539.400 548.255
539.440 644.789
539.480 693.899
539.520 680.870
539.560 586.418
539.600 604.398
539.640 663.240
539.680 598.086
539.720 526.651
539.760 553.791
539.800 546.649
539.840 471.654
539.880 432.378
539.920 531.819
539.960 576.978
540.000 528.856
540.040 456.165
540.080 534.478
540.120 617.651
540.160 624.542
540.200 586.437
540.240 647.192
540.280 728.521
540.320 780.568
540.360 764.617
540.400 785.527
540.440 759.726
540.480 645.356
540.520 588.702
540.560 622.481
540.600 642.404
540.640 617.902
540.680 581.973
540.720 629.762
540.760 683.981
540.800 637.345
540.840 622.854
540.880 681.652
540.920 669.737
540.960 608.538
541.000 641.485
541.040 716.861
541.080 764.954
541.120 690.620
541.160 631.145
541.200 674.672
541.240 715.772
541.280 614.587
541.320 527.976
541.360 518.080
541.400 530.757
541.440 467.721
541.480 459.687
541.520 534.796
541.560 560.906
541.600 577.589
541.640 631.988
541.680 727.816
541.720 791.073
541.760 776.331
541.800 692.019
541.840 659.850
541.880 637.539
541.920 593.800
541.960 570.348
542.000 632.324
542.040 657.301
542.080 666.422
542.120 750.971
542.160 794.092
542.200 746.499
542.240 663.192
542.280 595.885
542.320 558.293
542.360 553.129
542.400 509.537
542.440 537.944
542.480 662.780
542.520 729.473
542.560 696.452
542.600 712.430
542.640 753.266
542.680 749.958
542.720 693.364
542.760 696.770
542.800 777.032
542.840 812.437
542.880 769.555
542.920 786.387
542.970 919.933
543.010 982.478
543.050 882.165
543.090 818.709
543.130 941.823
543.170 1008.937
543.210 957.763
543.250 855.589
543.290 868.700
543.330 870.667
543.370 770.347
543.410 626.454
543.450 681.417
543.490 773.665
543.530 753.484
543.570 726.729
543.610 806.830
543.650 864.787
543.690 861.743
543.730 843.269
543.770 870.365
543.810 869.602
543.850 811.980
543.890 794.929
543.930 804.161
543.970 780.392
544.010 694.907
544.050 576.706
544.090 708.503
544.130 788.013
544.170 735.235
544.210 794.313
544.250 913.817
544.290 974.605
544.330 1016.820
544.370 980.747
544.410 1028.100
544.450 1039.452
544.490 964.659
544.530 941.863
544.570 999.351
544.610 1033.552
544.650 927.893
544.690 867.232
544.730 917.568
544.770 926.045
544.810 863.663
544.850 847.421
544.890 856.749
544.930 880.074
544.970 819.682
545.010 775.859
545.050 832.177
545.090 884.635
545.130 801.234
545.170 755.544
545.210 822.709
545.250 856.585
545.290 829.030
545.330 800.616
545.370 841.056
545.410 889.493
545.450 857.214
545.490 802.074
545.530 868.504
545.570 921.073
545.610 882.068
545.650 834.346
545.690 838.764
545.730 902.036
545.770 896.448
545.810 827.572
545.850 841.264
545.890 868.954
545.930 835.497
545.960 805.609
546.000 831.432
546.040 833.538
546.080 798.641
546.120 735.455
546.160 734.409
546.200 748.074
546.240 777.450
546.280 798.252
546.320 867.336
546.360 952.989
546.400 974.495
546.440 1017.284
546.480 1108.499
546.520 1103.710
546.560 1026.061
546.600 971.694
546.640 975.038
546.680 1018.522
546.720 958.288
546.760 945.337
546.800 992.525
546.840 994.567
546.880 978.606
546.920 984.070
546.960 970.816
547.000 967.273
547.040 913.298
547.080 937.749
547.120 992.053
547.160 1004.639
547.200 943.079
547.240 945.944
547.280 995.377
547.320 986.378
547.360 895.090
547.400 921.083
547.440 1002.645
547.480 1000.918
547.520 956.330
547.560 1003.595
547.600 1052.286
547.640 1049.258
547.680 965.942
547.720 936.193
547.760 993.298
547.800 1035.542
547.840 957.782
547.880 896.447
547.920 933.823
547.960 967.624
548.000 900.279
548.040 877.358
548.080 934.005
548.120 979.077
548.160 997.431
548.200 1024.210
548.240 1070.842
548.280 1080.042
548.320 1051.239
548.360 988.717
548.400 955.906
548.440 953.377
548.480 910.987
548.520 884.736
548.560 960.053
548.600 1008.937
548.640 989.818
548.680 1052.409
548.720 1179.283
548.760 1245.867
548.800 1210.018
548.840 1146.451
548.880 1181.452
548.920 1223.593
548.960 1167.015
549.000 1106.861
549.040 1087.847
549.080 1110.972
549.120 1116.236
549.160 1081.925
549.200 1035.896
549.240 1004.291
549.280 966.683
549.320 956.642
549.360 1014.312
549.400 1038.835
549.440 996.069
549.480 1044.441
549.520 1130.096
549.560 1116.460
549.600 1071.964
549.640 1055.036
549.680 1103.532
549.720 1132.739
549.760 1117.513
549.800 1110.855
549.840 1172.479
549.880 1194.385
549.920 1129.001
549.960 1107.756
550.000 1113.508
550.040 1095.541
550.080 1020.713
550.120 926.167
550.160 990.617
550.200 1056.635
550.240 1015.649
550.280 1110.374
550.320 1244.666
550.350 1302.383
550.390 1303.096
550.430 1286.091
550.470 1337.082
550.510 1380.640
550.550 1286.481
550.590 1226.318
550.630 1260.722
550.670 1317.408
550.710 1269.376
550.750 1226.912
550.790 1290.587
550.830 1307.972
550.870 1234.210
550.910 1223.731
550.950 1237.105
550.990 1246.903
551.030 1184.269
551.070 1090.060
551.110 1127.562
551.150 1174.059
551.190 1115.124
551.230 1047.043
551.270 1030.101
551.310 1015.154
551.350 964.633
551.390 919.251
551.430 910.150
551.470 917.761
551.510 944.653
551.550 1018.255
551.590 1100.711
551.630 1138.878
551.670 1070.326
551.710 1055.771
551.750 1143.212
551.790 1170.078
551.830 1085.797
551.870 1089.798
551.910 1211.795
551.950 1298.646
551.990 1277.779
552.030 1278.908
552.070 1363.891
552.110 1387.726
552.150 1298.559
552.190 1188.816
552.230 1225.498
552.270 1275.033
552.310 1191.422
552.350 1055.235
552.390 1128.760
552.430 1200.280
552.470 1182.797
552.510 1208.739
552.550 1325.677
552.590 1411.040
552.630 1471.971
552.660 1424.898
552.700 1426.251
552.740 1444.456
552.780 1314.658
552.820 1192.714
552.860 1203.908
552.900 1213.385
552.940 1186.001
552.980 1213.042
553.020 1309.365
553.060 1408.828
553.100 1375.572
553.140 1321.885
553.180 1361.622
553.220 1380.498
553.260 1312.371
553.300 1231.812
553.340 1192.821
553.380 1216.112
553.420 1182.114
553.460 1117.969
553.500 1159.249
553.540 1181.240
553.580 1168.942
553.620 1193.212
553.660 1221.764
553.700 1226.598
553.740 1213.285
553.780 1165.398
553.820 1191.650
553.860 1230.470
553.900 1180.430
553.940 1189.815
553.980 1281.053
554.020 1302.288
554.060 1276.233
554.100 1266.461
554.140 1256.829
554.180 1250.907
554.220 1197.696
554.260 1185.053
554.300 1274.121
554.340 1326.899
554.380 1274.103
554.410 1246.733
554.450 1357.930
554.490 1409.124
554.530 1315.457
554.570 1255.072
554.610 1255.256
554.650 1314.865
554.690 1332.328
554.730 1299.930
554.770 1315.243
554.810 1327.267
554.850 1251.574
554.890 1249.162
554.930 1257.748
554.970 1242.045
555.010 1146.766
555.050 1093.199
555.090 1181.772
555.130 1244.627
555.170 1207.621
555.210 1208.184
555.250 1267.600
555.290 1308.870
555.330 1294.423
555.370 1183.259
555.410 1198.519
555.450 1250.920
555.490 1199.174
555.530 1207.139
555.570 1344.958
555.610 1412.203
555.650 1444.873
555.690 1445.254
555.730 1492.346
555.770 1517.578
555.810 1452.950
555.850 1379.747
555.890 1354.827
555.920 1351.475
555.960 1321.405
556.000 1292.047
556.040 1286.685
556.080 1255.178
556.120 1153.239
556.160 1110.725
556.200 1218.208
556.240 1273.546
556.280 1202.594
556.320 1227.640
556.360 1311.539
556.400 1355.579
556.440 1385.758
556.480 1361.077
556.520 1350.964
556.560 1343.420
556.600 1288.730
556.640 1292.466
556.680 1336.055
556.720 1326.356
556.760 1237.511
556.800 1250.806
556.840 1337.955
556.880 1352.816
556.920 1271.245
556.960 1259.242
557.000 1339.094
557.040 1398.371
557.080 1364.931
557.120 1382.060
557.160 1477.328
557.200 1534.165
557.240 1496.713
557.270 1494.544
557.310 1545.801
557.350 1559.055
557.390 1470.592
557.430 1387.555
557.470 1440.371
557.510 1503.328
557.550 1450.282
557.590 1467.233
557.630 1502.324
557.670 1518.555
557.710 1519.927
557.750 1511.009
557.790 1585.803
557.830 1634.880
557.870 1514.669
557.910 1452.883
557.950 1521.809
557.990 1574.304
558.030 1561.081
558.070 1545.856
558.110 1529.914
558.150 1548.826
558.190 1522.306
558.230 1498.642
558.270 1518.688
558.310 1525.875
558.350 1446.202
558.390 1454.955
558.430 1537.563
558.460 1589.596
558.500 1536.198
558.540 1513.654
558.580 1495.680
558.620 1453.845
558.660 1389.151
558.700 1356.454
558.740 1387.325
558.780 1416.195
558.820 1333.775
558.860 1375.211
558.900 1476.644
558.940 1506.074
558.980 1454.358
559.020 1459.783
559.060 1527.634
559.100 1598.768
559.140 1505.471
559.180 1443.457
559.220 1422.298
559.260 1442.565
559.300 1398.543
559.340 1296.519
559.380 1284.635
559.420 1369.035
559.460 1359.289
559.500 1354.398
559.540 1342.789
559.570 1300.465
559.610 1282.994
559.650 1286.236
559.690 1262.046
559.730 1255.426
559.770 1266.517
559.810 1317.606
559.850 1391.978
559.890 1444.205
559.930 1408.001
559.970 1398.366
560.010 1451.728
560.050 1464.088
560.090 1359.732
560.130 1335.658
560.170 1372.297
560.210 1423.647
560.250 1421.424
560.290 1408.626
560.330 1484.684
560.370 1567.454
560.410 1581.364
560.450 1613.557
560.490 1650.034
560.530 1630.794
560.570 1568.551
560.600 1496.164
560.640 1542.346
560.680 1544.097
560.720 1517.702
560.760 1482.020
560.800 1526.050
560.840 1558.220
560.880 1521.959
560.920 1474.125
560.960 1489.288
561.000 1440.592
561.040 1398.180
561.080 1360.765
561.120 1376.062
561.160 1388.071
561.200 1323.078
561.240 1308.940
561.280 1374.514
561.320 1391.086
561.360 1346.799
561.400 1333.223
561.440 1456.789
561.480 1545.780
561.520 1490.484
561.550 1425.185
561.590 1425.456
561.630 1471.153
561.670 1445.277
561.710 1416.113
561.750 1452.661
561.790 1509.921
561.830 1540.750
561.870 1576.435
561.910 1632.545
561.950 1664.511
561.990 1552.475
562.030 1505.580
562.070 1472.825
562.110 1412.354
562.150 1402.738
562.190 1359.405
562.230 1352.642
562.270 1384.877
562.310 1350.824
562.350 1370.484
562.390 1447.284
562.430 1428.796
562.460 1393.735
562.500 1442.958
562.540 1505.892
562.580 1500.682
562.620 1482.470
562.660 1488.542
562.700 1572.755
562.740 1593.822
562.780 1508.317
562.820 1455.809
562.860 1464.585
562.900 1427.930
562.940 1346.988
562.980 1289.044
563.020 1299.955
563.060 1301.721
563.100 1298.485
563.140 1354.533
563.180 1438.008
563.220 1466.052
563.260 1403.666
563.300 1335.706
563.330 1386.173
563.370 1381.638
563.410 1301.672
563.450 1288.419
563.490 1345.879
563.530 1379.622
563.570 1435.935
563.610 1430.245
563.650 1501.126
563.690 1571.290
563.730 1551.881
563.770 1531.042
563.810 1580.629
563.850 1600.929
563.890 1577.798
563.930 1493.523
563.970 1480.817
564.010 1474.109
564.050 1430.257
564.090 1398.117
564.130 1412.261
564.160 1402.118
564.200 1398.544
564.240 1396.683
564.280 1505.819
564.320 1548.383
564.360 1464.659
564.400 1429.791
564.440 1496.635
564.480 1495.620
564.520 1413.175
564.560 1339.585
564.600 1384.565
564.640 1431.972
564.680 1455.663
564.720 1484.066
564.760 1528.039
564.800 1570.867
564.840 1495.980
564.880 1469.805
564.920 1624.628
564.950 1624.164
564.990 1522.413
565.030 1521.374
565.070 1539.333
565.110 1551.719
565.150 1470.532
565.190 1299.201
565.230 1271.725
565.270 1292.962
565.310 1235.054
565.350 1226.287
565.390 1301.376
565.430 1327.464
565.470 1309.406
565.510 1328.062
565.550 1368.859
565.590 1401.939
565.630 1391.304
565.670 1334.239
565.700 1359.457
565.740 1433.103
565.780 1402.604
565.820 1342.247
565.860 1367.888
565.900 1369.670
565.940 1370.451
565.980 1453.373
566.020 1542.436
566.060 1581.069
566.100 1590.986
566.140 1648.902
566.180 1766.244
566.220 1802.443
566.260 1702.068
566.300 1632.834
566.340 1659.457
566.380 1676.220
566.420 1590.411
566.450 1524.028
566.490 1546.216
566.530 1548.116
566.570 1513.872
566.610 1513.626
566.650 1560.379
566.690 1558.845
566.730 1503.452
566.770 1518.343
566.810 1621.804
566.850 1639.407
566.890 1583.151
566.930 1581.750
566.970 1701.920
567.010 1765.088
567.050 1726.541
567.090 1698.134
567.130 1798.870
567.160 1856.460
567.200 1796.193
567.240 1733.924
567.280 1766.796
567.320 1763.524
567.360 1674.536
567.400 1621.690
567.440 1657.842
567.480 1695.850
567.520 1657.143
567.560 1650.719
567.600 1712.723
567.640 1741.725
567.680 1661.869
567.720 1599.012
567.760 1666.724
567.800 1686.007
567.840 1587.860
567.870 1559.568
567.910 1621.704
567.950 1669.409
567.990 1683.113
568.030 1628.816
568.070 1642.518
568.110 1689.361
568.150 1614.060
568.190 1590.758
568.230 1617.597
568.270 1593.720
568.310 1533.699
568.350 1496.534
568.390 1529.654
568.430 1550.343
568.470 1468.317
568.510 1446.861
568.540 1506.261
568.580 1534.803
568.620 1525.629
568.660 1561.453
568.700 1681.562
568.740 1741.527
568.780 1677.919
568.820 1611.739
568.860 1679.557
568.900 1722.517
568.940 1628.618
568.980 1514.004
569.020 1474.674
569.060 1467.771
569.100 1427.296
569.140 1347.248
569.170 1398.914
569.210 1439.863
569.250 1439.812
569.290 1504.616
569.330 1598.133
569.370 1696.792
569.410 1730.022
569.450 1648.535
569.490 1678.762
569.530 1719.416
569.570 1665.355
569.610 1622.435
569.650 1590.943
569.690 1582.592
569.730 1572.526
569.770 1548.030
569.800 1588.247
569.840 1631.463
569.880 1600.820
569.920 1578.748
569.960 1556.818
570.000 1518.743
570.040 1457.810
570.080 1416.305
570.120 1443.798
570.160 1498.005
570.200 1491.067
570.240 1546.843
570.280 1662.760
570.320 1715.391
570.360 1650.020
570.400 1600.791
570.430 1626.990
570.470 1636.330
570.510 1566.240
570.550 1499.293
570.590 1534.915
570.630 1597.679
570.670 1582.871
570.710 1527.776
570.750 1564.965
570.790 1624.011
570.830 1663.198
570.870 1673.956
570.910 1638.569
570.950 1615.325
570.990 1573.222
571.020 1548.261
571.060 1590.727
571.100 1571.621
571.140 1484.371
571.180 1537.405
571.220 1629.582
571.260 1663.614
571.300 1632.074
571.340 1584.390
571.380 1652.705
571.420 1704.161
571.460 1632.903
571.500 1598.786
571.540 1655.097
571.580 1661.406
571.610 1577.572
571.650 1545.594
571.690 1607.900
571.730 1623.634
571.770 1548.939
571.810 1544.814
571.850 1637.973
571.890 1687.989
571.930 1633.718
571.970 1540.731
572.010 1588.744
572.050 1655.327
572.090 1594.766
572.130 1548.061
572.170 1619.498
572.200 1645.363
572.240 1622.941
572.280 1639.660
572.320 1668.808
572.360 1679.240
572.400 1617.385
572.440 1573.958
572.480 1592.959
572.520 1666.101
572.560 1616.957
572.600 1573.812
572.640 1650.523
572.680 1705.518
572.720 1689.656
572.750 1713.078
572.790 1659.785
572.830 1616.920
572.870 1582.625
572.910 1523.329
572.950 1550.890
572.990 1565.592
573.030 1463.436
573.070 1442.422
573.110 1482.979
573.150 1508.677
573.190 1515.946
573.230 1483.214
573.270 1466.767
573.310 1469.033
573.340 1480.013
573.380 1526.849
573.420 1599.255
573.460 1620.803
573.500 1587.779
573.540 1642.468
573.580 1835.443
573.620 1919.416
573.660 1883.674
573.700 1892.359
573.740 1899.616
573.780 1949.157
573.820 1938.982
573.850 1842.236
573.890 1813.774
573.930 1799.597
573.970 1736.705
574.010 1744.527
574.050 1862.919
574.090 1908.881
574.130 1837.557
574.170 1842.089
574.210 1911.620
574.250 1909.008
574.290 1867.252
574.330 1835.495
574.370 1896.880
574.400 1942.692
574.440 1926.504
574.480 1890.601
574.520 1929.697
574.560 1955.220
574.600 1866.314
574.640 1756.836
574.680 1860.500
574.720 1930.877
574.760 1936.397
574.800 1901.344
574.840 1875.576
574.880 1832.664
574.910 1778.609
574.950 1681.695
574.990 1724.352
575.030 1743.866
575.070 1709.664
575.110 1710.891
575.150 1707.116
575.190 1698.483
575.230 1639.707
575.270 1530.216
575.310 1499.438
575.350 1518.231
575.390 1491.165
575.420 1501.528
575.460 1541.033
575.500 1563.394
575.540 1530.182
575.580 1541.113
575.620 1575.758
575.660 1577.687
575.700 1588.615
575.740 1582.829
575.780 1615.041
575.820 1607.110
575.860 1517.036
575.900 1484.675
575.930 1507.884
575.970 1478.807
576.010 1455.158
576.050 1477.794
576.090 1549.000
576.130 1596.635
576.170 1578.982
576.210 1560.187
576.250 1597.104
576.290 1664.593
576.330 1633.223
576.370 1591.281
576.410 1643.196
576.440 1697.253
576.480 1718.738
576.520 1745.650
576.560 1739.990
576.600 1712.616
576.640 1673.383
576.680 1637.293
576.720 1626.344
576.760 1608.395
576.800 1519.588
576.840 1495.781
576.880 1524.258
576.920 1550.878
576.950 1503.925
576.990 1463.400
577.030 1522.017
577.070 1607.634
577.110 1583.107
577.150 1578.294
577.190 1562.480
577.230 1558.665
577.270 1541.278
577.310 1515.319
577.350 1530.359
577.390 1540.541
577.420 1507.723
577.460 1584.333
577.500 1650.656
577.540 1664.835
577.580 1611.014
577.620 1574.764
577.660 1556.227
577.700 1519.690
577.740 1430.295
577.780 1372.042
577.820 1432.788
577.860 1507.248
577.890 1488.850
577.930 1518.308
577.970 1619.766
578.010 1624.081
578.050 1627.109
578.090 1647.422
578.130 1704.591
578.170 1754.760
578.210 1731.071
578.250 1721.667
578.290 1818.691
578.330 1854.143
578.360 1784.023
578.400 1674.188
578.440 1613.352
578.480 1603.087
578.520 1545.678
578.560 1519.555
578.600 1514.288
578.640 1501.592
578.680 1496.324
578.720 1590.483
578.760 1702.214
578.800 1703.658
578.830 1629.959
578.870 1713.544
578.910 1769.844
578.950 1782.286
578.990 1716.298
579.030 1647.453
579.070 1684.607
579.110 1703.760
579.150 1607.627
579.190 1562.065
579.230 1631.074
579.260 1669.082
579.300 1666.518
579.340 1689.668
579.380 1787.674
579.420 1848.680
579.460 1829.685
579.500 1792.261
579.540 1803.265
579.580 1790.554
579.620 1716.699
579.660 1623.844
579.700 1632.274
579.730 1683.561
579.770 1627.704
579.810 1594.418
579.850 1595.274
579.890 1631.844
579.930 1630.556
579.970 1663.982
580.010 1762.550
580.050 1777.547
580.090 1727.685
580.130 1693.251
580.160 1688.103
580.200 1702.954
580.240 1577.804
580.280 1450.940
580.320 1497.932
580.360 1526.066
580.400 1562.343
580.440 1586.191
580.480 1595.609
580.520 1638.027
580.560 1637.873
580.590 1618.147
580.630 1687.849
580.670 1727.550
580.710 1706.679
580.750 1709.094
580.790 1742.650
580.830 1760.778
580.870 1731.334
580.910 1672.032
580.950 1715.301
580.990 1751.283
581.020 1722.122
581.060 1692.818
581.100 1712.656
581.140 1760.494
581.180 1740.902
581.220 1691.025
581.260 1744.575
581.300 1784.839
581.340 1766.531
581.380 1742.508
581.420 1706.913
581.450 1688.318
581.490 1639.151
581.530 1559.554
581.570 1561.100
581.610 1581.646
581.650 1558.477
581.690 1558.449
581.730 1635.851
581.770 1669.965
581.810 1659.651
581.850 1636.765
581.880 1675.592
581.920 1712.419
581.960 1691.532
582.000 1630.215
582.040 1632.897
582.080 1635.151
582.120 1605.690
582.160 1596.942
582.200 1591.194
582.240 1599.303
582.280 1647.697
582.310 1688.661
582.350 1805.054
582.390 1866.161
582.430 1832.267
582.470 1878.944
582.510 1970.906
582.550 1966.440
582.590 1862.401
582.630 1738.933
582.670 1779.751
582.700 1838.853
582.740 1780.813
582.780 1732.486
582.820 1786.873
582.860 1847.688
582.900 1846.788
582.940 1794.316
582.980 1793.416
583.020 1841.229
583.060 1814.041
583.100 1724.425
583.130 1733.951
583.170 1769.619
583.210 1757.430
583.250 1717.240
583.290 1724.336
583.330 1728.716
583.370 1707.525
583.410 1699.191
583.450 1707.141
583.490 1687.949
583.520 1654.184
583.560 1662.705
583.600 1738.940
583.640 1802.603
583.680 1769.979
583.720 1785.070
583.760 1877.017
583.800 1915.820
583.840 1830.624
583.880 1686.426
583.910 1692.800
583.950 1724.316
583.990 1650.261
584.030 1602.062
584.070 1651.291
584.110 1680.234
584.150 1727.034
584.190 1759.690
584.230 1832.203
584.270 1908.002
584.310 1870.799
584.340 1824.168
584.380 1885.965
584.420 1929.762
584.460 1843.272
584.500 1793.211
584.540 1810.149
584.580 1854.230
584.620 1854.167
584.660 1778.532
584.700 1817.897
584.730 1901.405
584.770 1875.340
584.810 1854.418
584.850 1903.782
584.890 1921.430
584.930 1909.364
584.970 1872.440
585.010 1888.945
585.050 1890.877
585.080 1822.095
585.120 1725.598
585.160 1681.244
585.200 1708.318
585.240 1716.677
585.280 1695.321
585.320 1685.965
585.360 1640.037
585.400 1583.538
585.440 1604.752
585.470 1609.965
585.510 1558.036
585.550 1484.677
585.590 1547.604
585.630 1684.102
585.670 1726.456
585.710 1695.525
585.750 1754.021
585.790 1865.661
585.830 1886.156
585.860 1786.937
585.900 1798.290
585.940 1883.498
585.980 1904.421
586.020 1790.629
586.060 1695.266
586.100 1737.044
586.140 1742.108
586.180 1622.886
586.220 1548.378
586.250 1596.584
586.290 1635.075
586.330 1587.851
586.370 1545.484
586.410 1606.974
586.450 1657.178
586.490 1647.381
586.530 1631.299
586.570 1719.073
586.600 1777.561
586.640 1768.048
586.680 1736.964
586.720 1789.737
586.760 1849.080
586.800 1833.566
586.840 1831.766
586.880 1884.823
586.920 1890.451
586.960 1879.792
586.990 1861.562
587.030 1867.189
587.070 1878.815
587.110 1812.727
587.150 1841.353
587.190 1933.263
587.230 1977.174
587.270 1921.798
587.310 1919.423
587.340 1927.618
587.380 1964.955
587.420 1913.721
587.460 1860.487
587.500 1889.109
587.540 1917.017
587.580 1863.352
587.620 1889.831
587.660 1922.023
587.690 1939.929
587.730 1893.549
587.770 1866.169
587.810 1918.360
587.850 1930.693
587.890 1834.741
587.930 1757.930
587.970 1721.405
588.010 1713.880
588.050 1663.355
588.080 1617.829
588.120 1695.874
588.160 1778.204
588.200 1763.963
588.240 1803.150
588.280 1931.337
588.320 1978.666
588.360 1923.709
588.400 1845.323
588.430 1811.937
588.470 1826.122
588.510 1748.735
588.550 1637.348
588.590 1628.675
588.630 1687.430
588.670 1661.185
588.710 1689.367
588.750 1787.979
588.780 1815.875
588.820 1769.914
588.860 1728.239
588.900 1799.420
588.940 1870.601
588.980 1808.924
589.020 1796.819
589.060 1856.713
589.100 1892.321
589.130 1934.643
589.170 1908.251
589.210 1907.429
589.250 1912.322
589.290 1845.214
589.330 1853.392
589.370 1917.569
589.410 1933.174
589.450 1883.208
589.480 1885.242
589.520 1954.275
589.560 1953.165
589.600 1849.197
589.640 1882.801
589.680 1940.690
589.720 1927.007
589.760 1845.896
589.800 1802.927
589.830 1844.100
589.870 1925.988
589.910 1851.589
589.950 1810.047
589.990 1838.220
590.030 1875.677
590.070 1836.563
590.110 1823.877
590.150 1877.048
590.180 1911.505
590.220 1884.246
590.260 1916.131
590.300 2026.015
590.340 2092.756
590.380 2047.068
590.420 1986.094
590.460 1988.691
590.490 1998.431
590.530 1972.027
590.570 1939.052
590.610 2025.076
590.650 2098.386
590.690 2078.982
590.730 2055.720
590.770 2112.029
590.810 2126.337
590.840 2088.217
590.880 2065.954
590.920 2110.833
590.960 2127.569
591.000 2104.305
591.040 2044.898
591.080 2094.633
591.120 2109.368
591.160 2035.674
591.190 1933.551
591.230 1913.714
591.270 1933.733
591.310 1919.610
591.350 1904.629
591.390 1962.362
591.430 1962.523
591.470 1972.541
591.500 2039.987
591.540 2113.862
591.580 2151.736
591.620 2087.753
591.660 2048.198
591.700 2157.501
591.740 2179.231
591.780 2053.390
591.820 1974.548
591.850 2027.420
591.890 2054.578
591.930 2007.021
591.970 1934.607
592.010 2013.336
592.050 2128.921
592.090 2136.649
592.130 2054.091
592.160 2040.532
592.200 2042.260
592.240 1994.558
592.280 1878.427
592.320 1845.868
592.360 1860.879
592.400 1892.605
592.440 1927.330
592.470 2011.341
592.510 2055.209
592.550 2094.791
592.590 2228.372
592.630 2407.239
592.670 2450.249
592.710 2443.258
592.750 2442.553
592.790 2505.562
592.820 2572.570
592.860 2483.293
592.900 2412.443
592.940 2451.023
592.980 2508.459
593.020 2535.323
593.060 2589.473
593.100 2673.479
593.130 2706.343
593.170 2654.778
593.210 2637.498
593.250 2691.218
593.290 2653.937
593.330 2564.514
593.370 2506.376
593.410 2493.666
593.440 2490.385
593.480 2465.246
593.520 2416.536
593.560 2407.968
593.600 2383.828
593.640 2339.117
593.680 2402.549
593.720 2521.837
593.750 2556.839
593.790 2523.127
593.830 2510.129
593.870 2505.845
593.910 2468.703
593.950 2370.990
593.990 2306.848
594.030 2311.420
594.060 2322.563
594.100 2341.849
594.140 2404.135
594.180 2500.991
594.220 2556.848
594.260 2503.419
594.300 2485.846
594.340 2493.845
594.380 2501.415
594.410 2478.127
594.450 2454.839
594.490 2509.837
594.530 2547.263
594.570 2518.832
594.610 2568.400
594.650 2635.968
594.690 2684.536
594.720 2681.390
594.760 2689.386
594.800 2678.810
594.840 2641.663
594.880 2584.658
594.920 2545.510
594.960 2521.362
594.990 2513.214
595.030 2410.637
595.070 2459.631
595.110 2530.482
595.150 2492.762
595.190 2412.898
595.230 2401.891
595.270 2421.027
595.300 2407.877
595.340 2287.584
595.380 2225.005
595.420 2265.997
595.460 2313.846
595.500 2254.123
595.540 2211.115
595.580 2283.963
595.610 2312.668
595.650 2248.945
595.690 2156.078
595.730 2150.354
595.770 2171.344
595.810 2112.477
595.850 1987.895
595.890 1935.170
595.920 1948.160
595.960 1922.577
596.000 1898.423
596.040 1942.840
596.080 1934.828
596.120 1875.245
596.160 1906.376
596.200 1931.364
596.230 1922.494
596.270 1833.481
596.310 1739.611
596.350 1738.026
596.390 1749.727
596.430 1673.285
596.470 1699.557
596.500 1761.971
596.540 1781.814
596.580 1755.800
596.620 1789.499
596.660 1868.627
596.700 1884.041
596.740 1796.025
596.780 1766.724
596.810 1742.994
596.850 1703.264
596.890 1632.105
596.930 1601.231
596.970 1682.072
597.010 1729.912
597.050 1717.324
597.090 1795.164
597.120 1900.004
597.160 1931.986
597.200 1895.825
597.240 1853.093
597.280 1886.360
597.320 1882.770
597.360 1799.895
597.390 1821.019
597.430 1906.714
597.470 1942.838
597.510 1893.818
597.550 1850.084
597.590 1937.921
597.630 2027.187
597.670 1939.453
597.700 1821.718
597.740 1855.983
597.780 1908.676
597.820 1916.941
597.860 1851.348
597.900 1792.612
597.940 1794.305
597.970 1818.855
598.010 1796.833
598.050 1803.810
598.090 1773.645
598.130 1749.051
598.170 1777.314
598.210 1808.577
598.250 1796.411
598.280 1757.673
598.320 1741.364
598.360 1797.911
598.400 1799.030
598.440 1763.863
598.480 1752.553
598.520 1778.385
598.550 1777.504
598.590 1744.764
598.630 1696.596
598.670 1742.714
598.710 1749.974
598.750 1735.091
598.790 1768.065
598.830 1826.611
598.860 1859.727
598.900 1847.986
598.940 1820.246
598.980 1888.790
599.020 1913.477
599.060 1842.593
599.100 1829.994
599.130 1855.538
599.170 1862.653
599.210 1831.625
599.250 1792.454
599.290 1838.854
599.330 1855.112
599.370 1782.654
599.400 1790.340
599.440 1841.454
599.480 1855.424
599.520 1789.395
599.560 1717.365
599.600 1817.621
599.640 1887.020
599.670 1800.133
599.710 1818.102
599.750 1895.072
599.790 1940.898
599.830 1939.582
599.870 1881.979
599.910 1856.377
599.950 1909.060
599.980 1830.885
600.020 1764.854
600.060 1779.965
600.100 1799.504
600.140 1760.186
600.180 1768.011
600.220 1743.407
600.250 1714.945
600.290 1706.769
600.330 1742.022
600.370 1767.703
600.410 1737.098
600.450 1676.064
600.490 1703.745
600.520 1830.997
600.560 1879.820
600.600 1839.500
600.640 1823.751
600.680 1919.573
600.720 1981.681
600.760 1957.360
600.790 1957.897
600.830 1971.147
600.870 1936.683
600.910 1879.790
600.950 1842.469
600.990 1902.004
601.030 1920.254
601.060 1796.074
601.100 1759.895
601.140 1842.144
601.180 1896.964
601.220 1871.499
601.260 1815.319
601.300 1874.281
601.330 1963.101
601.370 1952.920
601.410 1877.168
601.450 1886.559
601.490 1918.521
601.530 1900.339
601.570 1801.729
601.600 1795.976
601.640 1827.509
601.680 1846.470
601.720 1876.574
601.760 1862.392
601.800 1841.781
601.840 1878.313
601.870 1864.558
601.910 1930.376
601.950 1962.621
601.990 1880.295
602.030 1906.398
602.070 2017.643
602.110 2029.031
602.140 2015.275
602.180 1994.092
602.220 1996.479
602.260 2025.866
602.300 1987.825
602.340 1931.926
602.380 1980.884
602.410 1981.985
602.450 1885.657
602.490 1859.043
602.530 1842.001
602.570 1814.244
602.610 1805.915
602.650 1833.872
602.680 1870.115
602.720 1885.643
602.760 1854.457
602.800 1903.271
602.840 1991.513
602.880 1990.040
602.920 1886.568
602.950 1827.523
602.990 1809.336
603.030 1807.863
603.070 1741.247
603.110 1671.774
603.150 1706.872
603.190 1758.541
603.220 1782.639
603.260 1828.022
603.300 1880.548
603.340 1911.359
603.380 1907.171
603.420 1862.125
603.450 1829.222
603.490 1825.033
603.530 1798.843
603.570 1797.940
603.610 1813.893
603.650 1792.560
603.690 1735.942
603.720 1740.752
603.760 1812.562
603.800 1846.515
603.840 1806.038
603.880 1834.419
603.920 1900.229
603.960 1929.609
603.990 1892.990
604.030 1841.084
604.070 1836.893
604.110 1879.559
604.150 1838.082
604.190 1881.176
604.230 1990.127
604.260 2065.649
604.300 2043.028
604.340 2010.550
604.380 2096.644
604.420 2161.737
604.460 2089.687
604.490 2027.923
604.530 2003.444
604.570 2036.251
604.610 2054.915
604.650 1930.864
604.690 2231.957
604.730 2443.906
604.760 2402.426
604.800 2386.090
604.840 2447.324
604.880 2462.701
604.920 2457.650
604.960 2105.598
604.990 1924.832
605.030 1938.637
605.070 1946.585
605.110 1914.962
605.150 1926.624
605.190 1937.000
605.230 1889.090
605.260 1830.609
605.300 1878.270
605.340 1890.217
605.380 1855.307
605.420 1860.254
605.460 1937.629
605.500 2023.861
605.530 2088.951
605.570 2083.754
605.610 2095.129
605.650 2101.503
605.690 2061.592
605.730 1970.966
605.760 1938.912
605.800 1920.286
605.840 1919.374
605.880 1927.176
605.920 1959.836
605.960 1991.352
606.000 2014.868
606.030 2025.813
606.070 2055.900
606.110 2051.559
606.150 2011.503
606.190 1955.305
606.230 1969.392
606.260 1973.050
606.300 1925.851
606.340 1963.509
606.380 2002.309
606.420 1996.538
606.460 1987.053
606.490 1968.282
606.530 2034.796
606.570 2072.596
606.610 1985.111
606.650 1985.482
606.690 2065.567
606.730 2119.081
606.760 2125.738
606.800 2123.680
606.840 2150.622
606.880 2154.706
606.920 2080.220
606.960 2006.733
606.990 2026.103
607.030 2081.473
607.070 2046.700
607.110 2018.355
607.150 2066.582
607.190 2134.094
607.230 2189.892
607.260 2229.119
607.300 2234.773
607.340 2293.571
607.380 2363.940
607.420 2481.451
607.460 2639.106
607.490 2761.046
607.530 2811.843
607.570 2956.068
607.610 3172.293
607.650 3343.947
607.690 3445.886
607.720 3586.540
607.760 3806.193
607.800 4033.561
607.840 4188.357
607.880 4363.867
607.920 4664.806
607.960 4934.173
607.990 5070.825
608.030 5207.335
608.070 5401.845
608.110 5590.354
608.150 5742.435
608.190 5828.230
608.220 5971.882
608.260 6177.105
608.300 6371.043
608.340 6558.266
608.380 6761.917
608.420 6899.997
608.450 6990.649
608.490 7087.871
608.530 7193.951
608.570 7219.887
608.610 7209.967
608.650 7294.332
608.680 7396.697
608.720 7464.347
608.760 7498.140
608.800 7550.791
608.840 7667.441
608.880 7726.091
608.910 7665.598
608.950 7669.962
608.990 7731.326
609.030 7712.547
609.070 7652.911
609.110 7633.989
609.150 7651.067
609.180 7641.144
609.220 7586.936
609.260 7596.014
609.300 7692.663
609.340 7732.026
609.380 7699.674
609.410 7712.894
609.450 7811.971
609.490 7821.762
609.530 7786.268
609.570 7752.630
609.610 7713.135
609.640 7657.497
609.680 7562.288
609.720 7440.792
609.760 7400.440
609.800 7331.230
609.840 7220.306
609.870 7203.953
609.910 7192.743
609.950 7151.247
609.990 7062.180
610.030 6940.112
610.070 6827.616
610.100 6650.691
610.140 6437.052
610.180 6196.270
610.220 5994.630
610.260 5794.419
610.300 5540.922
610.330 5286.283
610.370 5106.071
610.410 4871.431
610.450 4641.648
610.490 4484.437
610.530 4335.654
610.560 4151.585
610.600 3928.087
610.640 3783.732
610.680 3694.948
610.720 3572.593
610.760 3365.381
610.790 3205.740
610.830 3124.099
610.870 3038.029
610.910 2889.245
610.950 2771.603
610.990 2751.248
611.020 2737.463
611.060 2656.250
611.100 2628.894
611.140 2657.823
611.180 2646.610
611.220 2535.682
611.250 2430.754
611.290 2355.969
611.330 2266.041
611.370 2145.398
611.410 2117.755
611.450 2151.255
611.480 2178.898
611.520 2163.113
611.560 2164.898
611.600 2255.826
611.640 2252.897
611.680 2175.254
611.710 2142.325
611.750 2203.539
611.790 2206.181
611.830 2117.537
611.870 2014.750
611.910 2039.106
611.940 2020.319
611.980 1906.247
612.020 1811.602
612.060 1835.387
612.100 1881.171
612.140 1847.098
612.170 1859.596
612.210 1924.951
612.250 1982.449
612.290 1979.947
612.330 1966.445
612.370 2018.657
612.400 2100.869
612.440 2045.510
612.480 1983.436
612.520 2038.790
612.560 2080.573
612.600 2056.928
612.630 2066.996
612.670 2064.779
612.710 2053.990
612.750 2041.487
612.790 2045.127
612.820 2054.338
612.860 2042.834
612.900 1929.045
612.940 1928.827
612.980 2015.180
613.020 2037.962
613.050 1950.316
613.090 1921.240
613.130 1978.736
613.170 2016.661
613.210 1957.728
613.250 1940.509
613.280 1989.576
613.320 1990.214
613.360 1929.995
613.400 1898.919
613.440 1928.414
613.480 1962.624
613.510 1948.119
613.550 1934.328
613.590 1980.251
613.630 2007.175
613.670 1947.812
613.710 1909.164
613.740 1958.944
613.780 1982.581
613.820 1930.219
613.860 1919.427
613.900 1936.635
613.930 1928.272
613.970 1895.338
614.010 1862.403
614.050 1835.897
614.090 1852.676
614.130 1837.312
614.160 1844.949
614.200 1999.299
614.240 2061.507
614.280 1989.000
614.320 2007.065
614.360 2087.986
614.390 2070.622
614.430 2000.544
614.470 1869.608
614.510 1909.529
614.550 1946.593
614.580 1842.657
614.620 1799.293
614.660 1835.499
614.700 1850.992
614.740 1858.341
614.780 1786.690
614.810 1840.182
614.850 1916.674
614.890 1818.595
614.930 1776.372
614.970 1791.721
615.010 1764.784
615.040 1759.418
615.080 1695.767
615.120 1670.687
615.160 1680.035
615.200 1666.812
615.230 1753.875
615.270 1781.366
615.310 1771.285
615.350 1761.205
615.390 1740.553
615.430 1748.186
615.460 1743.677
615.500 1643.453
615.540 1638.515
615.580 1640.577
615.620 1620.638
615.650 1667.271
615.690 1735.047
615.730 1809.252
615.770 1866.599
615.810 1863.517
615.850 1894.150
615.880 1972.782
615.920 1952.701
615.960 1917.619
616.000 1868.108
616.040 1898.598
616.080 1950.516
616.110 1929.290
616.150 1923.208
616.190 1949.412
616.230 1939.615
616.270 1912.675
616.300 1904.307
616.340 1940.510
616.380 1964.141
616.420 1907.059
616.460 1926.547
616.500 1958.321
616.530 1958.524
616.570 1888.727
616.610 1793.358
616.650 1809.989
616.690 1849.619
616.720 1755.393
616.760 1770.310
616.800 1884.512
616.840 1929.142
616.880 1927.916
616.920 1896.403
616.950 1898.605
616.990 1944.521
617.030 1888.008
617.070 1796.353
617.110 1857.840
617.140 1913.041
617.180 1894.100
617.220 1877.587
617.260 1935.217
617.300 1977.132
617.340 1946.190
617.370 1876.677
617.410 1851.735
617.450 1851.221
617.490 1828.994
617.530 1815.623
617.560 1794.395
617.600 1850.595
617.640 1884.081
617.680 1940.425
617.720 2021.625
617.750 2059.968
617.790 2004.311
617.830 2041.511
617.870 2057.568
617.910 2023.054
617.950 1939.397
617.980 1851.025
618.020 1856.367
618.060 1876.424
618.100 1815.052
618.140 1837.252
618.170 1889.023
618.210 1902.222
618.250 1887.135
618.290 1897.478
618.330 1922.391
618.370 1915.304
618.400 1809.217
618.440 1750.988
618.480 1822.758
618.520 1885.814
618.560 1829.155
618.590 1868.354
618.630 1963.838
618.670 2014.322
618.710 2018.092
618.750 1975.148
618.780 1996.346
618.820 2023.973
618.860 1904.028
618.900 1835.797
618.940 1859.567
618.980 1826.622
619.010 1766.105
619.050 1764.446
619.090 1795.215
619.130 1833.127
619.170 1803.753
619.200 1829.093
619.240 1853.862
619.280 1837.917
619.320 1756.543
619.360 1689.311
619.390 1729.366
619.430 1783.705
619.470 1691.188
619.510 1679.099
619.550 1760.011
619.590 1796.350
619.620 1807.547
619.660 1829.458
619.700 1817.940
619.740 1846.851
619.780 1831.904
619.810 1848.101
619.850 1853.440
619.890 1845.493
619.930 1779.118
619.970 1809.886
620.000 1897.510
620.040 1920.849
620.080 1848.474
620.120 1920.527
620.160 1948.865
620.190 1926.632
620.230 1850.399
620.270 1790.309
620.310 1833.933
620.350 1858.272
620.390 1712.896
620.420 1730.805
620.460 1810.429
620.500 1836.196
620.540 1775.819
620.580 1761.586
620.610 1812.495
620.650 1906.118
620.690 1858.170
620.730 1845.365
620.770 1922.560
620.800 1967.040
620.840 1884.521
620.880 1793.715
620.920 1722.767
620.960 1764.247
620.990 1742.013
621.030 1738.207
621.070 1766.830
621.110 1789.881
621.150 1823.789
621.180 1867.269
621.220 1907.034
621.260 1910.228
621.300 1811.136
621.340 1807.473
621.380 1870.238
621.410 1851.003
621.450 1812.625
621.490 1818.390
621.530 1881.298
621.570 1926.491
621.600 1903.970
621.640 1938.449
621.680 1957.357
621.720 1953.978
621.760 1860.886
621.790 1811.222
621.830 1869.129
621.870 1888.179
621.910 1801.943
621.950 1847.707
621.980 1970.614
622.020 2007.664
622.060 1942.856
622.100 1861.192
622.140 1880.241
622.170 1913.720
622.210 1842.483
622.250 1790.676
622.290 1811.868
622.330 1879.774
622.360 1904.395
622.400 1862.730
622.440 1825.922
622.480 1838.114
622.520 1787.591
622.550 1790.354
622.590 1765.546
622.630 1722.738
622.670 1711.215
622.710 1782.264
622.740 1839.026
622.780 1840.932
622.820 1807.124
622.860 1801.743
622.900 1865.363
622.930 1883.554
622.970 1817.460
623.010 1778.365
623.050 1858.413
623.090 1884.033
623.130 1845.367
623.160 1838.414
623.200 1855.320
623.240 1843.796
623.280 1810.987
623.320 1703.463
623.350 1662.796
623.390 1684.558
623.430 1619.320
623.470 1607.939
623.510 1696.701
623.540 1743.177
623.580 1775.224
623.620 1813.700
623.660 1901.176
623.700 1934.651
623.730 1872.127
623.770 1815.745
623.810 1873.364
623.850 1918.982
623.890 1865.600
623.920 1838.647
623.960 1909.551
624.000 1974.455
624.040 1940.644
624.080 1871.548
624.110 1897.595
624.150 1941.498
624.190 1854.973
624.230 1803.163
624.270 1840.637
624.300 1881.827
624.340 1856.301
624.380 1813.776
624.420 1814.679
624.450 1852.868
624.490 1802.771
624.530 1726.246
624.570 1757.292
624.610 1840.337
624.640 1851.954
624.680 1880.000
624.720 1944.046
624.760 1990.234
624.800 1985.851
624.830 1967.040
624.870 1934.799
624.910 1881.416
624.950 1808.890
624.990 1755.221
625.020 1767.409
625.060 1778.597
625.100 1710.928
625.140 1727.973
625.180 1810.589
625.210 1834.491
625.250 1819.822
625.290 1848.009
625.330 1925.340
625.370 1947.813
625.400 1893.001
625.440 1912.045
625.480 2000.233
625.520 2055.706
625.560 2026.179
625.590 2006.223
625.630 2064.696
625.670 2085.455
625.710 1996.499
625.750 1944.686
625.780 1989.016
625.820 2028.631
625.860 1961.533
625.900 1936.719
625.940 1957.906
625.970 1969.950
626.010 1927.565
626.050 1923.895
626.090 1989.367
626.130 2030.125
626.160 1988.883
626.200 1986.641
626.240 2014.684
626.280 2015.728
626.310 1896.628
626.350 1765.386
626.390 1756.429
626.430 1783.329
626.470 1740.658
626.500 1763.273
626.540 1835.030
626.580 1859.788
626.620 1841.974
626.660 1897.016
626.690 1964.345
626.730 1996.388
626.770 1933.288
626.810 1915.331
626.850 2013.802
626.880 2064.702
626.920 1970.458
626.960 1924.787
627.000 1964.686
627.040 2011.872
627.070 1969.343
627.110 1896.385
627.150 1941.142
627.190 2008.184
627.230 1945.797
627.260 1843.839
627.300 1837.596
627.340 1843.781
627.380 1797.251
627.410 1698.150
627.450 1688.621
627.490 1780.377
627.530 1847.705
627.570 1822.318
627.600 1808.502
627.640 1837.258
627.680 1837.157
627.720 1853.056
627.760 1885.240
627.790 1914.139
627.830 1916.609
627.870 1937.364
627.910 1963.120
627.950 1980.304
627.980 1927.774
628.020 1915.672
628.060 1937.713
628.100 1937.040
628.130 1907.367
628.170 1915.408
628.210 1964.163
628.250 1943.775
628.290 1847.244
628.320 1824.857
628.360 1863.612
628.400 1888.510
628.440 1845.693
628.480 1859.019
628.510 1890.488
628.550 1860.958
628.590 1783.569
628.630 1816.467
628.660 1857.222
628.700 1855.976
628.740 1787.302
628.780 1823.628
628.820 1918.525
628.850 1952.280
628.890 1902.606
628.930 1907.074
628.970 1881.543
629.010 1824.011
629.040 1750.480
629.080 1699.091
629.120 1694.417
629.160 1631.885
629.200 1565.353
629.230 1620.250
629.270 1706.861
629.310 1757.758
629.350 1740.512
629.380 1860.694
629.420 2011.162
629.460 2053.773
629.500 2019.526
629.540 1994.423
629.570 1974.033
629.610 1977.073
629.650 1836.826
629.690 1775.294
629.720 1797.333
629.760 1819.086
629.800 1850.554
629.840 1937.450
629.880 1996.917
629.910 1959.670
629.950 1872.424
629.990 1859.319
630.030 1893.644
630.070 1872.540
630.100 1787.864
630.140 1819.903
630.180 1971.084
630.220 2022.265
630.250 1986.447
630.290 1995.199
630.330 2045.523
630.370 2059.133
630.410 1987.314
630.440 1925.924
630.480 1960.962
630.520 1952.286
630.560 1890.610
630.600 1877.219
630.630 1895.829
630.670 1874.295
630.710 1818.476
630.750 1796.371
630.780 1851.980
630.820 1860.447
630.860 1801.627
630.900 1824.665
630.940 1898.703
630.970 1945.455
631.010 1937.064
631.050 1931.958
631.090 1986.853
631.120 2043.176
631.160 1983.785
631.200 1883.251
631.240 1896.431
631.280 1921.040
631.310 1869.363
631.350 1917.543
631.390 1975.152
631.430 1988.760
631.460 1999.512
631.500 1917.834
631.540 1910.871
631.580 1934.908
631.620 1804.231
631.650 1718.554
631.690 1733.305
631.730 1779.627
631.770 1821.521
631.800 1799.986
631.840 1798.880
631.880 1855.774
631.920 1832.239
631.960 1811.704
631.990 1827.312
632.030 1823.063
632.070 1775.099
632.110 1764.993
632.150 1749.601
632.180 1745.923
632.220 1696.102
632.260 1657.995
632.300 1675.460
632.330 1689.496
632.370 1655.532
632.410 1662.997
632.450 1701.176
632.490 1728.212
632.520 1718.819
632.560 1741.569
632.600 1810.319
632.640 1844.355
632.670 1809.248
632.710 1797.141
632.750 1837.891
632.790 1861.498
632.820 1819.248
632.860 1872.283
632.900 1963.605
632.940 2022.497
632.980 2023.818
633.010 2028.997
633.050 2029.461
633.090 2061.782
633.130 1989.246
633.160 1932.138
633.200 1925.173
633.240 1915.351
633.280 1864.672
633.320 1880.422
633.350 1909.171
633.390 1930.634
633.430 1911.241
633.470 1928.990
633.500 1935.882
633.540 1961.060
633.580 1952.523
633.620 1918.415
633.660 1884.879
633.690 1845.199
633.730 1771.662
633.770 1777.125
633.810 1815.017
633.840 1797.766
633.880 1758.229
633.920 1729.692
633.960 1822.155
634.000 1889.761
634.030 1851.367
634.070 1812.973
634.110 1870.293
634.150 1893.898
634.180 1889.218
634.220 1847.681
634.260 1891.430
634.300 1949.607
634.330 1924.498
634.370 1941.246
634.410 2023.280
634.450 2089.171
634.490 2064.348
634.520 1970.668
634.560 2006.987
634.600 2046.021
634.640 1933.483
634.670 1873.088
634.710 1904.408
634.750 1912.584
634.790 1926.047
634.830 1896.652
634.860 1902.685
634.900 1964.576
634.940 1938.181
634.980 1920.928
635.010 1979.962
635.050 1969.995
635.090 1890.171
635.130 1852.062
635.160 1855.952
635.200 1834.986
635.240 1732.019
635.280 1681.623
635.320 1764.799
635.350 1788.832
635.390 1772.437
635.430 1794.898
635.470 1854.503
635.500 1925.393
635.540 1910.426
635.580 1831.744
635.620 1913.349
635.650 1966.096
635.690 1898.129
635.730 1883.733
635.770 1876.337
635.810 1848.512
635.840 1806.688
635.880 1739.149
635.920 1725.182
635.960 1708.357
635.990 1650.961
636.030 1669.279
636.070 1754.169
636.110 1884.772
636.140 1923.090
636.180 1935.123
636.220 2034.584
636.260 2089.330
636.300 2049.791
636.330 2027.966
636.370 1996.569
636.410 1973.030
636.450 1928.205
636.480 1891.523
636.520 1931.555
636.560 1925.158
636.600 1836.333
636.630 1784.222
636.670 1777.111
636.710 1788.571
636.750 1758.889
636.780 1710.778
636.820 1763.095
636.860 1807.555
636.900 1808.016
636.940 1896.047
636.970 1966.650
637.010 2008.682
637.050 1987.999
637.090 1956.602
637.120 1991.491
637.160 2011.093
637.200 1920.553
637.240 1879.870
637.270 1884.616
637.310 1890.933
637.350 1847.964
637.390 1805.710
637.420 1807.455
637.460 1825.772
637.500 1813.660
637.540 1810.977
637.580 1860.437
637.610 1899.039
637.650 1888.213
637.690 1907.244
637.730 1928.846
637.760 1926.877
637.800 1838.337
637.840 1763.796
637.880 1781.684
637.910 1813.572
637.950 1755.745
637.990 1747.062
638.030 1771.950
638.060 1822.409
638.100 1817.582
638.140 1820.470
638.180 1843.929
638.220 1852.388
638.250 1793.419
638.290 1753.021
638.330 1807.908
638.370 1871.510
638.400 1830.397
638.440 1808.856
638.480 1872.744
638.520 1929.202
638.550 1921.804
638.590 1912.977
638.630 1935.293
638.670 1913.752
638.700 1875.925
638.740 1795.526
638.780 1776.985
638.820 1832.729
638.850 1816.473
638.890 1818.932
638.930 1888.247
638.970 1920.848
639.010 1939.735
639.040 1919.480
639.080 1912.938
639.120 1911.682
639.160 1869.140
639.190 1866.598
639.230 1907.628
639.270 1913.943
639.310 1904.973
639.340 1904.002
639.380 1884.889
639.420 1855.061
639.460 1819.234
639.490 1785.406
639.530 1812.721
639.570 1854.322
639.610 1809.066
639.640 1780.381
639.680 1822.267
639.720 1803.439
639.760 1767.611
639.790 1770.640
639.830 1783.384
639.870 1776.556
639.910 1786.442
639.940 1784.185
639.980 1836.357
640.020 1838.243
640.060 1787.701
640.100 1770.873
640.130 1829.044
640.170 1868.930
640.210 1842.388
640.250 1874.417
640.280 1973.160
640.320 2006.188
640.360 1974.360
640.400 1990.246
640.430 2052.275
640.470 2066.017
640.510 1968.903
640.550 1970.789
640.580 1993.532
640.620 2002.132
640.660 1984.303
640.700 1900.046
640.730 1875.503
640.770 1898.674
640.810 1819.131
640.850 1811.588
640.880 1863.902
640.920 1825.502
640.960 1789.673
641.000 1798.987
641.030 1829.872
641.070 1811.186
641.110 1761.643
641.150 1770.528
641.180 1818.413
641.220 1836.155
641.260 1852.469
641.300 1867.783
641.330 1899.811
641.370 1937.553
641.410 1875.867
641.450 1867.609
641.480 1965.351
641.520 1993.379
641.560 1956.406
641.600 1956.149
641.630 1966.891
641.670 1999.918
641.710 1999.660
641.750 2011.259
641.780 2041.144
641.820 2075.886
641.860 2054.342
641.900 2045.512
641.940 2070.254
641.970 2082.996
642.010 2021.595
642.050 2000.337
642.090 2029.078
642.120 2062.391
642.160 2011.419
642.200 1985.732
642.240 2023.045
642.270 2026.072
642.310 2002.242
642.350 1970.126
642.390 1961.154
642.420 1960.895
642.460 1896.065
642.500 1852.663
642.540 1879.976
642.570 1880.289
642.610 1851.030
642.650 1896.914
642.690 2008.656
642.720 2069.397
642.760 2044.138
642.800 2023.308
642.840 2025.477
642.870 2021.504
642.910 1955.817
642.950 1879.701
642.990 1863.870
643.020 1859.325
643.060 1787.209
643.100 1739.522
643.140 1785.834
643.170 1790.432
643.210 1753.459
643.250 1747.199
643.290 1765.083
643.320 1801.824
643.360 1833.707
643.400 1811.162
643.440 1813.760
643.470 1847.358
643.510 1850.242
643.550 1825.554
643.590 1836.437
643.620 1823.035
643.660 1780.061
643.700 1792.659
643.740 1790.113
643.770 1791.854
643.810 1796.737
643.850 1824.192
643.890 1859.218
643.920 1897.530
643.960 1904.699
644.000 1928.010
644.040 1986.465
644.070 2020.062
644.110 1958.660
644.150 1928.257
644.180 1921.283
644.220 1907.452
644.260 1882.763
644.300 1839.932
644.330 1861.386
644.370 1905.412
644.410 1909.009
644.450 1939.178
644.480 1972.346
644.520 1985.657
644.560 1942.826
644.600 1880.280
644.630 1875.020
644.670 1874.760
644.710 1855.214
644.750 1831.525
644.780 1917.551
644.820 2017.719
644.860 2024.601
644.900 2038.198
644.930 2088.081
644.970 2088.963
645.010 2070.989
645.050 2013.442
645.080 2006.325
645.120 2015.921
645.160 1967.232
645.200 1938.686
645.230 1929.568
645.270 1915.022
645.310 1864.619
645.350 1832.644
645.380 1887.383
645.420 1900.551
645.460 1878.433
645.500 1873.315
645.530 1888.483
645.570 1887.080
645.610 1886.247
645.650 1880.701
645.680 1905.726
645.720 1911.465
645.760 1902.061
645.800 1876.943
645.830 1858.968
645.870 1824.564
645.910 1780.589
645.940 1786.470
645.980 1789.352
646.020 1784.377
646.060 1791.116
646.090 1810.998
646.130 1789.594
646.170 1771.189
646.210 1750.214
646.240 1794.096
646.280 1860.549
646.320 1875.287
646.360 1863.169
646.390 1915.193
646.430 1942.075
646.470 1921.671
646.510 1852.838
646.540 1810.005
646.580 1871.315
646.620 1897.625
646.660 1863.078
646.690 1895.102
646.730 1953.841
646.770 1978.865
646.810 1943.175
646.840 1857.199
646.880 1857.794
646.920 1862.104
646.950 1814.985
646.990 1814.438
647.030 1832.033
647.070 1851.057
647.100 1814.795
647.140 1832.391
647.180 1893.558
647.220 1905.296
647.250 1859.891
647.290 1854.915
647.330 1941.224
647.370 2030.677
647.400 1980.558
647.440 1941.438
647.480 1941.034
647.520 1925.629
647.550 1891.938
647.590 1835.390
647.630 1809.414
647.670 1782.580
647.700 1697.461
647.740 1691.056
647.780 1742.937
647.810 1775.103
647.850 1748.127
647.890 1785.436
647.930 1890.459
647.960 1970.340
648.000 1942.078
648.040 1908.387
648.080 1891.981
648.110 1889.576
648.150 1844.742
648.190 1820.623
648.230 1867.646
648.260 1900.098
648.300 1862.264
648.340 1851.144
648.380 1869.596
648.410 1879.048
648.450 1853.357
648.490 1832.237
648.520 1859.117
648.560 1885.426
648.600 1921.735
648.640 2031.186
648.670 2139.495
648.710 2189.946
648.750 2163.112
648.790 2149.278
648.820 2215.301
648.860 2195.324
648.900 2080.775
648.940 2014.227
648.970 2008.107
649.010 2005.986
649.050 1943.723
649.080 1909.318
649.120 1961.912
649.160 1981.792
649.200 1967.814
649.230 1924.837
649.270 1923.860
649.310 1978.025
649.350 1947.191
649.380 1886.642
649.420 1917.807
649.460 1927.544
649.500 1921.995
649.530 1945.160
649.570 1938.040
649.610 1940.634
649.640 1934.371
649.680 1897.250
649.720 1925.987
649.760 1913.723
649.790 1835.746
649.830 1808.339
649.870 1855.933
649.910 1869.384
649.940 1836.549
649.980 1798.714
650.020 1819.736
650.060 1850.044
650.090 1850.067
650.130 1828.089
650.170 1880.825
650.200 1911.419
650.240 1852.298
650.280 1829.748
650.320 1859.771
650.350 1884.935
650.390 1841.815
650.430 1775.265
650.470 1747.144
650.500 1769.595
650.540 1770.331
650.580 1821.353
650.610 1844.232
650.650 1831.539
650.690 1794.133
650.730 1807.583
650.760 1852.462
650.800 1876.055
650.840 1804.648
650.880 1801.956
650.910 1902.406
650.950 1968.713
650.990 1965.878
651.020 1918.328
651.060 1916.921
651.100 1930.086
651.140 1891.107
651.170 1809.557
651.210 1794.008
651.250 1801.172
651.290 1804.051
651.320 1829.786
651.360 1871.236
651.400 1858.972
651.440 1869.279
651.470 1886.015
651.510 1866.465
651.550 1845.058
651.580 1820.508
651.620 1796.815
651.660 1854.979
651.700 1898.857
651.730 1866.736
651.770 1900.328
651.810 1927.778
651.850 1915.371
651.880 1867.678
651.920 1846.984
651.960 1861.577
651.990 1865.884
652.030 1826.333
652.070 1837.926
652.110 1879.090
652.140 1916.682
652.180 1892.418
652.220 1856.582
652.250 1894.174
652.290 1927.195
652.330 1894.787
652.370 1845.522
652.400 1821.829
652.440 1817.279
652.480 1800.585
652.520 1739.892
652.550 1696.770
652.590 1684.219
652.630 1643.526
652.660 1606.689
652.700 1613.853
652.740 1598.159
652.780 1613.323
652.810 1627.772
652.850 1696.364
652.890 1765.813
652.930 1832.263
652.960 1886.140
653.000 1931.161
653.040 1947.896
653.070 2017.916
653.110 1990.794
653.150 1957.672
653.190 1946.406
653.220 1890.713
653.260 1918.162
653.300 1967.182
653.330 1901.488
653.370 1868.937
653.410 1912.386
653.450 1948.406
653.480 1961.855
653.520 1901.161
653.560 1875.610
653.600 1941.916
653.630 1977.365
653.670 1923.100
653.710 1914.977
653.740 1980.569
653.780 1989.017
653.820 1944.323
653.860 1907.915
653.890 1911.506
653.930 1917.241
653.970 1865.690
654.000 1791.138
654.040 1796.015
654.080 1858.607
654.120 1881.484
654.150 1914.647
654.190 1993.095
654.230 2049.687
654.270 2041.564
654.300 2056.155
654.340 2012.604
654.380 1950.338
654.410 1911.358
654.450 1871.806
654.490 1866.683
654.530 1887.132
654.560 1860.866
654.600 1901.457
654.640 1922.334
654.670 1917.354
654.710 1884.945
654.750 1837.822
654.790 1883.698
654.820 1943.004
654.860 1875.595
654.900 1854.615
654.930 1863.777
654.970 1888.225
655.010 1885.102
655.050 1840.122
655.080 1796.141
655.120 1808.732
655.160 1827.466
655.190 1831.628
655.230 1790.648
655.270 1757.239
655.310 1772.972
655.340 1827.706
655.380 1898.011
655.420 1924.602
655.460 1899.050
655.490 1952.355
655.530 2061.946
655.570 2058.251
655.600 1990.413
655.640 1957.004
655.680 1949.880
655.720 1953.471
655.750 1903.490
655.790 1830.938
655.830 1838.814
655.860 1841.690
655.900 1794.995
655.940 1764.300
655.980 1751.605
656.010 1781.767
656.050 1836.357
656.090 1870.519
656.120 1895.824
656.160 1925.700
656.200 1933.862
656.240 1977.310
656.270 2031.900
656.310 1976.491
656.350 1893.224
656.380 1908.243
656.420 1973.690
656.460 2065.852
656.500 2104.585
656.530 2097.747
656.570 2214.766
656.610 2283.499
656.640 2250.089
656.680 2180.679
656.720 2143.555
656.760 2113.146
656.790 2058.593
656.830 2020.469
656.870 2054.916
656.900 2062.649
656.940 2019.811
656.980 1977.115
657.020 2018.705
657.050 2043.295
657.090 1976.742
657.130 1905.904
657.160 1902.637
657.200 1935.227
657.240 1928.388
657.280 1841.549
657.310 1831.425
657.350 1851.301
657.390 1829.176
657.420 1860.623
657.460 1910.213
657.500 1890.089
657.540 1915.821
657.570 1923.268
657.610 1938.715
657.650 1947.734
657.680 1885.323
657.720 1808.628
657.760 1791.217
657.790 1782.950
657.830 1759.682
657.870 1715.844
657.910 1731.290
657.940 1760.023
657.980 1781.613
658.020 1806.631
658.050 1795.077
658.090 1781.524
658.130 1791.971
658.170 1790.560
658.200 1791.579
658.240 1786.740
658.280 1773.472
658.310 1828.633
658.350 1886.365
658.390 1870.526
658.430 1826.258
658.460 1820.562
658.500 1900.009
658.540 1950.741
658.570 1894.616
658.610 1832.920
658.650 1850.366
658.690 1889.098
658.720 1859.973
658.760 1845.991
658.800 1870.295
658.830 1892.741
658.870 1926.045
658.910 1938.920
658.940 1975.366
658.980 1996.527
659.020 1946.545
659.060 1902.705
659.090 1881.151
659.130 1879.883
659.170 1861.187
659.200 1853.205
659.240 1921.079
659.280 1953.811
659.320 1932.829
659.350 1924.847
659.390 1897.293
659.430 1861.882
659.460 1835.471
659.500 1815.488
659.540 1865.506
659.580 1910.238
659.610 1987.827
659.650 2036.273
659.690 2077.719
659.720 2063.022
659.760 2018.468
659.800 1989.200
659.830 2028.217
659.870 1993.806
659.910 1963.109
659.950 1939.269
659.980 1907.144
660.020 1907.018
660.060 1862.607
660.090 1821.196
660.130 1816.070
660.170 1827.802
660.200 1823.248
660.240 1853.693
660.280 1884.568
660.320 1873.871
660.350 1840.602
660.390 1833.191
660.430 1850.637
660.460 1870.511
660.500 1895.242
660.540 1884.117
660.580 1924.419
660.610 1941.722
660.650 1923.596
660.690 1919.614
660.720 2000.773
660.760 2028.505
660.800 2042.093
660.830 2043.967
660.870 2036.413
660.910 2054.859
660.950 2034.304
660.980 1920.178
661.020 1881.052
661.060 1872.498
661.090 1855.086
661.130 1841.960
661.170 1824.691
661.200 1818.280
661.240 1834.296
661.280 1825.028
661.320 1788.187
661.350 1771.347
661.390 1796.364
661.430 1811.380
661.460 1805.540
661.500 1830.557
661.540 1866.431
661.570 1944.305
661.610 1994.178
661.650 1985.767
661.690 1983.783
661.720 2004.371
661.760 2044.245
661.800 2043.976
661.830 1955.564
661.870 1916.152
661.910 1961.597
661.940 1981.185
661.980 1959.202
662.020 1908.790
662.060 1924.663
662.090 1981.537
662.130 1951.554
662.170 1871.713
662.200 1828.587
662.240 1822.746
662.280 1788.048
662.310 1721.493
662.350 1697.938
662.390 1697.097
662.430 1691.828
662.460 1712.987
662.500 1744.289
662.540 1775.734
662.570 1750.750
662.610 1745.195
662.650 1806.783
662.680 1834.228
662.720 1824.530
662.760 1858.975
662.800 1904.705
662.830 1958.007
662.870 1958.023
662.910 1927.468
662.940 1896.627
662.980 1880.072
663.020 1827.945
663.050 1789.676
663.090 1794.835
663.130 1814.851
663.170 1806.724
663.200 1890.312
663.240 1971.042
663.280 1979.058
663.310 1948.074
663.350 1928.662
663.390 1929.249
663.420 1953.836
663.460 1925.281
663.500 1916.583
663.530 1952.313
663.570 2015.900
663.610 2027.059
663.650 2029.361
663.680 2063.234
663.720 2075.393
663.760 2005.123
663.790 1911.853
663.830 1890.154
663.870 1907.742
663.900 1910.758
663.940 1839.488
663.980 1862.789
664.020 1939.519
664.050 2005.821
664.090 1993.122
664.130 1993.281
664.160 1949.868
664.200 1945.741
664.240 1907.899
664.270 1906.344
664.310 1939.788
664.350 1940.661
664.380 1904.962
664.420 1937.549
664.460 1944.851
664.500 1908.295
664.530 1893.739
664.570 1908.897
664.610 1964.341
664.640 1969.071
664.680 1996.515
664.720 2026.388
664.750 2045.118
664.790 1986.705
664.830 1951.149
664.860 1937.450
664.900 2000.037
664.940 1978.910
664.980 1947.354
665.010 1957.083
665.050 1967.956
665.090 1900.543
665.120 1871.987
665.160 1883.431
665.200 1896.160
665.230 1889.033
665.270 1875.620
665.310 1922.206
665.340 1981.793
665.380 1965.523
665.420 1893.109
665.460 1892.553
665.490 1955.283
665.530 1946.441
665.570 1901.313
665.600 1922.043
665.640 1941.344
665.680 1947.787
665.710 1958.660
665.750 1949.246
665.790 1974.404
665.820 1964.420
665.860 1936.720
665.900 1945.878
665.930 1977.179
665.970 1959.480
666.010 1905.781
666.050 1864.510
666.080 1844.097
666.120 1804.112
666.160 1731.984
666.190 1695.856
666.230 1669.014
666.270 1646.886
666.300 1704.615
666.340 1780.630
666.380 1802.645
666.410 1833.803
666.450 1842.818
666.490 1868.261
666.530 1896.848
666.560 1844.577
666.600 1796.306
666.640 1771.892
666.670 1754.479
666.710 1718.351
666.750 1683.365
666.780 1725.380
666.820 1763.824
666.860 1738.838
666.890 1782.282
666.930 1849.582
666.970 1887.168
667.000 1889.897
667.040 1877.198
667.080 1890.927
667.120 1938.513
667.150 1927.528
667.190 1917.400
667.230 1934.271
667.260 1937.286
667.300 1903.015
667.340 1854.744
667.370 1860.901
667.410 1869.487
667.450 1836.788
667.480 1814.517
667.520 1851.245
667.560 1872.117
667.590 1905.989
667.630 1946.575
667.670 1961.875
667.700 1977.032
667.740 1986.904
667.780 2001.061
667.820 2022.790
667.850 1955.947
667.890 1849.391
667.930 1850.548
667.960 1894.134
668.000 1908.148
668.040 1848.734
668.070 1811.748
668.110 1928.906
668.150 2016.920
668.180 1999.363
668.220 1930.377
668.260 1867.963
668.290 1860.977
668.330 1861.134
668.370 1805.006
668.400 1837.877
668.440 1885.177
668.480 1906.334
668.520 1971.777
668.550 2043.506
668.590 2096.091
668.630 2065.963
668.660 1921.548
668.700 1865.420
668.740 1871.148
668.770 1827.162
668.810 1761.462
668.850 1737.333
668.880 1762.633
668.920 1793.790
668.960 1806.662
668.990 1855.247
669.030 1878.404
669.070 1855.418
669.100 1873.575
669.140 1883.160
669.180 1912.174
669.210 1954.474
669.250 1942.345
669.290 1985.502
669.320 2084.945
669.360 2060.387
669.400 2045.258
669.440 2043.272
669.470 1986.715
669.510 1937.443
669.550 1885.600
669.580 1832.614
669.620 1814.056
669.660 1817.785
669.690 1827.513
669.730 1855.527
669.770 1932.683
669.800 1997.840
669.840 2061.425
669.880 2126.010
669.910 2172.739
669.950 2176.181
669.990 2158.909
670.020 2106.494
670.060 2036.508
670.100 1957.522
670.130 1897.821
670.170 1918.406
670.210 1942.991
670.240 1960.005
670.280 1953.162
670.320 1946.318
670.350 1942.332
670.390 1950.917
670.430 1886.074
670.470 1866.944
670.500 1823.387
670.540 1812.400
670.580 1865.842
670.610 1898.999
670.650 1901.155
670.690 1859.883
670.720 1891.897
670.760 1948.624
670.800 1936.638
670.830 1890.509
670.870 1874.094
670.910 1894.821
670.940 1930.978
670.980 1909.991
671.020 1878.005
671.050 1934.732
671.090 1969.032
671.130 1959.045
671.160 1913.059
671.200 1915.072
671.240 1907.085
671.270 1893.670
671.310 1853.684
671.350 1775.840
671.380 1730.139
671.420 1763.724
671.460 1781.737
671.490 1842.322
671.530 1917.192
671.570 1942.777
671.600 2053.076
671.640 2154.375
671.680 2152.103
671.710 2119.116
671.750 2085.700
671.790 2035.714
671.830 1994.727
671.860 1895.883
671.900 1807.896
671.940 1764.481
671.970 1764.780
672.010 1715.936
672.050 1728.949
672.080 1809.391
672.120 1858.118
672.160 1875.703
672.190 1922.144
672.230 1970.872
672.270 1998.599
672.300 1995.755
672.340 1966.054
672.380 1942.210
672.410 1968.509
672.450 1997.522
672.490 1994.106
672.520 1996.405
672.560 1922.989
672.600 1845.717
672.630 1843.873
672.670 1871.600
672.710 1829.613
672.740 1780.340
672.780 1781.782
672.820 1844.652
672.850 1863.950
672.890 1855.392
672.930 1832.976
672.960 1890.275
673.000 1933.574
673.040 1925.872
673.070 1935.742
673.110 2018.041
673.150 2070.196
673.180 2063.781
673.220 2018.079
673.260 1984.235
673.290 1964.533
673.330 1921.403
673.370 1897.845
673.400 1925.858
673.440 1928.727
673.480 1896.026
673.510 1919.467
673.550 1952.623
673.590 1984.064
673.620 1924.791
673.660 1881.090
673.700 1943.531
673.730 1986.686
673.770 1965.413
673.810 1967.569
673.840 1992.010
673.880 2030.594
673.920 2019.464
673.950 1997.191
673.990 1980.489
674.030 1962.216
674.060 1971.943
674.100 1958.099
674.140 1927.254
674.170 1911.695
674.210 1843.422
674.250 1822.863
674.280 1848.876
674.320 1782.174
674.360 1733.044
674.390 1780.628
674.430 1818.783
674.470 1855.224
674.500 1895.236
674.540 1884.963
674.580 1948.833
674.610 1991.845
674.650 1939.286
674.690 1937.013
674.720 1973.168
674.760 1979.466
674.800 2023.479
674.830 2049.063
674.870 2052.361
674.910 2042.945
674.940 2020.671
674.980 2045.684
675.020 2090.982
675.050 2074.994
675.090 2014.149
675.130 2008.019
675.160 2042.031
675.200 2013.615
675.240 1911.770
675.270 1821.496
675.310 1784.509
675.350 1747.807
675.380 1718.390
675.420 1780.260
675.460 1844.129
675.490 1899.141
675.530 1899.868
675.570 1941.594
675.600 2010.464
675.640 2045.047
675.680 1949.916
675.710 1873.500
675.750 1833.798
675.790 1841.239
675.820 1793.965
675.860 1790.406
675.900 1828.418
675.930 1876.144
675.970 1910.442
676.010 1934.168
676.040 1929.466
676.080 1937.335
676.120 1914.776
676.150 1846.074
676.190 1840.086
676.230 1870.241
676.260 1834.539
676.300 1879.979
676.340 1916.705
676.370 1889.003
676.410 1862.444
676.450 1868.741
676.480 1906.182
676.520 1907.908
676.560 1812.777
676.590 1802.932
676.630 1866.230
676.670 1927.099
676.700 1951.968
676.740 1955.265
676.780 1995.992
676.810 2023.146
676.850 1971.301
676.890 1935.456
676.920 1955.182
676.960 1896.051
676.990 1825.348
677.030 1831.217
677.070 1889.229
677.100 1912.241
677.140 1860.110
677.180 1842.407
677.210 1898.562
677.250 1758.717
677.290 1708.937
677.320 1636.643
677.360 1620.699
