537.190 305.530
537.230 264.623
537.270 195.470
537.310 178.176
537.350 224.300
537.390 283.717
537.430 260.001
537.470 248.006
537.510 330.734
537.550 404.899
537.590 441.357
537.630 453.537
537.670 496.296
537.710 523.063
537.750 464.124
537.790 385.763
537.830 422.552
537.870 432.064
537.910 387.725
537.950 387.108
537.990 501.355
538.030 578.609
538.070 591.156
538.110 525.281
538.150 525.128
538.190 552.552
538.230 498.983
538.270 347.421
538.310 353.437
538.350 387.745
538.390 382.488
538.430 421.809
538.470 461.993
538.510 456.612
538.560 466.951
538.600 481.867
538.640 574.218
538.680 650.575
538.720 571.652
538.760 568.592
538.800 639.823
538.840 646.632
538.880 529.445
538.920 450.979
538.960 478.660
539.000 579.347
539.040 571.611
539.080 518.451
539.120 554.439
539.160 590.003
539.200 527.572
539.240 451.289
539.280 512.154
539.320 519.880
539.360 484.183
539.400 513.204
539.440 610.658
539.480 663.974
539.520 659.009
539.560 560.333
539.600 563.090
539.640 623.709
539.680 577.474
539.720 510.958
539.760 518.446
539.800 512.651
539.840 449.861
539.880 413.360
539.920 505.148
539.960 542.369
540.000 501.021
540.040 440.248
540.080 502.051
540.120 569.856
540.160 571.808
540.200 533.334
540.240 588.720
540.280 668.824
540.320 721.073
540.360 712.469
540.400 726.153
540.440 705.982
540.480 603.100
540.520 553.649
540.560 575.201
540.600 596.612
540.640 582.312
540.680 557.443
540.720 601.718
540.760 648.568
540.800 604.848
540.840 589.987
540.880 627.986
540.920 610.701
540.960 560.990
541.000 590.423
541.040 663.144
541.080 697.866
541.120 628.876
541.160 590.174
541.200 630.330
541.240 663.059
541.280 584.790
541.320 505.236
541.360 494.112
541.400 500.847
541.440 439.440
541.480 431.177
541.520 493.344
541.560 502.798
541.600 517.253
541.640 565.852
541.680 657.451
541.720 718.909
541.760 709.367
541.800 636.827
541.840 609.715
541.880 587.033
541.920 552.780
541.960 534.242
542.000 586.276
542.040 615.310
542.080 640.916
542.120 720.665
542.160 752.129
542.200 716.308
542.240 651.915
542.280 594.808
542.320 554.558
542.360 543.594
542.400 510.345
542.440 545.953
542.480 652.560
542.520 702.167
542.560 658.918
542.600 663.525
542.640 696.417
542.680 693.881
542.720 653.630
542.760 684.235
542.800 775.841
542.840 829.302
542.880 799.192
542.920 808.510
542.970 918.971
543.010 972.002
543.050 861.032
543.090 789.204
543.130 893.805
543.170 949.261
543.210 901.574
543.250 811.600
543.290 821.197
543.330 822.793
543.370 735.530
543.410 604.410
543.450 663.574
543.490 759.022
543.530 746.327
543.570 706.344
543.610 768.789
543.650 814.805
543.690 812.961
543.730 791.116
543.770 809.556
543.810 814.423
543.850 777.860
543.890 765.580
543.930 776.443
543.970 759.018
544.010 684.877
544.050 584.591
544.090 697.162
544.130 758.444
544.170 707.154
544.210 758.861
544.250 852.282
544.290 912.272
544.330 959.831
544.370 928.531
544.410 972.944
544.450 984.355
544.490 922.192
544.530 923.314
544.570 972.576
544.610 985.407
544.650 894.522
544.690 843.635
544.730 889.460
544.770 890.425
544.810 811.532
544.850 793.493
544.890 808.166
544.930 815.837
544.970 756.506
545.010 704.172
545.050 754.836
545.090 822.640
545.130 747.585
545.170 693.099
545.210 761.325
545.250 800.834
545.290 788.626
545.330 756.416
545.370 775.917
545.410 819.701
545.450 801.055
545.490 744.977
545.530 791.039
545.570 840.385
545.610 815.013
545.650 784.210
545.690 790.405
545.730 843.596
545.770 845.071
545.810 792.829
545.850 804.440
545.890 829.907
545.930 790.799
545.960 748.259
546.000 770.003
546.040 778.172
546.080 757.195
546.120 702.072
546.160 684.518
546.200 692.961
546.240 733.973
546.280 758.695
546.320 820.558
546.360 897.846
546.400 924.702
546.440 974.698
546.480 1063.977
546.520 1067.396
546.560 1013.526
546.600 968.652
546.640 960.062
546.680 982.896
546.720 927.013
546.760 917.985
546.800 948.810
546.840 936.346
546.880 923.879
546.920 935.408
546.960 936.935
547.000 945.029
547.040 903.978
547.080 933.066
547.120 978.008
547.160 975.232
547.200 911.024
547.240 910.242
547.280 951.742
547.320 936.382
547.360 857.303
547.400 890.936
547.440 968.280
547.480 957.763
547.520 904.814
547.560 928.719
547.600 959.334
547.640 958.804
547.680 886.556
547.720 860.589
547.760 908.048
547.800 958.504
547.840 910.385
547.880 860.976
547.920 878.136
547.960 885.863
548.000 823.872
548.040 819.878
548.080 850.167
548.120 876.594
548.160 896.018
548.200 922.581
548.240 978.998
548.280 998.554
548.320 981.535
548.360 944.227
548.400 906.916
548.440 905.458
548.480 876.282
548.520 852.673
548.560 910.204
548.600 935.732
548.640 915.970
548.680 991.205
548.720 1108.721
548.760 1165.663
548.800 1136.315
548.840 1080.107
548.880 1127.323
548.920 1175.250
548.960 1126.888
549.000 1076.093
549.040 1057.295
549.080 1077.493
549.120 1087.545
549.160 1034.165
549.200 966.637
549.240 931.821
549.280 894.715
549.320 883.034
549.360 931.493
549.400 951.661
549.440 930.684
549.480 980.417
549.520 1050.146
549.560 1031.300
549.600 998.308
549.640 988.026
549.680 1025.169
549.720 1052.023
549.760 1047.444
549.800 1049.576
549.840 1117.705
549.880 1144.544
549.920 1089.665
549.960 1074.925
550.000 1069.324
550.040 1062.434
550.080 1007.826
550.120 923.072
550.160 975.599
550.200 1021.266
550.240 973.071
550.280 1075.873
550.320 1206.815
550.350 1259.181
550.390 1244.258
550.430 1220.331
550.470 1255.829
550.510 1291.894
550.550 1193.385
550.590 1120.872
550.630 1131.783
550.670 1186.691
550.710 1156.739
550.750 1136.211
550.790 1198.394
550.830 1217.287
550.870 1153.462
550.910 1150.348
550.950 1164.517
550.990 1163.824
551.030 1112.556
551.070 1032.285
551.110 1077.438
551.150 1130.445
551.190 1080.162
551.230 1020.591
551.270 989.444
551.310 955.293
551.350 899.568
551.390 840.124
551.430 813.106
551.470 823.940
551.510 863.915
551.550 953.314
551.590 1030.995
551.630 1057.672
551.670 1001.632
551.710 1002.160
551.750 1073.683
551.790 1075.918
551.830 991.149
551.870 1010.519
551.910 1137.028
551.950 1219.391
551.990 1200.037
552.030 1208.678
552.070 1289.316
552.110 1301.236
552.150 1205.295
552.190 1105.351
552.230 1145.975
552.270 1196.309
552.310 1120.783
552.350 1001.396
552.390 1077.005
552.430 1149.754
552.470 1150.071
552.510 1169.098
552.550 1269.265
552.590 1349.571
552.630 1409.016
552.660 1369.030
552.700 1353.182
552.740 1357.046
552.780 1241.620
552.820 1123.191
552.860 1130.758
552.900 1154.179
552.940 1149.596
552.980 1205.868
553.020 1294.421
553.060 1386.399
553.100 1369.660
553.140 1316.346
553.180 1333.742
553.220 1342.707
553.260 1280.811
553.300 1219.626
553.340 1181.723
553.380 1199.817
553.420 1168.907
553.460 1101.994
553.500 1130.364
553.540 1140.729
553.580 1121.949
553.620 1138.880
553.660 1151.664
553.700 1152.873
553.740 1159.794
553.780 1117.854
553.820 1131.053
553.860 1159.249
553.900 1115.299
553.940 1112.631
553.980 1188.817
554.020 1199.857
554.060 1166.179
554.100 1148.069
554.140 1126.242
554.180 1115.268
554.220 1077.149
554.260 1072.597
554.300 1150.186
554.340 1207.342
554.380 1173.780
554.410 1154.644
554.450 1259.505
554.490 1324.077
554.530 1236.645
554.570 1172.496
554.610 1168.916
554.650 1233.332
554.690 1273.744
554.730 1257.154
554.770 1274.274
554.810 1299.963
554.850 1251.220
554.890 1251.903
554.930 1252.725
554.970 1223.401
555.010 1120.074
555.050 1048.886
555.090 1109.124
555.130 1152.502
555.170 1118.734
555.210 1117.391
555.250 1173.616
555.290 1224.553
555.330 1224.200
555.370 1118.988
555.410 1115.915
555.450 1144.125
555.490 1092.760
555.530 1097.393
555.570 1226.022
555.610 1299.219
555.650 1357.271
555.690 1383.034
555.730 1449.936
555.770 1485.836
555.810 1424.304
555.850 1350.197
555.890 1310.231
555.920 1287.547
555.960 1259.288
556.000 1226.884
556.040 1211.905
556.080 1193.638
556.120 1108.511
556.160 1068.666
556.200 1173.961
556.240 1229.824
556.280 1173.542
556.320 1192.400
556.360 1263.255
556.400 1300.821
556.440 1332.955
556.480 1307.944
556.520 1287.501
556.560 1267.484
556.600 1221.607
556.640 1219.727
556.680 1246.558
556.720 1239.101
556.760 1167.213
556.800 1180.893
556.840 1263.427
556.880 1286.387
556.920 1222.772
556.960 1217.726
557.000 1280.106
557.040 1317.912
557.080 1294.001
557.120 1312.658
557.160 1391.027
557.200 1439.678
557.240 1398.327
557.270 1391.545
557.310 1445.902
557.350 1459.971
557.390 1384.895
557.430 1323.244
557.470 1387.019
557.510 1461.505
557.550 1427.846
557.590 1437.470
557.630 1454.377
557.670 1457.567
557.710 1446.183
557.750 1406.939
557.790 1463.121
557.830 1510.157
557.870 1408.334
557.910 1354.507
557.950 1414.679
557.990 1459.847
558.030 1460.156
558.070 1447.747
558.110 1429.622
558.150 1457.637
558.190 1441.507
558.230 1427.374
558.270 1456.809
558.310 1472.099
558.350 1402.673
558.390 1411.101
558.430 1466.526
558.460 1507.949
558.500 1462.797
558.540 1436.072
558.580 1406.916
558.620 1363.757
558.660 1306.309
558.700 1295.860
558.740 1334.979
558.780 1363.810
558.820 1285.638
558.860 1330.464
558.900 1421.858
558.940 1439.536
558.980 1377.212
559.020 1359.885
559.060 1412.127
559.100 1479.795
559.140 1390.174
559.180 1323.980
559.220 1303.784
559.260 1326.442
559.300 1307.526
559.340 1224.608
559.380 1208.402
559.420 1286.479
559.460 1291.696
559.500 1291.054
559.540 1268.838
559.570 1217.191
559.610 1190.256
559.650 1187.033
559.690 1157.379
559.730 1159.008
559.770 1174.349
559.810 1228.831
559.850 1304.310
559.890 1368.073
559.930 1356.404
559.970 1354.305
560.010 1386.775
560.050 1399.814
560.090 1311.708
560.130 1300.457
560.170 1330.346
560.210 1363.090
560.250 1358.546
560.290 1362.571
560.330 1433.023
560.370 1510.043
560.410 1518.776
560.450 1548.649
560.490 1589.235
560.530 1578.818
560.570 1520.970
560.600 1448.977
560.640 1505.268
560.680 1511.985
560.720 1482.842
560.760 1450.698
560.800 1495.122
560.840 1518.688
560.880 1487.537
560.920 1426.098
560.960 1434.656
561.000 1391.641
561.040 1354.053
561.080 1308.177
561.120 1311.727
561.160 1319.989
561.200 1252.820
561.240 1229.078
561.280 1280.334
561.320 1294.445
561.360 1266.696
561.400 1267.803
561.440 1371.479
561.480 1453.438
561.520 1410.824
561.550 1355.208
561.590 1339.304
561.630 1364.970
561.670 1336.204
561.710 1323.151
561.750 1356.239
561.790 1392.039
561.830 1418.123
561.870 1464.633
561.910 1523.856
561.950 1555.790
561.990 1452.723
562.030 1420.939
562.070 1400.297
562.110 1347.080
562.150 1334.291
562.190 1278.213
562.230 1269.848
562.270 1310.624
562.310 1280.826
562.350 1293.170
562.390 1352.939
562.430 1341.279
562.460 1333.616
562.500 1374.666
562.540 1414.571
562.580 1408.331
562.620 1409.375
562.660 1421.702
562.700 1480.028
562.740 1490.209
562.780 1422.816
562.820 1378.851
562.860 1377.312
562.900 1339.342
562.940 1274.799
562.980 1238.540
563.020 1241.993
563.060 1239.731
563.100 1244.894
563.140 1298.914
563.180 1369.788
563.220 1391.089
563.260 1333.674
563.300 1278.829
563.330 1316.124
563.370 1301.561
563.410 1229.710
563.450 1220.714
563.490 1266.146
563.530 1305.432
563.570 1367.717
563.610 1361.285
563.650 1416.281
563.690 1481.274
563.730 1460.837
563.770 1449.399
563.810 1484.244
563.850 1495.516
563.890 1479.787
563.930 1405.055
563.970 1396.893
564.010 1396.444
564.050 1358.422
564.090 1322.826
564.130 1337.229
564.160 1335.630
564.200 1354.029
564.240 1349.141
564.280 1442.823
564.320 1485.502
564.360 1425.895
564.400 1387.286
564.440 1434.532
564.480 1421.919
564.520 1335.019
564.560 1259.260
564.600 1305.214
564.640 1350.308
564.680 1374.687
564.720 1406.922
564.760 1441.011
564.800 1484.242
564.840 1426.900
564.880 1395.985
564.920 1528.354
564.950 1536.436
564.990 1450.659
565.030 1452.451
565.070 1463.528
565.110 1461.603
565.150 1379.677
565.190 1213.606
565.230 1173.247
565.270 1187.745
565.310 1153.240
565.350 1167.734
565.390 1250.227
565.430 1279.004
565.470 1270.921
565.510 1290.266
565.550 1322.753
565.590 1343.380
565.630 1329.720
565.670 1264.916
565.700 1277.825
565.740 1350.160
565.780 1326.780
565.820 1263.969
565.860 1275.443
565.900 1270.344
565.940 1286.243
565.980 1377.284
566.020 1454.895
566.060 1490.361
566.100 1504.826
566.140 1564.575
566.180 1664.751
566.220 1690.497
566.260 1597.955
566.300 1527.984
566.340 1544.583
566.380 1558.465
566.420 1476.918
566.450 1431.941
566.490 1458.677
566.530 1449.125
566.570 1422.858
566.610 1429.589
566.650 1475.890
566.690 1477.476
566.730 1417.488
566.770 1423.642
566.810 1513.795
566.850 1528.661
566.890 1491.810
566.930 1503.244
566.970 1622.534
567.010 1689.965
567.050 1663.538
567.090 1647.395
567.130 1736.679
567.160 1790.105
567.200 1738.529
567.240 1669.809
567.280 1693.659
567.320 1687.080
567.360 1603.927
567.400 1555.487
567.440 1579.475
567.480 1612.032
567.520 1583.017
567.560 1588.715
567.600 1657.411
567.640 1689.249
567.680 1614.799
567.720 1545.635
567.760 1594.754
567.800 1609.729
567.840 1513.132
567.870 1463.819
567.910 1513.933
567.950 1568.903
567.990 1588.872
568.030 1524.982
568.070 1521.520
568.110 1561.485
568.150 1509.734
568.190 1489.839
568.230 1497.515
568.270 1473.474
568.310 1443.004
568.350 1425.247
568.390 1450.917
568.430 1469.586
568.470 1404.396
568.510 1394.634
568.540 1449.442
568.580 1482.392
568.620 1487.483
568.660 1527.716
568.700 1621.947
568.740 1663.034
568.780 1608.263
568.820 1538.920
568.860 1583.146
568.900 1608.943
568.940 1512.310
568.980 1411.105
569.020 1369.612
569.060 1359.118
569.100 1336.052
569.140 1258.841
569.170 1302.915
569.210 1350.988
569.250 1363.774
569.290 1430.844
569.330 1516.199
569.370 1608.839
569.410 1649.620
569.450 1572.114
569.490 1596.607
569.530 1631.956
569.570 1591.875
569.610 1544.365
569.650 1505.996
569.690 1497.341
569.730 1485.827
569.770 1459.740
569.800 1496.510
569.840 1539.421
569.880 1526.188
569.920 1506.811
569.960 1472.576
570.000 1446.626
570.040 1404.103
570.080 1366.007
570.120 1383.196
570.160 1437.670
570.200 1435.857
570.240 1481.471
570.280 1579.227
570.320 1616.125
570.360 1553.307
570.400 1508.345
570.430 1520.811
570.470 1527.847
570.510 1485.740
570.550 1437.202
570.590 1472.235
570.630 1524.124
570.670 1506.726
570.710 1449.470
570.750 1471.070
570.790 1517.098
570.830 1566.124
570.870 1593.435
570.910 1567.317
570.950 1551.912
570.990 1523.362
571.020 1506.812
571.060 1551.690
571.100 1530.280
571.140 1436.012
571.180 1493.744
571.220 1578.474
571.260 1613.203
571.300 1601.360
571.340 1546.944
571.380 1584.242
571.420 1624.538
571.460 1545.120
571.500 1507.271
571.540 1552.136
571.580 1542.286
571.610 1474.292
571.650 1457.725
571.690 1515.014
571.730 1534.874
571.770 1470.448
571.810 1460.591
571.850 1536.305
571.890 1576.161
571.930 1526.302
571.970 1439.013
572.010 1479.723
572.050 1543.004
572.090 1500.426
572.130 1471.991
572.170 1553.697
572.200 1588.259
572.240 1574.821
572.280 1591.238
572.320 1608.655
572.360 1614.356
572.400 1562.200
572.440 1506.042
572.480 1505.312
572.520 1572.296
572.560 1532.278
572.600 1493.117
572.640 1570.669
572.680 1623.363
572.720 1607.770
572.750 1627.319
572.790 1564.867
572.830 1523.843
572.870 1501.247
572.910 1443.506
572.950 1456.765
572.990 1475.023
573.030 1384.852
573.070 1368.822
573.110 1394.934
573.150 1413.474
573.190 1412.728
573.230 1379.409
573.270 1357.661
573.310 1361.340
573.340 1381.590
573.380 1429.839
573.420 1499.658
573.460 1519.763
573.500 1481.723
573.540 1530.826
573.580 1702.356
573.620 1766.600
573.660 1733.414
573.700 1735.942
573.740 1744.754
573.780 1814.137
573.820 1821.234
573.850 1744.615
573.890 1719.567
573.930 1702.804
573.970 1653.325
574.010 1646.132
574.050 1736.509
574.090 1773.456
574.130 1702.403
574.170 1709.921
574.210 1762.294
574.250 1747.810
574.290 1726.039
574.330 1697.982
574.370 1748.352
574.400 1787.293
574.440 1777.662
574.480 1750.173
574.520 1771.397
574.560 1792.906
574.600 1721.557
574.640 1608.779
574.680 1684.000
574.720 1745.363
574.760 1768.583
574.800 1760.516
574.840 1730.733
574.880 1688.950
574.910 1655.452
574.950 1592.096
574.990 1625.454
575.030 1637.239
575.070 1611.309
575.110 1607.950
575.150 1588.733
575.190 1573.800
575.230 1513.867
575.270 1420.076
575.310 1392.999
575.350 1410.064
575.390 1403.842
575.420 1427.476
575.460 1472.682
575.500 1507.743
575.540 1485.090
575.580 1500.721
575.620 1524.209
575.660 1514.839
575.700 1535.469
575.740 1533.526
575.780 1548.153
575.820 1537.352
575.860 1450.692
575.900 1411.604
575.930 1440.228
575.970 1420.138
576.010 1404.333
576.050 1441.670
576.090 1510.863
576.130 1546.484
576.170 1540.247
576.210 1513.152
576.250 1514.200
576.290 1559.389
576.330 1525.578
576.370 1474.624
576.410 1500.525
576.440 1544.855
576.480 1583.612
576.520 1630.655
576.560 1633.411
576.600 1604.023
576.640 1579.064
576.680 1569.246
576.720 1558.142
576.760 1532.466
576.800 1459.075
576.840 1433.255
576.880 1443.291
576.920 1458.326
576.950 1417.647
576.990 1386.252
577.030 1441.142
577.070 1528.604
577.110 1513.921
577.150 1523.096
577.190 1518.555
577.230 1523.299
577.270 1520.042
577.310 1494.785
577.350 1482.385
577.390 1492.983
577.420 1465.153
577.460 1531.893
577.500 1586.775
577.540 1595.228
577.580 1546.967
577.620 1522.133
577.660 1493.155
577.700 1450.749
577.740 1366.056
577.780 1301.362
577.820 1337.382
577.860 1406.258
577.890 1395.563
577.930 1424.152
577.970 1530.598
578.010 1552.615
578.050 1578.059
578.090 1615.218
578.130 1671.947
578.170 1710.389
578.210 1696.117
578.250 1682.844
578.290 1747.142
578.330 1766.726
578.360 1703.594
578.400 1598.318
578.440 1535.900
578.480 1522.766
578.520 1481.346
578.560 1464.639
578.600 1448.218
578.640 1435.225
578.680 1433.516
578.720 1524.950
578.760 1625.812
578.800 1616.674
578.830 1557.963
578.870 1660.537
578.910 1713.683
578.950 1734.399
578.990 1691.257
579.030 1641.686
579.070 1668.829
579.110 1679.400
579.150 1583.256
579.190 1518.825
579.230 1564.109
579.260 1595.391
579.300 1592.816
579.340 1616.669
579.380 1710.807
579.420 1771.088
579.460 1776.368
579.500 1734.075
579.540 1728.640
579.580 1714.632
579.620 1654.767
579.660 1565.615
579.700 1562.177
579.730 1606.024
579.770 1572.156
579.810 1546.145
579.850 1533.848
579.890 1562.407
579.930 1558.823
579.970 1597.809
580.010 1683.367
580.050 1679.209
580.090 1628.194
580.130 1601.036
580.160 1591.734
580.200 1603.574
580.240 1484.271
580.280 1361.254
580.320 1405.378
580.360 1444.073
580.400 1492.340
580.440 1521.605
580.480 1526.728
580.520 1567.135
580.560 1589.542
580.590 1593.091
580.630 1637.068
580.670 1667.045
580.710 1650.593
580.750 1650.425
580.790 1668.543
580.830 1674.946
580.870 1637.206
580.910 1597.323
580.950 1641.153
580.990 1675.839
581.020 1663.383
581.060 1643.926
581.100 1660.611
581.140 1715.153
581.180 1701.122
581.220 1649.377
581.260 1687.489
581.300 1717.743
581.340 1702.568
581.380 1670.678
581.420 1621.359
581.450 1597.754
581.490 1554.577
581.530 1482.113
581.570 1474.507
581.610 1487.614
581.650 1480.577
581.690 1498.826
581.730 1570.218
581.770 1596.465
581.810 1590.570
581.850 1578.817
581.880 1621.635
581.920 1654.309
581.960 1637.412
582.000 1576.514
582.040 1571.901
582.080 1581.859
582.120 1562.674
582.160 1557.489
582.200 1548.303
582.240 1559.687
582.280 1622.929
582.310 1663.170
582.350 1765.839
582.390 1818.508
582.430 1790.461
582.470 1843.272
582.510 1919.653
582.550 1907.463
582.590 1820.986
582.630 1708.224
582.670 1743.460
582.700 1790.697
582.740 1720.218
582.780 1679.882
582.820 1729.403
582.860 1773.351
582.900 1765.157
582.940 1710.104
582.980 1707.480
583.020 1764.141
583.060 1734.088
583.100 1644.462
583.130 1654.407
583.170 1689.067
583.210 1692.297
583.250 1656.955
583.290 1657.756
583.330 1657.413
583.370 1639.928
583.410 1622.156
583.450 1604.955
583.490 1570.324
583.520 1549.694
583.560 1551.206
583.600 1602.860
583.640 1656.800
583.680 1648.882
583.720 1691.249
583.760 1785.330
583.800 1810.125
583.840 1734.777
583.880 1610.142
583.910 1614.936
583.950 1645.586
583.990 1585.808
584.030 1550.600
584.070 1598.249
584.110 1621.183
584.150 1674.689
584.190 1711.194
584.230 1766.984
584.270 1825.916
584.310 1788.420
584.340 1743.352
584.380 1801.140
584.420 1840.643
584.460 1765.287
584.500 1722.503
584.540 1730.004
584.580 1760.791
584.620 1763.862
584.660 1681.362
584.700 1701.433
584.730 1771.646
584.770 1737.716
584.810 1706.929
584.850 1743.712
584.890 1764.781
584.930 1782.850
584.970 1764.489
585.010 1785.414
585.050 1809.052
585.080 1763.833
585.120 1676.185
585.160 1628.109
585.200 1642.317
585.240 1636.668
585.280 1603.590
585.320 1562.226
585.360 1508.575
585.400 1460.925
585.440 1474.988
585.470 1481.622
585.510 1440.684
585.550 1378.889
585.590 1454.951
585.630 1590.298
585.670 1629.216
585.710 1604.990
585.750 1657.050
585.790 1759.824
585.830 1787.884
585.860 1702.800
585.900 1711.001
585.940 1783.916
585.980 1797.117
586.020 1689.603
586.060 1595.231
586.100 1620.002
586.140 1620.773
586.180 1512.543
586.220 1448.884
586.250 1502.367
586.290 1542.994
586.330 1516.191
586.370 1478.530
586.410 1510.155
586.450 1560.637
586.490 1570.547
586.530 1555.743
586.570 1632.509
586.600 1678.132
586.640 1678.898
586.680 1673.520
586.720 1718.857
586.760 1761.478
586.800 1739.242
586.840 1733.863
586.880 1778.055
586.920 1782.247
586.960 1777.438
586.990 1766.201
587.030 1766.534
587.070 1780.582
587.110 1731.629
587.150 1758.390
587.190 1848.865
587.230 1891.482
587.270 1842.956
587.310 1847.573
587.340 1853.618
587.380 1888.519
587.420 1856.992
587.460 1791.893
587.500 1800.222
587.540 1817.551
587.580 1764.308
587.620 1788.779
587.660 1803.107
587.690 1810.292
587.730 1784.476
587.770 1773.089
587.810 1815.987
587.850 1837.313
587.890 1756.210
587.930 1691.393
587.970 1650.718
588.010 1628.757
588.050 1574.510
588.080 1537.262
588.120 1597.586
588.160 1660.053
588.200 1642.376
588.240 1668.556
588.280 1781.164
588.320 1820.200
588.360 1764.808
588.400 1697.986
588.430 1674.593
588.470 1698.199
588.510 1648.806
588.550 1553.840
588.590 1549.588
588.630 1599.479
588.670 1576.513
588.710 1605.689
588.750 1688.436
588.780 1708.897
588.820 1666.786
588.860 1618.104
588.900 1681.421
588.940 1747.024
588.980 1689.912
589.020 1676.228
589.060 1716.401
589.100 1757.431
589.130 1831.889
589.170 1831.633
589.210 1832.947
589.250 1843.833
589.290 1786.004
589.330 1805.747
589.370 1866.774
589.410 1861.516
589.450 1807.686
589.480 1815.856
589.520 1882.025
589.560 1887.480
589.600 1797.220
589.640 1834.531
589.680 1894.271
589.720 1883.439
589.760 1802.749
589.800 1755.774
589.830 1783.369
589.870 1858.964
589.910 1795.131
589.950 1761.297
589.990 1786.748
590.030 1823.342
590.070 1792.079
590.110 1794.529
590.150 1853.408
590.180 1879.001
590.220 1858.736
590.260 1898.043
590.300 2006.777
590.340 2079.798
590.380 2044.246
590.420 1974.694
590.460 1959.142
590.490 1964.304
590.530 1938.751
590.570 1894.627
590.610 1953.931
590.650 2018.234
590.690 2011.109
590.730 2002.126
590.770 2054.286
590.810 2071.589
590.840 2050.034
590.880 2046.050
590.920 2088.637
590.960 2101.938
591.000 2090.382
591.040 2032.112
591.080 2062.841
591.120 2068.284
591.160 2001.869
591.190 1901.883
591.230 1878.468
591.270 1883.196
591.310 1875.066
591.350 1868.079
591.390 1932.949
591.430 1936.389
591.470 1949.544
591.500 2015.127
591.540 2082.282
591.580 2116.864
591.620 2070.875
591.660 2019.600
591.700 2107.039
591.740 2124.763
591.780 2008.345
591.820 1943.354
591.850 1987.649
591.890 1997.515
591.930 1952.667
591.970 1873.104
592.010 1922.969
592.050 2019.834
592.090 2035.271
592.130 1959.707
592.160 1942.428
592.200 1936.292
592.240 1902.727
592.280 1818.591
592.320 1798.454
592.360 1808.746
592.400 1832.608
592.440 1876.185
592.470 1975.619
592.510 2037.338
592.550 2102.485
592.590 2252.061
592.630 2437.493
592.670 2510.354
592.710 2530.929
592.750 2552.790
592.790 2626.936
592.820 2682.795
592.860 2613.512
592.900 2548.372
592.940 2578.659
592.980 2629.375
593.020 2651.948
593.060 2685.378
593.100 2768.951
593.130 2798.666
593.170 2752.952
593.210 2741.666
593.250 2779.809
593.290 2732.380
593.330 2657.380
593.370 2596.522
593.410 2565.235
593.440 2561.377
593.480 2541.233
593.520 2488.374
593.560 2471.372
593.600 2450.370
593.640 2416.796
593.680 2473.936
593.720 2556.790
593.750 2547.359
593.790 2512.498
593.830 2496.923
593.870 2466.348
593.910 2425.772
593.950 2342.768
593.990 2287.906
594.030 2311.615
594.060 2334.610
594.100 2355.034
594.140 2414.314
594.180 2488.880
594.220 2530.588
594.260 2495.153
594.300 2490.004
594.340 2489.568
594.380 2502.133
594.410 2496.126
594.450 2473.118
594.490 2504.396
594.530 2518.103
594.570 2476.523
594.610 2508.515
594.650 2546.221
594.690 2568.926
594.720 2564.632
594.760 2553.765
594.800 2524.184
594.840 2475.460
594.880 2426.879
594.920 2394.298
594.960 2356.716
594.990 2351.420
595.030 2284.694
595.070 2347.112
595.110 2407.244
595.150 2355.089
595.190 2277.935
595.230 2281.351
595.270 2275.768
595.300 2250.041
595.340 2144.029
595.380 2086.159
595.420 2114.574
595.460 2145.561
595.500 2084.976
595.540 2048.391
595.580 2103.092
595.610 2119.792
595.650 2081.635
595.690 2010.906
595.730 2012.605
595.770 2033.162
595.810 1988.432
595.850 1887.988
595.890 1842.259
595.920 1844.100
595.960 1828.655
596.000 1813.211
596.040 1854.337
596.080 1847.177
596.120 1799.446
596.160 1830.001
596.200 1842.698
596.230 1816.252
596.270 1727.520
596.310 1635.073
596.350 1620.627
596.390 1631.465
596.430 1564.447
596.470 1608.000
596.500 1686.981
596.540 1712.676
596.580 1701.085
596.620 1740.065
596.660 1798.903
596.700 1802.169
596.740 1721.863
596.780 1690.128
596.810 1662.536
596.850 1611.658
596.890 1546.494
596.930 1527.616
596.970 1606.595
597.010 1642.573
597.050 1630.837
597.090 1706.101
597.120 1812.650
597.160 1845.199
597.200 1818.319
597.240 1782.725
597.280 1797.702
597.320 1777.251
597.360 1709.942
597.390 1737.061
597.430 1819.466
597.470 1855.156
597.510 1826.846
597.550 1804.250
597.590 1897.512
597.630 1976.344
597.670 1901.033
597.700 1793.294
597.740 1813.840
597.780 1852.386
597.820 1869.075
597.860 1820.192
597.900 1756.594
597.940 1742.282
597.970 1760.256
598.010 1735.372
598.050 1733.917
598.090 1701.461
598.130 1678.577
598.170 1699.835
598.210 1724.236
598.250 1714.923
598.280 1680.180
598.320 1646.152
598.360 1684.124
598.400 1676.524
598.440 1666.067
598.480 1667.467
598.520 1682.009
598.550 1683.694
598.590 1671.950
598.630 1624.064
598.670 1669.748
598.710 1680.290
598.750 1669.974
598.790 1700.086
598.830 1742.484
598.860 1767.454
598.900 1768.994
598.940 1746.249
598.980 1800.075
599.020 1816.615
599.060 1764.440
599.100 1753.266
599.130 1768.091
599.170 1769.059
599.210 1736.884
599.250 1691.137
599.290 1733.819
599.330 1743.786
599.370 1694.896
599.400 1726.577
599.440 1777.543
599.480 1790.510
599.520 1735.333
599.560 1659.157
599.600 1736.694
599.640 1795.088
599.670 1707.197
599.710 1717.305
599.750 1786.985
599.790 1835.235
599.830 1850.057
599.870 1809.736
599.910 1782.987
599.950 1829.094
599.980 1756.201
600.020 1693.879
600.060 1685.986
600.100 1693.807
600.140 1660.199
600.180 1665.448
600.220 1636.554
600.250 1614.089
600.290 1607.766
600.330 1642.014
600.370 1657.691
600.410 1630.225
600.450 1585.187
600.490 1612.578
600.520 1732.540
600.560 1786.501
600.600 1767.749
600.640 1762.424
600.680 1843.243
600.720 1896.061
600.760 1884.165
600.790 1886.268
600.830 1886.658
600.870 1857.618
600.910 1818.435
600.950 1791.395
600.990 1839.498
601.030 1842.172
601.060 1727.989
601.100 1703.663
601.140 1776.765
601.180 1811.153
601.220 1777.969
601.260 1724.356
601.300 1784.458
601.330 1864.416
601.370 1850.946
601.410 1774.047
601.450 1787.148
601.490 1828.106
601.530 1822.063
601.570 1731.021
601.600 1710.121
601.640 1736.078
601.680 1771.750
601.720 1807.564
601.760 1797.663
601.800 1786.763
601.840 1827.005
601.870 1828.676
601.910 1895.489
601.950 1921.588
601.990 1838.687
602.030 1850.071
602.070 1939.169
602.110 1949.125
602.140 1935.366
602.180 1916.035
602.220 1910.133
602.260 1946.230
602.300 1930.756
602.340 1874.854
602.380 1902.094
602.410 1906.477
602.450 1817.288
602.490 1786.956
602.530 1753.481
602.570 1709.006
602.610 1701.245
602.650 1738.056
602.680 1763.009
602.720 1763.247
602.760 1735.057
602.800 1775.867
602.840 1855.534
602.880 1861.201
602.920 1773.296
602.950 1722.534
602.990 1707.914
603.030 1708.580
603.070 1665.246
603.110 1603.769
603.150 1630.864
603.190 1673.958
603.220 1706.766
603.260 1751.288
603.300 1781.811
603.340 1797.904
603.380 1804.855
603.420 1762.519
603.450 1723.327
603.490 1709.134
603.530 1680.227
603.570 1687.177
603.610 1693.126
603.650 1656.790
603.690 1604.454
603.720 1610.118
603.760 1667.495
603.800 1707.730
603.840 1688.679
603.880 1726.627
603.920 1778.862
603.960 1800.239
603.990 1771.901
604.030 1719.992
604.070 1702.512
604.110 1739.888
604.150 1702.550
604.190 1756.926
604.230 1864.303
604.260 1939.821
604.300 1929.626
604.340 1896.001
604.380 1960.091
604.420 2023.324
604.460 1961.413
604.490 1904.788
604.530 1874.020
604.570 1914.395
604.610 1952.056
604.650 1843.716
604.690 1828.519
604.730 1845.750
604.760 1804.696
604.800 1784.070
604.840 1825.587
604.880 1822.246
604.920 1818.334
604.960 1772.422
604.990 1760.081
605.030 1773.168
605.070 1789.256
605.110 1771.200
605.150 1791.430
605.190 1795.660
605.230 1759.747
605.260 1716.691
605.300 1766.920
605.340 1782.293
605.380 1733.950
605.420 1726.608
605.460 1790.408
605.500 1867.494
605.530 1937.009
605.570 1928.666
605.610 1948.323
605.650 1973.980
605.690 1949.065
605.730 1875.722
605.760 1842.521
605.800 1827.749
605.840 1834.977
605.880 1823.633
605.920 1836.289
605.960 1859.088
606.000 1880.029
606.030 1895.256
606.070 1887.483
606.110 1849.996
606.150 1806.651
606.190 1753.449
606.230 1767.390
606.260 1782.902
606.300 1742.271
606.340 1809.640
606.380 1868.866
606.420 1871.235
606.460 1872.460
606.490 1870.400
606.530 1925.626
606.570 1959.994
606.610 1873.219
606.650 1874.730
606.690 1942.241
606.730 1981.894
606.760 1977.119
606.800 1975.629
606.840 2002.425
606.880 1998.364
606.920 1928.874
606.960 1857.669
606.990 1864.751
607.030 1903.689
607.070 1862.913
607.110 1819.279
607.150 1841.931
607.190 1879.869
607.230 1924.521
607.260 1956.887
607.300 1938.539
607.340 1959.476
607.380 1996.413
607.420 2092.779
607.460 2219.430
607.490 2298.224
607.530 2290.875
607.570 2369.954
607.610 2523.748
607.650 2645.398
607.690 2678.049
607.720 2747.985
607.760 2911.350
607.800 3092.857
607.840 3200.364
607.880 3311.300
607.920 3525.235
607.960 3718.028
607.990 3769.820
608.030 3791.470
608.070 3889.119
608.110 4004.626
608.150 4109.703
608.190 4151.495
608.220 4255.430
608.260 4439.079
608.300 4618.442
608.340 4794.090
608.380 4992.453
608.420 5120.816
608.450 5230.178
608.490 5358.826
608.530 5505.617
608.570 5583.265
608.610 5598.056
608.650 5693.847
608.680 5801.208
608.720 5843.999
608.760 5852.646
608.800 5848.722
608.840 5908.226
608.880 5915.873
608.910 5801.663
608.950 5719.882
608.990 5692.528
609.030 5610.889
609.070 5508.250
609.110 5442.182
609.150 5423.828
609.180 5392.760
609.220 5342.978
609.260 5359.767
609.300 5426.413
609.340 5440.773
609.380 5366.276
609.410 5341.778
609.450 5404.424
609.490 5396.783
609.530 5363.571
609.570 5345.217
609.610 5306.719
609.640 5308.935
609.680 5289.723
609.720 5229.796
609.760 5233.727
609.800 5196.085
609.840 5140.158
609.870 5193.231
609.910 5217.590
609.950 5204.520
609.990 5149.449
610.030 5067.522
610.070 5021.594
610.100 4893.381
610.140 4724.453
610.180 4541.954
610.220 4376.883
610.260 4248.669
610.300 4080.026
610.330 3904.384
610.370 3797.598
610.410 3641.527
610.450 3501.170
610.490 3437.669
610.530 3336.169
610.560 3212.955
610.600 3071.026
610.640 2998.382
610.680 2958.596
610.720 2880.381
610.760 2736.737
610.790 2645.522
610.830 2612.735
610.870 2553.948
610.910 2442.018
610.950 2370.660
610.990 2386.016
611.020 2389.228
611.060 2339.584
611.100 2321.511
611.140 2344.009
611.180 2335.364
611.220 2235.576
611.250 2125.788
611.290 2048.429
611.330 1964.070
611.370 1872.424
611.410 1868.065
611.450 1901.848
611.480 1925.488
611.520 1915.414
611.560 1917.911
611.600 1997.265
611.640 1988.476
611.680 1907.687
611.710 1890.756
611.750 1966.967
611.790 1993.606
611.830 1944.674
611.870 1864.027
611.910 1899.666
611.940 1895.734
611.980 1793.087
612.020 1709.298
612.060 1734.651
612.100 1772.146
612.140 1746.214
612.170 1763.281
612.210 1837.205
612.250 1890.129
612.290 1891.767
612.330 1868.691
612.370 1901.757
612.400 1973.252
612.440 1920.605
612.480 1866.099
612.520 1916.308
612.560 1946.660
612.600 1932.869
612.630 1951.792
612.670 1947.287
612.710 1934.638
612.750 1922.990
612.790 1937.770
612.820 1951.835
612.860 1930.900
612.900 1809.966
612.940 1797.031
612.980 1859.096
613.020 1853.018
613.050 1756.226
613.090 1724.862
613.130 1780.499
613.170 1833.706
613.210 1794.485
613.250 1790.121
613.280 1851.328
613.320 1866.821
613.360 1816.886
613.400 1789.093
613.440 1806.157
613.480 1835.506
613.510 1831.713
613.550 1828.063
613.590 1852.984
613.630 1868.190
613.670 1819.825
613.710 1789.032
613.740 1835.952
613.780 1859.730
613.820 1811.079
613.860 1809.570
613.900 1827.491
613.930 1823.125
613.970 1807.331
614.010 1794.251
614.050 1768.885
614.090 1777.090
614.130 1753.296
614.160 1741.072
614.200 1865.278
614.240 1912.054
614.280 1827.545
614.320 1823.321
614.360 1878.955
614.390 1871.588
614.430 1832.079
614.470 1716.712
614.510 1735.345
614.550 1756.121
614.580 1663.754
614.620 1636.673
614.660 1671.591
614.700 1684.653
614.740 1697.142
614.780 1643.489
614.810 1708.693
614.850 1790.183
614.890 1715.386
614.930 1679.019
614.970 1688.365
615.010 1662.426
615.040 1672.772
615.080 1614.404
615.120 1588.750
615.160 1590.525
615.200 1581.014
615.230 1672.502
615.270 1693.562
615.310 1680.908
615.350 1690.825
615.390 1673.885
615.430 1669.088
615.460 1659.719
615.500 1561.921
615.540 1556.838
615.580 1549.612
615.620 1513.814
615.650 1561.159
615.690 1642.504
615.730 1712.849
615.770 1768.479
615.810 1786.681
615.850 1815.883
615.880 1878.227
615.920 1860.429
615.960 1819.059
616.000 1782.689
616.040 1813.176
616.080 1849.520
616.110 1835.579
616.150 1841.066
616.190 1858.124
616.230 1839.182
616.270 1803.526
616.300 1788.584
616.340 1822.927
616.380 1851.557
616.420 1800.614
616.460 1821.243
616.500 1854.015
616.530 1857.359
616.570 1795.130
616.610 1703.902
616.650 1707.102
616.690 1744.731
616.720 1667.359
616.760 1678.845
616.800 1782.759
616.840 1826.388
616.880 1828.159
616.920 1802.787
616.950 1795.986
616.990 1829.043
617.030 1788.957
617.070 1704.156
617.110 1770.355
617.140 1830.697
617.180 1827.039
617.220 1822.667
617.260 1873.152
617.300 1907.922
617.340 1897.121
617.370 1834.748
617.410 1795.518
617.450 1781.145
617.490 1761.344
617.530 1761.542
617.560 1743.312
617.600 1774.939
617.640 1793.566
617.680 1847.478
617.720 1912.391
617.750 1936.589
617.790 1874.787
617.830 1915.128
617.870 1942.183
617.910 1914.666
617.950 1848.007
617.980 1783.776
618.020 1789.116
618.060 1809.885
618.100 1747.511
618.140 1766.280
618.170 1811.905
618.210 1823.817
618.250 1808.871
618.290 1823.068
618.330 1840.837
618.370 1825.462
618.400 1717.659
618.440 1649.284
618.480 1689.481
618.520 1735.249
618.560 1689.446
618.590 1729.499
618.630 1820.553
618.670 1860.606
618.710 1866.374
618.750 1837.856
618.780 1860.195
618.820 1881.677
618.860 1777.587
618.900 1713.069
618.940 1732.550
618.980 1710.746
619.010 1670.085
619.050 1684.423
619.090 1709.905
619.130 1731.672
619.170 1712.581
619.200 1746.205
619.240 1752.829
619.280 1732.596
619.320 1654.363
619.360 1594.415
619.390 1632.896
619.430 1678.948
619.470 1600.000
619.510 1602.623
619.550 1668.532
619.590 1688.870
619.620 1700.493
619.660 1734.688
619.700 1729.025
619.740 1755.505
619.780 1761.700
619.810 1784.323
619.850 1788.946
619.890 1770.426
619.930 1694.620
619.970 1724.385
620.000 1818.151
620.040 1838.916
620.080 1779.967
620.120 1856.447
620.160 1882.355
620.190 1859.691
620.230 1788.599
620.270 1726.079
620.310 1759.701
620.350 1780.465
620.390 1640.659
620.420 1659.852
620.460 1737.903
620.500 1769.667
620.540 1713.289
620.580 1685.768
620.610 1715.389
620.650 1809.011
620.690 1778.346
620.730 1778.825
620.770 1836.732
620.800 1861.068
620.840 1791.260
620.880 1722.453
620.920 1649.074
620.960 1665.123
620.990 1629.173
621.030 1623.937
621.070 1656.558
621.110 1678.464
621.150 1713.656
621.180 1759.562
621.220 1823.183
621.260 1839.946
621.300 1748.567
621.340 1745.759
621.380 1801.950
621.410 1782.999
621.450 1757.905
621.490 1760.668
621.530 1811.431
621.570 1859.623
621.600 1834.100
621.640 1860.291
621.680 1866.482
621.720 1845.245
621.760 1751.436
621.790 1703.199
621.830 1751.818
621.870 1773.581
621.910 1705.057
621.950 1755.963
621.980 1876.868
622.020 1910.058
622.060 1848.820
622.100 1770.154
622.140 1796.487
622.170 1834.678
622.210 1777.154
622.250 1725.487
622.290 1747.535
622.330 1822.296
622.360 1847.201
622.400 1796.534
622.440 1743.581
622.480 1742.914
622.520 1704.390
622.550 1703.008
622.590 1672.484
622.630 1640.959
622.670 1634.578
622.710 1709.053
622.740 1763.957
622.780 1755.718
622.820 1724.622
622.860 1729.383
622.900 1792.001
622.930 1819.904
622.970 1766.951
623.010 1730.711
623.050 1795.472
623.090 1818.804
623.130 1773.422
623.160 1759.468
623.200 1758.942
623.240 1735.846
623.280 1709.749
623.320 1625.366
623.350 1580.412
623.390 1587.886
623.430 1505.503
623.470 1486.978
623.510 1566.452
623.540 1609.212
623.580 1644.686
623.620 1693.731
623.660 1797.063
623.700 1855.394
623.730 1813.439
623.770 1758.913
623.810 1790.958
623.850 1824.432
623.890 1783.334
623.920 1754.950
623.960 1815.567
624.000 1883.897
624.040 1861.657
624.080 1814.987
624.110 1831.746
624.150 1859.648
624.190 1775.121
624.230 1715.023
624.270 1730.496
624.300 1762.255
624.340 1741.156
624.380 1711.344
624.420 1710.531
624.450 1741.004
624.490 1702.334
624.530 1636.806
624.570 1664.422
624.610 1726.180
624.640 1744.367
624.680 1782.697
624.720 1854.169
624.760 1910.928
624.800 1920.971
624.830 1900.015
624.870 1870.202
624.910 1805.102
624.950 1713.860
624.990 1657.190
625.020 1664.376
625.060 1664.705
625.100 1603.606
625.140 1629.220
625.180 1720.121
625.210 1759.021
625.250 1735.779
625.290 1745.393
625.330 1810.579
625.370 1843.622
625.400 1809.236
625.440 1815.851
625.480 1890.608
625.520 1954.794
625.560 1945.979
625.590 1941.308
625.630 1992.922
625.670 1985.393
625.710 1908.578
625.750 1863.907
625.780 1896.235
625.820 1938.991
625.860 1883.177
625.900 1848.790
625.940 1866.690
625.970 1860.446
626.010 1815.060
626.050 1815.816
626.090 1866.001
626.130 1910.186
626.160 1898.228
626.200 1910.841
626.240 1949.883
626.280 1951.496
626.310 1835.967
626.350 1700.723
626.390 1665.764
626.430 1674.949
626.470 1630.562
626.500 1654.175
626.540 1721.359
626.580 1749.972
626.620 1740.870
626.660 1793.483
626.690 1858.239
626.730 1889.137
626.770 1826.750
626.810 1815.219
626.850 1910.689
626.880 1973.873
626.920 1895.914
626.960 1850.812
627.000 1885.281
627.040 1932.322
627.070 1893.934
627.110 1817.118
627.150 1845.302
627.190 1903.056
627.230 1846.240
627.260 1746.280
627.300 1731.464
627.340 1733.504
627.380 1684.830
627.410 1579.014
627.450 1566.054
627.490 1654.380
627.530 1735.991
627.570 1718.032
627.600 1712.357
627.640 1755.540
627.680 1764.009
627.720 1772.763
627.760 1798.803
627.790 1812.843
627.830 1820.597
627.870 1841.066
627.910 1864.248
627.950 1885.859
627.980 1851.185
628.020 1848.653
628.060 1866.121
628.100 1856.875
628.130 1817.629
628.170 1805.668
628.210 1847.707
628.250 1821.604
628.290 1723.214
628.320 1707.254
628.360 1744.293
628.400 1773.761
628.440 1749.657
628.480 1760.982
628.510 1780.449
628.550 1751.774
628.590 1684.241
628.630 1718.709
628.660 1755.176
628.700 1754.072
628.740 1694.825
628.780 1739.435
628.820 1813.903
628.850 1834.227
628.890 1796.837
628.930 1806.590
628.970 1780.342
629.010 1730.095
629.040 1666.848
629.080 1623.029
629.120 1611.067
629.160 1532.963
629.200 1469.287
629.230 1528.753
629.270 1610.791
629.310 1649.115
629.350 1639.439
629.380 1767.477
629.420 1923.229
629.460 1973.553
629.500 1939.876
629.540 1898.628
629.570 1869.238
629.610 1871.133
629.650 1751.885
629.690 1704.636
629.720 1723.245
629.760 1741.854
629.800 1780.892
629.840 1888.644
629.880 1957.110
629.910 1908.719
629.950 1815.899
629.990 1788.936
630.030 1807.402
630.070 1780.153
630.100 1701.905
630.140 1739.656
630.180 1894.979
630.220 1941.159
630.250 1903.910
630.290 1916.233
630.330 1970.841
630.370 1973.878
630.410 1891.486
630.440 1820.095
630.480 1857.846
630.520 1863.311
630.560 1814.490
630.600 1800.241
630.630 1805.135
630.670 1770.886
630.710 1719.208
630.750 1704.244
630.780 1759.852
630.820 1766.746
630.860 1716.925
630.900 1749.390
630.940 1831.855
630.970 1881.034
631.010 1863.927
631.050 1844.392
631.090 1883.999
631.120 1938.607
631.160 1893.643
631.200 1798.822
631.240 1806.572
631.280 1835.608
631.310 1791.786
631.350 1835.536
631.390 1873.715
631.430 1880.179
631.460 1909.786
631.500 1846.394
631.540 1839.286
631.580 1875.036
631.620 1770.357
631.650 1691.964
631.690 1686.857
631.730 1706.607
631.770 1745.642
631.800 1718.677
631.840 1693.855
631.880 1736.605
631.920 1723.212
631.960 1708.104
631.990 1711.425
632.030 1685.460
632.070 1636.781
632.110 1626.673
632.150 1598.850
632.180 1584.028
632.220 1554.777
632.260 1539.812
632.300 1571.276
632.330 1595.882
632.370 1577.202
632.410 1600.523
632.450 1635.557
632.490 1645.306
632.520 1642.055
632.560 1658.518
632.600 1706.410
632.640 1747.730
632.670 1734.907
632.710 1741.942
632.750 1784.690
632.790 1798.439
632.820 1767.187
632.860 1820.222
632.900 1890.113
632.940 1922.004
632.980 1919.753
633.010 1939.930
633.050 1941.678
633.090 1957.712
633.130 1885.317
633.160 1843.066
633.200 1843.385
633.240 1837.848
633.280 1785.024
633.320 1784.201
633.350 1815.949
633.390 1850.411
633.430 1829.588
633.470 1843.193
633.500 1836.226
633.540 1857.260
633.580 1868.294
633.620 1828.327
633.660 1781.646
633.690 1751.108
633.730 1694.427
633.770 1706.318
633.810 1725.780
633.840 1694.670
633.880 1662.275
633.920 1644.451
633.960 1717.912
634.000 1773.374
634.030 1747.836
634.070 1722.154
634.110 1786.045
634.150 1810.220
634.180 1808.682
634.220 1784.143
634.260 1819.319
634.300 1859.209
634.330 1840.813
634.370 1854.132
634.410 1928.022
634.450 1994.483
634.490 1971.373
634.520 1893.120
634.560 1927.724
634.600 1957.613
634.640 1851.646
634.670 1793.535
634.710 1814.853
634.750 1810.172
634.790 1816.347
634.830 1789.808
634.860 1784.697
634.900 1839.729
634.940 1825.333
634.980 1805.651
635.010 1859.112
635.050 1857.572
635.090 1796.890
635.130 1778.779
635.160 1780.526
635.200 1759.843
635.240 1669.018
635.280 1622.193
635.320 1684.796
635.350 1686.828
635.390 1673.860
635.430 1707.891
635.470 1754.352
635.500 1824.098
635.540 1827.129
635.580 1759.447
635.620 1839.050
635.650 1887.653
635.690 1825.399
635.730 1813.144
635.770 1802.319
635.810 1775.922
635.840 1743.524
635.880 1687.270
635.920 1664.730
635.960 1640.618
635.990 1599.078
636.030 1616.109
636.070 1679.712
636.110 1790.029
636.140 1818.203
636.180 1826.948
636.220 1917.551
636.260 1963.153
636.300 1925.041
636.330 1894.929
636.370 1863.246
636.410 1853.277
636.450 1829.593
636.480 1817.196
636.520 1867.369
636.560 1869.543
636.600 1795.716
636.630 1746.461
636.670 1727.778
636.710 1732.808
636.750 1689.125
636.780 1623.012
636.820 1655.757
636.860 1706.359
636.900 1730.818
636.940 1831.277
636.970 1892.450
637.010 1925.766
637.050 1914.797
637.090 1894.113
637.120 1907.143
637.160 1910.030
637.200 1826.489
637.240 1802.948
637.270 1813.407
637.310 1814.865
637.350 1767.895
637.390 1736.211
637.420 1732.384
637.460 1735.557
637.500 1718.015
637.540 1722.331
637.580 1776.075
637.610 1820.105
637.650 1818.849
637.690 1854.165
637.730 1876.051
637.760 1862.795
637.800 1770.111
637.840 1693.569
637.880 1714.884
637.910 1745.200
637.950 1678.229
637.990 1667.687
638.030 1686.288
638.060 1735.175
638.100 1727.776
638.140 1708.948
638.180 1728.834
638.220 1746.578
638.250 1698.607
638.290 1664.065
638.330 1712.094
638.370 1766.552
638.400 1740.296
638.440 1712.611
638.480 1764.783
638.520 1810.526
638.550 1799.555
638.590 1792.298
638.630 1812.042
638.670 1798.356
638.700 1776.814
638.740 1695.414
638.780 1668.300
638.820 1740.043
638.850 1734.358
638.890 1757.530
638.930 1826.273
638.970 1847.158
639.010 1871.901
639.040 1857.216
639.080 1834.673
639.120 1829.702
639.160 1783.873
639.190 1766.902
639.230 1795.359
639.270 1794.673
639.310 1805.273
639.340 1824.730
639.380 1807.330
639.420 1779.072
639.460 1762.672
639.490 1734.986
639.530 1758.586
639.570 1785.328
639.610 1731.214
639.640 1703.527
639.680 1734.984
639.720 1708.584
639.760 1691.040
639.790 1700.497
639.830 1702.811
639.870 1691.125
639.910 1692.295
639.940 1679.895
639.980 1716.637
640.020 1710.951
640.060 1668.550
640.100 1668.863
640.130 1723.463
640.170 1761.776
640.210 1753.947
640.250 1799.975
640.280 1890.288
640.320 1909.030
640.360 1882.629
640.400 1904.657
640.430 1972.970
640.470 1988.712
640.510 1892.025
640.550 1887.338
640.580 1901.937
640.620 1895.822
640.660 1872.849
640.700 1771.591
640.730 1731.904
640.770 1757.074
640.810 1686.530
640.850 1677.128
640.880 1722.870
640.920 1679.326
640.960 1660.353
641.000 1682.094
641.030 1707.979
641.070 1695.434
641.110 1666.033
641.150 1680.631
641.180 1740.230
641.220 1765.542
641.260 1782.284
641.300 1801.168
641.330 1833.052
641.370 1877.936
641.410 1833.677
641.450 1827.989
641.480 1906.445
641.520 1937.614
641.560 1908.355
641.600 1899.811
641.630 1897.409
641.670 1920.436
641.710 1924.176
641.750 1946.632
641.780 1977.087
641.820 2008.399
641.860 1995.283
641.900 1991.738
641.940 2018.621
641.970 2024.791
642.010 1963.246
642.050 1934.986
642.090 1953.727
642.120 1985.468
642.160 1941.065
642.200 1910.806
642.240 1938.546
642.270 1943.715
642.310 1936.742
642.350 1912.339
642.390 1890.508
642.420 1870.534
642.460 1806.132
642.500 1769.158
642.540 1790.327
642.570 1784.353
642.610 1758.807
642.650 1817.119
642.690 1934.716
642.720 1997.457
642.760 1985.054
642.800 1966.223
642.840 1948.534
642.870 1940.703
642.910 1877.014
642.950 1803.183
642.990 1787.780
643.020 1773.949
643.060 1710.403
643.100 1679.571
643.140 1727.311
643.170 1725.051
643.210 1699.505
643.250 1703.388
643.290 1725.556
643.320 1759.725
643.360 1792.893
643.400 1768.347
643.440 1765.944
643.470 1792.826
643.510 1790.709
643.550 1757.877
643.590 1753.474
643.620 1735.785
643.660 1699.953
643.700 1710.835
643.740 1700.718
643.770 1684.028
643.810 1684.054
643.850 1719.364
643.890 1750.389
643.920 1779.843
643.960 1798.582
644.000 1833.893
644.040 1900.918
644.070 1938.515
644.110 1886.111
644.150 1861.993
644.180 1859.589
644.220 1841.614
644.260 1806.353
644.300 1748.235
644.330 1765.546
644.370 1799.428
644.410 1796.024
644.450 1813.049
644.480 1840.216
644.520 1849.098
644.560 1826.837
644.600 1775.004
644.630 1769.886
644.670 1776.768
644.710 1777.078
644.750 1756.817
644.780 1846.270
644.820 1947.866
644.860 1948.176
644.900 1975.629
644.930 2022.511
644.970 2016.964
645.010 2015.559
645.050 1962.441
645.080 1934.608
645.120 1933.490
645.160 1870.228
645.200 1827.109
645.230 1798.848
645.270 1770.158
645.310 1718.182
645.350 1702.206
645.380 1772.516
645.420 1797.254
645.460 1795.707
645.500 1804.160
645.530 1813.469
645.570 1818.065
645.610 1829.089
645.650 1823.684
645.680 1845.137
645.720 1845.303
645.760 1839.042
645.800 1813.208
645.830 1780.661
645.870 1728.542
645.910 1679.137
645.940 1672.161
645.980 1663.184
646.020 1653.351
646.060 1669.946
646.090 1701.827
646.130 1675.993
646.170 1653.446
646.210 1650.326
646.240 1702.921
646.280 1768.516
646.320 1788.254
646.360 1778.420
646.390 1838.587
646.430 1866.610
646.470 1833.776
646.510 1763.514
646.540 1710.252
646.580 1758.275
646.620 1785.156
646.660 1749.750
646.690 1773.631
646.730 1826.654
646.770 1851.249
646.810 1834.701
646.840 1754.152
646.880 1737.318
646.920 1744.627
646.950 1716.650
646.990 1720.531
647.030 1728.697
647.070 1744.720
647.100 1712.886
647.140 1742.766
647.180 1809.074
647.220 1820.526
647.250 1791.120
647.290 1804.715
647.330 1886.023
647.370 1969.189
647.400 1919.355
647.440 1878.663
647.480 1870.115
647.520 1845.566
647.550 1801.589
647.590 1729.897
647.630 1698.063
647.670 1679.800
647.700 1605.108
647.740 1606.845
647.780 1662.725
647.810 1704.891
647.850 1705.056
647.890 1754.222
647.930 1851.387
647.960 1914.267
648.000 1872.718
648.040 1823.597
648.080 1790.477
648.110 1777.499
648.150 1730.236
648.190 1689.830
648.230 1721.138
648.260 1761.018
648.300 1737.897
648.340 1734.205
648.380 1758.942
648.410 1781.821
648.450 1781.558
648.490 1791.580
648.520 1817.459
648.560 1838.338
648.600 1879.218
648.640 1979.240
648.670 2078.976
648.710 2129.713
648.750 2102.449
648.790 2096.900
648.820 2162.779
648.860 2143.515
648.900 2033.251
648.940 1961.131
648.970 1950.867
649.010 1945.889
649.050 1879.053
649.080 1838.647
649.120 1878.669
649.160 1895.405
649.200 1881.569
649.230 1833.448
649.270 1820.756
649.310 1872.778
649.350 1855.371
649.380 1817.535
649.420 1841.557
649.460 1846.865
649.500 1847.029
649.530 1883.336
649.570 1885.501
649.610 1878.665
649.640 1856.258
649.680 1826.851
649.720 1851.159
649.760 1832.894
649.790 1742.059
649.830 1691.223
649.870 1732.244
649.910 1747.980
649.940 1732.287
649.980 1707.166
650.020 1718.616
650.060 1752.780
650.090 1771.230
650.130 1743.823
650.170 1793.558
650.200 1822.579
650.240 1763.315
650.280 1744.193
650.320 1760.215
650.350 1775.807
650.390 1743.685
650.430 1666.278
650.470 1617.156
650.500 1647.177
650.540 1657.913
650.580 1727.648
650.610 1755.812
650.650 1738.976
650.690 1721.568
650.730 1751.446
650.760 1785.182
650.800 1807.203
650.840 1731.081
650.880 1720.387
650.910 1824.265
650.950 1882.143
650.990 1867.593
651.020 1824.328
651.060 1821.634
651.100 1830.655
651.140 1796.247
651.170 1709.554
651.210 1693.289
651.250 1704.881
651.290 1699.330
651.320 1724.351
651.360 1770.372
651.400 1765.821
651.440 1788.841
651.470 1797.148
651.510 1766.454
651.550 1749.617
651.580 1721.352
651.620 1690.801
651.660 1738.107
651.700 1778.128
651.730 1769.434
651.770 1815.169
651.810 1846.618
651.850 1849.353
651.880 1826.659
651.920 1820.965
651.960 1830.842
651.990 1824.720
652.030 1789.883
652.070 1796.760
652.110 1818.923
652.140 1833.801
652.180 1809.250
652.220 1775.555
652.250 1802.004
652.290 1823.310
652.330 1800.473
652.370 1767.350
652.400 1754.942
652.440 1746.105
652.480 1732.839
652.520 1674.859
652.550 1632.022
652.590 1620.756
652.630 1581.348
652.660 1539.939
652.700 1540.102
652.740 1520.408
652.780 1548.713
652.810 1571.448
652.850 1631.896
652.890 1691.059
652.930 1754.221
652.960 1808.241
653.000 1844.975
653.040 1857.281
653.070 1930.301
653.110 1906.892
653.150 1877.626
653.190 1856.074
653.220 1797.665
653.260 1838.971
653.300 1882.705
653.330 1805.153
653.370 1773.030
653.410 1825.764
653.450 1887.355
653.480 1913.374
653.520 1856.679
653.560 1843.128
653.600 1917.004
653.630 1956.167
653.670 1895.472
653.710 1884.063
653.740 1937.225
653.780 1942.102
653.820 1905.121
653.860 1873.569
653.890 1867.874
653.930 1867.036
653.970 1809.913
654.000 1740.503
654.040 1742.666
654.080 1791.828
654.120 1814.133
654.150 1854.009
654.190 1933.314
654.230 1985.476
654.270 1975.495
654.300 1988.657
654.340 1938.962
654.380 1869.838
654.410 1831.572
654.450 1795.734
654.490 1779.324
654.530 1803.058
654.560 1786.934
654.600 1826.953
654.640 1845.972
654.670 1831.134
654.710 1782.867
654.750 1733.886
654.790 1776.762
654.820 1833.924
654.860 1776.657
654.900 1759.390
654.930 1776.124
654.970 1810.714
655.010 1816.161
655.050 1761.609
655.080 1700.342
655.120 1701.932
655.160 1710.094
655.190 1705.112
655.230 1666.845
655.270 1647.721
655.310 1681.597
655.340 1742.187
655.380 1812.206
655.420 1845.939
655.460 1835.386
655.490 1903.262
655.530 2008.138
655.570 2000.156
655.600 1952.889
655.640 1920.622
655.680 1903.355
655.720 1897.373
655.750 1842.820
655.790 1767.553
655.830 1765.429
655.860 1756.019
655.900 1717.751
655.940 1698.055
655.980 1680.645
656.010 1698.806
656.050 1759.253
656.090 1799.272
656.120 1817.147
656.160 1848.166
656.200 1866.184
656.240 1916.774
656.270 1963.220
656.310 1887.381
656.350 1799.685
656.380 1818.847
656.420 1879.579
656.460 1963.597
656.500 1997.044
656.530 2003.348
656.570 2128.937
656.610 2207.384
656.640 2182.545
656.680 2108.277
656.720 2055.295
656.760 2021.456
656.790 1973.617
656.830 1942.350
656.870 1970.225
656.900 1969.814
656.940 1932.118
656.980 1904.850
657.020 1956.439
657.050 1981.315
657.090 1913.761
657.130 1842.922
657.160 1833.225
657.200 1861.529
657.240 1859.547
657.280 1769.565
657.310 1753.154
657.350 1770.314
657.390 1745.047
657.420 1779.493
657.460 1827.225
657.500 1802.100
657.540 1833.546
657.570 1840.849
657.610 1854.153
657.650 1874.313
657.680 1822.331
657.720 1752.920
657.760 1736.223
657.790 1726.098
657.830 1709.401
657.870 1673.133
657.910 1685.008
657.940 1706.168
657.980 1731.472
658.020 1769.203
658.050 1748.792
658.090 1709.667
658.130 1712.542
658.170 1703.702
658.200 1701.577
658.240 1697.737
658.280 1682.897
658.310 1743.914
658.350 1820.360
658.390 1818.235
658.430 1794.109
658.460 1802.841
658.500 1873.430
658.540 1913.447
658.570 1854.607
658.610 1782.624
658.650 1777.356
658.690 1801.087
658.720 1763.962
658.760 1755.265
658.800 1775.139
658.830 1795.870
658.870 1836.602
658.910 1850.190
658.940 1872.922
658.980 1890.653
659.020 1841.099
659.060 1794.830
659.090 1774.847
659.130 1774.293
659.170 1759.310
659.200 1753.327
659.240 1820.058
659.280 1850.361
659.320 1836.378
659.350 1829.395
659.390 1797.412
659.430 1768.715
659.460 1755.017
659.500 1739.748
659.540 1783.622
659.580 1818.354
659.610 1904.799
659.650 1965.673
659.690 2005.547
659.720 1985.849
659.760 1932.723
659.800 1891.454
659.830 1932.471
659.870 1884.774
659.910 1843.790
659.950 1824.950
659.980 1800.538
660.020 1807.840
660.060 1781.714
660.090 1748.445
660.130 1747.176
660.170 1758.478
660.200 1755.067
660.240 1791.369
660.280 1832.385
660.320 1835.402
660.350 1809.704
660.390 1806.149
660.430 1815.594
660.460 1825.754
660.500 1829.770
660.540 1789.930
660.580 1808.518
660.610 1819.820
660.650 1817.693
660.690 1836.710
660.720 1936.155
660.760 1987.028
660.800 2013.759
660.830 2021.775
660.870 2013.077
660.910 2014.522
660.950 1985.253
660.980 1853.698
661.020 1786.857
661.060 1780.159
661.090 1767.889
661.130 1743.049
661.170 1723.779
661.200 1719.938
661.240 1740.383
661.280 1745.256
661.320 1710.130
661.350 1687.289
661.390 1719.591
661.430 1730.750
661.460 1717.623
661.500 1747.210
661.540 1785.512
661.570 1855.243
661.610 1899.259
661.650 1887.989
661.690 1893.291
661.720 1918.878
661.760 1946.751
661.800 1951.624
661.830 1887.355
661.870 1866.371
661.910 1910.101
661.940 1920.260
661.980 1896.561
662.020 1855.434
662.060 1861.450
662.090 1909.181
662.130 1867.339
662.170 1786.498
662.200 1743.657
662.240 1738.101
662.280 1704.260
662.310 1629.704
662.350 1585.291
662.390 1596.021
662.430 1610.180
662.460 1630.339
662.500 1650.926
662.540 1680.799
662.570 1684.672
662.610 1708.116
662.650 1764.132
662.680 1774.719
662.720 1770.020
662.760 1814.607
662.800 1863.337
662.830 1907.353
662.870 1894.511
662.910 1862.241
662.940 1836.828
662.980 1812.129
663.020 1748.002
663.050 1705.446
663.090 1705.604
663.130 1719.906
663.170 1723.778
663.200 1817.651
663.240 1910.666
663.280 1935.110
663.310 1912.840
663.350 1891.570
663.390 1901.728
663.420 1919.458
663.460 1882.187
663.500 1872.346
663.530 1893.361
663.570 1961.234
663.610 1983.106
663.650 1974.264
663.680 1993.565
663.720 2010.866
663.760 1937.310
663.790 1846.182
663.830 1804.769
663.870 1803.927
663.900 1812.800
663.940 1746.386
663.980 1756.116
664.020 1821.417
664.050 1884.718
664.090 1869.018
664.130 1877.891
664.160 1840.763
664.200 1834.350
664.240 1791.365
664.270 1800.237
664.310 1837.538
664.350 1847.696
664.380 1811.568
664.420 1828.583
664.460 1838.027
664.500 1824.184
664.530 1810.771
664.570 1820.786
664.610 1872.801
664.640 1881.959
664.680 1917.974
664.720 1952.131
664.750 1962.004
664.790 1906.733
664.830 1872.748
664.860 1858.048
664.900 1901.920
664.940 1882.935
664.980 1855.664
665.010 1857.965
665.050 1873.980
665.090 1821.852
665.120 1800.724
665.160 1815.024
665.200 1821.753
665.230 1814.339
665.270 1809.497
665.310 1850.940
665.340 1907.098
665.380 1901.541
665.420 1844.699
665.460 1844.713
665.490 1895.442
665.530 1884.457
665.570 1841.329
665.600 1857.344
665.640 1856.072
665.680 1849.944
665.710 1863.959
665.750 1852.973
665.790 1885.988
665.820 1877.574
665.860 1841.589
665.900 1847.746
665.930 1871.046
665.970 1844.489
666.010 1799.790
666.050 1750.375
666.080 1727.819
666.120 1703.690
666.160 1632.847
666.190 1605.148
666.230 1586.591
666.270 1565.605
666.300 1631.905
666.340 1709.205
666.380 1723.220
666.410 1768.663
666.450 1777.677
666.490 1796.977
666.530 1826.420
666.560 1770.006
666.600 1724.306
666.640 1709.463
666.670 1700.334
666.710 1677.777
666.750 1649.649
666.780 1686.377
666.820 1716.391
666.860 1682.120
666.890 1705.277
666.930 1742.863
666.970 1768.305
667.000 1766.891
667.040 1758.334
667.080 1778.348
667.120 1831.648
667.150 1835.805
667.190 1831.105
667.230 1845.690
667.260 1847.419
667.300 1815.290
667.340 1771.304
667.370 1772.318
667.410 1775.189
667.450 1759.632
667.480 1751.074
667.520 1797.088
667.560 1808.817
667.590 1838.259
667.630 1883.416
667.670 1898.430
667.700 1917.015
667.740 1928.315
667.780 1934.758
667.820 1954.629
667.850 1887.643
667.890 1789.085
667.930 1786.528
667.960 1817.113
668.000 1824.841
668.040 1764.569
668.070 1728.297
668.110 1839.597
668.150 1917.468
668.180 1908.339
668.220 1828.210
668.260 1752.223
668.290 1755.952
668.330 1767.537
668.370 1717.979
668.400 1747.564
668.440 1786.721
668.480 1827.877
668.520 1902.891
668.550 1963.905
668.590 2017.061
668.630 1984.789
668.660 1837.374
668.700 1783.817
668.740 1785.402
668.770 1754.415
668.810 1695.572
668.850 1662.585
668.880 1689.885
668.920 1733.613
668.960 1744.055
668.990 1778.640
669.030 1791.368
669.070 1770.524
669.100 1780.966
669.140 1777.980
669.180 1811.136
669.210 1864.435
669.250 1852.449
669.290 1896.605
669.320 1994.904
669.360 1981.632
669.400 1972.931
669.440 1953.802
669.470 1885.244
669.510 1843.114
669.550 1795.699
669.580 1745.141
669.620 1729.011
669.660 1733.596
669.690 1751.038
669.730 1781.766
669.770 1855.636
669.800 1911.650
669.840 1967.377
669.880 2036.105
669.910 2084.832
669.950 2085.846
669.990 2064.716
670.020 2017.586
670.060 1962.742
670.100 1894.184
670.130 1819.626
670.170 1830.782
670.210 1852.224
670.240 1875.237
670.280 1858.250
670.320 1833.692
670.350 1814.134
670.390 1825.575
670.430 1767.160
670.470 1742.030
670.500 1695.186
670.540 1700.199
670.580 1757.641
670.610 1781.797
670.650 1793.381
670.690 1767.680
670.720 1809.122
670.760 1867.849
670.800 1852.862
670.830 1817.304
670.870 1809.460
670.910 1815.330
670.940 1837.914
670.980 1818.356
671.020 1786.369
671.050 1845.382
671.090 1878.109
671.130 1880.836
671.160 1839.849
671.200 1843.433
671.240 1839.446
671.270 1830.602
671.310 1780.472
671.350 1677.771
671.380 1612.069
671.420 1652.511
671.460 1677.381
671.490 1715.965
671.530 1777.406
671.570 1812.276
671.600 1942.432
671.640 2051.730
671.680 2048.600
671.710 2018.470
671.750 2001.911
671.790 1962.067
671.830 1936.937
671.860 1851.521
671.900 1766.248
671.940 1705.832
671.970 1694.559
672.010 1646.429
672.050 1658.727
672.080 1723.169
672.120 1764.038
672.160 1797.051
672.190 1862.778
672.230 1913.791
672.270 1935.232
672.300 1932.102
672.340 1889.971
672.380 1844.698
672.410 1860.425
672.450 1886.152
672.490 1874.164
672.520 1882.177
672.560 1813.761
672.600 1738.773
672.630 1740.643
672.670 1743.370
672.710 1690.811
672.740 1657.966
672.780 1658.836
672.820 1709.134
672.850 1722.289
672.890 1717.730
672.930 1717.314
672.960 1773.612
673.000 1793.911
673.040 1787.209
673.070 1808.650
673.110 1908.948
673.150 1977.531
673.180 1989.544
673.220 1959.270
673.260 1935.854
673.290 1912.867
673.330 1874.736
673.370 1850.891
673.400 1859.904
673.440 1850.059
673.480 1824.357
673.510 1854.655
673.550 1892.667
673.590 1920.393
673.620 1871.263
673.660 1835.847
673.700 1888.716
673.730 1915.728
673.770 1901.169
673.810 1912.895
673.840 1942.050
673.880 1979.920
673.920 1980.360
673.950 1955.801
673.990 1941.528
674.030 1918.683
674.060 1911.266
674.100 1882.993
674.140 1839.148
674.170 1814.017
674.210 1760.600
674.250 1751.612
674.280 1772.767
674.320 1712.494
674.360 1675.363
674.390 1720.089
674.430 1744.815
674.470 1769.827
674.500 1800.125
674.540 1785.137
674.580 1851.578
674.610 1897.304
674.650 1852.602
674.690 1860.328
674.720 1897.340
674.760 1911.066
674.800 1967.078
674.830 1979.947
674.870 1970.245
674.910 1963.971
674.940 1942.126
674.980 1972.995
675.020 2006.721
675.050 1982.590
675.090 1936.602
675.130 1934.899
675.160 1954.626
675.200 1926.066
675.240 1814.649
675.270 1712.804
675.310 1651.530
675.350 1597.970
675.380 1574.696
675.420 1630.708
675.460 1683.006
675.490 1749.732
675.530 1777.315
675.570 1855.184
675.600 1933.195
675.640 1962.921
675.680 1877.362
675.710 1819.373
675.750 1784.099
675.790 1787.540
675.820 1730.694
675.860 1723.277
675.900 1748.860
675.930 1792.015
675.970 1815.455
676.010 1838.324
676.040 1834.335
676.080 1847.061
676.120 1840.930
676.150 1789.085
676.190 1780.525
676.230 1815.108
676.260 1774.691
676.300 1812.702
676.340 1855.571
676.370 1827.011
676.410 1799.023
676.450 1805.463
676.480 1838.617
676.520 1839.629
676.560 1741.926
676.590 1699.937
676.630 1739.234
676.670 1792.246
676.700 1824.400
676.740 1831.983
676.780 1865.995
676.810 1898.720
676.850 1874.160
676.890 1843.743
676.920 1866.897
676.960 1816.766
676.990 1748.349
677.030 1743.503
677.070 1787.371
677.100 1797.097
677.140 1756.537
677.180 1729.406
677.210 1765.845
677.250 1625.857
677.290 1584.458
677.320 1518.697
677.360 1503.052
