537.190 293.839
537.230 279.704
537.270 227.904
537.310 216.870
537.350 283.322
537.390 343.211
537.430 311.679
537.470 287.870
537.510 342.499
537.550 398.849
537.590 429.065
537.630 438.717
537.670 491.378
537.710 531.046
537.750 481.150
537.790 414.120
537.830 458.668
537.870 467.224
537.910 418.216
537.950 414.501
537.990 529.508
538.030 601.237
538.070 612.543
538.110 540.000
538.150 537.464
538.190 557.363
538.230 492.127
538.270 322.754
538.310 321.531
538.350 365.600
538.390 368.104
538.430 403.043
538.470 443.417
538.510 443.941
538.560 447.042
538.600 460.149
538.640 547.262
538.680 608.524
538.720 525.792
538.760 529.209
538.800 599.489
538.840 618.203
538.880 520.780
538.920 437.505
538.960 466.235
539.000 574.686
539.040 555.427
539.080 494.888
539.120 541.925
539.160 571.968
539.200 513.016
539.240 436.640
539.280 481.840
539.320 489.188
539.360 465.826
539.400 491.755
539.440 587.689
539.480 642.055
539.520 647.140
539.560 560.944
539.600 568.752
539.640 626.993
539.680 579.524
539.720 516.345
539.760 517.312
539.800 498.998
539.840 438.544
539.880 407.524
539.920 503.078
539.960 535.207
540.000 485.911
540.040 430.905
540.080 512.331
540.120 581.331
540.160 585.763
540.200 548.056
540.240 610.495
540.280 694.222
540.320 744.382
540.360 728.972
540.400 740.995
540.440 706.877
540.480 591.905
540.520 533.650
540.560 554.397
540.600 579.147
540.640 557.900
540.680 534.941
540.720 584.127
540.760 637.458
540.800 596.077
540.840 574.127
540.880 603.893
540.920 584.376
540.960 533.290
541.000 565.919
541.040 636.122
541.080 674.184
541.120 606.248
541.160 572.599
541.200 629.094
541.240 669.734
541.280 590.947
541.320 509.019
541.360 497.520
541.400 517.023
541.440 464.385
541.480 454.890
541.520 526.397
541.560 548.762
541.600 569.699
541.640 623.495
541.680 716.434
541.720 767.661
541.760 747.459
541.800 655.829
541.840 611.344
541.880 587.858
541.920 554.088
541.960 530.604
542.000 597.978
542.040 627.495
542.080 647.727
542.120 734.245
542.160 776.763
542.200 743.138
542.240 681.943
542.280 618.176
542.320 573.552
542.360 563.928
542.400 523.590
542.440 556.109
542.480 674.057
542.520 736.861
542.560 701.808
542.600 723.184
542.640 762.274
542.680 756.363
542.720 705.023
542.760 710.397
542.800 766.914
542.840 789.716
542.880 749.660
542.920 764.032
542.970 876.547
543.010 921.346
543.050 806.716
543.090 737.657
543.130 853.597
543.170 914.679
543.210 872.046
543.250 801.412
543.290 824.349
543.330 833.141
543.370 761.790
543.410 636.581
543.450 682.656
543.490 762.015
543.530 729.802
543.570 693.445
543.610 766.087
543.650 809.156
543.690 805.223
543.730 796.575
543.770 824.783
543.810 829.989
543.850 790.336
543.890 774.396
543.930 786.455
543.970 772.798
544.010 697.853
544.050 590.335
544.090 706.959
544.130 770.438
544.170 718.343
544.210 768.819
544.250 872.435
544.290 925.764
544.330 970.519
544.370 942.987
544.410 997.453
544.450 1013.345
544.490 949.950
544.530 925.695
544.570 978.867
544.610 1001.465
544.650 896.490
544.690 826.656
544.730 861.819
544.770 868.266
544.810 809.567
544.850 797.009
544.890 811.306
544.930 843.173
544.970 796.608
545.010 760.183
545.050 812.471
545.090 865.042
545.130 784.467
545.170 742.747
545.210 806.025
545.250 833.157
545.290 806.573
545.330 772.557
545.370 801.967
545.410 837.946
545.450 796.208
545.490 745.896
545.530 820.867
545.570 878.549
545.610 845.657
545.650 810.477
545.690 825.294
545.730 878.823
545.770 862.205
545.810 782.728
545.850 782.819
545.890 810.194
545.930 777.993
545.960 735.362
546.000 762.441
546.040 769.804
546.080 749.592
546.120 695.091
546.160 691.016
546.200 709.366
546.240 742.285
546.280 761.057
546.320 832.541
546.360 913.451
546.400 943.928
546.440 979.689
546.480 1051.303
546.520 1057.628
546.560 1003.807
546.600 955.841
546.640 957.728
546.680 993.183
546.720 948.635
546.760 944.655
546.800 970.101
546.840 953.543
546.880 921.982
546.920 917.704
546.960 907.136
547.000 898.565
547.040 860.133
547.080 907.413
547.120 972.117
547.160 989.533
547.200 925.945
547.240 918.067
547.280 954.616
547.320 932.874
547.360 845.416
547.400 873.810
547.440 957.345
547.480 960.161
547.520 919.260
547.560 955.641
547.600 976.875
547.640 958.677
547.680 879.333
547.720 848.557
547.760 901.921
547.800 960.280
547.840 918.065
547.880 881.703
547.920 915.909
547.960 929.683
548.000 863.882
548.040 845.220
548.080 872.555
548.120 899.886
548.160 919.213
548.200 952.108
548.240 1015.285
548.280 1032.459
548.320 1014.200
548.360 969.795
548.400 934.100
548.440 933.259
548.480 899.414
548.520 869.994
548.560 924.856
548.600 952.857
548.640 937.283
548.680 1005.992
548.720 1117.982
548.760 1173.254
548.800 1137.094
548.840 1086.215
548.880 1132.048
548.920 1171.591
548.960 1124.701
549.000 1078.237
549.040 1053.626
549.080 1071.725
549.120 1083.964
549.160 1042.056
549.200 986.287
549.240 941.800
549.280 911.880
549.320 919.243
549.360 979.888
549.400 997.671
549.440 961.880
549.480 1003.942
549.520 1084.143
549.560 1055.483
549.600 1007.533
549.640 997.866
549.680 1043.909
549.720 1085.662
549.760 1082.983
549.800 1076.158
549.840 1124.329
549.880 1139.781
549.920 1074.087
549.960 1049.818
550.000 1043.402
550.040 1039.697
550.080 982.416
550.120 915.275
550.160 986.273
550.200 1036.266
550.240 991.399
550.280 1088.243
550.320 1210.940
550.350 1272.775
550.390 1267.607
550.430 1233.150
550.470 1274.689
550.510 1318.081
550.550 1220.755
550.590 1149.568
550.630 1155.378
550.670 1201.612
550.710 1169.128
550.750 1139.069
550.790 1206.435
550.830 1232.940
550.870 1175.584
550.910 1176.938
550.950 1198.575
550.990 1210.207
551.030 1158.265
551.070 1058.747
551.110 1088.226
551.150 1138.415
551.190 1085.600
551.230 1017.639
551.270 984.531
551.310 956.134
551.350 918.447
551.390 866.328
551.430 838.348
551.470 856.936
551.510 902.520
551.550 996.101
551.590 1090.106
551.630 1124.536
551.670 1059.534
551.710 1044.671
551.750 1116.232
551.790 1118.219
551.830 1025.202
551.870 1028.610
551.910 1139.014
551.950 1226.272
551.990 1227.811
552.030 1238.490
552.070 1331.880
552.110 1355.266
552.150 1258.791
552.190 1164.169
552.230 1210.401
552.270 1252.772
552.310 1169.711
552.350 1036.218
552.390 1109.864
552.430 1187.507
552.470 1182.288
552.510 1199.780
552.550 1296.126
552.590 1374.611
552.630 1438.235
552.660 1393.570
552.700 1390.187
552.740 1406.944
552.780 1284.839
552.820 1167.589
552.860 1172.763
552.900 1179.791
552.940 1160.386
552.980 1192.835
553.020 1268.710
553.060 1363.294
553.100 1349.019
553.140 1304.168
553.180 1332.742
553.220 1348.599
553.260 1285.452
553.300 1216.587
553.340 1179.861
553.380 1190.561
553.420 1148.114
553.460 1088.664
553.500 1133.496
553.540 1160.610
553.580 1150.578
553.620 1164.542
553.660 1184.646
553.700 1190.175
553.740 1188.415
553.780 1130.794
553.820 1138.598
553.860 1164.684
553.900 1120.625
553.940 1130.133
553.980 1219.781
554.020 1228.425
554.060 1196.351
554.100 1184.275
554.140 1159.480
554.180 1151.539
554.220 1108.738
554.260 1092.933
554.300 1170.125
554.340 1224.743
554.380 1188.642
554.410 1180.681
554.450 1299.145
554.490 1358.178
554.530 1270.635
554.570 1214.233
554.610 1212.541
554.650 1265.560
554.690 1292.147
554.730 1260.160
554.770 1270.597
554.810 1297.746
554.850 1240.177
554.890 1240.320
554.930 1247.887
554.970 1219.309
555.010 1116.012
555.050 1058.142
555.090 1116.696
555.130 1159.105
555.170 1121.938
555.210 1119.055
555.250 1179.454
555.290 1234.278
555.330 1230.956
555.370 1132.631
555.410 1140.017
555.450 1179.543
555.490 1132.637
555.530 1142.299
555.570 1270.529
555.610 1337.185
555.650 1387.695
555.690 1413.488
555.730 1479.848
555.770 1511.920
555.810 1444.275
555.850 1360.055
555.890 1318.118
555.920 1303.034
555.960 1271.091
556.000 1238.716
556.040 1230.480
556.080 1213.099
556.120 1134.000
556.160 1094.470
556.200 1193.651
556.240 1243.257
556.280 1179.290
556.320 1189.604
556.360 1246.773
556.400 1271.939
556.440 1311.959
556.480 1294.404
556.520 1277.276
556.560 1254.287
556.600 1204.009
556.640 1211.728
556.680 1246.587
556.720 1232.587
556.760 1154.440
556.800 1169.576
556.840 1258.138
556.880 1283.268
556.920 1217.253
556.960 1220.377
557.000 1289.213
557.040 1322.474
557.080 1294.018
557.120 1319.131
557.160 1409.098
557.200 1467.206
557.240 1434.167
557.270 1436.268
557.310 1498.081
557.350 1506.605
557.390 1413.412
557.430 1329.788
557.470 1380.018
557.510 1441.531
557.550 1401.898
557.590 1420.406
557.630 1462.625
557.670 1478.841
557.710 1476.197
557.750 1443.264
557.790 1502.044
557.830 1548.249
557.870 1430.022
557.910 1363.222
557.950 1426.847
557.990 1486.898
558.030 1502.375
558.070 1501.278
558.110 1481.750
558.150 1511.076
558.190 1498.542
558.230 1482.291
558.270 1503.609
558.310 1509.353
558.350 1430.380
558.390 1435.261
558.430 1490.425
558.460 1523.730
558.500 1481.032
558.540 1454.046
558.580 1429.914
558.620 1387.351
558.660 1336.214
558.700 1328.645
558.740 1371.217
558.780 1398.215
558.820 1323.925
558.860 1361.061
558.900 1448.622
558.940 1466.467
558.980 1404.738
559.020 1399.720
559.060 1453.986
559.100 1511.107
559.140 1432.224
559.180 1380.340
559.220 1356.309
559.260 1380.705
559.300 1338.242
559.340 1236.633
559.380 1229.307
559.420 1299.978
559.460 1293.219
559.500 1288.457
559.540 1259.979
559.570 1216.926
559.610 1201.157
559.650 1199.957
559.690 1171.754
559.730 1164.120
559.770 1183.627
559.810 1247.560
559.850 1320.348
559.890 1381.561
559.930 1367.916
559.970 1359.410
560.010 1403.331
560.050 1411.964
560.090 1315.451
560.130 1303.794
560.170 1333.134
560.210 1362.614
560.250 1370.092
560.290 1372.425
560.330 1439.756
560.370 1511.227
560.410 1526.696
560.450 1565.448
560.490 1602.912
560.530 1582.088
560.570 1530.548
560.600 1469.005
560.640 1523.031
560.680 1522.484
560.720 1492.220
560.760 1470.668
560.800 1517.686
560.840 1533.129
560.880 1497.285
560.920 1440.010
560.960 1442.447
561.000 1400.310
561.040 1355.314
561.080 1308.030
561.120 1306.601
561.160 1309.312
561.200 1256.450
561.240 1250.300
561.280 1299.291
561.320 1313.422
561.360 1288.266
561.400 1285.107
561.440 1394.661
561.480 1473.498
561.520 1418.047
561.550 1358.165
561.590 1348.853
561.630 1378.396
561.670 1359.222
561.710 1346.760
561.750 1379.154
561.790 1423.688
561.830 1457.649
561.870 1500.322
561.910 1557.278
561.950 1592.804
561.990 1498.756
562.030 1464.992
562.070 1445.512
562.110 1390.887
562.150 1378.402
562.190 1322.059
562.230 1308.713
562.270 1334.080
562.310 1299.444
562.350 1312.378
562.390 1381.596
562.430 1366.383
562.460 1351.596
562.500 1404.522
562.540 1461.874
562.580 1459.511
562.620 1453.716
562.660 1453.063
562.700 1515.264
562.740 1531.321
562.780 1450.805
562.820 1400.857
562.860 1405.194
562.900 1369.386
562.940 1299.290
562.980 1256.478
563.020 1262.807
563.060 1262.705
563.100 1262.602
563.140 1327.068
563.180 1409.532
563.220 1442.994
563.260 1393.454
563.300 1334.770
563.330 1371.369
563.370 1360.967
563.410 1274.420
563.450 1260.442
563.490 1301.462
563.530 1325.195
563.570 1384.212
563.610 1391.512
563.650 1461.526
563.690 1531.822
563.730 1507.403
563.770 1490.839
563.810 1536.845
563.850 1547.849
563.890 1522.565
563.930 1443.851
563.970 1435.992
564.010 1437.703
564.050 1407.984
564.090 1378.691
564.130 1389.968
564.160 1377.672
564.200 1378.946
564.240 1367.217
564.280 1462.344
564.320 1500.898
564.360 1431.022
564.400 1406.144
564.440 1468.264
564.480 1450.954
564.520 1370.356
564.560 1296.185
564.600 1335.012
564.640 1378.695
564.680 1405.662
564.720 1439.913
564.760 1484.448
564.800 1529.981
564.840 1469.513
564.880 1447.614
564.920 1587.285
564.950 1586.383
564.990 1499.479
565.030 1506.431
565.070 1517.095
565.110 1518.043
565.150 1431.419
565.190 1262.649
565.230 1224.021
565.270 1232.249
565.310 1190.475
565.350 1205.699
565.390 1297.207
565.430 1337.571
565.470 1330.933
565.510 1348.865
565.550 1381.653
565.590 1399.010
565.630 1371.938
565.670 1301.006
565.700 1317.216
565.740 1387.567
565.780 1360.488
565.820 1306.693
565.860 1325.753
565.900 1322.384
565.940 1324.013
565.980 1389.783
566.020 1458.266
566.060 1497.747
566.100 1504.370
566.140 1559.706
566.180 1674.754
566.220 1714.800
566.260 1633.560
566.300 1575.889
566.340 1590.646
566.380 1610.543
566.420 1541.868
566.450 1482.477
566.490 1503.942
566.530 1500.834
566.570 1470.295
566.610 1479.898
566.650 1518.928
566.690 1498.957
566.730 1444.270
566.770 1448.153
566.810 1534.463
566.850 1555.771
566.890 1511.793
566.930 1518.527
566.970 1642.402
567.010 1707.991
567.050 1682.149
567.090 1662.449
567.130 1738.319
567.160 1780.902
567.200 1727.911
567.240 1667.063
567.280 1689.213
567.320 1678.790
567.360 1598.937
567.400 1571.797
567.440 1606.941
567.480 1636.798
567.520 1603.368
567.560 1602.508
567.600 1658.504
567.640 1671.070
567.680 1575.206
567.720 1512.626
567.760 1578.902
567.800 1595.177
567.840 1504.021
567.870 1475.865
567.910 1544.707
567.950 1610.690
567.990 1633.673
568.030 1559.225
568.070 1554.062
568.110 1591.611
568.150 1524.160
568.190 1496.278
568.230 1502.395
568.270 1471.225
568.310 1439.054
568.350 1424.167
568.390 1462.279
568.430 1488.818
568.470 1420.499
568.510 1404.750
568.540 1452.713
568.580 1478.533
568.620 1471.209
568.660 1506.168
568.700 1616.984
568.740 1679.370
568.780 1628.755
568.820 1575.710
568.860 1642.806
568.900 1688.330
568.940 1593.567
568.980 1482.517
569.020 1428.751
569.060 1411.270
569.100 1376.645
569.140 1291.304
569.170 1331.819
569.210 1377.904
569.250 1385.417
569.290 1457.785
569.330 1558.867
569.370 1664.805
569.410 1710.598
569.450 1627.390
569.490 1658.467
569.530 1699.114
569.570 1649.903
569.610 1598.976
569.650 1553.477
569.690 1539.690
569.730 1534.474
569.770 1501.543
569.800 1530.467
569.840 1573.533
569.880 1562.455
569.920 1547.376
569.960 1504.867
570.000 1460.929
570.040 1408.989
570.080 1359.905
570.120 1370.535
570.160 1412.306
570.200 1413.933
570.240 1482.845
570.280 1600.898
570.320 1652.093
570.360 1604.430
570.400 1563.766
570.430 1582.243
570.470 1576.862
570.510 1508.052
570.550 1444.955
570.590 1478.570
570.630 1531.614
570.670 1519.227
570.710 1463.697
570.750 1486.880
570.790 1538.205
570.830 1585.242
570.870 1594.851
570.910 1567.172
570.950 1553.207
570.990 1519.954
571.020 1512.272
571.060 1558.447
571.100 1526.191
571.140 1441.935
571.180 1491.248
571.220 1574.561
571.260 1611.301
571.300 1597.184
571.340 1554.207
571.380 1620.659
571.420 1670.395
571.460 1602.844
571.500 1570.435
571.540 1611.311
571.580 1591.900
571.610 1511.203
571.650 1481.361
571.690 1531.090
571.730 1539.389
571.770 1469.116
571.810 1474.842
571.850 1561.995
571.890 1603.147
571.930 1555.013
571.970 1465.163
572.010 1510.884
572.050 1576.318
572.090 1523.465
572.130 1494.897
572.170 1574.471
572.200 1603.758
572.240 1596.616
572.280 1625.044
572.320 1649.471
572.360 1654.183
572.400 1594.465
572.440 1549.318
572.480 1556.741
572.520 1617.449
572.560 1564.584
572.600 1521.862
572.640 1602.852
572.680 1650.556
572.720 1633.688
572.750 1658.676
572.790 1612.806
572.830 1584.792
572.870 1572.205
572.910 1513.761
572.950 1529.744
572.990 1538.726
573.030 1438.850
573.070 1413.545
573.110 1442.382
573.150 1452.074
573.190 1465.195
573.230 1453.171
573.270 1443.290
573.310 1453.979
573.340 1468.239
573.380 1504.069
573.420 1572.755
573.460 1579.584
573.500 1532.840
573.540 1591.238
573.580 1764.777
573.620 1837.174
573.660 1804.997
573.700 1811.535
573.740 1821.643
573.780 1877.607
573.820 1872.141
573.850 1788.246
573.890 1759.779
573.930 1744.882
573.970 1687.842
574.010 1691.229
574.050 1795.330
574.090 1833.144
574.130 1767.386
574.170 1774.913
574.210 1834.439
574.250 1825.535
574.290 1788.631
574.330 1760.726
574.370 1815.963
574.400 1858.341
574.440 1847.719
574.480 1810.382
574.520 1839.615
574.560 1870.848
574.600 1789.365
574.640 1683.453
574.680 1762.969
574.720 1817.913
574.760 1839.855
574.800 1814.654
574.840 1777.738
574.880 1733.250
574.910 1687.046
574.950 1609.985
574.990 1655.494
575.030 1679.145
575.070 1666.653
575.110 1673.731
575.150 1664.380
575.190 1651.171
575.230 1596.961
575.270 1490.036
575.310 1437.253
575.350 1438.184
575.390 1425.542
575.420 1445.042
575.460 1477.399
575.500 1510.612
575.540 1493.682
575.580 1530.036
575.620 1560.961
575.660 1548.886
575.700 1569.952
575.740 1579.446
575.780 1596.940
575.820 1584.147
575.860 1495.210
575.900 1458.987
575.930 1485.477
575.970 1453.538
576.010 1425.741
576.050 1452.229
576.090 1525.145
576.130 1558.346
576.170 1544.975
576.210 1524.745
576.250 1537.658
576.290 1583.428
576.330 1541.196
576.370 1488.107
576.410 1528.874
576.440 1575.783
576.480 1604.406
576.520 1641.599
576.560 1650.078
576.600 1636.984
576.640 1611.176
576.680 1588.366
576.720 1575.127
576.760 1544.316
576.800 1472.362
576.840 1452.978
576.880 1469.165
576.920 1488.923
576.950 1447.966
576.990 1420.151
577.030 1480.335
577.070 1558.661
577.110 1533.844
577.150 1533.026
577.190 1524.207
577.230 1530.816
577.270 1528.425
577.310 1514.747
577.350 1520.497
577.390 1526.246
577.420 1495.995
577.460 1563.171
577.500 1605.204
577.540 1609.522
577.580 1564.125
577.620 1541.871
577.660 1525.472
577.700 1493.216
577.740 1412.674
577.780 1356.988
577.820 1395.730
577.860 1455.899
577.890 1440.068
577.930 1474.237
577.970 1591.690
578.010 1612.000
578.050 1634.738
578.090 1671.761
578.130 1718.498
578.170 1756.519
578.210 1735.540
578.250 1700.703
578.290 1763.580
578.330 1794.028
578.360 1734.618
578.400 1637.921
578.440 1573.081
578.480 1556.526
578.520 1509.542
578.560 1480.414
578.600 1451.000
578.640 1436.729
578.680 1438.028
578.720 1539.183
578.760 1639.481
578.800 1629.778
578.830 1574.503
578.870 1670.942
578.910 1718.666
578.950 1734.532
578.990 1674.112
579.030 1618.548
579.070 1653.698
579.110 1669.276
579.150 1594.424
579.190 1556.430
579.230 1602.863
579.260 1636.438
579.300 1637.299
579.340 1671.302
579.380 1771.161
579.420 1817.877
579.460 1792.592
579.500 1753.307
579.540 1745.593
579.580 1736.021
579.620 1674.591
579.660 1577.589
579.700 1570.443
579.730 1621.012
579.770 1580.865
579.810 1567.575
579.850 1553.999
579.890 1569.422
579.930 1567.559
579.970 1613.266
580.010 1708.688
580.050 1711.251
580.090 1648.243
580.130 1622.520
580.160 1621.368
580.200 1636.643
580.240 1513.490
580.280 1381.336
580.320 1423.467
580.360 1460.455
580.400 1501.442
580.440 1526.714
580.480 1531.700
580.520 1572.543
580.560 1587.670
580.590 1591.369
580.630 1656.639
580.670 1686.479
580.710 1671.747
580.750 1679.301
580.790 1715.283
580.830 1737.549
580.870 1690.530
580.910 1636.653
580.950 1686.204
580.990 1720.897
581.020 1699.018
581.060 1661.424
581.100 1667.830
581.140 1730.093
581.180 1716.497
581.220 1670.759
581.260 1724.877
581.300 1760.708
581.340 1751.683
581.380 1724.513
581.420 1673.772
581.450 1647.602
581.490 1588.145
581.530 1493.688
581.570 1480.230
581.610 1491.772
581.650 1478.885
581.690 1486.140
581.730 1561.537
581.770 1601.220
581.810 1611.474
581.850 1605.012
581.880 1637.408
581.920 1666.660
581.960 1651.626
582.000 1580.448
582.040 1564.984
582.080 1563.234
582.120 1536.627
582.160 1535.447
582.200 1516.410
582.240 1520.658
582.280 1589.906
582.310 1641.438
582.350 1741.113
582.390 1802.074
582.430 1780.034
582.470 1842.993
582.510 1924.523
582.550 1915.339
582.590 1829.439
582.630 1715.968
582.670 1745.639
582.700 1793.167
582.740 1729.123
582.780 1696.222
582.820 1745.034
582.860 1784.131
582.900 1773.942
582.940 1719.896
582.980 1720.992
583.020 1770.944
583.060 1745.896
583.100 1660.705
583.130 1669.942
583.170 1711.464
583.210 1709.986
583.250 1677.221
583.290 1685.171
583.330 1678.548
583.370 1656.068
583.410 1643.587
583.450 1641.963
583.490 1619.196
583.520 1592.428
583.560 1601.089
583.600 1668.320
583.640 1726.551
583.680 1713.353
583.720 1740.583
583.760 1828.812
583.800 1857.042
583.840 1772.699
583.880 1634.784
583.910 1641.726
583.950 1673.953
583.990 1606.752
584.030 1574.978
584.070 1622.204
584.110 1643.858
584.150 1693.941
584.190 1731.308
584.230 1793.961
584.270 1869.042
584.310 1823.551
584.340 1775.488
584.380 1843.425
584.420 1891.933
584.460 1818.011
584.500 1775.947
584.540 1771.596
584.580 1799.102
584.620 1799.036
584.660 1717.684
584.700 1736.618
584.730 1801.408
584.770 1760.340
584.810 1735.558
584.850 1777.490
584.890 1787.707
584.930 1792.494
584.970 1780.711
585.010 1811.355
585.050 1831.713
585.080 1790.071
585.120 1704.714
585.160 1665.785
585.200 1689.713
585.240 1684.783
585.280 1648.853
585.320 1618.351
585.360 1558.420
585.400 1506.775
585.440 1533.700
585.470 1532.625
585.510 1480.978
585.550 1408.045
585.590 1463.969
585.630 1597.036
585.670 1645.387
585.710 1609.167
585.750 1661.375
585.790 1772.440
585.830 1804.075
585.860 1732.139
585.900 1747.060
585.940 1815.552
585.980 1833.329
586.020 1727.820
586.060 1630.024
586.100 1656.372
586.140 1659.861
586.180 1555.351
586.220 1502.840
586.250 1558.185
586.290 1592.102
586.330 1558.590
586.370 1530.363
586.410 1577.707
586.450 1625.480
586.490 1617.395
586.530 1597.595
586.570 1683.937
586.600 1739.565
586.640 1726.907
586.680 1699.963
586.720 1742.019
586.760 1787.074
586.800 1765.128
586.840 1764.183
586.880 1811.380
586.920 1817.576
586.960 1816.201
586.990 1797.396
587.030 1798.592
587.070 1818.787
587.110 1758.839
587.150 1769.604
587.190 1852.941
587.230 1891.849
587.270 1847.756
587.310 1849.378
587.340 1847.713
587.380 1882.619
587.420 1849.097
587.460 1784.574
587.500 1795.908
587.540 1818.813
587.580 1774.003
587.620 1811.050
587.660 1835.954
587.690 1850.000
587.730 1822.046
587.770 1805.378
587.810 1849.280
587.850 1865.468
587.890 1770.370
587.930 1691.557
587.970 1648.887
588.010 1638.645
588.050 1590.973
588.080 1544.874
588.120 1609.630
588.160 1687.958
588.200 1682.000
588.240 1714.327
588.280 1841.797
588.320 1895.409
588.360 1854.307
588.400 1787.776
588.430 1754.101
588.470 1773.855
588.510 1709.894
588.550 1596.505
588.590 1577.257
588.630 1629.867
588.670 1612.762
588.710 1653.657
588.750 1743.122
588.780 1774.874
588.820 1739.196
588.860 1702.089
588.900 1759.411
588.940 1811.875
588.980 1744.624
589.020 1727.659
589.060 1776.979
589.100 1821.871
589.130 1888.905
589.170 1882.367
589.210 1884.972
589.250 1882.576
589.290 1820.037
589.330 1842.069
589.370 1898.244
589.410 1883.562
589.450 1832.022
589.480 1855.481
589.520 1936.940
589.560 1934.685
589.600 1816.858
589.640 1834.745
589.680 1887.774
589.720 1869.804
589.760 1774.261
589.800 1728.290
589.830 1766.746
589.870 1847.917
589.910 1782.516
589.950 1754.543
589.990 1783.570
590.030 1818.597
590.070 1773.909
590.110 1747.221
590.150 1805.104
590.180 1846.272
590.220 1834.297
590.260 1873.608
590.300 1981.204
590.340 2054.085
590.380 2038.109
590.420 1981.704
590.460 1976.442
590.490 1978.465
590.530 1955.488
590.570 1921.225
590.610 1988.247
590.650 2057.412
590.690 2051.005
590.730 2028.740
590.770 2075.904
590.810 2087.210
590.840 2054.659
590.880 2049.822
590.920 2110.985
590.960 2127.147
591.000 2106.310
591.040 2042.614
591.080 2071.633
591.120 2076.651
591.160 2009.241
591.190 1889.830
591.230 1850.705
591.270 1866.436
591.310 1866.168
591.350 1865.470
591.390 1933.058
591.430 1930.645
591.470 1949.375
591.500 2016.105
591.540 2081.121
591.580 2113.278
591.620 2052.007
591.660 1993.593
591.700 2082.608
591.740 2092.479
591.780 1986.921
591.820 1925.648
591.850 1974.947
591.890 2002.531
591.930 1972.115
591.970 1897.699
592.010 1963.282
592.050 2066.723
592.090 2077.020
592.130 1995.317
592.160 1978.899
592.200 1977.767
592.240 1940.634
592.280 1837.073
592.320 1797.797
592.360 1811.664
592.400 1839.530
592.440 1869.825
592.470 1950.833
592.510 1999.985
592.550 2044.993
592.590 2171.572
592.630 2326.580
592.670 2373.302
592.710 2376.023
592.750 2381.459
592.790 2443.608
592.820 2502.043
592.860 2432.192
592.900 2366.484
592.940 2395.204
592.980 2435.638
593.020 2450.643
593.060 2486.648
593.100 2559.509
593.130 2588.656
593.170 2539.661
593.210 2513.807
593.250 2560.811
593.290 2531.814
593.330 2467.817
593.370 2429.106
593.410 2418.823
593.440 2424.968
593.480 2425.541
593.520 2387.543
593.560 2367.973
593.600 2333.974
593.640 2279.547
593.680 2332.405
593.720 2441.120
593.750 2455.549
593.790 2411.692
593.830 2404.977
593.870 2391.548
593.910 2358.690
593.950 2275.832
593.990 2213.403
594.030 2220.830
594.060 2251.114
594.100 2281.255
594.140 2352.967
594.180 2450.822
594.220 2512.534
594.260 2488.531
594.300 2484.385
594.340 2480.239
594.380 2486.235
594.410 2472.660
594.450 2445.227
594.490 2470.794
594.530 2481.076
594.570 2467.928
594.610 2538.637
594.650 2599.918
594.690 2633.341
594.720 2649.335
594.760 2682.615
594.800 2678.609
594.840 2632.603
594.880 2575.310
594.920 2547.018
594.960 2540.725
594.990 2534.718
595.030 2438.425
595.070 2475.417
595.110 2526.695
595.150 2478.829
595.190 2394.535
595.230 2379.669
595.270 2381.232
595.300 2356.080
595.340 2257.499
595.380 2199.633
595.420 2235.623
595.460 2271.756
595.500 2202.603
595.540 2164.164
595.580 2221.439
595.610 2229.571
595.650 2182.703
595.690 2086.548
595.730 2065.394
595.770 2079.954
595.810 2017.370
595.850 1911.644
595.890 1873.631
595.920 1878.904
595.960 1872.606
596.000 1871.164
596.040 1911.437
596.080 1903.709
596.120 1840.267
596.160 1865.395
596.200 1878.096
596.230 1850.938
596.270 1758.924
596.310 1667.766
596.350 1654.465
596.390 1670.307
596.430 1596.435
596.470 1626.133
596.500 1687.832
596.540 1703.530
596.580 1695.371
596.620 1742.069
596.660 1815.195
596.700 1834.892
596.740 1765.447
596.780 1751.429
596.810 1738.126
596.850 1681.966
596.890 1612.662
596.930 1585.072
596.970 1661.911
597.010 1698.178
597.050 1678.588
597.090 1739.855
597.120 1851.979
597.160 1889.959
597.200 1855.654
597.240 1816.920
597.280 1846.186
597.320 1834.451
597.360 1768.717
597.390 1791.839
597.430 1861.818
597.470 1892.083
597.510 1852.776
597.550 1814.326
597.590 1901.162
597.630 1981.854
597.670 1893.975
597.700 1788.667
597.740 1825.788
597.780 1869.908
597.820 1885.600
597.860 1836.862
597.900 1780.982
597.940 1779.673
597.970 1793.078
598.010 1757.483
598.050 1750.316
598.090 1711.006
598.130 1681.268
598.170 1695.100
598.210 1714.504
598.250 1707.194
598.280 1673.454
598.320 1647.858
598.360 1690.261
598.400 1683.664
598.440 1668.923
598.480 1669.183
598.520 1690.157
598.550 1688.416
598.590 1667.247
598.630 1630.791
598.670 1685.193
598.710 1696.023
598.750 1690.424
598.790 1726.682
598.830 1787.369
598.860 1814.055
598.900 1807.027
598.940 1780.428
598.980 1831.971
599.020 1842.371
599.060 1777.770
599.100 1756.456
599.130 1777.998
599.170 1783.826
599.210 1756.368
599.250 1720.481
599.290 1767.594
599.330 1776.564
599.370 1725.248
599.400 1757.217
599.440 1811.758
599.480 1823.013
599.520 1763.553
599.560 1697.808
599.600 1782.919
599.640 1836.602
599.670 1741.428
599.710 1758.824
599.750 1830.507
599.790 1874.617
599.830 1878.585
599.870 1837.981
599.910 1807.948
599.950 1852.201
599.980 1771.168
600.020 1706.563
600.060 1699.815
600.100 1707.782
600.140 1676.891
600.180 1694.714
600.220 1668.394
600.250 1636.931
600.290 1625.325
600.330 1673.719
600.370 1699.542
600.410 1677.792
600.450 1627.329
600.490 1653.293
600.520 1768.401
600.560 1820.079
600.600 1782.472
600.640 1765.150
600.680 1841.828
600.720 1902.792
600.760 1895.613
600.790 1907.004
600.830 1908.110
600.870 1876.216
600.910 1837.036
600.950 1803.142
600.990 1837.819
601.030 1842.352
601.060 1727.172
601.100 1702.276
601.140 1785.667
601.180 1825.914
601.220 1790.161
601.260 1738.123
601.300 1794.655
601.330 1881.331
601.370 1881.863
601.410 1806.395
601.450 1827.213
601.490 1869.745
601.530 1853.562
601.570 1760.236
601.600 1744.910
601.640 1767.870
601.680 1796.258
601.720 1817.361
601.760 1808.463
601.800 1804.993
601.840 1845.095
601.870 1827.054
601.910 1889.155
601.950 1916.114
601.990 1835.358
602.030 1849.459
602.070 1947.560
602.110 1959.375
602.140 1961.761
602.180 1941.004
602.220 1939.533
602.260 1971.633
602.300 1942.447
602.340 1890.118
602.380 1926.361
602.410 1918.460
602.450 1831.274
602.490 1804.802
602.530 1775.615
602.570 1744.571
602.610 1737.527
602.650 1765.197
602.680 1790.009
602.720 1790.108
602.760 1766.920
602.800 1821.304
602.840 1904.116
602.880 1902.213
602.920 1814.168
602.950 1768.408
602.990 1751.934
603.030 1729.745
603.070 1665.556
603.110 1604.653
603.150 1633.464
603.190 1671.846
603.220 1702.657
603.260 1747.896
603.300 1807.706
603.340 1832.373
603.380 1828.469
603.420 1781.422
603.450 1748.375
603.490 1746.756
603.530 1725.136
603.570 1723.231
603.610 1749.040
603.650 1734.849
603.690 1698.658
603.720 1710.896
603.760 1760.704
603.800 1793.227
603.840 1766.749
603.880 1790.129
603.920 1834.223
603.960 1852.745
603.990 1815.553
604.030 1755.217
604.070 1738.310
604.110 1770.975
604.150 1728.068
604.190 1775.589
604.230 1879.539
604.260 1960.631
604.300 1953.152
604.340 1926.244
604.380 2010.336
604.420 2083.428
604.460 2026.663
604.490 1967.754
604.530 1943.846
604.570 1989.223
604.610 2011.457
604.650 1893.262
604.690 2172.353
604.730 2357.730
604.760 2317.106
604.800 2279.911
604.840 2320.144
604.880 2340.092
604.920 2338.467
604.960 1989.700
604.990 1801.647
605.030 1811.880
605.070 1844.112
605.110 1826.916
605.150 1839.148
605.190 1847.237
605.230 1811.755
605.260 1769.415
605.300 1818.647
605.340 1823.736
605.380 1788.538
605.420 1783.055
605.460 1839.144
605.500 1923.374
605.530 2001.891
605.570 1999.122
605.610 2017.781
605.650 2029.297
605.690 1992.099
605.730 1916.043
605.760 1871.845
605.800 1846.360
605.840 1854.162
605.880 1856.677
605.920 1872.764
605.960 1900.850
606.000 1917.365
606.030 1925.737
606.070 1930.824
606.110 1899.481
606.150 1850.281
606.190 1797.224
606.230 1814.881
606.260 1833.824
606.300 1805.195
606.340 1859.281
606.380 1900.223
606.420 1895.165
606.460 1892.821
606.490 1879.192
606.530 1932.562
606.570 1963.790
606.610 1881.017
606.650 1897.673
606.690 1978.328
606.730 2024.270
606.760 2030.353
606.800 2033.009
606.840 2059.378
606.880 2060.890
606.920 1981.259
606.960 1902.057
606.990 1906.997
607.030 1941.652
607.070 1896.449
607.110 1849.532
607.150 1876.043
607.190 1934.269
607.230 1986.923
607.260 2025.719
607.300 2022.516
607.340 2055.169
607.380 2108.394
607.420 2207.333
607.460 2332.558
607.490 2420.211
607.530 2433.721
607.570 2538.517
607.610 2717.169
607.650 2849.394
607.690 2916.903
607.720 3018.413
607.760 3187.208
607.800 3363.003
607.840 3450.083
607.880 3555.592
607.920 3779.530
607.960 3971.182
607.990 4028.833
608.030 4072.913
608.070 4179.136
608.110 4310.644
608.150 4411.152
608.190 4441.089
608.220 4512.740
608.260 4631.962
608.300 4757.184
608.340 4888.406
608.380 5035.914
608.420 5114.993
608.450 5170.214
608.490 5256.721
608.530 5374.943
608.570 5422.164
608.610 5400.100
608.650 5444.178
608.680 5507.684
608.720 5539.619
608.760 5543.126
608.800 5560.632
608.840 5639.996
608.880 5664.073
608.910 5607.436
608.950 5607.228
608.990 5666.734
609.030 5655.668
609.070 5618.745
609.110 5618.822
609.150 5671.613
609.180 5686.832
609.220 5652.052
609.260 5685.128
609.300 5782.204
609.340 5810.852
609.380 5784.785
609.410 5816.433
609.450 5936.794
609.490 6005.727
609.530 6022.803
609.570 6022.735
609.610 6012.240
609.640 6007.172
609.680 5945.533
609.720 5841.322
609.760 5798.826
609.800 5691.044
609.840 5572.261
609.870 5551.765
609.910 5531.839
609.950 5501.057
609.990 5423.703
610.030 5319.920
610.070 5273.851
610.100 5160.211
610.140 5003.142
610.180 4801.787
610.220 4641.575
610.260 4529.078
610.300 4362.865
610.330 4178.225
610.370 4060.584
610.410 3901.085
610.450 3763.587
610.490 3682.089
610.530 3561.590
610.560 3430.949
610.600 3278.450
610.640 3199.380
610.680 3156.310
610.720 3056.668
610.760 2898.740
610.790 2788.384
610.830 2730.884
610.870 2656.671
610.910 2526.886
610.950 2436.815
610.990 2438.601
611.020 2423.672
611.060 2359.601
611.100 2337.244
611.140 2370.887
611.180 2366.672
611.220 2267.457
611.250 2169.243
611.290 2106.171
611.330 2029.385
611.370 1932.027
611.410 1913.097
611.450 1950.882
611.480 1985.524
611.520 1978.737
611.560 1978.093
611.600 2061.735
611.640 2063.948
611.680 2003.303
611.710 1982.516
611.750 2047.015
611.790 2071.656
611.830 2021.154
611.870 1942.223
611.910 1976.721
611.940 1964.505
611.980 1858.717
612.020 1774.929
612.060 1804.998
612.100 1860.638
612.140 1830.564
612.170 1836.347
612.210 1889.559
612.250 1942.341
612.290 1939.696
612.330 1899.050
612.370 1918.261
612.400 1990.900
612.440 1943.397
612.480 1891.893
612.520 1940.961
612.560 1969.601
612.600 1952.525
612.630 1969.307
612.670 1964.232
612.710 1949.014
612.750 1940.081
612.790 1964.434
612.820 1988.644
612.860 1987.711
612.900 1876.349
612.940 1879.845
612.980 1965.340
613.020 1975.835
613.050 1866.902
613.090 1824.826
613.130 1884.321
613.170 1926.673
613.210 1865.882
613.250 1856.091
613.280 1906.585
613.320 1922.937
613.360 1882.717
613.400 1846.497
613.440 1870.563
613.480 1914.200
613.510 1909.265
613.550 1905.474
613.590 1932.396
613.630 1935.461
613.670 1879.527
613.710 1843.592
613.740 1880.799
613.780 1887.864
613.820 1831.501
613.860 1835.994
613.900 1860.773
613.930 1851.552
613.970 1834.759
614.010 1822.538
614.050 1803.459
614.090 1814.237
614.130 1790.016
614.160 1794.366
614.200 1938.572
614.240 1984.351
614.280 1897.414
614.320 1899.049
614.360 1959.827
614.390 1940.319
614.430 1887.954
614.470 1769.732
614.510 1807.224
614.550 1845.287
614.580 1759.921
614.620 1730.413
614.660 1768.762
614.700 1774.682
614.740 1773.173
614.780 1703.950
614.810 1752.298
614.850 1820.646
614.890 1745.852
614.930 1718.771
614.970 1738.976
615.010 1720.181
615.040 1722.386
615.080 1660.020
615.120 1634.939
615.160 1638.572
615.200 1619.634
615.230 1695.981
615.270 1711.471
615.310 1700.390
615.350 1709.594
615.390 1692.513
615.430 1695.431
615.460 1691.349
615.500 1606.410
615.540 1613.043
615.580 1608.532
615.620 1580.165
615.650 1624.797
615.690 1685.286
615.730 1751.775
615.770 1803.122
615.810 1797.325
615.850 1821.957
615.880 1882.874
615.920 1863.649
615.960 1829.994
616.000 1787.055
616.040 1823.543
616.080 1879.174
616.110 1867.234
616.150 1871.437
616.190 1884.782
616.230 1874.270
616.270 1848.473
616.300 1832.818
616.340 1865.020
616.380 1896.651
616.420 1849.853
616.460 1876.626
616.500 1907.114
616.530 1909.601
616.570 1844.517
616.610 1749.433
616.650 1757.921
616.690 1797.836
616.720 1714.324
616.760 1729.239
616.800 1833.441
616.840 1872.785
616.880 1875.129
616.920 1846.472
616.950 1840.102
616.990 1877.017
617.030 1822.789
617.070 1734.847
617.110 1798.619
617.140 1857.392
617.180 1858.735
617.220 1850.935
617.260 1910.279
617.300 1955.193
617.340 1941.822
617.370 1881.022
617.410 1846.222
617.450 1828.708
617.490 1800.622
617.530 1791.536
617.560 1776.165
617.600 1810.507
617.640 1838.135
617.680 1888.192
617.720 1945.820
617.750 1974.734
617.790 1914.505
617.830 1950.418
617.870 1969.760
617.910 1919.245
617.950 1842.301
617.980 1775.500
618.020 1784.270
618.060 1799.898
618.100 1736.668
618.140 1765.724
618.170 1827.494
618.210 1837.407
618.250 1822.034
618.290 1837.946
618.330 1858.573
618.370 1842.915
618.400 1727.970
618.440 1665.454
618.480 1737.652
618.520 1803.850
618.560 1751.619
618.590 1795.674
618.630 1899.729
618.670 1947.212
618.710 1943.838
618.750 1903.322
618.780 1923.091
618.820 1955.145
618.860 1846.771
618.900 1769.540
618.940 1780.880
618.980 1762.220
619.010 1719.845
619.050 1727.757
619.090 1757.811
619.130 1795.579
619.170 1787.776
619.200 1833.687
619.240 1854.598
619.280 1827.794
619.320 1743.277
619.360 1670.616
619.390 1698.527
619.430 1731.723
619.470 1642.919
619.510 1640.972
619.550 1720.169
619.590 1753.936
619.620 1774.703
619.660 1810.614
619.700 1801.667
619.740 1826.719
619.780 1821.487
619.810 1846.254
619.850 1843.878
619.890 1824.073
619.930 1756.269
619.970 1799.750
620.000 1897.802
620.040 1915.712
620.080 1834.764
620.120 1898.673
620.160 1916.297
620.190 1894.778
620.230 1824.401
620.270 1756.310
620.310 1790.791
620.350 1823.843
620.390 1696.752
620.420 1717.089
620.460 1787.712
620.500 1806.192
620.540 1746.958
620.580 1735.867
620.610 1776.775
620.650 1869.969
620.690 1839.592
620.730 1830.072
620.770 1895.837
620.800 1931.746
620.840 1847.082
620.880 1760.276
620.920 1681.613
620.960 1702.235
620.990 1671.571
621.030 1662.622
621.070 1694.101
621.110 1712.009
621.150 1743.917
621.180 1782.681
621.220 1831.303
621.260 1845.068
621.300 1755.261
621.340 1746.882
621.380 1813.933
621.410 1798.697
621.450 1764.318
621.490 1770.225
621.530 1826.561
621.570 1865.611
621.600 1841.803
621.640 1881.567
621.680 1892.760
621.720 1879.809
621.760 1789.430
621.790 1740.051
621.830 1798.672
621.870 1816.864
621.910 1730.056
621.950 1778.248
621.980 1893.298
622.020 1924.347
622.060 1867.681
622.100 1779.730
622.140 1793.636
622.170 1825.828
622.210 1765.877
622.250 1724.926
622.290 1754.403
622.330 1819.594
622.360 1851.071
622.400 1820.406
622.440 1786.740
622.480 1792.359
622.520 1749.122
622.550 1739.027
622.590 1709.504
622.630 1680.267
622.670 1671.886
622.710 1741.648
622.740 1798.553
622.780 1794.030
622.820 1764.363
622.860 1765.411
622.900 1817.745
622.930 1837.364
622.970 1776.268
623.010 1732.316
623.050 1808.221
623.090 1839.268
623.130 1800.744
623.160 1790.363
623.200 1791.696
623.240 1768.886
623.280 1740.076
623.320 1641.408
623.350 1599.455
623.390 1612.788
623.430 1543.121
623.470 1533.882
623.510 1619.643
623.540 1665.690
623.580 1696.593
623.620 1728.640
623.660 1815.829
623.700 1854.876
623.730 1797.922
623.770 1749.112
623.810 1804.015
623.850 1847.633
623.890 1813.107
623.920 1799.154
623.960 1863.057
624.000 1938.103
624.040 1903.720
624.080 1827.623
624.110 1845.384
624.150 1878.287
624.190 1784.189
624.230 1731.092
624.270 1754.709
624.300 1790.469
624.340 1775.658
624.380 1738.132
624.420 1731.320
624.450 1770.508
624.490 1734.982
624.530 1670.456
624.570 1692.501
624.610 1761.118
624.640 1791.734
624.680 1824.208
624.720 1886.110
624.760 1934.298
624.800 1933.771
624.830 1923.959
624.870 1889.861
624.910 1822.334
624.950 1748.665
624.990 1698.852
625.020 1712.040
625.060 1715.656
625.100 1643.700
625.140 1666.887
625.180 1734.789
625.210 1758.119
625.250 1738.592
625.290 1751.922
625.330 1813.109
625.370 1838.724
625.400 1796.340
625.440 1820.955
625.480 1910.427
625.520 1959.900
625.560 1933.801
625.590 1936.416
625.630 1997.603
625.670 2008.218
625.710 1937.833
625.750 1881.876
625.780 1921.920
625.820 1967.678
625.860 1902.007
625.900 1873.764
625.940 1887.808
625.970 1883.280
626.010 1849.608
626.050 1852.509
626.090 1911.409
626.130 1963.024
626.160 1939.924
626.200 1949.967
626.240 1984.010
626.280 1979.338
626.310 1862.667
626.350 1731.566
626.390 1699.323
626.430 1714.938
626.470 1673.694
626.500 1690.594
626.540 1752.637
626.580 1779.965
626.620 1761.293
626.660 1804.335
626.690 1848.235
626.730 1863.848
626.770 1803.176
626.810 1799.361
626.850 1902.118
626.880 1963.445
626.920 1892.059
626.960 1868.244
627.000 1912.714
627.040 1964.470
627.070 1930.083
627.110 1850.125
627.150 1884.310
627.190 1941.637
627.230 1878.393
627.260 1783.149
627.300 1767.047
627.340 1762.946
627.380 1711.702
627.410 1606.457
627.450 1586.356
627.490 1666.540
627.530 1740.010
627.570 1728.765
627.600 1720.949
627.640 1759.705
627.680 1773.888
627.720 1791.787
627.760 1818.256
627.790 1839.154
627.830 1846.766
627.870 1858.807
627.910 1873.848
627.950 1888.317
627.980 1838.786
628.020 1830.970
628.060 1855.867
628.100 1852.765
628.130 1833.805
628.170 1845.274
628.210 1895.458
628.250 1882.069
628.290 1792.253
628.320 1762.436
628.360 1790.904
628.400 1817.802
628.440 1790.127
628.480 1805.453
628.510 1842.922
628.550 1827.104
628.590 1755.716
628.630 1787.184
628.660 1815.795
628.700 1812.264
628.740 1747.732
628.780 1776.057
628.820 1848.097
628.850 1878.422
628.890 1845.033
628.930 1864.501
628.970 1836.255
629.010 1778.580
629.040 1718.477
629.080 1673.516
629.120 1660.984
629.160 1583.594
629.200 1507.776
629.230 1559.958
629.270 1633.283
629.310 1666.179
629.350 1655.361
629.380 1792.400
629.420 1950.868
629.460 2002.621
629.500 1972.659
629.540 1950.412
629.570 1934.165
629.610 1945.776
629.650 1814.671
629.690 1753.567
629.720 1766.891
629.760 1787.073
629.800 1826.111
629.840 1925.578
629.880 1977.331
629.910 1928.798
629.950 1843.550
629.990 1822.731
630.030 1845.055
630.070 1821.950
630.100 1743.417
630.140 1789.312
630.180 1935.779
630.220 1978.245
630.250 1949.283
630.290 1966.893
630.330 2016.502
630.370 2018.397
630.410 1933.577
630.440 1864.044
630.480 1891.367
630.520 1883.833
630.560 1818.442
630.600 1799.480
630.630 1816.232
630.670 1795.983
630.710 1753.306
630.750 1752.915
630.780 1810.381
630.820 1811.133
630.860 1748.456
630.900 1765.207
630.940 1829.530
630.970 1873.996
631.010 1860.033
631.050 1852.355
631.090 1912.821
631.120 1977.715
631.160 1930.752
631.200 1833.075
631.240 1838.254
631.280 1864.577
631.310 1817.185
631.350 1855.650
631.390 1900.973
631.430 1912.009
631.460 1938.903
631.500 1875.797
631.540 1860.690
631.580 1884.441
631.620 1782.763
631.650 1721.942
631.690 1734.121
631.730 1771.586
631.770 1808.480
631.800 1788.516
631.840 1782.838
631.880 1816.731
631.920 1778.481
631.960 1755.660
631.990 1759.411
632.030 1739.018
632.070 1685.911
632.110 1676.947
632.150 1667.126
632.180 1665.018
632.220 1629.340
632.260 1611.804
632.300 1639.268
632.330 1665.304
632.370 1633.340
632.410 1640.804
632.450 1673.125
632.490 1687.446
632.520 1666.196
632.560 1679.803
632.600 1730.695
632.640 1766.016
632.670 1750.194
632.710 1755.373
632.750 1787.551
632.790 1811.729
632.820 1786.764
632.860 1852.370
632.900 1925.405
632.940 1959.726
632.980 1947.332
633.010 1958.082
633.050 1957.402
633.090 1977.866
633.130 1897.186
633.160 1842.792
633.200 1828.827
633.240 1822.148
633.280 1781.182
633.320 1798.788
633.350 1827.680
633.390 1851.857
633.430 1849.178
633.470 1884.926
633.500 1902.818
633.540 1943.138
633.580 1944.601
633.620 1914.492
633.660 1879.527
633.690 1833.275
633.730 1761.452
633.770 1755.486
633.810 1757.521
633.840 1724.412
633.880 1684.732
633.920 1661.480
633.960 1760.228
634.000 1829.548
634.030 1801.296
634.070 1778.616
634.110 1843.649
634.150 1873.112
634.180 1879.717
634.220 1841.751
634.260 1873.356
634.300 1909.675
634.330 1876.709
634.370 1880.742
634.410 1948.061
634.450 2009.524
634.490 1985.414
634.520 1907.448
634.560 1956.481
634.600 1997.086
634.640 1901.976
634.670 1849.438
634.710 1864.043
634.750 1857.504
634.790 1865.823
634.830 1830.285
634.860 1836.461
634.900 1902.923
634.940 1890.670
634.980 1881.989
635.010 1940.879
635.050 1933.197
635.090 1873.373
635.130 1840.549
635.160 1828.153
635.200 1798.043
635.240 1700.504
635.280 1655.965
635.320 1719.570
635.350 1728.031
635.390 1724.920
635.430 1753.810
635.470 1804.557
635.500 1879.732
635.540 1880.193
635.580 1810.797
635.620 1885.972
635.650 1933.576
635.690 1876.609
635.730 1865.784
635.770 1851.244
635.810 1819.562
635.840 1791.166
635.880 1741.341
635.920 1721.373
635.960 1697.977
635.990 1660.866
636.030 1683.898
636.070 1758.787
636.110 1874.676
636.140 1900.279
636.180 1905.311
636.220 1997.343
636.260 2035.803
636.300 1990.264
636.330 1961.438
636.370 1938.898
636.410 1932.073
636.450 1910.962
636.480 1889.136
636.520 1929.882
636.560 1921.056
636.600 1838.802
636.630 1786.691
636.670 1767.722
636.710 1769.182
636.750 1728.785
636.780 1668.530
636.820 1715.990
636.860 1768.022
636.900 1773.481
636.940 1859.798
636.970 1923.115
637.010 1959.575
637.050 1951.892
637.090 1923.780
637.120 1946.239
637.160 1963.985
637.200 1885.301
637.240 1850.618
637.270 1858.649
637.310 1865.965
637.350 1830.996
637.390 1780.456
637.420 1755.343
637.460 1749.517
637.500 1731.833
637.540 1736.293
637.580 1788.323
637.610 1829.211
637.650 1842.384
637.690 1884.129
637.730 1917.017
637.760 1915.762
637.800 1824.078
637.840 1741.822
637.880 1758.710
637.910 1779.740
637.950 1719.628
637.990 1702.086
638.030 1718.688
638.060 1771.004
638.100 1768.177
638.140 1760.493
638.180 1786.952
638.220 1799.410
638.250 1751.869
638.290 1721.185
638.330 1774.500
638.370 1836.102
638.400 1798.417
638.440 1765.019
638.480 1819.477
638.520 1876.507
638.550 1866.965
638.590 1850.995
638.630 1865.453
638.670 1849.626
638.700 1824.798
638.740 1742.828
638.780 1707.715
638.820 1765.744
638.850 1769.345
638.890 1787.517
638.930 1850.118
638.970 1882.005
639.010 1916.177
639.040 1909.635
639.080 1899.093
639.120 1889.122
639.160 1850.295
639.190 1852.610
639.230 1879.067
639.270 1874.525
639.310 1864.269
639.340 1865.726
639.380 1833.470
639.420 1784.213
639.460 1748.385
639.490 1712.271
639.530 1733.157
639.570 1774.329
639.610 1728.358
639.640 1705.815
639.680 1754.559
639.720 1737.587
639.760 1716.188
639.790 1724.216
639.830 1722.817
639.870 1716.702
639.910 1732.160
639.940 1732.045
639.980 1775.217
640.020 1771.531
640.060 1722.845
640.100 1725.588
640.130 1777.474
640.170 1814.645
640.210 1793.817
640.250 1829.559
640.280 1930.873
640.320 1965.045
640.360 1934.644
640.400 1948.673
640.430 1998.844
640.470 2009.015
640.510 1912.472
640.550 1903.643
640.580 1923.242
640.620 1933.556
640.660 1936.298
640.700 1854.898
640.730 1818.212
640.770 1839.383
640.810 1773.553
640.850 1762.296
640.880 1802.181
640.920 1741.923
640.960 1706.522
641.000 1707.979
641.030 1727.721
641.070 1710.177
641.110 1673.776
641.150 1683.661
641.180 1743.403
641.220 1771.145
641.260 1805.458
641.300 1828.486
641.330 1854.085
641.370 1894.112
641.410 1842.283
641.450 1832.453
641.480 1917.909
641.520 1950.079
641.560 1925.678
641.600 1921.991
641.630 1922.019
641.670 1956.475
641.710 1954.930
641.750 1960.815
641.780 1992.271
641.820 2022.441
641.860 2002.754
641.900 1989.924
641.940 2014.379
641.970 2029.406
642.010 1974.005
642.050 1947.461
642.090 1972.916
642.120 2007.657
642.160 1970.970
642.200 1939.854
642.240 1971.452
642.270 1980.908
642.310 1958.078
642.350 1921.247
642.390 1903.131
642.420 1880.015
642.460 1808.613
642.500 1762.926
642.540 1786.238
642.570 1788.550
642.610 1762.149
642.650 1814.889
642.690 1934.630
642.720 2001.228
642.760 1987.398
642.800 1974.567
642.840 1964.593
642.870 1959.048
642.910 1899.218
642.950 1822.101
642.990 1809.270
643.020 1803.440
643.060 1736.895
643.100 1701.064
643.140 1756.376
643.170 1765.116
643.210 1737.714
643.250 1738.169
643.290 1752.195
643.320 1776.649
643.360 1810.247
643.400 1791.273
643.440 1782.728
643.470 1807.468
643.510 1802.637
643.550 1772.520
643.590 1770.689
643.620 1748.143
643.660 1705.169
643.700 1717.623
643.740 1716.935
643.770 1713.246
643.810 1728.272
643.850 1778.727
643.890 1811.752
643.920 1840.492
643.960 1852.232
644.000 1886.401
644.040 1944.712
644.070 1970.309
644.110 1912.763
644.150 1890.646
644.180 1889.386
644.220 1874.411
644.260 1841.437
644.300 1790.605
644.330 1805.488
644.370 1844.370
644.410 1851.110
644.450 1864.564
644.480 1889.875
644.520 1891.329
644.560 1859.925
644.600 1803.522
644.630 1782.690
644.670 1778.287
644.710 1775.312
644.750 1753.194
644.780 1847.219
644.820 1952.816
644.860 1960.555
644.900 1982.294
644.930 2022.748
644.970 2023.059
645.010 2027.084
645.050 1981.394
645.080 1962.276
645.120 1963.873
645.160 1913.183
645.200 1892.922
645.230 1878.661
645.270 1851.400
645.310 1785.425
645.350 1751.593
645.380 1821.618
645.420 1847.785
645.460 1835.810
645.500 1833.263
645.530 1845.002
645.570 1861.884
645.610 1883.622
645.650 1878.790
645.680 1899.386
645.720 1908.839
645.760 1899.863
645.800 1876.888
645.830 1859.484
645.870 1816.508
645.910 1771.818
645.940 1772.843
645.980 1756.581
646.020 1751.034
646.060 1759.915
646.090 1767.083
646.130 1725.821
646.170 1695.702
646.210 1679.441
646.240 1724.894
646.280 1791.918
646.320 1813.942
646.360 1804.823
646.390 1872.276
646.430 1903.014
646.470 1874.038
646.510 1813.776
646.540 1766.229
646.580 1814.967
646.620 1847.848
646.660 1815.301
646.690 1845.896
646.730 1903.206
646.770 1924.229
646.810 1899.253
646.840 1816.277
646.880 1796.872
646.920 1804.753
646.950 1769.491
646.990 1765.943
647.030 1775.395
647.070 1787.133
647.100 1751.157
647.140 1775.752
647.180 1829.204
647.220 1834.656
647.250 1802.537
647.290 1811.418
647.330 1895.013
647.370 1980.179
647.400 1938.345
647.440 1892.083
647.480 1877.535
647.520 1865.272
647.550 1837.010
647.590 1773.319
647.630 1745.057
647.670 1727.223
647.700 1665.818
647.740 1668.555
647.780 1709.578
647.810 1733.173
647.850 1720.339
647.890 1766.219
647.930 1867.528
647.960 1932.551
648.000 1900.717
648.040 1861.740
648.080 1832.620
648.110 1819.643
648.150 1770.095
648.190 1723.403
648.230 1757.284
648.260 1789.735
648.300 1766.758
648.340 1763.067
648.380 1780.947
648.410 1799.255
648.450 1807.564
648.490 1810.729
648.520 1837.609
648.560 1856.060
648.600 1897.226
648.640 2008.534
648.670 2114.986
648.710 2159.437
648.750 2124.602
648.790 2124.768
648.820 2187.362
648.860 2163.242
648.900 2047.693
648.940 1971.429
648.970 1940.023
649.010 1930.046
649.050 1865.497
649.080 1837.805
649.120 1890.256
649.160 1912.136
649.200 1911.301
649.230 1882.895
649.270 1880.203
649.310 1931.653
649.350 1907.390
649.380 1860.984
649.420 1888.149
649.460 1885.457
649.500 1881.336
649.530 1913.215
649.570 1906.523
649.610 1905.260
649.640 1898.567
649.680 1871.304
649.720 1903.183
649.760 1889.634
649.790 1801.227
649.830 1758.535
649.870 1778.414
649.910 1766.150
649.940 1744.172
649.980 1709.480
650.020 1722.216
650.060 1761.238
650.090 1778.260
650.130 1771.139
650.170 1831.875
650.200 1863.468
650.240 1817.061
650.280 1795.512
650.320 1813.819
650.350 1827.984
650.390 1785.005
650.430 1709.170
650.470 1651.620
650.500 1662.642
650.540 1668.949
650.580 1733.971
650.610 1762.849
650.650 1763.299
650.690 1752.750
650.730 1792.200
650.760 1837.935
650.800 1858.528
650.840 1781.121
650.880 1775.714
650.910 1859.021
650.950 1905.471
650.990 1883.635
651.020 1834.228
651.060 1842.249
651.100 1863.699
651.140 1828.721
651.170 1754.028
651.210 1745.906
651.250 1764.641
651.290 1764.663
651.320 1782.398
651.360 1816.991
651.400 1801.440
651.440 1817.319
651.470 1823.483
651.510 1796.647
651.550 1784.668
651.580 1771.260
651.620 1746.138
651.660 1797.731
651.700 1842.895
651.730 1831.915
651.770 1873.936
651.810 1892.672
651.850 1874.550
651.880 1838.856
651.920 1834.163
651.960 1841.898
651.990 1831.347
652.030 1785.797
652.070 1796.389
652.110 1828.267
652.140 1853.002
652.180 1829.451
652.220 1797.472
652.250 1831.350
652.290 1865.942
652.330 1844.391
652.370 1807.412
652.400 1785.147
652.440 1769.739
652.480 1753.759
652.520 1694.351
652.550 1654.943
652.590 1649.249
652.630 1617.698
652.660 1591.290
652.700 1594.739
652.740 1579.474
652.780 1610.352
652.810 1632.229
652.850 1696.678
652.890 1756.556
652.930 1812.005
652.960 1873.311
653.000 1911.760
653.040 1910.494
653.070 1967.800
653.110 1931.535
653.150 1891.269
653.190 1880.289
653.220 1815.595
653.260 1846.615
653.300 1908.778
653.330 1840.799
653.370 1809.676
653.410 1860.696
653.450 1905.002
653.480 1926.165
653.520 1878.899
653.560 1861.919
653.600 1934.510
653.630 1978.530
653.670 1933.122
653.710 1931.285
653.740 1995.733
653.780 1998.039
653.820 1960.201
653.860 1932.221
653.890 1927.241
653.930 1925.832
653.970 1863.709
654.000 1787.586
654.040 1792.749
654.080 1840.483
654.120 1851.789
654.150 1893.380
654.190 1969.685
654.230 2019.991
654.270 2015.010
654.300 2024.601
654.340 1972.621
654.380 1912.498
654.410 1867.517
654.450 1831.965
654.490 1828.414
654.530 1844.290
654.560 1826.738
654.600 1874.186
654.640 1892.206
654.670 1880.654
654.710 1830.102
654.750 1778.836
654.790 1818.569
654.820 1857.160
654.860 1780.608
654.900 1758.485
654.930 1768.076
654.970 1799.523
655.010 1799.971
655.050 1761.133
655.080 1721.296
655.120 1732.029
655.160 1741.048
655.190 1745.068
655.230 1701.087
655.270 1669.249
655.310 1701.554
655.340 1768.287
655.380 1843.021
655.420 1884.468
655.460 1874.487
655.490 1946.649
655.530 2067.668
655.570 2046.545
655.600 1978.992
655.640 1951.011
655.680 1937.316
655.720 1927.335
655.750 1873.640
655.790 1790.659
655.830 1790.820
655.860 1780.696
655.900 1740.001
655.940 1718.020
655.980 1700.467
656.010 1715.915
656.050 1777.648
656.090 1821.952
656.120 1849.257
656.160 1873.419
656.200 1882.437
656.240 1919.885
656.270 1971.903
656.310 1913.493
656.350 1836.369
656.380 1865.674
656.420 1934.121
656.460 2029.568
656.500 2085.301
656.530 2089.891
656.570 2205.338
656.610 2272.357
656.640 2244.518
656.680 2177.394
656.720 2132.984
656.760 2098.145
656.790 2048.449
656.830 2013.754
656.870 2046.629
656.900 2040.362
656.940 1986.666
656.980 1938.684
657.020 1977.274
657.050 1997.578
657.090 1925.597
657.130 1850.044
657.160 1845.062
657.200 1885.795
657.240 1889.527
657.280 1796.831
657.310 1783.992
657.350 1801.439
657.390 1771.743
657.420 1801.904
657.460 1836.637
657.500 1805.083
657.540 1840.959
657.570 1842.691
657.610 1850.995
657.650 1877.299
657.680 1838.602
657.720 1779.335
657.760 1762.639
657.790 1754.942
657.830 1740.817
657.870 1704.978
657.910 1714.425
657.940 1721.871
657.980 1737.032
658.020 1770.479
658.050 1751.925
658.090 1725.800
658.130 1744.675
658.170 1748.979
658.200 1752.711
658.240 1747.443
658.280 1738.747
658.310 1798.050
658.350 1871.068
658.390 1857.800
658.430 1807.247
658.460 1798.693
658.500 1874.854
658.540 1917.443
658.570 1866.318
658.610 1795.907
658.650 1802.781
658.690 1846.513
658.720 1823.245
658.760 1814.692
658.800 1840.995
658.830 1860.298
658.870 1895.459
658.910 1911.762
658.940 1934.208
658.980 1947.797
659.020 1897.100
659.060 1842.403
659.090 1805.707
659.130 1800.296
659.170 1779.884
659.200 1774.759
659.240 1833.491
659.280 1854.651
659.320 1841.097
659.350 1842.971
659.390 1809.703
659.430 1768.863
659.460 1750.166
659.500 1749.755
659.540 1810.344
659.580 1848.075
659.610 1935.236
659.650 2001.681
659.690 2050.270
659.720 2038.573
659.760 1980.162
659.800 1942.179
659.830 1981.339
659.870 1932.356
659.910 1894.945
659.950 1880.390
659.980 1851.407
660.020 1865.139
660.060 1829.727
660.090 1793.030
660.130 1787.904
660.170 1799.350
660.200 1790.081
660.240 1820.955
660.280 1856.544
660.320 1853.275
660.350 1822.292
660.390 1811.880
660.430 1823.183
660.460 1841.629
660.500 1859.788
660.540 1830.091
660.580 1855.108
660.610 1874.268
660.650 1886.284
660.690 1897.873
660.720 1984.747
660.760 2015.906
660.800 2029.352
660.830 2034.083
660.870 2027.528
660.910 2035.545
660.950 2013.990
660.980 1891.293
661.020 1844.309
661.060 1851.040
661.090 1841.343
661.130 1816.788
661.170 1779.519
661.200 1767.964
661.240 1788.123
661.280 1782.140
661.320 1726.585
661.350 1698.459
661.390 1731.618
661.430 1751.349
661.460 1734.080
661.500 1757.239
661.540 1801.256
661.570 1892.272
661.610 1954.574
661.650 1948.734
661.690 1956.036
661.720 1981.910
661.760 2014.497
661.800 2011.942
661.830 1924.816
661.870 1888.404
661.910 1924.563
661.940 1926.436
661.980 1900.167
662.020 1853.755
662.060 1865.200
662.090 1923.359
662.130 1886.804
662.170 1795.106
662.200 1747.550
662.240 1740.709
662.280 1710.154
662.310 1632.028
662.350 1591.615
662.390 1593.060
662.430 1613.076
662.460 1645.235
662.500 1678.108
662.540 1707.124
662.570 1708.569
662.610 1723.585
662.650 1794.458
662.680 1829.760
662.720 1828.633
662.760 1870.507
662.800 1926.951
662.830 1973.253
662.870 1968.555
662.910 1924.713
662.940 1881.158
662.980 1856.460
663.020 1804.047
663.050 1757.634
663.090 1743.793
663.130 1748.523
663.170 1743.111
663.200 1829.555
663.240 1919.857
663.280 1926.730
663.310 1895.460
663.350 1885.476
663.390 1898.920
663.420 1932.364
663.460 1907.237
663.500 1890.824
663.530 1910.269
663.570 1980.284
663.610 1992.443
663.650 1991.459
663.680 2017.332
663.720 2021.776
663.760 1954.077
663.790 1873.807
663.830 1843.537
663.870 1865.981
663.900 1864.283
663.940 1781.727
663.980 1807.314
664.020 1875.329
664.050 1933.202
664.090 1907.789
664.130 1902.519
664.160 1864.677
664.200 1863.978
664.240 1812.422
664.270 1814.581
664.310 1854.310
664.350 1867.897
664.380 1843.627
664.420 1884.071
664.460 1900.658
664.500 1888.102
664.530 1884.689
664.570 1898.276
664.610 1945.434
664.640 1941.021
664.680 1954.893
664.720 1976.480
664.750 1985.352
664.790 1929.796
664.830 1909.526
664.860 1909.541
664.900 1956.413
664.940 1938.143
664.980 1905.015
665.010 1899.459
665.050 1908.188
665.090 1843.918
665.120 1818.933
665.160 1851.663
665.200 1872.392
665.230 1877.121
665.270 1882.422
665.310 1930.009
665.340 1980.024
665.380 1958.325
665.420 1879.768
665.460 1876.783
665.490 1940.656
665.530 1925.671
665.570 1877.257
665.600 1896.415
665.640 1908.144
665.680 1917.302
665.710 1928.031
665.750 1908.332
665.790 1941.490
665.820 1931.933
665.860 1907.948
665.900 1917.677
665.930 1943.692
665.970 1920.993
666.010 1860.722
666.050 1803.737
666.080 1782.180
666.120 1740.052
666.160 1665.639
666.190 1638.511
666.230 1624.097
666.270 1609.112
666.300 1673.841
666.340 1741.998
666.380 1764.156
666.410 1811.456
666.450 1809.614
666.490 1810.486
666.530 1836.072
666.560 1785.372
666.600 1740.530
666.640 1713.687
666.670 1687.273
666.710 1660.288
666.750 1646.303
666.780 1695.174
666.820 1733.618
666.860 1709.918
666.890 1745.504
666.930 1807.090
666.970 1833.104
667.000 1827.976
667.040 1821.133
667.080 1839.719
667.120 1892.020
667.150 1894.034
667.190 1876.477
667.230 1891.920
667.260 1901.363
667.300 1866.949
667.340 1817.964
667.370 1822.549
667.410 1814.707
667.450 1789.292
667.480 1776.164
667.520 1799.178
667.560 1801.050
667.590 1828.921
667.630 1873.793
667.670 1902.093
667.700 1929.679
667.740 1936.979
667.780 1950.993
667.820 1981.150
667.850 1915.593
667.890 1803.607
667.930 1798.193
667.960 1826.921
668.000 1836.935
668.040 1777.664
668.070 1731.107
668.110 1839.835
668.150 1925.564
668.180 1910.721
668.220 1843.163
668.260 1782.892
668.290 1798.763
668.330 1813.777
668.370 1765.506
668.400 1798.520
668.440 1838.391
668.480 1866.976
668.520 1944.562
668.550 2001.147
668.590 2057.447
668.630 2033.604
668.660 1890.761
668.700 1838.346
668.740 1842.217
668.770 1790.946
668.810 1719.531
668.850 1684.259
668.880 1706.702
668.920 1750.716
668.960 1765.729
668.990 1806.458
669.030 1834.329
669.070 1824.485
669.100 1838.071
669.140 1836.799
669.180 1856.384
669.210 1904.398
669.250 1890.840
669.290 1928.854
669.320 2027.297
669.360 2022.167
669.400 2014.324
669.440 2010.481
669.470 1945.352
669.510 1894.508
669.550 1844.808
669.580 1786.536
669.620 1760.835
669.660 1781.134
669.690 1791.148
669.730 1812.162
669.770 1890.318
669.800 1945.761
669.840 2017.917
669.880 2087.074
669.910 2110.373
669.950 2110.958
669.990 2106.686
670.020 2063.557
670.060 1999.427
670.100 1920.155
670.130 1845.454
670.170 1866.039
670.210 1890.767
670.240 1915.352
670.280 1901.223
670.320 1888.951
670.350 1875.250
670.390 1888.263
670.430 1828.562
670.470 1803.433
670.500 1743.446
670.540 1735.031
670.580 1800.045
670.610 1830.630
670.650 1842.643
670.690 1813.371
670.720 1856.384
670.760 1924.969
670.800 1926.839
670.830 1887.710
670.870 1875.866
670.910 1882.736
670.940 1907.750
670.980 1885.763
671.020 1840.776
671.050 1872.932
671.090 1893.374
671.130 1889.673
671.160 1854.115
671.200 1865.128
671.240 1865.856
671.270 1864.298
671.310 1837.596
671.350 1762.181
671.380 1712.623
671.420 1758.207
671.460 1781.792
671.490 1817.662
671.530 1871.104
671.570 1892.546
671.600 2003.702
671.640 2105.572
671.680 2096.156
671.710 2056.455
671.750 2036.468
671.790 2005.910
671.830 1984.352
671.860 1903.079
671.900 1814.949
671.940 1752.962
671.970 1745.118
672.010 1693.417
672.050 1709.287
672.080 1782.586
672.120 1813.884
672.160 1829.326
672.190 1891.624
672.230 1938.780
672.270 1964.365
672.300 1952.377
672.340 1905.676
672.380 1871.975
672.410 1897.702
672.450 1917.143
672.490 1907.870
672.520 1913.169
672.560 1845.610
672.600 1768.052
672.630 1766.779
672.670 1778.506
672.710 1733.090
672.740 1697.103
672.780 1691.973
672.820 1740.986
672.850 1758.427
672.890 1750.583
672.930 1738.881
672.960 1791.894
673.000 1819.192
673.040 1816.919
673.070 1840.789
673.110 1940.659
673.150 2006.386
673.180 2018.541
673.220 1991.840
673.260 1964.567
673.290 1937.865
673.330 1895.163
673.370 1871.462
673.400 1887.046
673.440 1878.201
673.480 1844.928
673.510 1885.084
673.550 1929.096
673.590 1955.109
673.620 1891.693
673.660 1848.420
673.700 1899.289
673.730 1938.016
673.770 1911.600
673.810 1908.041
673.840 1939.625
673.880 1988.066
673.920 1992.221
673.950 1985.662
673.990 1964.675
674.030 1939.687
674.060 1950.128
674.100 1930.855
674.140 1894.153
674.170 1865.880
674.210 1799.321
674.250 1792.047
674.280 1822.203
674.320 1754.215
674.360 1705.799
674.390 1747.668
674.430 1787.395
674.470 1823.979
674.500 1856.419
674.540 1840.003
674.580 1908.587
674.610 1953.456
674.650 1895.754
674.690 1893.767
674.720 1921.636
674.760 1932.363
674.800 1985.946
674.830 1998.387
674.870 1995.971
674.910 1996.697
674.940 1971.424
674.980 1998.579
675.020 2026.162
675.050 1999.174
675.090 1958.329
675.130 1958.199
675.160 1985.068
675.200 1952.366
675.240 1847.092
675.270 1751.676
675.310 1697.545
675.350 1644.557
675.380 1618.712
675.420 1674.867
675.460 1727.022
675.490 1778.177
675.530 1798.046
675.570 1862.629
675.600 1934.927
675.640 1952.082
675.680 1850.523
675.710 1783.820
675.750 1748.975
675.790 1759.701
675.820 1712.428
675.860 1708.582
675.900 1753.023
675.930 1811.606
675.970 1846.618
676.010 1870.487
676.040 1860.928
676.080 1870.940
676.120 1860.094
676.150 1795.678
676.190 1797.833
676.230 1846.130
676.260 1809.856
676.300 1848.011
676.340 1889.594
676.370 1859.463
676.410 1843.189
676.450 1847.487
676.480 1875.070
676.520 1880.368
676.560 1791.665
676.590 1758.963
676.630 1807.260
676.670 1858.557
676.700 1873.141
676.740 1864.867
676.780 1900.164
676.810 1929.462
676.850 1900.330
676.890 1867.771
676.920 1884.782
676.960 1830.508
676.990 1765.806
677.030 1762.674
677.070 1810.686
677.100 1827.555
677.140 1785.709
677.180 1755.435
677.210 1796.447
677.250 1655.459
677.290 1609.917
677.320 1536.356
677.360 1503.262
