537.190 271.738
537.230 242.422
537.270 184.343
537.310 172.400
537.350 223.177
537.390 283.821
537.430 257.472
537.470 241.562
537.510 316.945
537.550 385.051
537.590 416.450
537.630 442.716
537.670 503.417
537.710 541.842
537.750 491.559
537.790 418.714
537.830 454.304
537.870 464.331
537.910 397.223
537.950 398.694
537.990 525.601
538.030 596.801
538.070 598.294
538.110 527.223
538.150 515.587
538.190 541.244
538.230 459.052
538.270 284.151
538.310 303.544
538.350 355.372
538.390 355.635
538.430 408.761
538.470 475.323
538.510 484.034
538.560 486.323
538.600 475.904
538.640 569.063
538.680 650.514
538.720 570.256
538.760 564.433
538.800 639.758
538.840 660.804
538.880 562.284
538.920 471.627
538.960 492.547
539.000 591.758
539.040 569.403
539.080 516.197
539.120 568.567
539.160 610.799
539.200 555.180
539.240 479.851
539.280 538.670
539.320 542.923
539.360 497.038
539.400 513.443
539.440 618.424
539.480 670.981
539.520 659.543
539.560 564.109
539.600 581.108
539.640 652.112
539.680 594.406
539.720 509.846
539.760 524.576
539.800 523.454
539.840 456.478
539.880 424.649
539.920 520.109
539.960 556.573
540.000 510.755
540.040 454.226
540.080 542.844
540.120 629.894
540.160 626.947
540.200 594.432
540.240 673.206
540.280 762.126
540.320 802.907
540.360 778.547
540.400 793.619
540.440 762.409
540.480 633.201
540.520 573.853
540.560 602.365
540.600 615.451
540.640 590.825
540.680 564.345
540.720 628.295
540.760 691.248
540.800 631.204
540.840 611.876
540.880 674.978
540.920 661.940
540.960 592.904
541.000 605.870
541.040 685.124
541.080 737.951
541.120 665.494
541.160 611.467
541.200 651.157
541.240 692.705
541.280 605.969
541.320 515.520
541.360 502.501
541.400 508.198
541.440 450.753
541.480 454.882
541.520 524.439
541.560 538.427
541.600 545.130
541.640 595.977
541.680 700.396
541.720 757.673
541.760 738.666
541.800 660.373
541.840 639.510
541.880 624.362
541.920 578.929
541.960 536.496
542.000 593.779
542.040 623.490
542.080 640.345
542.120 728.771
542.160 775.769
542.200 743.482
542.240 688.338
542.280 640.622
542.320 600.193
542.360 584.192
542.400 535.476
542.440 563.190
542.480 686.617
542.520 747.045
542.560 694.186
542.600 711.756
542.640 763.611
542.680 759.324
542.720 704.750
542.760 709.175
542.800 777.600
542.840 812.168
542.880 755.449
542.920 761.158
542.970 895.867
543.010 959.575
543.050 846.711
543.090 776.274
543.130 901.266
543.170 972.685
543.210 918.103
543.250 823.949
543.290 840.936
543.330 845.923
543.370 758.623
543.410 620.464
543.450 686.733
543.490 785.573
543.530 744.125
543.570 704.104
543.610 781.654
543.650 832.774
543.690 826.892
543.730 796.867
543.770 818.125
543.810 835.810
543.850 785.637
543.890 767.462
543.930 787.143
543.970 771.251
544.010 695.786
544.050 591.176
544.090 715.278
544.130 786.236
544.170 735.335
544.210 785.575
544.250 892.956
544.290 956.621
544.330 992.712
544.370 953.087
544.410 1000.175
544.450 1010.403
544.490 945.058
544.530 928.853
544.570 981.790
544.610 1002.295
544.650 895.655
544.690 838.442
544.730 893.655
544.770 899.580
544.810 828.218
544.850 811.852
544.890 844.199
544.930 876.829
544.970 821.314
545.010 783.367
545.050 850.561
545.090 906.467
545.130 810.942
545.170 744.986
545.210 812.170
545.250 846.922
545.290 807.815
545.330 768.563
545.370 809.308
545.410 864.764
545.450 840.646
545.490 783.954
545.530 850.688
545.570 906.705
545.610 861.576
545.650 824.444
545.690 837.310
545.730 892.601
545.770 879.603
545.810 801.460
545.850 817.885
545.890 847.879
545.930 804.298
545.960 765.286
546.000 803.128
546.040 822.538
546.080 797.374
546.120 731.492
546.160 740.321
546.200 755.719
546.240 784.400
546.280 802.077
546.320 870.608
546.360 954.851
546.400 978.233
546.440 1005.326
546.480 1092.416
546.520 1097.645
546.560 1025.586
546.600 960.380
546.640 963.171
546.680 1005.673
546.720 955.886
546.760 945.238
546.800 978.445
546.840 965.933
546.880 949.704
546.920 958.900
546.960 961.522
547.000 968.140
547.040 926.611
547.080 961.936
547.120 1036.115
547.160 1055.719
547.200 988.320
547.240 980.489
547.280 1016.654
547.320 991.101
547.360 896.402
547.400 917.984
547.440 1000.564
547.480 1004.425
547.520 961.712
547.560 1005.709
547.600 1042.846
547.640 1036.264
547.680 955.108
547.720 916.805
547.760 963.499
547.800 1003.331
547.840 927.160
547.880 878.272
547.920 907.808
547.960 920.768
548.000 845.440
548.040 829.679
548.080 878.772
548.120 924.147
548.160 946.518
548.200 976.885
548.240 1036.677
548.280 1074.180
548.320 1045.536
548.360 986.745
548.400 948.380
548.440 943.439
548.480 910.780
548.520 880.117
548.560 934.022
548.600 971.352
548.640 948.821
548.680 1023.286
548.720 1148.890
548.760 1200.062
548.800 1169.801
548.840 1113.108
548.880 1161.125
548.920 1209.425
548.960 1158.006
549.000 1106.155
549.040 1100.157
549.080 1127.298
549.120 1133.007
549.160 1095.284
549.200 1039.985
549.240 997.396
549.280 960.090
549.320 951.351
549.360 1009.322
549.400 1033.575
549.440 991.396
549.480 1050.213
549.520 1144.027
549.560 1124.693
549.600 1079.927
549.640 1058.300
549.680 1102.098
549.720 1129.606
549.760 1108.396
549.800 1093.611
549.840 1148.393
549.880 1162.600
549.920 1093.518
549.960 1072.717
550.000 1080.198
550.040 1071.675
550.080 1010.291
550.120 942.047
550.160 1021.226
550.200 1084.688
550.240 1034.432
550.280 1122.600
550.320 1251.050
550.350 1299.211
550.390 1269.939
550.430 1228.806
550.470 1262.384
550.510 1297.100
550.550 1198.099
550.590 1140.665
550.630 1166.798
550.670 1227.071
550.710 1199.625
550.750 1174.747
550.790 1252.722
550.830 1282.694
550.870 1207.090
550.910 1213.339
550.950 1246.299
550.990 1250.969
551.030 1194.064
551.070 1093.013
551.110 1128.100
551.150 1173.898
551.190 1101.120
551.230 1027.482
551.270 1011.840
551.310 990.622
551.350 945.115
551.390 894.604
551.430 881.804
551.470 891.857
551.510 915.620
551.550 997.237
551.590 1086.564
551.630 1119.030
551.670 1052.636
551.710 1046.666
551.750 1144.407
551.790 1167.429
551.830 1068.448
551.870 1067.463
551.910 1193.331
551.950 1276.196
551.990 1253.771
552.030 1247.771
552.070 1332.482
552.110 1361.474
552.150 1262.891
552.190 1155.591
552.230 1201.001
552.270 1251.692
552.310 1172.380
552.350 1041.208
552.390 1105.745
552.430 1172.851
552.470 1167.810
552.510 1190.622
552.550 1296.002
552.590 1380.236
552.630 1433.465
552.660 1393.549
552.700 1409.485
552.740 1425.847
552.780 1303.205
552.820 1188.274
552.860 1195.910
552.900 1209.686
552.940 1178.458
552.980 1197.512
553.020 1289.276
553.060 1394.180
553.100 1365.795
553.140 1315.120
553.180 1365.441
553.220 1403.474
553.260 1347.074
553.300 1276.956
553.340 1246.549
553.380 1274.852
553.420 1245.724
553.460 1178.734
553.500 1215.884
553.540 1240.316
553.580 1213.031
553.620 1211.599
553.660 1221.592
553.700 1210.152
553.740 1189.995
553.780 1134.549
553.820 1158.671
553.860 1195.503
553.900 1147.618
553.940 1160.443
553.980 1261.694
554.020 1271.083
554.060 1227.041
554.100 1207.710
554.140 1194.661
554.180 1187.322
554.220 1131.695
554.260 1109.207
554.300 1214.001
554.340 1286.792
554.380 1244.007
554.410 1218.077
554.450 1338.143
554.490 1412.063
554.530 1325.265
554.570 1254.750
554.610 1260.374
554.650 1333.566
554.690 1368.183
554.730 1335.797
554.770 1333.121
554.810 1346.014
554.850 1286.618
554.890 1284.790
554.930 1277.101
554.970 1242.695
555.010 1136.857
555.050 1082.872
555.090 1171.170
555.130 1220.894
555.170 1170.614
555.210 1166.616
555.250 1234.615
555.290 1291.183
555.330 1282.747
555.370 1165.450
555.410 1176.008
555.450 1227.134
555.490 1179.685
555.530 1178.518
555.570 1306.491
555.610 1374.461
555.650 1417.856
555.690 1433.677
555.730 1496.066
555.770 1530.880
555.810 1477.691
555.850 1408.499
555.890 1375.018
555.920 1360.391
555.960 1326.189
556.000 1288.128
556.040 1280.634
556.080 1257.280
556.120 1163.209
556.160 1126.991
556.200 1232.628
556.240 1275.976
556.280 1205.464
556.320 1225.377
556.360 1292.287
556.400 1321.480
556.440 1342.669
556.480 1324.141
556.520 1323.325
556.560 1318.363
556.600 1271.826
556.640 1284.000
556.680 1339.457
556.720 1340.054
556.760 1253.219
556.800 1259.810
556.840 1339.398
556.880 1351.268
556.920 1269.279
556.960 1250.143
557.000 1323.577
557.040 1368.864
557.080 1338.005
557.120 1357.287
557.160 1447.851
557.200 1501.412
557.240 1465.256
557.270 1465.097
557.310 1532.506
557.350 1544.056
557.390 1445.460
557.430 1359.575
557.470 1417.830
557.510 1476.225
557.550 1426.760
557.590 1442.149
557.630 1487.250
557.670 1512.634
557.710 1503.014
557.750 1469.964
557.790 1534.910
557.830 1579.283
557.870 1451.366
557.910 1378.876
557.950 1447.525
557.990 1506.172
558.030 1511.102
558.070 1509.600
558.110 1498.239
558.150 1522.017
558.190 1492.079
558.230 1464.423
558.270 1487.479
558.310 1490.961
558.350 1411.726
558.390 1421.774
558.430 1504.533
558.460 1563.147
558.500 1516.901
558.540 1487.081
558.580 1473.258
558.620 1431.289
558.660 1366.033
558.700 1342.487
558.740 1377.083
558.780 1408.818
558.820 1339.265
558.860 1389.280
558.900 1490.579
558.940 1516.161
558.980 1453.883
559.020 1444.031
559.060 1504.891
559.100 1569.176
559.140 1471.317
559.180 1407.883
559.220 1385.304
559.260 1409.579
559.300 1374.566
559.340 1271.694
559.380 1256.676
559.420 1333.798
559.460 1315.918
559.500 1310.606
559.540 1297.292
559.570 1252.976
559.610 1230.086
559.650 1236.479
559.690 1215.298
559.730 1216.400
559.770 1230.785
559.810 1285.597
559.850 1365.977
559.890 1432.212
559.930 1411.874
559.970 1405.247
560.010 1454.760
560.050 1466.557
560.090 1364.637
560.130 1344.572
560.170 1381.219
560.210 1420.577
560.250 1406.219
560.290 1404.716
560.330 1488.067
560.370 1570.130
560.410 1573.191
560.450 1600.821
560.490 1638.306
560.530 1628.360
560.570 1567.125
560.600 1495.317
560.640 1554.078
560.680 1571.123
560.720 1546.165
560.760 1509.633
560.800 1555.242
560.840 1577.849
560.880 1530.310
560.920 1465.912
560.960 1477.655
561.000 1433.109
561.040 1398.133
561.080 1364.869
561.120 1372.459
561.160 1381.762
561.200 1319.348
561.240 1294.361
561.280 1348.228
561.320 1364.236
561.360 1325.956
561.400 1323.531
561.440 1441.532
561.480 1516.246
561.520 1462.385
561.550 1399.809
561.590 1393.658
561.630 1431.077
561.670 1412.208
561.710 1393.052
561.750 1435.178
561.790 1485.303
561.830 1523.425
561.870 1565.260
561.910 1609.806
561.950 1631.351
561.990 1523.608
562.030 1489.434
562.070 1472.972
562.110 1409.794
562.150 1371.471
562.190 1314.002
562.230 1304.532
562.270 1330.060
562.310 1285.586
562.350 1298.823
562.390 1375.488
562.430 1388.579
562.460 1387.239
562.500 1443.326
562.540 1519.839
562.580 1526.779
562.620 1510.431
562.660 1503.367
562.700 1565.872
562.740 1577.946
562.780 1498.733
562.820 1446.089
562.860 1450.872
562.900 1421.653
562.940 1360.003
562.980 1323.638
563.020 1334.698
563.060 1329.757
563.100 1312.099
563.140 1362.725
563.180 1443.350
563.220 1466.972
563.260 1389.735
563.300 1316.782
563.330 1362.398
563.370 1363.299
563.410 1280.483
563.450 1267.951
563.490 1321.416
563.530 1367.452
563.570 1439.200
563.610 1439.089
563.650 1510.690
563.690 1589.289
563.730 1566.315
563.770 1543.768
563.810 1579.362
563.850 1586.668
563.890 1556.115
563.930 1472.274
563.970 1462.289
564.010 1456.017
564.050 1422.885
564.090 1401.751
564.130 1425.045
564.160 1419.479
564.200 1415.769
564.240 1401.628
564.280 1510.485
564.320 1549.912
564.360 1474.481
564.400 1439.761
564.440 1501.183
564.480 1496.174
564.520 1414.878
564.560 1333.152
564.600 1373.281
564.640 1413.836
564.680 1440.962
564.720 1485.800
564.760 1528.922
564.800 1568.756
564.840 1503.017
564.880 1477.706
564.920 1625.106
564.950 1620.220
564.990 1517.474
565.030 1534.013
565.070 1559.835
565.110 1564.227
565.150 1476.618
565.190 1306.864
565.230 1274.965
565.270 1281.351
565.310 1208.877
565.350 1207.545
565.390 1301.211
565.430 1332.447
565.470 1310.967
565.510 1324.914
565.550 1366.288
565.590 1399.374
565.630 1379.602
565.670 1300.971
565.700 1318.624
565.740 1397.418
565.780 1365.497
565.820 1319.002
565.860 1358.077
565.900 1366.437
565.940 1376.937
565.980 1455.579
566.020 1526.791
566.060 1561.429
566.100 1554.781
566.140 1598.987
566.180 1712.621
566.220 1751.397
566.260 1668.456
566.300 1617.371
566.340 1648.713
566.380 1665.625
566.420 1581.249
566.450 1514.872
566.490 1541.780
566.530 1535.257
566.570 1491.304
566.610 1496.921
566.650 1555.393
566.690 1560.579
566.730 1505.905
566.770 1503.945
566.810 1605.697
566.850 1631.162
566.890 1572.340
566.930 1563.945
566.970 1683.691
567.010 1751.007
567.050 1718.179
567.090 1699.350
567.130 1791.947
567.160 1848.686
567.200 1795.138
567.240 1718.160
567.280 1740.323
567.320 1742.199
567.360 1652.216
567.400 1613.375
567.440 1657.247
567.480 1695.832
567.520 1656.986
567.560 1655.996
567.600 1722.577
567.640 1750.441
567.680 1664.876
567.720 1585.595
567.760 1633.027
567.800 1659.172
567.840 1571.458
567.870 1537.314
567.910 1594.026
567.950 1640.880
567.990 1652.589
568.030 1595.868
568.070 1604.575
568.110 1637.708
568.150 1558.126
568.190 1536.829
568.230 1564.530
568.270 1544.944
568.310 1504.642
568.350 1480.911
568.390 1528.892
568.430 1555.015
568.470 1470.566
568.510 1447.543
568.540 1517.948
568.580 1556.637
568.620 1540.753
568.660 1568.725
568.700 1693.553
568.740 1755.380
568.780 1695.634
568.820 1627.744
568.860 1691.853
568.900 1738.531
568.940 1634.495
568.980 1511.456
569.020 1471.131
569.060 1459.233
569.100 1418.477
569.140 1331.291
569.170 1381.675
569.210 1430.487
569.250 1429.011
569.290 1496.963
569.330 1602.342
569.370 1707.577
569.410 1744.811
569.450 1663.615
569.490 1690.417
569.530 1732.362
569.570 1678.448
569.610 1621.390
569.650 1581.759
569.690 1572.555
569.730 1558.637
569.770 1534.431
569.800 1579.509
569.840 1620.587
569.880 1593.377
569.920 1565.881
569.960 1529.669
570.000 1489.599
570.040 1430.671
570.080 1392.884
570.120 1428.096
570.160 1489.450
570.200 1485.659
570.240 1545.439
570.280 1661.504
570.320 1707.139
570.360 1630.487
570.400 1569.976
570.430 1592.322
570.470 1599.523
570.510 1529.295
570.550 1471.209
570.590 1521.550
570.630 1583.033
570.670 1567.800
570.710 1509.138
570.750 1550.903
570.790 1613.667
570.830 1658.572
570.870 1672.191
570.910 1654.380
570.950 1639.569
570.990 1596.041
571.020 1575.227
571.060 1622.698
571.100 1590.310
571.140 1493.635
571.180 1537.388
571.220 1620.426
571.260 1654.891
571.300 1624.926
571.340 1570.103
571.380 1635.851
571.420 1677.454
571.460 1597.200
571.500 1571.373
571.540 1638.116
571.580 1641.715
571.610 1567.599
571.650 1537.197
571.690 1597.078
571.730 1613.102
571.770 1536.268
571.810 1523.432
571.850 1605.024
571.890 1645.901
571.930 1596.205
571.970 1518.365
572.010 1571.525
572.050 1634.969
572.090 1571.840
572.130 1535.139
572.170 1621.866
572.200 1655.592
572.240 1636.459
572.280 1659.326
572.320 1691.477
572.360 1699.055
572.400 1636.062
572.440 1580.353
572.480 1591.357
572.520 1660.503
572.560 1603.649
572.600 1553.507
572.640 1638.508
572.680 1699.078
572.720 1686.077
572.750 1706.789
572.790 1645.499
572.830 1605.209
572.870 1584.632
572.910 1529.912
572.950 1555.904
572.990 1571.039
573.030 1470.029
573.070 1448.305
573.110 1500.008
573.150 1532.139
573.190 1539.554
573.230 1502.969
573.270 1468.668
573.310 1463.081
573.340 1475.636
573.380 1505.475
573.420 1566.028
573.460 1574.580
573.500 1536.273
573.540 1604.680
573.580 1784.801
573.620 1858.635
573.660 1829.325
573.700 1846.871
573.740 1867.417
573.780 1924.104
573.820 1918.790
573.850 1843.047
573.890 1821.161
573.930 1804.416
573.970 1736.813
574.010 1743.781
574.050 1861.033
574.090 1899.999
574.130 1829.107
574.170 1833.785
574.210 1888.320
574.250 1864.997
574.290 1810.958
574.330 1768.490
574.370 1833.879
574.400 1877.695
574.440 1872.939
574.480 1857.467
574.520 1914.281
574.560 1946.379
574.600 1858.619
574.640 1735.573
574.680 1824.955
574.720 1886.478
574.760 1893.429
574.800 1859.808
574.840 1838.758
574.880 1803.992
574.910 1761.512
574.950 1683.030
574.990 1735.976
575.030 1759.493
575.070 1724.009
575.110 1716.382
575.150 1714.182
575.190 1713.552
575.230 1654.065
575.270 1541.148
575.310 1502.516
575.350 1519.598
575.390 1497.679
575.420 1506.473
575.460 1545.553
575.500 1575.917
575.540 1544.852
575.580 1559.786
575.620 1590.147
575.660 1594.080
575.700 1610.726
575.740 1604.228
575.780 1625.158
575.820 1614.945
575.860 1524.873
575.900 1494.515
575.930 1533.156
575.970 1512.939
576.010 1487.436
576.050 1506.504
576.090 1574.856
576.130 1616.636
576.170 1597.987
576.210 1560.480
576.250 1579.401
576.290 1646.892
576.330 1620.955
576.370 1576.444
576.410 1612.505
576.440 1663.422
576.480 1689.053
576.520 1714.825
576.560 1706.169
576.600 1677.225
576.640 1648.424
576.680 1637.337
576.720 1636.106
576.760 1618.588
576.800 1534.784
576.840 1509.551
576.880 1539.317
576.920 1550.940
576.950 1489.276
576.990 1455.182
577.030 1524.088
577.070 1624.565
577.110 1604.755
577.150 1597.088
577.190 1595.276
577.230 1607.750
577.270 1586.652
577.310 1547.410
577.350 1541.024
577.390 1555.495
577.420 1526.537
577.460 1601.150
577.500 1662.476
577.540 1678.230
577.580 1633.840
577.620 1607.021
577.660 1582.773
577.700 1539.238
577.740 1443.131
577.780 1376.596
577.820 1426.487
577.860 1494.522
577.890 1478.412
577.930 1501.159
577.970 1614.620
578.010 1628.365
578.050 1635.253
578.090 1658.283
578.130 1714.313
578.170 1757.770
578.210 1743.655
578.250 1739.968
578.290 1826.852
578.330 1860.593
578.360 1796.904
578.400 1697.214
578.440 1656.095
578.480 1650.690
578.520 1576.713
578.560 1545.592
578.600 1533.042
578.640 1512.492
578.680 1492.941
578.720 1575.960
578.760 1677.693
578.800 1681.712
578.830 1622.015
578.870 1717.603
578.910 1779.620
578.950 1800.064
578.990 1732.508
579.030 1671.236
579.070 1714.393
579.110 1726.406
579.150 1618.562
579.190 1552.717
579.230 1614.585
579.260 1652.881
579.300 1650.606
579.340 1669.044
579.380 1769.338
579.420 1841.918
579.460 1834.926
579.500 1791.076
579.540 1792.225
579.580 1786.516
579.620 1721.807
579.660 1628.812
579.700 1629.387
579.730 1685.819
579.770 1638.251
579.810 1609.967
579.850 1596.683
579.890 1626.970
579.930 1625.542
579.970 1669.542
580.010 1763.969
580.050 1773.397
580.090 1719.395
580.130 1685.249
580.160 1679.960
580.200 1694.814
580.240 1557.810
580.280 1430.948
580.320 1480.799
580.360 1514.365
580.400 1554.930
580.440 1575.351
580.480 1590.343
580.520 1644.478
580.560 1650.469
580.590 1644.460
580.630 1707.592
580.670 1753.725
580.710 1737.428
580.750 1734.416
580.790 1772.118
580.830 1792.391
580.870 1738.664
580.910 1682.935
580.950 1715.778
580.990 1745.763
581.020 1726.747
581.060 1697.731
581.100 1727.429
581.140 1802.412
581.180 1784.251
581.220 1737.518
581.260 1801.214
581.300 1831.480
581.340 1792.746
581.380 1753.440
581.420 1719.847
581.450 1700.683
581.490 1640.661
581.530 1545.495
581.570 1536.329
581.610 1564.591
581.650 1544.424
581.690 1525.400
581.730 1604.232
581.770 1650.206
581.810 1657.037
581.850 1654.295
581.880 1703.840
581.920 1741.669
581.960 1722.212
582.000 1650.040
582.040 1641.153
582.080 1637.695
582.120 1596.522
582.160 1585.205
582.200 1579.459
582.240 1600.570
582.280 1662.680
582.310 1710.790
582.350 1830.614
582.390 1899.294
582.430 1858.117
582.470 1895.653
582.510 1976.332
582.550 1972.153
582.590 1873.259
582.630 1753.794
582.670 1785.328
582.700 1838.290
582.740 1781.251
582.780 1734.212
582.820 1783.173
582.860 1833.704
582.900 1816.664
582.940 1765.909
582.980 1776.724
583.020 1832.968
583.060 1807.783
583.100 1718.883
583.130 1733.982
583.170 1772.939
583.210 1754.609
583.250 1707.135
583.290 1725.233
583.330 1736.759
583.370 1713.427
583.410 1699.094
583.450 1694.047
583.490 1668.285
583.520 1635.094
583.560 1631.760
583.600 1690.854
583.640 1750.947
583.680 1724.183
583.720 1754.704
583.760 1862.510
583.800 1907.602
583.840 1820.264
583.880 1681.212
583.910 1689.302
583.950 1722.249
583.990 1650.481
584.030 1604.570
584.070 1654.515
584.110 1686.032
584.150 1736.690
584.190 1773.206
584.230 1847.578
584.270 1926.521
584.310 1881.036
584.340 1827.407
584.380 1890.491
584.420 1937.861
584.460 1860.945
584.500 1815.886
584.540 1826.826
584.580 1878.194
584.620 1885.990
584.660 1801.644
584.700 1834.868
584.730 1908.520
584.770 1860.457
584.810 1827.966
584.850 1870.617
584.890 1887.267
584.930 1890.917
584.970 1871.567
585.010 1900.931
585.050 1923.865
585.080 1869.371
585.120 1777.019
585.160 1735.380
585.200 1757.885
585.240 1743.103
585.280 1706.892
585.320 1686.823
585.360 1632.755
585.400 1570.257
585.440 1591.901
585.470 1605.974
585.510 1565.475
585.550 1495.833
585.590 1552.904
585.630 1682.690
585.670 1724.332
585.710 1684.545
585.750 1724.329
585.790 1831.827
585.830 1856.039
585.860 1770.536
585.900 1787.319
585.940 1878.101
585.980 1894.026
586.020 1783.521
586.060 1687.445
586.100 1728.654
586.140 1740.291
586.180 1628.928
586.220 1561.565
586.250 1617.201
586.290 1651.122
586.330 1608.758
586.370 1564.678
586.410 1606.741
586.450 1661.233
586.490 1643.867
586.530 1630.643
586.570 1722.276
586.600 1773.908
586.640 1764.112
586.680 1749.030
586.720 1803.947
586.760 1856.292
586.800 1825.637
586.840 1825.125
586.880 1880.754
586.920 1890.527
586.960 1876.870
586.990 1851.071
587.030 1864.556
587.070 1889.756
587.110 1826.240
587.150 1843.296
587.190 1932.637
587.230 1976.978
587.270 1924.176
587.310 1925.373
587.340 1929.713
587.380 1967.052
587.420 1925.248
587.460 1860.301
587.500 1876.211
587.540 1899.549
587.580 1850.601
587.620 1883.795
587.660 1910.846
587.690 1933.040
587.730 1898.233
587.770 1882.997
587.810 1946.333
587.850 1961.382
587.890 1857.717
587.930 1780.765
587.970 1736.956
588.010 1721.433
588.050 1661.909
588.080 1609.385
588.120 1669.717
588.160 1749.192
588.200 1734.524
588.240 1783.141
588.280 1928.187
588.320 1976.946
588.360 1917.705
588.400 1854.035
588.430 1822.365
588.470 1839.409
588.510 1760.881
588.550 1647.781
588.590 1652.538
588.630 1712.723
588.670 1683.336
588.710 1720.950
588.750 1809.848
588.780 1829.603
588.820 1775.358
588.860 1725.399
588.900 1796.010
588.940 1863.621
588.980 1794.375
589.020 1780.556
589.060 1839.452
589.100 1881.348
589.130 1929.671
589.170 1909.138
589.210 1913.603
589.250 1921.355
589.290 1862.534
589.330 1879.856
589.370 1942.607
589.410 1942.071
589.450 1878.249
589.480 1882.713
589.520 1964.033
589.560 1967.639
589.600 1857.673
589.640 1884.564
589.680 1947.883
589.720 1943.202
589.760 1853.092
589.800 1800.696
589.830 1834.728
589.870 1903.188
589.910 1817.934
589.950 1779.394
589.990 1809.282
590.030 1849.455
590.070 1807.771
590.110 1788.659
590.150 1852.831
590.180 1901.860
590.220 1874.032
590.260 1911.061
590.300 2017.232
590.340 2081.403
590.380 2050.431
590.420 1995.887
590.460 2000.057
590.490 2017.084
590.530 1983.825
590.570 1952.423
590.610 2037.020
590.650 2107.617
590.690 2090.785
590.730 2070.953
590.770 2125.549
590.810 2146.574
590.840 2108.027
590.880 2088.622
590.920 2139.931
590.960 2150.383
591.000 2121.120
591.040 2056.143
591.080 2093.594
591.120 2097.188
591.160 2024.495
591.190 1914.802
591.230 1890.395
591.270 1912.845
591.310 1909.865
591.350 1900.314
591.390 1974.763
591.430 1979.354
591.470 2003.373
591.500 2085.678
591.540 2158.983
591.580 2196.002
591.620 2143.306
591.660 2091.038
591.700 2192.627
591.740 2203.073
591.780 2080.233
591.820 2011.536
591.850 2062.124
591.890 2083.855
591.930 2026.157
591.970 1938.601
592.010 2005.617
592.050 2104.917
592.090 2102.790
592.130 2019.376
592.160 2003.247
592.200 2026.547
592.240 1989.132
592.280 1879.575
592.320 1849.588
592.360 1866.315
592.400 1881.328
592.440 1907.912
592.470 1986.067
592.510 2037.079
592.550 2072.948
592.590 2192.102
592.630 2354.399
592.670 2402.553
592.710 2405.992
592.750 2410.002
592.790 2467.298
592.820 2537.165
592.860 2458.889
592.900 2377.470
592.940 2394.622
592.980 2425.345
593.020 2430.639
593.060 2488.647
593.100 2581.941
593.130 2622.663
593.170 2579.242
593.210 2572.677
593.250 2639.684
593.290 2611.405
593.330 2514.983
593.370 2452.418
593.410 2432.710
593.440 2436.715
593.480 2428.435
593.520 2385.440
593.560 2378.731
593.600 2363.307
593.640 2315.168
593.680 2374.030
593.720 2490.748
593.750 2518.323
593.790 2475.183
593.830 2454.044
593.870 2438.761
593.910 2396.620
593.950 2304.623
593.990 2237.053
594.030 2249.770
594.060 2273.057
594.100 2296.201
594.140 2357.488
594.180 2461.489
594.220 2528.775
594.260 2496.919
594.300 2486.204
594.340 2492.347
594.380 2501.204
594.410 2487.775
594.450 2459.488
594.490 2492.487
594.530 2505.772
594.570 2463.056
594.610 2509.626
594.650 2575.766
594.690 2611.907
594.720 2611.190
594.760 2630.187
594.800 2634.042
594.840 2597.467
594.880 2541.178
594.920 2507.746
594.960 2493.742
594.990 2492.737
595.030 2394.590
595.070 2433.300
595.110 2509.438
595.150 2470.719
595.190 2387.856
595.230 2382.851
595.270 2391.845
595.300 2374.982
595.340 2259.547
595.380 2196.397
595.420 2247.534
595.460 2305.812
595.500 2249.377
595.540 2215.655
595.580 2285.933
595.610 2320.354
595.650 2266.774
595.690 2169.766
595.730 2153.329
595.770 2158.177
595.810 2091.883
595.850 1973.016
595.890 1921.293
595.920 1934.426
595.960 1917.559
596.000 1903.835
596.040 1952.253
596.080 1945.242
596.120 1894.089
596.160 1936.792
596.200 1947.067
596.230 1923.055
596.270 1831.615
596.310 1740.317
596.350 1743.448
596.390 1754.722
596.430 1658.423
596.470 1686.839
596.500 1763.969
596.540 1783.385
596.580 1757.514
596.620 1784.929
596.660 1857.487
596.700 1886.187
596.740 1807.887
596.780 1775.301
596.810 1755.715
596.850 1716.272
596.890 1654.828
596.930 1634.956
596.970 1725.226
597.010 1760.639
597.050 1726.337
597.090 1787.750
597.120 1903.448
597.160 1937.003
597.200 1894.986
597.240 1846.683
597.280 1888.523
597.320 1891.220
597.360 1818.774
597.390 1831.614
597.430 1909.024
597.470 1947.006
597.510 1904.702
597.550 1862.398
597.590 1967.236
597.630 2061.217
597.670 1975.769
597.700 1868.179
597.740 1907.873
597.780 1957.282
597.820 1967.976
597.860 1897.670
597.900 1829.221
597.940 1824.772
597.970 1843.180
598.010 1807.302
598.050 1806.424
598.090 1779.259
598.130 1753.666
598.170 1783.073
598.210 1826.480
598.250 1815.886
598.280 1772.721
598.320 1739.984
598.360 1784.819
598.400 1790.367
598.440 1762.201
598.480 1747.606
598.520 1778.726
598.550 1785.131
598.590 1762.535
598.630 1717.940
598.670 1761.630
598.710 1770.319
598.750 1753.580
598.790 1772.270
598.830 1827.959
598.860 1864.648
598.900 1861.337
598.940 1843.454
598.980 1917.143
599.020 1937.831
599.060 1879.519
599.100 1865.921
599.130 1880.466
599.170 1881.868
599.210 1838.270
599.250 1778.814
599.290 1822.644
599.330 1832.616
599.370 1764.732
599.400 1793.704
599.440 1848.390
599.480 1867.076
599.520 1816.762
599.560 1760.733
599.600 1860.990
599.640 1923.390
599.670 1821.075
599.710 1832.903
599.750 1915.159
599.790 1961.415
599.830 1951.957
599.870 1903.498
599.910 1891.896
599.950 1951.152
599.980 1872.550
600.020 1806.948
600.060 1819.345
600.100 1836.314
600.140 1791.283
600.180 1783.823
600.220 1747.934
600.250 1713.474
600.290 1693.584
600.330 1718.124
600.370 1742.234
600.410 1722.630
600.450 1672.312
600.490 1704.422
600.520 1838.960
600.560 1887.070
600.600 1854.179
600.640 1837.860
600.680 1918.112
600.720 1975.935
600.760 1952.759
600.790 1948.153
600.830 1961.833
600.870 1924.941
600.910 1872.335
600.950 1841.300
600.990 1886.122
601.030 1895.944
601.060 1778.480
601.100 1752.587
601.140 1849.551
601.180 1900.087
601.220 1859.337
601.260 1800.586
601.300 1866.550
601.330 1952.227
601.370 1933.476
601.410 1848.439
601.450 1869.545
601.490 1914.222
601.530 1901.756
601.570 1803.861
601.600 1800.395
601.640 1841.643
601.680 1867.319
601.720 1885.995
601.760 1879.671
601.800 1871.775
601.840 1915.451
601.870 1896.841
601.910 1948.373
601.950 1969.762
601.990 1885.437
602.030 1904.541
602.070 2011.501
602.110 2020.604
602.140 2001.707
602.180 1988.524
602.220 2003.055
602.260 2043.157
602.300 2006.259
602.340 1952.219
602.380 2001.178
602.410 2018.137
602.450 1921.810
602.490 1888.625
602.530 1860.727
602.570 1827.114
602.610 1810.357
602.650 1824.458
602.680 1841.845
602.720 1843.802
602.760 1805.188
602.800 1858.003
602.840 1952.103
602.880 1955.631
602.920 1861.588
602.950 1815.831
602.990 1815.930
603.030 1826.886
603.070 1752.128
603.110 1675.227
603.150 1711.326
603.190 1769.568
603.220 1805.238
603.260 1834.907
603.300 1876.577
603.340 1919.247
603.380 1922.059
603.420 1877.442
603.450 1845.540
603.490 1840.637
603.530 1820.163
603.570 1816.261
603.610 1826.786
603.650 1808.312
603.690 1758.408
603.720 1759.934
603.760 1819.030
603.800 1853.126
603.840 1830.222
603.880 1862.604
603.920 1918.414
603.960 1944.224
603.990 1896.606
604.030 1838.701
604.070 1827.939
604.110 1853.034
604.150 1809.986
604.190 1852.796
604.230 1947.033
604.260 2033.842
604.300 2021.508
604.340 1995.459
604.380 2088.125
604.420 2149.647
604.460 2077.313
604.490 2018.121
604.530 1993.929
604.570 2029.879
604.610 2049.687
604.650 1926.780
604.690 1932.302
604.730 1968.537
604.760 1931.773
604.800 1897.294
604.840 1935.958
604.880 1952.765
604.920 1952.428
604.960 1888.663
604.990 1875.755
605.030 1890.133
605.070 1916.938
605.110 1907.030
605.150 1919.978
605.190 1926.355
605.230 1885.018
605.260 1823.109
605.300 1879.628
605.340 1900.148
605.380 1855.524
605.420 1851.614
605.460 1922.705
605.500 2013.223
605.530 2098.742
605.570 2091.689
605.610 2096.779
605.650 2108.154
605.690 2072.386
605.730 2002.476
605.760 1969.708
605.800 1947.797
605.840 1953.171
605.880 1959.975
605.920 1996.063
605.960 2031.438
606.000 2033.669
606.030 2043.614
606.070 2061.417
606.110 2034.362
606.150 1977.021
606.190 1908.252
606.230 1917.482
606.260 1931.427
606.300 1885.515
606.340 1929.887
606.380 1976.689
606.420 1979.347
606.460 1977.720
606.490 1974.378
606.530 2038.036
606.570 2081.408
606.610 2001.638
606.650 2019.438
606.690 2109.381
606.730 2166.182
606.760 2169.410
606.800 2173.353
606.840 2203.868
606.880 2206.096
606.920 2121.467
606.960 2043.409
606.990 2046.209
607.030 2082.579
607.070 2042.664
607.110 2005.178
607.150 2039.977
607.190 2104.775
607.230 2156.860
607.260 2206.230
607.300 2220.314
607.340 2267.826
607.380 2339.482
607.420 2473.708
607.460 2634.935
607.490 2750.876
607.530 2797.959
607.570 2931.471
607.610 3144.268
607.650 3317.494
607.690 3411.863
607.720 3562.803
607.760 3798.171
607.800 4020.539
607.840 4169.336
607.880 4343.847
607.920 4642.929
607.960 4907.440
607.990 5014.522
608.030 5123.747
608.070 5299.543
608.110 5494.481
608.150 5661.277
608.190 5743.787
608.220 5888.440
608.260 6093.378
608.300 6287.316
608.340 6483.540
608.380 6684.764
608.420 6815.559
608.450 6913.211
608.490 7027.863
608.530 7160.943
608.570 7203.023
608.610 7199.246
608.650 7284.326
608.680 7386.406
608.720 7451.343
608.760 7476.994
608.800 7511.359
608.840 7622.581
608.880 7685.946
608.910 7629.883
608.950 7619.248
608.990 7655.327
609.030 7635.834
609.070 7572.056
609.110 7556.277
609.150 7576.213
609.180 7574.005
609.220 7520.941
609.260 7523.162
609.300 7588.811
609.340 7634.604
609.380 7595.253
609.410 7592.616
609.450 7675.408
609.490 7681.914
609.530 7651.992
609.570 7628.355
609.610 7576.003
609.640 7535.652
609.680 7464.158
609.720 7362.520
609.760 7350.168
609.800 7274.816
609.840 7167.750
609.870 7168.826
609.910 7140.474
609.950 7071.408
609.990 6954.198
610.030 6816.417
610.070 6735.636
610.100 6581.569
610.140 6358.644
610.180 6121.577
610.220 5939.510
610.260 5752.013
610.300 5489.517
610.330 5238.021
610.370 5044.096
610.410 4821.742
610.450 4617.389
610.490 4462.178
610.530 4304.252
610.560 4122.184
610.600 3899.258
610.640 3742.333
610.680 3630.121
610.720 3481.338
610.760 3281.127
610.790 3144.058
610.830 3090.274
610.870 3005.634
610.910 2867.136
610.950 2762.066
610.990 2757.283
611.020 2739.356
611.060 2662.001
611.100 2620.645
611.140 2640.432
611.180 2638.648
611.220 2536.435
611.250 2418.222
611.290 2340.580
611.330 2247.796
611.370 2132.582
611.410 2117.083
611.450 2146.012
611.480 2158.370
611.520 2145.442
611.560 2143.086
611.600 2225.014
611.640 2218.658
611.680 2132.158
611.710 2108.229
611.750 2187.301
611.790 2205.372
611.830 2136.014
611.870 2041.800
611.910 2069.157
611.940 2047.370
611.980 1912.584
612.020 1810.940
612.060 1832.725
612.100 1871.510
612.140 1832.438
612.170 1834.365
612.210 1897.149
612.250 1965.362
612.290 1969.575
612.330 1943.502
612.370 1985.286
612.400 2069.213
612.440 2025.569
612.480 1982.210
612.520 2038.708
612.560 2066.920
612.600 2033.418
612.630 2040.773
612.670 2034.413
612.710 2018.625
612.750 1993.694
612.790 2000.191
612.820 2019.545
612.860 2018.614
612.900 1915.111
612.940 1915.751
612.980 2000.962
613.020 2018.887
613.050 1925.098
613.090 1886.881
613.130 1948.663
613.170 1988.588
613.210 1928.370
613.250 1909.295
613.280 1960.362
613.320 1973.144
613.360 1929.354
613.400 1905.707
613.440 1929.775
613.480 1967.699
613.510 1968.194
613.550 1969.547
613.590 1999.042
613.630 2002.824
613.670 1936.890
613.710 1906.100
613.740 1950.452
613.780 1957.947
613.820 1895.013
613.860 1900.651
613.900 1936.717
613.930 1932.069
613.970 1896.706
614.010 1876.915
614.050 1864.409
614.090 1881.760
614.130 1855.112
614.160 1860.320
614.200 2012.100
614.240 2076.594
614.280 1999.516
614.320 2000.581
614.360 2067.932
614.390 2059.425
614.430 2001.490
614.470 1874.269
614.510 1901.763
614.550 1936.542
614.580 1843.606
614.620 1811.671
614.660 1852.878
614.700 1868.656
614.740 1872.149
614.780 1803.785
614.810 1861.563
614.850 1942.913
614.890 1864.262
614.930 1825.326
614.970 1839.390
615.010 1815.453
615.040 1816.802
615.080 1750.152
615.120 1721.786
615.160 1714.278
615.200 1685.199
615.230 1752.833
615.270 1771.610
615.310 1763.816
615.350 1763.736
615.390 1744.656
615.430 1750.719
615.460 1748.496
615.500 1652.130
615.540 1652.192
615.580 1655.540
615.620 1631.031
615.650 1669.236
615.690 1738.298
615.730 1817.503
615.770 1879.279
615.810 1880.627
615.850 1900.260
615.880 1972.750
615.920 1964.669
615.960 1914.159
616.000 1866.077
616.040 1910.425
616.080 1954.629
616.110 1937.833
616.150 1937.180
616.190 1959.955
616.230 1959.016
616.270 1920.791
616.300 1894.138
616.340 1935.055
616.380 1957.830
616.420 1885.748
616.460 1891.380
616.500 1929.869
616.530 1940.786
616.570 1876.275
616.610 1776.478
616.650 1800.110
616.690 1855.313
616.720 1769.801
616.760 1776.718
616.800 1888.349
616.840 1929.695
616.880 1922.469
616.920 1888.528
616.950 1893.588
616.990 1940.790
617.030 1888.706
617.070 1789.337
617.110 1853.967
617.140 1918.312
617.180 1893.943
617.220 1878.002
617.260 1932.346
617.300 1969.119
617.340 1951.892
617.370 1891.522
617.410 1861.724
617.450 1859.353
617.490 1832.269
617.530 1820.756
617.560 1803.528
617.600 1852.301
617.640 1876.645
617.680 1925.274
617.720 2004.761
617.750 2034.390
617.790 1974.019
617.830 2019.220
617.870 2042.277
617.910 2011.049
617.950 1942.249
617.980 1863.878
618.020 1874.936
618.060 1898.564
618.100 1830.479
618.140 1847.393
618.170 1895.307
618.210 1902.221
618.250 1882.850
618.290 1890.478
618.330 1913.106
618.370 1910.305
618.400 1806.505
618.440 1750.419
618.480 1822.475
618.520 1887.103
618.560 1841.731
618.590 1879.501
618.630 1965.843
618.670 2006.471
618.710 1998.241
618.750 1964.011
618.780 1988.353
618.820 2013.837
618.860 1908.750
618.900 1846.806
618.940 1871.861
618.980 1855.060
619.010 1797.401
619.050 1797.599
619.090 1833.797
619.130 1868.852
619.170 1847.765
619.200 1874.677
619.240 1889.875
619.280 1868.501
619.320 1779.128
619.360 1696.611
619.390 1727.951
619.430 1769.435
619.470 1673.918
619.510 1672.829
619.550 1769.741
619.590 1818.510
619.620 1838.993
619.660 1873.047
619.700 1880.387
619.740 1931.441
619.780 1931.924
619.810 1942.978
619.850 1947.174
619.890 1935.943
619.930 1854.425
619.970 1879.336
620.000 1953.818
620.040 1960.586
620.080 1871.925
620.120 1931.550
620.160 1953.032
620.190 1932.371
620.230 1855.567
620.270 1803.192
620.310 1853.530
620.350 1881.726
620.390 1736.065
620.420 1745.975
620.460 1833.171
620.500 1859.224
620.540 1785.848
620.580 1760.615
620.610 1814.953
620.650 1930.577
620.690 1907.058
620.730 1891.682
620.770 1960.163
620.800 2002.643
620.840 1923.838
620.880 1828.462
620.920 1734.228
620.960 1759.137
620.990 1728.761
621.030 1718.527
621.070 1748.293
621.110 1769.488
621.150 1805.968
621.180 1851.448
621.220 1904.500
621.260 1925.980
621.300 1838.317
621.340 1836.225
621.380 1897.705
621.410 1884.899
621.450 1854.522
621.490 1851.287
621.530 1906.481
621.570 1951.246
621.600 1926.440
621.640 1959.919
621.680 1968.542
621.720 1951.592
621.760 1856.072
621.790 1791.265
621.830 1837.887
621.870 1853.366
621.910 1763.845
621.950 1820.610
621.980 1944.803
622.020 1980.424
622.060 1929.474
622.100 1854.239
622.140 1880.717
622.170 1918.482
622.210 1839.532
622.250 1798.867
622.290 1832.203
622.330 1903.824
622.360 1934.159
622.400 1903.209
622.440 1873.972
622.480 1881.308
622.520 1817.643
622.550 1809.549
622.590 1783.599
622.630 1739.076
622.670 1713.554
622.710 1781.460
622.740 1850.081
622.780 1859.558
622.820 1824.893
622.860 1820.799
622.900 1890.419
622.930 1920.897
622.970 1857.231
623.010 1817.708
623.050 1899.757
623.090 1927.662
623.130 1882.568
623.160 1860.045
623.200 1862.808
623.240 1846.713
623.280 1807.047
623.320 1697.809
623.350 1656.143
623.390 1670.620
623.430 1598.811
623.470 1587.573
623.510 1666.906
623.540 1706.383
623.580 1738.145
623.620 1781.907
623.660 1875.954
623.700 1919.288
623.730 1865.907
623.770 1824.954
623.810 1882.716
623.850 1930.763
623.890 1881.382
623.920 1861.000
623.960 1934.476
624.000 2002.380
624.040 1971.999
624.080 1917.189
624.110 1944.378
624.150 1976.997
624.190 1883.044
624.230 1822.233
624.270 1842.423
624.300 1864.327
624.340 1829.659
624.380 1786.991
624.420 1798.609
624.450 1845.513
624.490 1799.702
624.530 1733.462
624.570 1771.223
624.610 1843.698
624.640 1856.744
624.680 1874.361
624.720 1937.122
624.760 2005.311
624.800 2006.928
624.830 1983.545
624.870 1957.305
624.910 1895.208
624.950 1814.111
624.990 1759.442
625.020 1764.631
625.060 1765.962
625.100 1693.865
625.140 1709.482
625.180 1789.670
625.210 1821.430
625.250 1793.332
625.290 1806.234
625.330 1880.994
625.370 1909.182
625.400 1864.084
625.440 1890.129
625.480 1986.031
625.520 2041.933
625.560 2010.978
625.590 2004.165
625.630 2070.924
625.670 2082.255
625.710 1988.871
625.750 1931.058
625.780 1980.531
625.820 2030.576
625.860 1957.335
625.900 1938.808
625.940 1964.566
625.970 1965.753
626.010 1921.226
626.050 1916.842
626.090 1974.029
626.130 2018.501
626.160 1974.402
626.200 1971.161
626.240 2024.347
626.280 2036.391
626.310 1916.435
626.350 1787.336
626.390 1772.951
626.430 1797.280
626.470 1757.467
626.500 1777.510
626.540 1856.839
626.580 1892.026
626.620 1868.355
626.660 1913.684
626.690 1961.013
626.730 1978.342
626.770 1895.813
626.810 1874.142
626.850 1973.900
626.880 2042.514
626.920 1968.843
626.960 1941.171
627.000 1993.928
627.040 2049.686
627.070 1999.443
627.110 1919.057
627.150 1960.099
627.190 2010.856
627.230 1941.042
627.260 1840.799
627.300 1842.270
627.340 1850.883
627.380 1802.069
627.410 1694.968
627.450 1688.867
627.490 1777.195
627.530 1843.380
627.570 1822.994
627.600 1817.322
627.640 1856.792
627.680 1865.834
627.720 1894.448
627.760 1942.347
627.790 1970.388
627.830 1962.287
627.870 1979.758
627.910 1997.085
627.950 2004.698
627.980 1941.740
628.020 1907.638
628.060 1926.537
628.100 1935.150
628.130 1896.620
628.170 1895.233
628.210 1942.274
628.250 1920.029
628.290 1834.356
628.320 1812.112
628.360 1849.153
628.400 1882.051
628.440 1850.378
628.480 1862.704
628.510 1898.745
628.550 1881.358
628.590 1809.827
628.630 1831.582
628.660 1865.194
628.700 1872.378
628.740 1805.704
628.780 1847.602
628.820 1939.642
628.850 1972.540
628.890 1931.295
628.930 1936.478
628.970 1901.804
629.010 1845.987
629.040 1760.456
629.080 1689.496
629.120 1679.822
629.160 1609.719
629.200 1543.759
629.230 1611.942
629.270 1700.839
629.310 1748.308
629.350 1742.348
629.380 1871.387
629.420 2031.856
629.460 2082.610
629.500 2039.935
629.540 2011.260
629.570 1989.586
629.610 1988.054
629.650 1840.665
629.690 1766.847
629.720 1777.029
629.760 1795.640
629.800 1826.394
629.840 1929.290
629.880 1994.044
629.910 1960.797
629.950 1890.836
629.990 1877.447
630.030 1906.915
630.070 1894.097
630.100 1819.278
630.140 1862.746
630.180 2011.642
630.220 2048.824
630.250 2010.005
630.290 2026.758
630.330 2069.654
630.370 2062.407
630.410 1969.446
630.440 1898.770
630.480 1936.666
630.520 1933.561
630.560 1855.743
630.600 1835.924
630.630 1856.962
630.670 1839.286
630.710 1777.753
630.750 1755.363
630.780 1824.258
630.820 1847.582
630.860 1793.049
630.900 1818.801
630.940 1902.267
630.970 1967.020
631.010 1963.486
631.050 1934.667
631.090 1975.419
631.120 2034.743
631.160 1978.495
631.200 1872.389
631.240 1880.856
631.280 1913.179
631.310 1877.788
631.350 1930.683
631.390 1986.149
631.430 1995.615
631.460 2009.366
631.500 1938.547
631.540 1920.584
631.580 1938.478
631.620 1811.230
631.650 1725.267
631.690 1736.447
631.730 1784.627
631.770 1820.521
631.800 1803.130
631.840 1797.167
631.880 1850.204
631.920 1826.669
631.960 1801.992
631.990 1803.314
632.030 1778.923
632.070 1714.817
632.110 1710.853
632.150 1701.747
632.180 1700.498
632.220 1662.392
632.260 1636.428
632.300 1678.179
632.330 1717.930
632.370 1686.109
632.410 1697.288
632.450 1741.896
632.490 1756.218
632.520 1744.826
632.560 1753.433
632.600 1795.612
632.640 1830.077
632.670 1801.256
632.710 1781.435
632.750 1820.471
632.790 1838.364
632.820 1795.829
632.860 1853.007
632.900 1927.900
632.940 1964.222
632.980 1964.829
633.010 1974.008
633.050 1977.186
633.090 2016.793
633.130 1946.400
633.160 1907.007
633.200 1920.186
633.240 1916.078
633.280 1871.971
633.320 1892.292
633.350 1922.185
633.390 1953.648
633.430 1930.398
633.470 1939.862
633.500 1943.326
633.540 1968.218
633.580 1961.825
633.620 1925.145
633.660 1879.466
633.690 1840.501
633.730 1771.679
633.770 1778.000
633.810 1813.177
633.840 1792.069
633.880 1749.247
633.920 1726.139
633.960 1815.031
634.000 1886.351
634.030 1856.815
634.070 1828.992
634.110 1893.027
634.150 1918.776
634.180 1922.524
634.220 1891.416
634.260 1924.451
634.300 1961.485
634.330 1922.948
634.370 1926.982
634.410 2004.731
634.450 2069.622
634.490 2044.514
634.520 1957.405
634.560 1998.439
634.600 2035.473
634.640 1931.936
634.670 1879.113
634.710 1903.432
634.750 1901.609
634.790 1918.358
634.830 1893.963
634.860 1904.711
634.900 1965.745
634.940 1938.493
634.980 1919.955
635.010 1974.560
635.050 1957.880
635.090 1884.770
635.130 1845.804
635.160 1843.980
635.200 1827.871
635.240 1724.047
635.280 1676.081
635.320 1750.686
635.350 1762.719
635.390 1751.181
635.430 1782.786
635.470 1839.962
635.500 1921.424
635.540 1918.171
635.580 1848.347
635.620 1937.523
635.650 1992.271
635.690 1920.304
635.730 1897.051
635.770 1876.370
635.810 1846.831
635.840 1808.007
635.880 1743.468
635.920 1722.073
635.960 1697.677
635.990 1647.995
636.030 1678.457
636.070 1760.632
636.110 1887.665
636.140 1918.698
636.180 1934.873
636.220 2036.191
636.260 2084.367
636.300 2039.256
636.330 2014.717
636.370 1984.321
636.410 1958.782
636.450 1916.957
636.480 1903.418
636.520 1952.593
636.560 1943.483
636.600 1853.229
636.630 1795.833
636.670 1792.151
636.710 1803.754
636.750 1757.072
636.780 1704.961
636.820 1761.993
636.860 1801.168
636.900 1797.200
636.940 1885.089
636.970 1952.121
637.010 1995.295
637.050 1984.042
637.090 1956.073
637.120 1993.534
637.160 2022.280
637.200 1938.026
637.240 1905.057
637.270 1914.089
637.310 1918.406
637.350 1867.438
637.390 1827.183
637.420 1826.929
637.460 1834.532
637.500 1816.992
637.540 1814.738
637.580 1863.483
637.610 1903.657
637.650 1895.403
637.690 1916.577
637.730 1941.894
637.760 1934.925
637.800 1840.385
637.840 1752.130
637.880 1766.875
637.910 1789.621
637.950 1726.937
637.990 1722.683
638.030 1745.285
638.060 1789.030
638.100 1790.347
638.140 1785.520
638.180 1822.551
638.220 1848.153
638.250 1791.184
638.290 1758.072
638.330 1826.674
638.370 1886.419
638.400 1847.878
638.440 1822.623
638.480 1884.082
638.520 1940.827
638.550 1927.000
638.590 1914.459
638.630 1940.347
638.670 1923.520
638.700 1882.265
638.740 1792.866
638.780 1762.754
638.820 1832.498
638.850 1814.814
638.890 1820.987
638.930 1890.732
638.970 1923.048
639.010 1953.649
639.040 1943.393
639.080 1930.852
639.120 1939.739
639.160 1903.055
639.190 1905.085
639.230 1943.400
639.270 1938.430
639.310 1930.746
639.340 1925.347
639.380 1894.091
639.420 1858.978
639.460 1827.293
639.490 1792.752
639.530 1823.067
639.570 1866.525
639.610 1812.983
639.640 1780.013
639.680 1811.328
639.720 1783.786
639.760 1750.959
639.790 1745.988
639.830 1748.875
639.870 1761.761
639.910 1781.505
639.940 1777.248
639.980 1821.135
640.020 1820.450
640.060 1777.907
640.100 1770.651
640.130 1811.394
640.170 1845.424
640.210 1834.024
640.250 1880.339
640.280 1983.082
640.320 2012.254
640.360 1985.997
640.400 2006.741
640.430 2057.769
640.470 2054.941
640.510 1953.399
640.550 1950.856
640.580 1965.742
640.620 1958.485
640.660 1939.657
640.700 1859.257
640.730 1840.143
640.770 1865.743
640.810 1788.343
640.850 1786.514
640.880 1842.114
640.920 1798.143
640.960 1756.314
641.000 1765.200
641.030 1792.942
641.070 1782.542
641.110 1731.713
641.150 1738.456
641.180 1794.913
641.220 1824.227
641.260 1847.255
641.300 1864.998
641.330 1905.312
641.370 1952.197
641.410 1892.511
641.450 1884.682
641.480 1976.996
641.520 2004.452
641.560 1967.623
641.600 1945.651
641.630 1946.679
641.670 1978.993
641.710 1981.164
641.750 1996.334
641.780 2026.219
641.820 2069.533
641.860 2059.132
641.900 2055.446
641.940 2082.902
641.970 2087.501
642.010 2019.814
642.050 1991.556
642.090 2001.870
642.120 2024.897
642.160 1971.496
642.200 1938.810
642.240 1982.837
642.270 2002.436
642.310 1990.892
642.350 1959.491
642.390 1948.947
642.420 1943.689
642.460 1882.145
642.500 1838.600
642.540 1859.913
642.570 1860.798
642.610 1848.682
642.650 1908.138
642.690 2026.022
642.720 2095.764
642.760 2066.219
642.800 2039.675
642.840 2032.417
642.870 2019.015
642.910 1946.042
642.950 1866.212
642.990 1856.096
643.020 1863.123
643.060 1796.150
643.100 1750.177
643.140 1799.632
643.170 1807.802
643.210 1772.829
643.250 1761.998
643.290 1780.596
643.320 1818.480
643.360 1849.507
643.400 1820.534
643.440 1814.703
643.470 1843.444
643.510 1827.042
643.550 1790.211
643.590 1791.667
643.620 1769.693
643.660 1732.291
643.700 1756.175
643.740 1770.058
643.770 1786.799
643.810 1796.825
643.850 1830.994
643.890 1870.164
643.920 1901.190
643.960 1894.216
644.000 1913.528
644.040 1976.983
644.070 2008.438
644.110 1958.892
644.150 1946.204
644.180 1959.659
644.220 1951.971
644.260 1906.711
644.300 1839.309
644.330 1853.620
644.370 1892.932
644.410 1897.815
644.450 1906.127
644.480 1929.295
644.520 1945.893
644.560 1914.776
644.600 1860.944
644.630 1857.542
644.670 1848.853
644.710 1841.165
644.750 1827.619
644.780 1920.073
644.820 2029.242
644.860 2034.124
644.900 2040.579
644.930 2077.747
644.970 2075.058
645.010 2067.084
645.050 2019.395
645.080 2000.849
645.120 2006.875
645.160 1953.471
645.200 1937.211
645.230 1918.951
645.270 1889.548
645.310 1823.287
645.350 1790.455
645.380 1848.052
645.420 1862.935
645.460 1840.674
645.500 1855.128
645.530 1881.439
645.570 1892.178
645.610 1913.346
645.650 1910.657
645.680 1931.682
645.720 1935.564
645.760 1913.018
645.800 1883.329
645.830 1869.068
645.870 1833.807
645.910 1797.689
645.940 1811.428
645.980 1804.882
646.020 1798.764
646.060 1815.789
646.090 1828.528
646.130 1792.267
646.170 1753.577
646.210 1726.459
646.240 1783.198
646.280 1855.223
646.320 1861.676
646.360 1847.701
646.390 1895.297
646.430 1922.893
646.470 1890.060
646.510 1805.371
646.540 1753.252
646.580 1806.991
646.620 1835.873
646.660 1807.326
646.690 1843.064
646.730 1909.946
646.770 1941.113
646.810 1918.995
646.840 1843.733
646.880 1838.758
646.920 1841.639
646.950 1797.520
646.990 1814.545
647.030 1842.569
647.070 1857.450
647.100 1817.760
647.140 1837.070
647.180 1907.237
647.220 1925.261
647.250 1871.571
647.290 1872.166
647.330 1958.333
647.370 2039.643
647.400 1986.810
647.440 1941.834
647.480 1937.572
647.520 1919.596
647.550 1866.762
647.590 1788.786
647.630 1771.953
647.670 1763.405
647.700 1684.286
647.740 1680.739
647.780 1739.191
647.810 1782.786
647.850 1783.381
647.890 1821.976
647.930 1912.571
647.960 1977.024
648.000 1939.762
648.040 1901.785
648.080 1882.380
648.110 1867.832
648.150 1824.284
648.190 1801.879
648.230 1849.903
648.260 1892.498
648.300 1857.521
648.340 1839.116
648.380 1865.425
648.410 1880.305
648.450 1870.472
648.490 1865.495
648.520 1882.518
648.560 1906.113
648.600 1952.565
648.640 2055.016
648.670 2155.325
648.710 2194.491
648.750 2158.800
648.790 2149.395
648.820 2213.846
648.860 2192.727
648.900 2071.750
648.940 1996.773
648.970 1988.796
649.010 1983.104
649.050 1924.127
649.080 1893.436
649.120 1946.030
649.160 1974.768
649.200 1970.219
649.230 1926.813
649.270 1930.551
649.310 1992.430
649.350 1969.025
649.380 1917.476
649.420 1946.213
649.460 1952.664
649.500 1942.544
649.530 1969.567
649.570 1964.447
649.610 1963.041
649.640 1953.778
649.680 1918.229
649.720 1936.966
649.760 1932.560
649.790 1858.154
649.830 1813.748
649.870 1840.484
649.910 1828.935
649.940 1798.101
649.980 1768.552
650.020 1782.860
650.060 1803.882
650.090 1804.619
650.130 1790.927
650.170 1858.092
650.200 1898.686
650.240 1849.565
650.280 1834.159
650.320 1859.038
650.350 1885.061
650.390 1843.797
650.430 1772.676
650.470 1726.984
650.500 1742.578
650.540 1735.314
650.580 1793.622
650.610 1817.787
650.650 1809.952
650.690 1773.974
650.730 1797.567
650.760 1849.304
650.800 1872.468
650.840 1792.633
650.880 1789.084
650.910 1885.963
650.950 1958.699
650.990 1946.435
651.020 1891.457
651.060 1901.764
651.100 1922.786
651.140 1878.951
651.170 1792.544
651.210 1773.137
651.250 1777.159
651.290 1770.038
651.320 1781.345
651.360 1823.795
651.400 1822.388
651.440 1843.553
651.470 1866.431
651.510 1866.739
651.550 1860.475
651.580 1839.210
651.620 1815.518
651.660 1872.825
651.700 1910.846
651.730 1868.868
651.770 1891.603
651.810 1916.625
651.850 1906.218
651.880 1863.239
651.920 1843.546
651.960 1846.139
651.990 1847.017
652.030 1809.896
652.070 1822.346
652.110 1857.938
652.140 1881.531
652.180 1860.409
652.220 1843.859
652.250 1896.880
652.290 1925.901
652.330 1897.922
652.370 1869.658
652.400 1857.536
652.440 1840.700
652.480 1819.864
652.520 1747.314
652.550 1711.906
652.590 1708.356
652.630 1668.091
652.660 1638.683
652.700 1648.133
652.740 1632.296
652.780 1658.032
652.810 1669.481
652.850 1728.216
652.890 1780.237
652.930 1828.686
652.960 1880.564
653.000 1924.442
653.040 1930.892
653.070 1993.198
653.110 1957.219
653.150 1924.097
653.190 1910.117
653.220 1852.424
653.260 1885.444
653.300 1947.179
653.330 1879.057
653.370 1846.506
653.410 1895.098
653.450 1949.404
653.480 1974.139
653.520 1917.588
653.560 1897.466
653.600 1974.201
653.630 2015.507
653.670 1964.527
653.710 1953.690
653.740 2020.282
653.780 2027.874
653.820 1981.894
653.860 1943.343
653.890 1944.649
653.930 1952.098
653.970 1895.976
654.000 1816.710
654.040 1811.302
654.080 1851.751
654.120 1864.914
654.150 1903.934
654.190 1979.383
654.230 2037.117
654.270 2034.994
654.300 2049.014
654.340 2010.606
654.380 1953.340
654.410 1908.932
654.450 1868.095
654.490 1858.829
654.530 1878.849
654.560 1860.297
654.600 1906.746
654.640 1933.909
654.670 1921.500
654.710 1877.234
654.750 1832.397
654.790 1868.274
654.820 1911.437
654.860 1836.885
654.900 1815.905
654.930 1840.782
654.970 1873.230
655.010 1862.964
655.050 1810.127
655.080 1773.575
655.120 1795.024
655.160 1811.329
655.190 1813.063
655.230 1778.654
655.270 1758.388
655.310 1792.265
655.340 1841.856
655.380 1903.161
655.420 1935.752
655.460 1911.200
655.490 1964.505
655.530 2069.953
655.570 2062.116
655.600 2018.564
655.640 1990.012
655.680 1968.031
655.720 1962.194
655.750 1913.070
655.790 1838.232
655.830 1840.966
655.860 1822.271
655.900 1770.148
655.940 1754.453
655.980 1746.615
656.010 1768.634
656.050 1829.939
656.090 1868.244
656.120 1893.549
656.160 1932.711
656.200 1932.873
656.240 1958.178
656.270 1999.626
656.310 1938.216
656.350 1858.807
656.380 1882.826
656.420 1948.988
656.460 2039.293
656.500 2093.169
656.530 2109.188
656.570 2233.207
656.610 2298.226
656.640 2269.816
656.680 2201.978
656.720 2162.283
656.760 2135.016
656.790 2081.320
656.830 2035.054
656.870 2075.073
656.900 2075.377
656.940 2023.539
656.980 1994.272
657.020 2036.576
657.050 2048.310
657.090 1972.614
657.130 1893.347
657.160 1895.223
657.200 1932.956
657.240 1914.260
657.280 1819.993
657.310 1816.869
657.350 1831.174
657.390 1794.764
657.420 1816.639
657.460 1860.515
657.500 1848.962
657.540 1881.838
657.570 1881.142
657.610 1907.447
657.650 1929.465
657.680 1870.912
657.720 1809.931
657.760 1789.949
657.790 1776.396
657.830 1757.129
657.870 1719.719
657.910 1740.166
657.940 1763.613
657.980 1768.488
658.020 1793.221
658.050 1783.239
658.090 1764.686
658.130 1772.276
658.170 1761.294
658.200 1766.170
658.240 1776.616
658.280 1772.920
658.310 1829.939
658.350 1900.528
658.390 1892.261
658.430 1863.707
658.460 1866.297
658.500 1949.887
658.540 1993.190
658.570 1929.066
658.610 1855.798
658.650 1869.816
658.690 1905.406
658.720 1874.567
658.760 1852.585
658.800 1874.745
658.830 1899.906
658.870 1934.210
658.910 1940.657
658.940 1977.389
658.980 1999.121
659.020 1941.139
659.060 1891.585
659.090 1875.175
659.130 1881.335
659.170 1866.068
659.200 1848.228
659.240 1908.960
659.280 1936.121
659.320 1923.139
659.350 1916.442
659.390 1888.460
659.430 1855.335
659.460 1829.781
659.500 1808.656
659.540 1868.245
659.580 1909.120
659.610 2000.995
659.650 2058.298
659.690 2092.173
659.720 2072.191
659.760 2021.637
659.800 1985.369
659.830 2023.529
659.870 1962.404
659.910 1916.707
659.950 1900.582
659.980 1887.457
660.020 1899.188
660.060 1851.349
660.090 1806.366
660.130 1805.669
660.170 1821.401
660.200 1822.561
660.240 1854.579
660.280 1896.025
660.320 1902.899
660.350 1877.345
660.390 1872.934
660.430 1881.380
660.460 1885.254
660.500 1880.557
660.540 1844.860
660.580 1873.449
660.610 1883.609
660.650 1871.198
660.690 1886.072
660.720 1984.946
660.760 2024.821
660.800 2040.838
660.830 2047.998
660.870 2048.872
660.910 2078.318
660.950 2055.621
660.980 1925.066
661.020 1882.369
661.060 1875.815
661.090 1857.261
661.130 1834.135
661.170 1800.437
661.200 1789.883
661.240 1813.186
661.280 1811.917
661.320 1774.505
661.350 1746.808
661.390 1775.254
661.430 1794.413
661.460 1785.002
661.500 1808.876
661.540 1843.607
661.570 1917.195
661.610 1972.498
661.650 1965.229
661.690 1956.960
661.720 1980.977
661.760 2027.708
661.800 2039.439
661.830 1969.170
661.870 1950.901
661.910 1996.918
661.940 2014.506
661.980 1983.094
662.020 1930.254
662.060 1939.985
662.090 1991.858
662.130 1950.161
662.170 1869.177
662.200 1829.051
662.240 1823.211
662.280 1781.227
662.310 1704.244
662.350 1673.117
662.390 1669.277
662.430 1670.293
662.460 1683.738
662.500 1710.898
662.540 1740.200
662.570 1733.359
662.610 1739.947
662.650 1809.107
662.680 1841.980
662.720 1842.711
662.760 1888.584
662.800 1945.458
662.830 1990.760
662.870 1983.633
662.910 1949.364
662.940 1912.238
662.980 1895.682
663.020 1842.127
663.050 1807.001
663.090 1809.731
663.130 1821.033
663.170 1811.335
663.200 1896.066
663.240 1981.939
663.280 1998.812
663.310 1968.686
663.350 1955.273
663.390 1967.718
663.420 1997.306
663.460 1963.465
663.500 1944.052
663.530 1966.783
663.570 2026.656
663.610 2035.815
663.650 2033.974
663.680 2064.561
663.720 2080.863
663.760 2015.022
663.790 1931.752
663.830 1914.340
663.870 1932.498
663.900 1930.657
663.940 1846.245
663.980 1862.975
664.020 1928.562
664.050 1974.578
664.090 1943.451
664.130 1930.753
664.160 1886.197
664.200 1885.213
664.240 1838.229
664.270 1846.388
664.310 1894.118
664.350 1899.134
664.380 1875.864
664.420 1926.308
664.460 1948.038
664.500 1928.197
664.530 1905.498
664.570 1908.085
664.610 1954.387
664.640 1949.402
664.680 1959.275
664.720 1984.577
664.750 2003.592
664.790 1955.894
664.830 1941.481
664.860 1943.639
664.900 2001.083
664.940 1986.099
664.980 1950.257
665.010 1951.702
665.050 1972.574
665.090 1907.590
665.120 1878.034
665.160 1904.049
665.200 1922.636
665.230 1921.223
665.270 1916.239
665.310 1950.683
665.340 1996.127
665.380 1975.285
665.420 1891.158
665.460 1886.316
665.490 1949.903
665.530 1940.775
665.570 1905.362
665.600 1937.234
665.640 1957.250
665.680 1962.122
665.710 1977.852
665.750 1959.153
665.790 1983.168
665.820 1973.755
665.860 1944.056
665.900 1958.071
665.930 1999.372
665.970 1980.244
666.010 1930.403
666.050 1885.418
666.080 1861.719
666.120 1817.305
666.160 1742.178
666.190 1713.764
666.230 1685.779
666.270 1666.652
666.300 1738.381
666.340 1811.682
666.380 1817.840
666.410 1845.998
666.450 1843.013
666.490 1863.171
666.530 1890.471
666.560 1827.915
666.600 1791.787
666.640 1790.088
666.670 1781.817
666.710 1747.689
666.750 1707.704
666.780 1743.005
666.820 1769.305
666.860 1724.749
666.890 1756.192
666.930 1813.636
666.970 1850.508
667.000 1854.380
667.040 1849.538
667.080 1876.267
667.120 1931.853
667.150 1926.725
667.190 1906.454
667.230 1918.183
667.260 1921.769
667.300 1880.927
667.340 1832.656
667.370 1838.385
667.410 1840.828
667.450 1826.557
667.480 1822.144
667.520 1874.730
667.560 1895.030
667.590 1926.188
667.630 1977.917
667.670 2003.503
667.700 2018.517
667.740 2017.246
667.780 2027.689
667.820 2057.275
667.850 1989.861
667.890 1870.447
667.930 1859.605
667.960 1895.191
668.000 1918.634
668.040 1858.506
668.070 1814.377
668.110 1921.535
668.150 2004.692
668.180 1992.421
668.220 1930.150
668.260 1864.164
668.290 1867.464
668.330 1874.907
668.370 1830.636
668.400 1864.079
668.440 1899.808
668.480 1921.679
668.520 1997.836
668.550 2058.708
668.590 2104.436
668.630 2076.308
668.660 1940.465
668.700 1893.622
668.740 1896.494
668.770 1846.508
668.810 1773.237
668.850 1752.108
668.880 1780.837
668.920 1813.994
668.960 1828.865
668.990 1879.165
669.030 1898.179
669.070 1885.193
669.100 1900.065
669.140 1889.936
669.180 1910.236
669.210 1953.536
669.250 1935.978
669.290 1972.135
669.320 2068.864
669.360 2053.592
669.400 2054.892
669.440 2060.906
669.470 1998.634
669.510 1945.934
669.550 1902.663
669.580 1853.962
669.620 1839.976
669.660 1844.276
669.690 1854.433
669.730 1886.161
669.770 1962.318
669.800 2014.903
669.840 2071.346
669.880 2132.646
669.910 2175.374
669.950 2173.245
669.990 2153.116
670.020 2104.701
670.060 2046.287
670.100 1972.443
670.130 1914.029
670.170 1939.185
670.210 1962.056
670.240 1979.642
670.280 1973.084
670.320 1965.955
670.350 1956.683
670.390 1957.411
670.430 1888.568
670.470 1872.439
670.500 1839.738
670.540 1835.037
670.580 1889.765
670.610 1924.922
670.650 1935.079
670.690 1904.521
670.720 1938.820
670.760 1998.834
670.800 1985.705
670.830 1937.576
670.870 1918.161
670.910 1922.317
670.940 1939.474
670.980 1905.630
671.020 1859.929
671.050 1912.800
671.090 1949.242
671.130 1952.399
671.160 1920.555
671.200 1931.997
671.240 1936.154
671.270 1931.596
671.310 1901.466
671.350 1819.623
671.380 1766.779
671.420 1799.650
671.460 1821.092
671.490 1877.391
671.530 1945.976
671.570 1959.703
671.600 2062.288
671.640 2154.302
671.680 2142.744
671.710 2103.471
671.750 2064.913
671.790 2009.927
671.830 1981.368
671.860 1905.810
671.900 1822.967
671.940 1777.694
671.970 1776.707
672.010 1728.006
672.050 1740.448
672.080 1817.747
672.120 1850.761
672.160 1870.060
672.190 1924.501
672.230 1970.800
672.270 1987.671
672.300 1986.684
672.340 1948.983
672.380 1918.425
672.410 1945.438
672.450 1960.165
672.490 1949.464
672.520 1966.906
672.560 1907.490
672.600 1832.646
672.630 1827.231
672.670 1840.958
672.710 1805.543
672.740 1765.270
672.780 1762.998
672.820 1811.011
672.850 1822.738
672.890 1818.322
672.930 1805.478
672.960 1864.920
673.000 1910.790
673.040 1913.089
673.070 1934.816
673.110 2039.401
673.150 2106.556
673.180 2104.284
673.220 2067.154
673.260 2031.738
673.290 2002.180
673.330 1944.192
673.370 1905.634
673.400 1917.933
673.440 1922.374
673.480 1887.815
673.510 1914.114
673.550 1947.841
673.590 1987.711
673.620 1928.581
673.660 1881.308
673.700 1929.178
673.730 1962.048
673.770 1943.204
673.810 1945.931
673.840 1970.515
673.880 2009.671
673.920 2000.255
673.950 1992.839
673.990 1984.566
674.030 1962.293
674.060 1985.592
674.100 1978.033
674.140 1959.617
674.170 1959.773
674.210 1890.928
674.250 1871.655
674.280 1899.096
674.320 1828.252
674.360 1779.121
674.390 1816.848
674.430 1843.290
674.470 1879.445
674.500 1919.029
674.540 1913.470
674.580 1972.626
674.610 2001.067
674.650 1932.365
674.690 1925.520
674.720 1954.104
674.760 1959.117
674.800 1995.987
674.830 2014.999
674.870 2030.440
674.910 2038.881
674.940 2021.608
674.980 2060.763
675.020 2104.347
675.050 2081.645
675.090 2025.658
675.130 2013.242
675.160 2034.540
675.200 1994.981
675.240 1875.422
675.270 1783.434
675.310 1744.018
675.350 1702.316
675.380 1680.900
675.420 1758.341
675.460 1840.639
675.490 1900.508
675.530 1901.806
675.570 1955.390
675.600 2027.831
675.640 2047.843
675.680 1933.284
675.710 1847.011
675.750 1816.880
675.790 1833.607
675.820 1781.333
675.860 1771.631
675.900 1808.358
675.930 1861.798
675.970 1891.668
676.010 1903.394
676.040 1893.978
676.080 1901.418
676.120 1884.002
676.150 1830.586
676.190 1827.884
676.230 1856.610
676.260 1824.336
676.300 1871.777
676.340 1933.789
676.370 1923.373
676.410 1894.528
676.450 1901.825
676.480 1945.409
676.520 1943.707
676.560 1845.147
676.590 1815.159
676.630 1873.457
676.670 1933.755
676.700 1952.195
676.740 1958.065
676.780 1998.648
676.810 2024.803
676.850 1980.243
676.890 1939.398
676.920 1966.553
676.960 1921.851
676.990 1839.005
677.030 1831.303
677.070 1882.744
677.100 1900.470
677.140 1842.767
677.180 1808.922
677.210 1855.648
677.250 1723.232
677.290 1687.904
677.320 1619.244
677.360 1592.249
