165.028 316.077
165.288 276.260
165.547 212.013
165.807 206.378
166.067 268.011
166.327 333.080
166.587 299.301
166.847 273.531
167.107 355.912
167.367 429.016
167.627 453.699
167.886 469.105
168.146 528.518
168.406 573.369
168.666 527.370
168.926 445.951
169.186 479.539
169.446 490.992
169.706 430.310
169.966 431.636
170.225 560.254
170.485 640.738
170.745 646.800
171.005 579.012
171.265 580.231
171.525 603.600
171.785 522.976
172.045 348.788
172.305 351.749
172.564 402.146
172.824 398.835
173.084 430.245
173.344 487.805
173.604 496.085
173.864 495.371
174.124 492.521
174.384 578.535
174.644 652.554
174.903 574.151
175.163 572.897
175.423 657.505
175.683 678.834
175.943 579.169
176.203 505.938
176.463 533.712
176.723 636.635
176.983 616.135
177.242 546.783
177.502 599.865
177.762 642.666
178.022 579.187
178.282 513.284
178.542 588.672
178.802 593.350
179.062 558.320
179.322 572.722
179.581 666.701
179.841 718.398
180.101 711.243
180.361 608.521
180.621 615.660
180.881 669.804
181.141 610.666
181.401 541.247
181.661 565.689
181.920 555.849
182.180 474.870
182.440 442.038
182.700 545.068
182.960 583.815
183.220 528.851
183.480 453.463
183.740 532.220
184.000 615.553
184.259 619.175
184.519 590.943
184.779 665.000
185.039 755.203
185.299 805.552
185.559 801.619
185.819 836.831
186.079 815.046
186.339 682.549
186.598 615.056
186.858 644.136
187.118 667.934
187.378 636.877
187.638 601.537
187.898 646.484
188.158 704.720
188.418 648.387
188.678 624.628
188.937 677.728
189.197 661.258
189.457 590.934
189.717 617.468
189.977 692.291
190.237 742.972
190.497 682.083
190.757 631.197
191.017 678.026
191.276 721.429
191.536 638.404
191.796 571.381
192.056 575.074
192.316 582.625
192.576 516.463
192.836 518.160
193.096 598.858
193.356 613.271
193.616 610.542
193.875 650.101
194.135 736.089
194.395 788.077
194.655 753.638
194.915 657.772
195.175 628.049
195.435 614.755
195.695 578.033
195.955 566.026
196.214 640.877
196.474 675.157
196.734 685.294
196.994 762.004
197.254 810.142
197.514 784.423
197.774 713.705
198.034 655.701
198.294 620.697
198.553 614.836
198.813 568.261
199.073 580.971
199.333 686.396
199.593 741.106
199.853 689.816
200.113 693.240
200.373 744.950
200.633 759.802
200.892 717.797
201.152 729.648
201.412 810.213
201.672 846.349
201.932 805.913
202.192 819.905
202.452 945.754
202.712 999.745
202.972 885.306
203.231 814.153
203.491 943.427
203.751 1020.557
204.011 959.830
204.271 859.816
204.531 881.515
204.791 893.356
205.051 803.624
205.311 662.177
205.570 708.729
205.830 808.708
206.090 779.972
206.350 742.663
206.610 824.067
206.870 876.184
207.130 866.728
207.390 850.128
207.650 883.812
207.909 904.495
208.169 859.319
208.429 833.427
208.689 847.819
208.949 836.639
209.209 754.885
209.469 637.843
209.729 746.943
209.989 807.612
210.248 750.851
210.508 804.660
210.768 918.324
211.028 980.986
211.288 1019.932
211.548 995.161
211.808 1051.532
212.068 1063.186
212.328 984.838
212.587 955.487
212.847 1004.135
213.107 1029.352
213.367 927.424
213.627 873.637
213.887 938.704
214.147 951.769
214.407 879.689
214.667 875.036
214.926 905.808
215.186 925.721
215.446 860.060
215.706 814.254
215.966 885.017
216.226 955.920
216.486 870.392
216.746 813.718
217.006 884.900
217.265 916.650
217.525 880.254
217.785 834.999
218.045 875.455
218.305 923.337
218.565 887.074
218.825 829.951
219.085 908.539
219.345 956.268
219.604 910.707
219.864 862.430
220.124 868.864
220.384 928.867
220.644 919.010
220.904 837.149
221.164 855.858
221.424 890.992
221.684 848.694
221.943 803.679
222.203 827.947
222.463 835.211
222.723 808.473
222.983 747.589
223.243 752.844
223.503 769.668
223.763 804.060
224.023 830.163
224.282 903.978
224.542 986.646
224.802 1018.740
225.062 1061.401
225.322 1149.917
225.582 1156.287
225.842 1081.511
226.102 1031.159
226.362 1048.091
226.621 1084.019
226.881 1019.801
227.141 1018.150
227.401 1066.783
227.661 1063.840
227.921 1027.323
228.181 1007.659
228.441 997.135
228.701 1000.465
228.960 937.362
229.220 949.828
229.480 1000.004
229.740 1017.177
230.000 961.347
230.260 965.941
230.520 1017.961
230.780 1003.263
231.040 911.704
231.299 944.713
231.559 1036.433
231.819 1035.863
232.079 985.719
232.339 1028.571
232.599 1086.419
232.859 1089.549
233.119 1001.962
233.379 964.799
233.638 1016.205
233.898 1054.178
234.158 972.576
234.418 917.542
234.678 953.504
234.938 972.748
235.198 892.417
235.458 873.225
235.718 927.744
235.978 970.545
236.237 972.628
236.497 994.707
236.757 1072.211
237.017 1114.854
237.277 1094.636
237.537 1038.272
237.797 1010.332
238.057 1021.818
238.317 983.871
238.576 933.348
238.836 980.680
239.096 1013.721
239.356 988.902
239.616 1052.222
239.876 1171.538
240.136 1232.279
240.396 1202.587
240.656 1147.177
240.915 1203.193
241.175 1250.632
241.435 1185.497
241.695 1125.358
241.955 1119.358
242.215 1136.639
242.475 1134.775
242.735 1085.334
242.995 1029.462
243.254 990.728
243.514 953.419
243.774 939.535
244.034 1012.790
244.294 1050.613
244.554 1010.574
244.814 1060.960
245.074 1155.200
245.334 1135.150
245.593 1081.096
245.853 1059.895
246.113 1105.976
246.373 1140.339
246.633 1122.413
246.893 1117.054
247.153 1187.691
247.413 1209.324
247.673 1131.240
247.932 1101.294
248.192 1110.773
248.452 1112.533
248.712 1046.005
248.972 964.615
249.232 1037.793
249.492 1105.252
249.752 1055.708
250.012 1150.874
250.271 1281.750
250.531 1339.766
250.791 1324.349
251.051 1300.357
251.311 1348.075
251.571 1393.932
251.831 1284.500
252.091 1217.064
252.351 1245.338
252.610 1296.037
252.870 1247.304
253.130 1210.424
253.390 1285.397
253.650 1316.795
253.911 1241.331
254.172 1232.436
254.433 1254.251
254.694 1260.205
254.955 1203.155
255.216 1119.387
255.477 1156.472
255.738 1209.411
255.999 1142.345
256.261 1072.419
256.522 1053.918
256.783 1035.270
257.044 969.760
257.305 913.248
257.566 902.874
257.827 914.925
258.088 944.829
258.349 1031.158
258.610 1115.912
258.871 1146.947
259.132 1075.408
259.393 1051.436
259.654 1140.175
259.915 1157.767
260.176 1059.069
260.437 1065.511
260.698 1203.949
260.959 1300.811
261.221 1293.956
261.482 1304.954
261.743 1402.234
262.004 1438.796
262.265 1345.497
262.526 1232.909
262.787 1276.602
263.048 1326.006
263.309 1236.978
263.570 1092.803
263.831 1155.339
264.092 1223.728
264.353 1208.257
264.614 1224.924
264.875 1328.731
265.136 1406.249
265.397 1463.762
265.658 1422.272
265.919 1429.207
266.181 1442.710
266.442 1315.209
266.703 1191.418
266.964 1205.624
267.225 1224.684
267.486 1194.596
267.747 1217.077
268.008 1314.697
268.269 1417.456
268.530 1397.069
268.791 1351.678
269.052 1397.141
269.313 1430.457
269.574 1367.626
269.835 1297.364
270.096 1257.812
270.357 1274.542
270.618 1229.983
270.879 1160.278
271.141 1200.569
271.402 1217.285
271.663 1194.855
271.924 1216.707
272.185 1243.841
272.446 1236.971
272.707 1214.384
272.968 1166.221
273.229 1205.913
273.490 1245.743
273.751 1186.570
274.012 1189.823
274.273 1296.071
274.534 1321.460
274.795 1277.701
275.056 1254.082
275.317 1234.460
275.578 1231.691
275.839 1177.062
276.101 1155.144
276.362 1248.651
276.623 1312.868
276.884 1263.225
277.145 1240.150
277.406 1353.500
277.667 1421.561
277.928 1327.476
278.189 1258.102
278.450 1266.724
278.711 1335.915
278.972 1361.530
279.233 1328.142
279.494 1337.180
279.755 1364.499
280.016 1295.816
280.277 1293.843
280.538 1301.438
280.799 1271.316
281.061 1161.334
281.322 1103.633
281.583 1182.787
281.844 1237.080
282.105 1180.513
282.366 1172.514
282.627 1253.083
282.888 1324.220
283.149 1316.211
283.410 1208.056
283.671 1229.612
283.932 1287.879
284.193 1231.714
284.454 1225.260
284.715 1360.803
284.976 1429.914
285.237 1469.165
285.498 1474.841
285.759 1535.943
286.021 1573.041
286.282 1504.994
286.543 1432.943
286.804 1403.174
287.065 1382.403
287.326 1349.057
287.587 1316.994
287.848 1319.070
288.109 1306.714
288.370 1207.642
288.631 1163.423
288.892 1274.915
289.153 1322.119
289.414 1241.176
289.675 1251.802
289.936 1317.711
290.197 1339.759
290.458 1362.090
290.719 1344.704
290.981 1337.457
291.242 1326.208
291.503 1270.812
291.764 1280.271
292.025 1334.869
292.286 1337.322
292.547 1245.343
292.808 1261.646
293.069 1374.233
293.330 1407.530
293.591 1328.111
293.852 1318.974
294.113 1396.406
294.374 1450.977
294.635 1414.117
294.896 1407.111
295.157 1485.102
295.418 1537.805
295.679 1487.362
295.941 1481.916
296.202 1543.753
296.463 1561.015
296.724 1474.703
296.985 1403.388
297.246 1477.356
297.507 1546.464
297.768 1498.141
298.029 1519.957
298.290 1565.485
298.551 1588.724
298.812 1571.675
299.073 1533.480
299.334 1611.140
299.595 1660.082
299.856 1531.308
300.117 1456.244
300.378 1516.892
300.639 1570.109
300.901 1569.609
301.162 1564.678
301.423 1557.886
301.684 1589.092
301.945 1569.295
302.206 1546.638
302.467 1576.836
302.728 1576.316
302.989 1476.651
303.250 1475.698
303.511 1546.598
303.772 1592.068
304.033 1545.249
304.294 1524.142
304.555 1516.889
304.816 1487.491
305.077 1427.805
305.338 1411.401
305.599 1453.138
305.861 1480.014
306.122 1387.603
306.383 1418.046
306.644 1511.772
306.905 1532.353
307.166 1453.073
307.427 1438.077
307.688 1496.793
307.949 1565.934
308.210 1477.073
308.471 1416.353
308.732 1396.344
308.993 1421.761
309.254 1382.604
309.515 1283.873
309.776 1278.282
310.037 1372.975
310.298 1365.807
310.559 1370.495
310.821 1374.894
311.082 1345.148
311.343 1319.828
311.604 1316.934
311.865 1298.894
312.126 1306.995
312.387 1309.808
312.648 1345.476
312.909 1409.712
313.170 1477.803
313.434 1451.892
313.698 1414.549
313.963 1446.205
314.227 1457.429
314.491 1359.651
314.755 1349.584
315.019 1396.515
315.284 1439.873
315.548 1441.799
315.812 1443.152
316.076 1534.216
316.340 1617.850
316.604 1617.767
316.869 1642.681
317.133 1695.022
317.397 1688.789
317.661 1630.982
317.925 1557.601
318.190 1619.504
318.454 1634.548
318.718 1604.731
318.982 1562.913
319.246 1599.664
319.511 1613.269
319.775 1562.444
320.039 1499.473
320.303 1518.929
320.567 1469.954
320.832 1426.119
321.096 1396.568
321.360 1412.158
321.624 1428.174
321.888 1365.044
322.153 1334.484
322.417 1386.636
322.681 1395.500
322.945 1349.076
323.209 1342.365
323.473 1454.650
323.738 1538.363
324.002 1484.216
324.266 1434.067
324.530 1445.201
324.794 1485.762
325.059 1463.177
325.323 1444.591
325.587 1477.574
325.851 1524.269
326.115 1539.819
326.380 1572.509
326.644 1631.626
326.908 1656.313
327.172 1541.854
327.436 1506.822
327.701 1487.216
327.965 1435.180
328.229 1410.427
328.493 1347.815
328.757 1348.772
329.022 1386.728
329.286 1339.395
329.550 1351.489
329.814 1429.581
330.078 1427.671
330.342 1412.616
330.607 1460.987
330.871 1530.643
331.135 1540.724
331.399 1528.947
331.663 1527.024
331.928 1598.528
332.192 1611.316
332.456 1516.531
332.720 1454.886
332.984 1461.668
333.249 1434.876
333.513 1366.511
333.777 1325.430
334.041 1348.633
334.305 1356.833
334.570 1340.318
334.834 1394.943
335.098 1481.852
335.362 1507.473
335.626 1429.378
335.891 1354.567
336.155 1401.325
336.419 1399.796
336.683 1313.265
336.947 1293.160
337.211 1345.483
337.476 1385.517
337.740 1447.407
338.004 1446.009
338.268 1516.752
338.532 1584.493
338.797 1553.376
339.061 1542.542
339.325 1600.420
339.589 1617.011
339.853 1596.743
340.118 1523.187
340.382 1517.630
340.646 1525.356
340.910 1482.795
341.174 1436.661
341.439 1454.096
341.703 1444.244
341.967 1437.532
342.231 1434.391
342.495 1534.819
342.759 1566.388
343.024 1495.241
343.288 1463.378
343.552 1537.084
343.816 1544.218
344.080 1453.206
344.345 1371.193
344.609 1432.893
344.873 1480.876
345.137 1495.429
345.401 1516.124
345.666 1559.959
345.930 1616.364
346.194 1558.624
346.458 1533.597
346.722 1687.283
346.987 1695.967
347.251 1597.649
347.515 1591.901
347.779 1599.294
348.043 1604.400
348.308 1510.646
348.572 1337.177
348.836 1312.706
349.100 1339.520
349.364 1289.474
349.628 1297.712
349.893 1394.235
350.157 1421.041
350.421 1389.275
350.685 1395.221
350.949 1427.165
351.214 1451.680
351.478 1421.621
351.742 1346.418
352.006 1372.641
352.270 1449.292
352.535 1412.084
352.799 1351.017
353.063 1380.805
353.327 1386.592
353.591 1375.092
353.856 1447.876
354.120 1533.087
354.384 1576.296
354.648 1579.790
354.912 1628.281
355.177 1745.914
355.441 1792.546
355.705 1699.033
355.969 1639.519
356.233 1683.860
356.497 1702.628
356.762 1616.395
357.026 1558.303
357.290 1583.209
357.554 1575.400
357.818 1542.017
358.083 1531.634
358.347 1582.391
358.611 1584.004
358.875 1515.616
359.139 1522.940
359.404 1638.978
359.668 1661.442
359.932 1604.619
360.196 1599.937
360.460 1727.112
360.725 1800.998
360.989 1764.455
361.253 1737.054
361.517 1832.079
361.781 1892.817
362.046 1842.983
362.310 1777.146
362.574 1806.023
362.838 1806.327
363.102 1711.201
363.366 1664.216
363.631 1705.373
363.895 1739.242
364.159 1697.396
364.423 1696.834
364.687 1756.557
364.952 1784.564
365.216 1692.426
365.480 1612.859
365.747 1672.576
366.013 1692.720
366.280 1590.434
366.546 1554.289
366.813 1619.715
367.079 1677.425
367.346 1690.990
367.612 1627.269
367.879 1645.403
368.145 1699.822
368.412 1637.239
368.678 1613.370
368.945 1646.070
369.211 1626.912
369.478 1574.467
369.744 1541.449
370.011 1584.573
370.278 1610.552
370.544 1531.673
370.811 1504.650
371.077 1566.911
371.344 1610.742
371.610 1600.429
371.877 1620.401
372.143 1741.085
372.410 1800.911
372.676 1729.022
372.943 1661.131
373.209 1718.382
373.476 1752.631
373.742 1642.451
374.009 1516.555
374.276 1475.372
374.542 1470.188
374.809 1428.717
375.075 1351.673
375.342 1408.628
375.608 1459.438
375.875 1455.248
376.141 1512.628
376.408 1613.435
376.674 1717.812
376.941 1743.188
377.207 1646.562
377.474 1678.936
377.740 1724.308
378.007 1671.108
378.273 1619.335
378.540 1589.132
378.807 1590.214
379.073 1594.151
379.340 1575.231
379.606 1621.309
379.873 1667.814
380.139 1638.175
380.406 1604.678
380.672 1569.323
380.939 1528.681
381.205 1469.752
381.472 1425.679
381.738 1463.890
382.005 1526.529
382.271 1519.738
382.538 1579.089
382.804 1696.153
383.071 1744.073
383.338 1675.277
383.604 1609.338
383.871 1634.254
384.137 1645.598
384.404 1575.940
384.670 1518.568
384.937 1569.337
385.203 1626.962
385.470 1611.157
385.736 1557.637
386.003 1608.830
386.269 1662.451
386.536 1686.213
386.802 1683.974
387.069 1653.877
387.336 1629.350
387.602 1577.679
387.869 1554.436
388.135 1616.477
388.402 1603.803
388.668 1509.842
388.935 1563.595
389.201 1680.346
389.468 1732.096
389.734 1694.274
390.001 1642.450
390.267 1706.912
390.534 1759.943
390.800 1676.117
391.067 1619.003
391.333 1669.032
391.600 1669.916
391.867 1581.942
392.133 1554.682
392.400 1620.706
392.666 1648.158
392.933 1583.037
393.199 1577.487
393.466 1664.935
393.732 1706.240
393.999 1661.258
394.265 1565.275
394.532 1612.433
394.798 1673.591
395.065 1602.034
395.331 1567.189
395.598 1656.630
395.864 1668.926
396.131 1646.365
396.398 1668.802
396.664 1701.524
396.931 1712.388
397.197 1638.965
397.464 1580.827
397.730 1608.545
397.997 1678.119
398.263 1609.264
398.530 1557.551
398.796 1648.836
399.063 1719.407
399.329 1701.833
399.596 1715.258
399.862 1671.540
400.129 1647.249
400.396 1624.243
400.662 1567.522
400.929 1595.372
401.195 1614.648
401.462 1510.210
401.728 1488.628
401.995 1534.330
402.261 1557.318
402.528 1542.876
402.794 1497.861
403.061 1496.274
403.327 1509.258
403.594 1504.526
403.860 1536.936
404.127 1617.346
404.393 1648.326
404.660 1614.019
404.931 1658.283
405.202 1833.260
405.473 1917.808
405.745 1881.783
406.016 1889.757
406.287 1901.159
406.558 1953.418
406.829 1938.104
407.100 1849.789
407.371 1825.901
407.642 1810.299
407.914 1731.410
408.185 1720.948
408.456 1830.629
408.727 1872.452
408.998 1796.845
409.269 1797.666
409.540 1855.200
409.811 1853.019
410.083 1814.694
410.354 1782.369
410.625 1850.757
410.896 1896.001
411.167 1881.101
411.438 1857.344
411.709 1897.871
411.981 1932.683
412.252 1842.351
412.523 1724.305
412.794 1821.686
413.065 1888.494
413.336 1899.017
413.607 1877.967
413.878 1862.344
414.150 1822.435
414.421 1774.668
414.692 1702.615
414.963 1772.561
415.234 1804.934
415.505 1767.593
415.776 1761.393
416.047 1765.050
416.319 1752.277
416.590 1678.789
416.861 1554.872
417.132 1522.526
417.403 1547.321
417.674 1524.544
417.945 1532.624
418.217 1572.417
418.488 1608.495
418.759 1577.001
419.030 1584.506
419.301 1617.439
419.572 1623.942
419.843 1647.159
420.114 1655.232
420.386 1680.590
420.657 1669.376
420.928 1578.876
421.199 1544.089
421.470 1571.015
421.741 1535.370
422.012 1507.580
422.283 1536.362
422.555 1620.571
422.826 1651.065
423.097 1606.987
423.368 1570.479
423.639 1610.114
423.910 1677.033
424.181 1630.238
424.453 1564.299
424.724 1614.216
424.995 1681.847
425.266 1708.906
425.537 1729.535
425.808 1719.449
426.079 1694.791
426.350 1671.276
426.622 1660.045
426.893 1663.956
427.164 1648.010
427.435 1560.063
427.706 1545.400
427.977 1578.880
428.248 1593.931
428.519 1532.266
428.791 1497.030
429.062 1563.650
429.333 1657.411
429.604 1624.458
429.875 1623.790
430.146 1631.693
430.417 1641.167
430.689 1612.782
430.960 1575.111
431.231 1582.297
431.502 1589.910
431.773 1542.666
432.044 1594.992
432.315 1653.461
432.586 1668.071
432.858 1619.538
433.129 1584.433
433.400 1565.328
433.671 1534.650
433.942 1446.543
434.213 1377.292
434.484 1428.755
434.755 1492.789
435.027 1477.107
435.298 1512.140
435.569 1632.600
435.840 1656.202
436.116 1674.804
436.391 1710.548
436.667 1781.006
436.942 1823.605
437.218 1797.347
437.493 1775.803
437.769 1871.115
438.045 1908.998
438.320 1836.166
438.596 1734.476
438.871 1682.214
439.147 1673.808
439.422 1610.402
439.698 1566.138
439.974 1542.302
440.249 1525.894
440.525 1507.914
440.800 1603.647
441.076 1720.666
441.351 1718.969
441.627 1654.558
441.903 1750.003
442.178 1815.448
442.454 1838.606
442.729 1760.478
443.005 1680.635
443.281 1724.505
443.556 1737.947
443.832 1640.387
444.107 1568.113
444.383 1610.410
444.658 1652.706
444.934 1652.430
445.210 1676.725
445.485 1782.448
445.761 1845.884
446.036 1839.606
446.312 1807.469
446.587 1813.761
446.863 1804.910
447.139 1731.486
447.414 1631.204
447.690 1641.065
447.965 1706.211
448.241 1658.928
448.516 1637.644
448.792 1640.645
449.068 1679.074
449.343 1681.646
449.619 1708.360
449.894 1795.073
450.170 1801.214
450.445 1734.497
450.721 1699.494
450.997 1696.491
451.272 1709.630
451.548 1583.625
451.823 1449.049
452.099 1500.186
452.375 1539.751
452.650 1575.887
452.926 1601.165
453.201 1609.157
453.477 1651.291
453.752 1662.996
454.028 1655.701
454.304 1722.119
454.579 1763.394
454.855 1731.096
455.130 1734.370
455.406 1776.929
455.681 1796.487
455.957 1748.045
456.233 1687.745
456.508 1721.016
456.784 1760.572
457.059 1738.699
457.335 1699.540
457.610 1719.380
457.886 1785.219
458.162 1766.058
458.437 1719.754
458.713 1779.021
458.988 1822.572
459.264 1807.981
459.539 1784.388
459.815 1745.796
460.091 1723.345
460.366 1675.751
460.642 1591.443
460.917 1583.419
461.193 1605.252
461.468 1580.085
461.744 1581.203
462.020 1668.034
462.295 1697.294
462.571 1689.124
462.846 1661.292
463.122 1699.136
463.397 1736.151
463.673 1705.640
463.949 1633.039
464.224 1642.632
464.500 1643.081
464.775 1616.726
465.051 1615.268
465.327 1610.290
465.602 1629.667
465.878 1688.823
466.153 1730.596
466.429 1856.797
466.704 1926.311
466.980 1877.274
467.256 1922.993
467.531 2019.486
467.807 2014.434
468.082 1904.164
468.358 1773.280
468.633 1804.240
468.909 1866.025
469.185 1798.068
469.460 1757.491
469.736 1824.446
470.011 1889.666
470.287 1878.957
470.562 1822.871
470.838 1831.195
471.114 1889.498
471.389 1841.658
471.665 1742.085
471.940 1765.946
472.216 1815.475
472.491 1820.362
472.767 1796.390
473.043 1821.567
473.318 1839.519
473.594 1806.380
473.869 1777.542
474.145 1773.209
474.421 1743.595
474.696 1700.738
474.972 1695.909
475.247 1765.206
475.523 1842.889
475.798 1818.741
476.074 1838.182
476.350 1939.732
476.625 1973.167
476.901 1881.397
477.176 1736.982
477.452 1738.703
477.727 1771.200
478.003 1693.543
478.279 1637.230
478.554 1682.174
478.830 1709.757
479.105 1757.245
479.381 1793.829
479.656 1873.779
479.932 1965.056
480.208 1925.529
480.483 1876.628
480.759 1946.322
481.034 1993.856
481.310 1913.409
481.585 1869.815
481.861 1889.603
482.137 1941.643
482.412 1941.265
482.688 1847.793
482.963 1882.348
483.239 1951.826
483.514 1893.364
483.790 1838.952
484.066 1871.450
484.341 1887.673
484.617 1893.643
484.892 1861.135
485.168 1890.897
485.443 1910.417
485.719 1854.570
485.995 1760.494
486.270 1725.157
486.546 1750.330
486.821 1741.195
487.097 1696.940
487.373 1670.457
487.648 1619.283
487.924 1565.707
488.199 1588.512
488.475 1594.431
488.750 1539.720
489.026 1459.630
489.302 1519.045
489.577 1659.682
489.853 1707.504
490.128 1666.349
490.404 1705.686
490.679 1820.822
490.955 1858.667
491.231 1771.925
491.506 1780.378
491.782 1851.454
492.057 1860.397
492.333 1750.311
492.608 1659.258
492.884 1711.238
493.160 1726.614
493.435 1612.991
493.711 1548.214
493.986 1610.625
494.262 1656.550
494.537 1607.656
494.813 1551.178
495.089 1600.721
495.364 1659.188
495.640 1652.749
495.915 1633.816
496.191 1721.681
496.467 1786.492
496.742 1778.631
497.018 1751.259
497.293 1802.028
497.569 1858.442
497.844 1838.502
498.120 1832.863
498.396 1883.727
498.671 1892.904
498.947 1892.884
499.222 1877.667
499.498 1885.492
499.773 1901.145
500.049 1837.823
500.325 1864.151
500.600 1962.015
500.876 2002.113
501.151 1943.162
501.427 1949.219
501.702 1958.341
501.978 2000.250
502.254 1958.558
502.529 1901.629
502.805 1924.893
503.080 1958.799
503.356 1905.216
503.631 1941.051
503.907 1983.108
504.183 1998.296
504.458 1953.354
504.734 1929.301
505.009 1972.440
505.285 1985.792
505.560 1894.459
505.836 1811.740
506.112 1782.611
506.387 1780.690
506.663 1728.218
506.938 1694.045
507.214 1771.187
507.490 1836.885
507.765 1806.049
508.041 1830.216
508.316 1947.605
508.592 1982.828
508.867 1909.890
509.143 1833.044
509.419 1803.934
509.694 1830.527
509.970 1759.924
510.245 1648.417
510.521 1650.773
510.796 1705.896
511.072 1670.069
511.348 1701.427
511.623 1784.930
511.899 1796.087
512.174 1756.447
512.450 1719.708
512.725 1800.932
513.001 1880.733
513.277 1814.339
513.552 1796.721
513.828 1856.420
514.103 1884.604
514.379 1919.208
514.654 1900.271
514.930 1898.590
515.206 1897.543
515.481 1831.455
515.757 1844.864
516.032 1914.561
516.308 1920.192
516.583 1846.922
516.859 1841.371
517.135 1924.468
517.410 1941.483
517.686 1836.027
517.961 1855.891
518.237 1922.254
518.513 1922.268
518.788 1833.093
519.064 1786.303
519.339 1819.739
519.615 1891.107
519.890 1813.587
520.166 1762.598
520.442 1777.786
520.717 1812.863
520.993 1767.588
521.268 1740.067
521.544 1802.492
521.819 1840.234
522.095 1807.153
522.371 1845.498
522.646 1949.194
522.922 2005.152
523.197 1977.511
523.473 1914.845
523.748 1911.884
524.024 1923.152
524.300 1892.430
524.575 1858.826
524.851 1938.140
525.126 1999.814
525.402 1978.551
525.677 1955.882
525.953 2014.518
526.229 2035.573
526.504 1999.506
526.780 1984.533
527.055 2040.746
527.331 2068.329
527.606 2050.698
527.882 1999.171
528.158 2039.223
528.433 2043.399
528.709 1962.717
528.984 1862.107
529.260 1836.211
529.535 1851.300
529.811 1835.738
530.087 1821.758
530.362 1899.482
530.638 1917.111
530.913 1933.463
531.189 2009.553
531.465 2081.264
531.740 2121.076
532.016 2063.769
532.291 2007.684
532.567 2102.181
532.842 2109.404
533.118 1979.421
533.394 1915.844
533.669 1972.516
533.945 2003.257
534.220 1970.265
534.496 1911.431
534.771 1989.308
535.047 2106.144
535.323 2125.839
535.598 2043.561
535.874 2032.248
536.149 2031.420
536.425 1979.363
536.700 1874.693
536.976 1853.091
537.252 1861.607
537.527 1896.513
537.803 1946.227
538.078 2052.983
538.354 2106.215
538.629 2146.210
538.905 2277.521
539.181 2467.482
539.456 2522.352
539.732 2516.409
540.007 2515.670
540.283 2595.665
540.558 2659.878
540.834 2572.163
541.110 2493.629
541.385 2517.215
541.661 2554.159
541.936 2565.504
542.212 2601.704
542.488 2694.945
542.763 2727.290
543.039 2658.568
543.314 2645.289
543.590 2709.838
543.865 2679.518
544.141 2594.397
544.417 2532.796
544.692 2520.176
544.968 2537.972
545.243 2526.983
545.519 2484.751
545.794 2473.452
546.070 2449.531
546.348 2393.832
546.627 2445.332
546.905 2558.486
547.183 2585.044
547.461 2552.380
547.740 2536.023
548.018 2525.904
548.296 2506.471
548.575 2422.033
548.853 2361.349
549.131 2376.886
549.409 2389.160
549.688 2422.941
549.966 2489.234
550.244 2583.413
550.523 2643.232
550.801 2592.823
551.079 2565.379
551.357 2554.679
551.636 2543.428
551.914 2513.894
552.192 2482.970
552.471 2520.074
552.749 2538.037
553.027 2497.841
553.306 2551.352
553.584 2616.842
553.862 2655.854
554.140 2650.623
554.419 2657.964
554.697 2645.847
554.975 2610.265
555.254 2550.431
555.532 2505.366
555.810 2490.155
556.088 2492.348
556.367 2391.452
556.645 2423.379
556.923 2484.694
557.202 2437.371
557.480 2359.776
557.758 2348.343
558.036 2343.395
558.315 2317.926
558.593 2203.039
558.871 2131.808
559.150 2164.316
559.428 2197.804
559.706 2130.330
559.984 2099.280
560.263 2183.429
560.541 2222.360
560.819 2173.034
561.098 2088.631
561.376 2091.532
561.654 2102.371
561.932 2031.321
562.211 1894.951
562.489 1842.117
562.767 1857.798
563.046 1840.784
563.324 1821.550
563.602 1872.204
563.880 1867.669
564.159 1827.118
564.437 1867.141
564.715 1883.902
564.994 1864.834
565.272 1766.743
565.550 1670.781
565.828 1660.761
566.107 1663.551
566.385 1568.584
566.663 1591.191
566.942 1662.586
567.220 1689.661
567.498 1673.128
567.776 1714.786
568.055 1793.126
568.333 1824.965
568.611 1757.489
568.890 1738.651
569.168 1724.412
569.446 1685.258
569.725 1625.551
570.003 1609.624
570.281 1697.854
570.559 1736.699
570.838 1705.531
571.116 1777.422
571.394 1892.298
571.673 1916.139
571.951 1864.480
572.229 1818.309
572.507 1852.405
572.786 1858.025
573.064 1780.930
573.342 1790.243
573.621 1878.679
573.899 1924.102
574.177 1874.962
574.455 1833.180
574.734 1925.748
575.012 2012.890
575.290 1925.399
575.569 1815.469
575.847 1858.315
576.125 1921.351
576.403 1944.245
576.682 1885.437
576.960 1820.568
577.243 1819.985
577.527 1836.694
577.810 1799.640
578.093 1800.472
578.377 1767.030
578.660 1736.017
578.944 1775.572
579.227 1823.686
579.510 1816.693
579.794 1775.155
580.077 1749.305
580.360 1798.966
580.644 1804.232
580.927 1770.045
581.210 1756.456
581.494 1798.060
581.777 1817.881
582.061 1794.857
582.344 1747.394
582.627 1790.332
582.911 1794.006
583.194 1775.115
583.477 1798.765
583.761 1849.752
584.044 1873.040
584.327 1860.560
584.611 1853.823
584.894 1932.100
585.178 1956.990
585.461 1884.694
585.744 1864.535
586.028 1887.629
586.311 1885.552
586.594 1836.228
586.878 1798.946
587.161 1853.490
587.444 1865.748
587.728 1786.666
588.011 1801.480
588.295 1861.309
588.578 1879.095
588.861 1808.495
589.145 1733.932
589.428 1840.555
589.711 1923.724
589.995 1846.914
590.278 1860.700
590.562 1926.523
590.845 1964.103
591.128 1957.267
591.412 1895.584
591.695 1866.940
591.978 1909.886
592.262 1832.637
592.545 1778.317
592.828 1781.248
593.112 1784.435
593.395 1738.914
593.679 1750.037
593.962 1725.087
594.245 1694.890
594.529 1672.992
594.812 1717.479
595.095 1760.411
595.379 1744.498
595.662 1678.806
595.945 1699.716
596.229 1818.356
596.512 1867.561
596.796 1829.899
597.079 1805.271
597.362 1877.753
597.646 1933.653
597.929 1913.684
598.212 1928.362
598.496 1946.671
598.779 1906.149
599.062 1847.512
599.346 1824.783
599.629 1885.618
599.913 1893.408
600.196 1763.114
600.479 1728.165
600.763 1826.242
601.046 1879.604
601.329 1835.256
601.613 1781.277
601.896 1852.913
602.179 1943.192
602.463 1931.860
602.746 1849.053
603.030 1881.872
603.313 1933.204
603.596 1905.538
603.880 1804.232
604.163 1803.748
604.446 1831.477
604.730 1848.057
605.013 1858.228
605.296 1849.659
605.580 1848.782
605.863 1890.602
606.147 1868.743
606.430 1933.287
606.713 1957.328
606.997 1873.194
607.280 1882.389
607.563 1976.616
607.847 1975.319
608.130 1954.292
608.414 1940.506
608.697 1962.420
608.980 1992.888
609.264 1954.930
609.547 1904.698
609.830 1953.582
610.114 1959.528
610.397 1855.986
610.680 1822.175
610.964 1809.300
611.247 1789.271
611.531 1776.895
611.814 1799.778
612.097 1826.203
612.381 1834.517
612.664 1794.596
612.947 1844.742
613.231 1937.960
613.514 1943.908
613.797 1851.294
614.081 1804.938
614.364 1801.199
614.648 1808.256
614.931 1738.750
615.214 1660.170
615.498 1693.418
615.781 1747.147
616.064 1773.438
616.348 1810.257
616.631 1856.966
616.914 1888.340
617.198 1880.401
617.481 1837.676
617.765 1817.188
618.048 1820.718
618.331 1798.042
618.615 1792.863
618.898 1814.744
619.181 1807.040
619.465 1751.249
619.748 1745.488
620.031 1806.341
620.315 1833.333
620.598 1799.831
620.882 1830.810
621.165 1894.419
621.448 1920.090
621.732 1882.869
622.015 1825.121
622.298 1825.162
622.582 1864.800
622.865 1812.638
623.148 1851.860
623.432 1961.142
623.715 2040.562
623.999 2027.455
624.282 2002.394
624.565 2098.322
624.849 2172.921
625.132 2103.201
625.415 2055.861
625.699 2050.428
625.982 2092.101
626.265 2107.130
626.549 1985.318
626.832 1977.023
627.116 2008.681
627.399 1957.581
627.682 1906.608
627.966 1940.725
628.249 1953.724
628.532 1941.993
628.816 1888.175
629.099 1871.878
629.383 1871.514
629.666 1888.609
629.949 1880.867
630.233 1902.919
630.516 1909.444
630.799 1855.398
631.083 1792.896
631.366 1854.874
631.649 1860.643
631.933 1796.932
632.216 1787.637
632.500 1863.995
632.783 1959.777
633.066 2040.655
633.350 2029.227
633.633 2047.108
633.916 2062.628
634.200 2007.936
634.483 1912.622
634.766 1871.755
635.050 1844.017
635.333 1837.413
635.617 1835.216
635.900 1862.789
636.183 1901.483
636.467 1911.393
636.750 1918.450
637.033 1930.824
637.317 1909.746
637.600 1854.520
637.883 1800.035
638.167 1821.603
638.450 1843.860
638.734 1798.591
639.017 1842.546
639.300 1890.934
639.584 1902.419
639.867 1893.759
640.150 1870.456
640.434 1924.128
640.717 1964.835
641.000 1882.554
641.284 1878.091
641.567 1951.771
641.851 2000.852
642.134 2002.401
642.417 2014.967
642.701 2047.129
642.984 2045.150
643.267 1978.101
643.551 1913.885
643.834 1931.911
644.117 1978.752
644.401 1928.379
644.684 1883.984
644.968 1923.013
645.251 1985.337
645.534 2034.728
645.818 2082.331
646.101 2099.713
646.384 2152.265
646.668 2228.406
646.951 2366.754
647.235 2520.689
647.518 2630.347
647.801 2667.413
648.085 2794.490
648.368 3009.467
648.651 3188.738
648.935 3280.121
649.218 3423.860
649.501 3653.077
649.785 3875.196
650.068 4022.766
650.352 4204.229
650.635 4502.143
650.918 4772.213
651.202 4913.268
651.485 5051.880
651.768 5265.358
652.052 5481.558
652.335 5637.370
652.618 5746.064
652.902 5927.977
653.185 6166.412
653.469 6381.670
653.752 6599.010
654.035 6845.402
654.319 7042.107
654.602 7173.483
654.885 7301.797
655.169 7459.737
655.452 7556.345
655.735 7573.729
656.019 7657.334
656.302 7744.074
656.586 7799.643
656.869 7830.411
657.152 7879.692
657.436 7990.622
657.719 8046.990
658.002 7994.459
658.286 7997.680
658.569 8061.571
658.852 8043.551
659.136 7953.832
659.419 7902.203
659.703 7917.161
659.986 7880.255
660.269 7818.219
660.553 7817.780
660.836 7877.349
661.119 7903.058
661.403 7851.729
661.686 7841.210
661.969 7951.839
662.253 7969.531
662.536 7935.769
662.820 7922.623
663.103 7895.042
663.386 7876.998
663.670 7816.493
663.953 7701.899
664.236 7677.587
664.520 7590.111
664.803 7455.003
665.086 7429.049
665.370 7394.587
665.653 7317.068
665.937 7204.781
666.220 7063.841
666.503 6976.067
666.787 6828.948
667.070 6612.131
667.353 6346.999
667.637 6136.594
667.920 5947.509
668.204 5677.054
668.487 5404.382
668.770 5196.961
669.054 4943.890
669.337 4723.495
669.620 4570.255
669.904 4412.270
670.187 4227.736
670.470 4002.005
670.754 3868.238
671.037 3780.285
671.321 3638.802
671.604 3441.052
671.887 3294.609
672.171 3232.193
672.454 3140.446
672.737 2971.636
673.021 2861.907
673.304 2858.160
673.587 2832.659
673.871 2739.894
674.154 2695.316
674.438 2729.356
674.721 2735.516
675.004 2620.218
675.288 2502.444
675.571 2429.856
675.854 2349.037
676.138 2236.513
676.421 2201.780
676.704 2234.206
676.988 2255.113
677.271 2237.515
677.555 2230.169
677.838 2310.399
678.121 2307.184
678.405 2239.560
678.688 2209.873
678.971 2289.000
679.255 2311.477
679.538 2231.692
679.821 2128.153
680.105 2162.215
680.388 2138.238
680.672 2000.953
680.955 1903.681
681.238 1941.029
681.522 2000.190
681.805 1969.004
682.088 1977.385
682.372 2045.264
682.655 2121.583
682.938 2111.363
683.222 2069.978
683.505 2114.202
683.789 2208.966
684.072 2154.013
684.355 2096.525
684.639 2159.513
684.922 2199.442
685.205 2174.280
685.489 2187.319
685.772 2171.137
686.056 2147.946
686.339 2129.826
686.622 2134.669
686.906 2150.015
687.189 2143.538
687.472 2008.364
687.756 1999.935
688.039 2090.373
688.322 2101.479
688.606 1992.096
688.889 1957.472
689.173 2022.803
689.456 2075.230
689.739 2021.992
690.023 2008.391
690.306 2067.064
690.589 2089.374
690.873 2037.967
691.156 2008.815
691.439 2041.006
691.723 2075.012
692.006 2044.600
692.290 2030.406
692.573 2065.262
692.856 2078.367
693.140 2007.353
693.423 1965.398
693.706 2013.250
693.990 2051.725
694.273 2004.168
694.556 2010.340
694.840 2039.985
695.123 2036.076
695.407 1999.437
695.690 1969.383
695.973 1939.103
696.257 1944.673
696.540 1906.282
696.830 1906.036
697.120 2063.473
697.410 2131.042
697.699 2050.543
697.989 2054.676
698.279 2123.146
698.569 2104.554
698.859 2038.852
699.149 1904.228
699.439 1940.076
699.729 1982.851
700.018 1879.723
700.308 1847.743
700.598 1903.893
700.888 1915.680
701.178 1903.767
701.468 1827.219
701.758 1887.623
702.048 1973.078
702.337 1873.935
702.627 1815.666
702.917 1826.175
703.207 1808.437
703.497 1815.336
703.787 1749.833
704.077 1724.355
704.366 1734.689
704.656 1712.707
704.946 1798.583
705.236 1831.356
705.526 1817.690
705.816 1805.259
706.106 1776.014
706.396 1776.839
706.685 1773.444
706.975 1666.283
707.265 1646.674
707.555 1641.551
707.845 1626.228
708.135 1684.594
708.425 1754.849
708.715 1832.883
709.004 1894.665
709.294 1892.412
709.584 1912.659
709.874 1955.277
710.164 1915.185
710.454 1876.256
710.744 1832.110
711.034 1868.547
711.323 1917.067
711.613 1888.738
711.903 1891.657
712.193 1922.475
712.483 1907.982
712.773 1871.285
713.063 1848.885
713.352 1895.669
713.642 1927.711
713.932 1867.143
714.222 1888.217
714.512 1931.782
714.802 1934.020
715.092 1863.138
715.382 1757.814
715.671 1777.627
715.961 1828.776
716.251 1731.048
716.541 1730.414
716.831 1830.428
717.121 1869.951
717.411 1868.044
717.701 1822.953
717.990 1817.568
718.280 1862.842
718.570 1812.053
718.860 1741.200
719.150 1821.317
719.440 1874.723
719.730 1863.182
720.019 1855.648
720.309 1904.978
720.599 1937.270
720.889 1898.483
721.179 1816.531
721.469 1786.569
721.759 1784.366
722.049 1760.474
722.338 1758.376
722.628 1748.196
722.918 1794.768
723.208 1822.532
723.498 1872.664
723.788 1949.615
724.078 1986.595
724.368 1927.383
724.657 1969.386
724.947 1992.697
725.237 1960.197
725.527 1886.517
725.817 1811.753
726.107 1817.832
726.397 1833.674
726.686 1756.386
726.976 1778.329
727.266 1846.082
727.556 1866.787
727.846 1845.549
728.136 1845.717
728.426 1872.418
728.716 1875.969
729.005 1767.112
729.295 1694.278
729.585 1752.630
729.875 1806.344
730.165 1759.633
730.455 1800.366
730.745 1885.025
731.035 1925.810
731.324 1928.033
731.614 1903.270
731.904 1936.903
732.194 1970.332
732.484 1866.162
732.774 1810.865
733.064 1842.001
733.354 1811.211
733.643 1745.118
733.933 1740.037
734.223 1768.586
734.513 1793.047
734.803 1764.331
735.093 1796.095
735.383 1829.500
735.672 1818.433
735.962 1736.923
736.252 1660.798
736.542 1706.598
736.832 1761.315
737.122 1671.442
737.412 1668.134
737.702 1756.354
737.991 1801.294
738.281 1829.741
738.571 1861.531
738.861 1857.501
739.151 1891.365
739.441 1878.663
739.731 1896.656
740.021 1887.668
740.310 1863.895
740.600 1785.229
740.890 1808.798
741.180 1889.035
741.470 1901.126
741.760 1810.652
742.050 1898.424
742.339 1935.111
742.629 1916.554
742.919 1846.353
743.209 1794.081
743.499 1839.351
743.789 1875.234
744.079 1725.825
744.369 1736.683
744.658 1809.798
744.948 1832.416
745.238 1762.312
745.528 1750.524
745.818 1809.389
746.108 1912.548
746.398 1878.510
746.688 1880.138
746.977 1958.511
747.267 2002.840
747.557 1920.888
747.847 1824.554
748.137 1743.579
748.427 1772.349
748.717 1733.885
749.006 1719.941
749.296 1757.671
749.586 1777.229
749.876 1809.366
750.166 1848.378
750.456 1897.848
750.746 1919.749
751.036 1826.274
751.325 1823.795
751.615 1905.824
751.905 1896.187
752.195 1867.221
752.485 1865.767
752.775 1916.849
753.065 1960.478
753.355 1918.856
753.644 1935.940
753.934 1952.092
754.224 1947.412
754.514 1859.813
754.804 1815.240
755.094 1871.048
755.384 1892.436
755.674 1802.315
755.963 1848.968
756.253 1966.985
756.543 2001.073
756.833 1931.482
757.123 1851.061
757.413 1881.232
757.703 1926.703
757.992 1861.426
758.282 1815.717
758.572 1850.796
758.862 1928.807
759.152 1949.532
759.442 1903.196
759.732 1863.004
760.022 1861.281
760.311 1808.495
760.601 1799.352
760.891 1778.838
761.181 1757.407
761.471 1753.864
761.761 1828.969
762.051 1888.816
762.341 1884.658
762.630 1848.591
762.920 1836.412
763.210 1889.547
763.500 1902.387
763.793 1826.518
764.086 1783.584
764.379 1875.594
764.671 1914.483
764.964 1881.093
765.257 1877.551
765.550 1902.763
765.843 1893.418
766.136 1854.375
766.429 1746.412
766.722 1711.936
767.014 1722.641
767.307 1639.596
767.600 1618.763
767.893 1709.774
768.186 1770.593
768.479 1804.737
768.772 1837.293
769.064 1926.875
769.357 1975.627
769.650 1922.247
769.943 1871.316
770.236 1919.607
770.529 1947.676
770.822 1886.741
771.115 1863.818
771.407 1939.490
771.700 2007.653
771.993 1970.978
772.286 1908.958
772.579 1946.607
772.872 1993.361
773.165 1899.547
773.457 1840.479
773.750 1871.488
774.043 1909.255
774.336 1876.122
774.629 1841.763
774.922 1852.792
775.215 1895.003
775.508 1841.490
775.800 1769.717
776.093 1802.441
776.386 1889.066
776.679 1899.904
776.972 1922.069
777.265 1997.277
777.558 2055.386
777.850 2045.751
778.143 2027.086
778.436 1995.057
778.729 1929.490
779.022 1838.223
779.315 1769.640
779.608 1775.580
779.900 1781.602
780.193 1706.914
780.486 1719.862
780.779 1799.435
781.072 1835.560
781.365 1820.662
781.658 1840.644
781.951 1925.269
782.243 1954.003
782.536 1902.178
782.829 1927.286
783.122 2012.342
783.415 2062.206
783.708 2033.156
784.001 2020.094
784.293 2083.756
784.586 2103.740
784.879 2011.562
785.172 1954.735
785.465 1999.191
785.758 2045.577
786.051 1967.946
786.344 1937.944
786.636 1957.458
786.929 1963.232
787.222 1921.072
787.515 1918.497
787.808 1980.550
788.101 2033.502
788.394 2000.040
788.686 2002.230
788.979 2044.096
789.272 2057.127
789.565 1951.276
789.858 1833.989
790.151 1811.359
790.444 1825.131
790.737 1781.591
791.029 1801.465
791.322 1873.834
791.615 1893.364
791.908 1847.525
792.201 1885.759
792.494 1950.598
792.787 1977.988
793.079 1900.238
793.372 1877.178
793.665 1986.252
793.958 2058.869
794.251 1989.263
794.544 1959.433
794.837 1994.656
795.130 2037.690
795.422 1988.921
795.715 1905.583
796.008 1947.877
796.301 2002.755
796.594 1930.016
796.887 1832.636
797.180 1839.267
797.472 1851.089
797.765 1796.568
798.058 1694.538
798.351 1694.577
798.644 1783.068
798.937 1850.194
799.230 1828.856
799.523 1818.501
799.815 1857.683
800.108 1852.028
800.401 1861.499
800.694 1899.834
800.987 1928.824
801.280 1934.247
801.573 1959.911
801.865 1984.902
802.158 2002.708
802.451 1946.520
802.744 1929.961
803.037 1962.207
803.330 1958.792
803.623 1917.748
803.915 1918.352
804.208 1982.456
804.501 1970.915
804.794 1874.995
805.087 1846.442
805.380 1886.174
805.673 1921.617
805.966 1885.363
806.258 1888.253
806.551 1925.763
806.844 1912.454
807.137 1833.815
807.430 1865.927
807.723 1917.029
808.016 1927.915
808.308 1862.120
808.601 1902.080
808.894 1978.868
809.187 2001.789
809.480 1958.132
809.773 1953.138
810.066 1913.088
810.359 1852.505
810.651 1762.950
810.944 1718.609
811.237 1726.041
811.530 1653.126
811.825 1581.764
812.119 1653.970
812.414 1759.255
812.709 1816.341
813.003 1797.953
813.298 1922.747
813.593 2090.688
813.887 2150.395
814.182 2106.568
814.476 2059.310
814.771 2036.817
815.066 2035.293
815.360 1898.878
815.655 1836.225
815.950 1848.409
816.244 1866.695
816.539 1902.724
816.834 2005.107
817.128 2081.351
817.423 2050.668
817.718 1961.264
818.012 1939.932
818.307 1977.258
818.602 1964.297
818.896 1883.482
819.191 1916.697
819.486 2057.914
819.780 2105.213
820.075 2072.611
820.369 2088.181
820.664 2138.440
820.959 2138.390
821.253 2059.996
821.548 2002.226
821.843 2042.668
822.137 2038.450
822.432 1972.476
822.727 1957.294
823.021 1988.850
823.316 1971.184
823.611 1910.822
823.905 1894.720
824.200 1980.714
824.495 2003.635
824.789 1942.873
825.084 1954.275
825.379 2028.374
825.673 2084.089
825.968 2072.202
826.262 2044.588
826.557 2092.591
826.852 2155.637
827.146 2102.071
827.441 2001.944
827.736 2018.504
828.030 2053.609
828.325 1987.158
828.620 2023.102
828.914 2075.840
829.209 2089.735
829.504 2112.095
829.798 2036.571
830.093 2020.823
830.388 2053.911
830.682 1929.682
830.977 1845.239
831.271 1854.908
831.566 1884.804
831.861 1917.241
832.155 1892.534
832.450 1891.878
832.745 1942.312
833.039 1905.962
833.334 1871.614
833.629 1872.056
833.923 1845.169
834.218 1780.112
834.513 1760.242
834.807 1734.754
835.102 1722.946
835.397 1675.111
835.691 1637.532
835.986 1661.072
836.281 1675.246
836.575 1632.189
836.870 1641.894
837.164 1684.381
837.459 1704.845
837.754 1691.277
838.048 1698.449
838.343 1749.932
838.638 1783.891
838.932 1763.458
839.227 1764.090
839.522 1803.508
839.816 1831.606
840.111 1810.386
840.406 1901.480
840.700 2009.914
840.995 2056.581
841.290 2043.774
841.584 2065.231
841.879 2080.518
842.174 2120.022
842.468 2038.539
842.763 1986.705
843.057 2001.876
843.352 2025.828
843.647 2002.159
843.941 2032.143
844.236 2080.037
844.531 2127.376
844.825 2119.276
845.120 2142.085
845.415 2146.065
845.709 2182.381
846.004 2191.885
846.299 2172.094
846.593 2137.814
846.888 2094.709
847.183 2025.151
847.477 2043.361
847.772 2068.089
848.066 2037.427
848.361 1985.490
848.656 1962.843
848.950 2083.855
849.245 2177.234
849.540 2142.136
849.834 2114.244
850.129 2196.160
850.424 2225.985
850.718 2223.864
851.013 2188.808
851.308 2232.557
851.602 2292.533
851.897 2260.953
852.192 2277.112
852.486 2372.733
852.781 2440.477
853.076 2393.927
853.370 2279.481
853.665 2311.831
853.959 2347.947
854.254 2207.962
854.549 2139.450
854.843 2172.453
855.138 2175.797
855.433 2196.955
855.727 2173.006
856.022 2180.357
856.317 2246.968
856.611 2198.280
856.906 2172.786
857.201 2241.538
857.495 2222.192
857.790 2122.903
858.085 2075.784
858.379 2088.091
858.674 2074.447
858.969 1954.420
859.263 1896.205
859.558 1975.834
859.852 1998.434
860.147 1980.982
860.442 1986.732
860.736 2042.128
861.031 2128.484
861.326 2105.358
861.620 2012.724
861.915 2094.071
862.210 2139.026
862.504 2061.342
862.799 2042.670
863.094 2016.161
863.388 1977.567
863.683 1928.801
863.978 1849.497
864.272 1838.001
864.567 1825.262
864.861 1759.284
865.156 1780.151
865.451 1869.314
865.745 1998.968
866.040 2031.177
866.335 2025.518
866.629 2115.637
866.924 2169.841
867.219 2116.434
867.513 2074.838
867.808 2055.560
868.103 2043.812
868.397 2016.103
868.692 1988.477
868.987 2014.811
869.281 1996.915
869.576 1902.340
869.871 1827.154
870.165 1794.537
870.460 1782.319
870.754 1738.855
871.049 1691.170
871.344 1749.999
871.638 1802.301
871.933 1799.920
872.228 1886.296
872.522 1955.829
872.817 1988.098
873.112 1970.010
873.406 1936.675
873.701 1967.063
873.996 1993.655
874.290 1912.576
874.585 1883.609
874.880 1889.231
875.174 1885.916
875.469 1838.097
875.764 1791.372
876.058 1777.010
876.353 1779.570
876.647 1756.594
876.942 1755.825
877.237 1808.601
877.531 1847.465
877.826 1840.231
878.121 1861.006
878.415 1885.589
878.710 1876.591
879.005 1780.787
879.299 1703.486
879.594 1720.790
879.889 1741.637
880.183 1673.813
880.478 1652.916
880.773 1666.726
881.067 1706.435
881.362 1687.195
881.656 1671.600
881.951 1692.426
882.246 1707.397
882.540 1662.833
882.835 1628.429
883.130 1676.112
883.424 1728.445
883.719 1688.780
884.014 1667.043
884.308 1720.482
884.603 1765.089
884.898 1752.169
885.192 1749.771
885.487 1777.723
885.782 1756.685
886.076 1708.732
886.371 1623.266
886.666 1592.680
886.960 1647.089
887.255 1622.532
887.549 1624.388
887.844 1690.742
888.139 1721.600
888.433 1753.929
888.728 1744.969
889.023 1732.846
889.317 1738.322
889.612 1697.826
889.907 1697.842
890.201 1735.026
890.496 1727.313
890.791 1718.680
891.085 1724.072
891.380 1697.430
891.675 1670.488
891.969 1627.286
892.264 1588.981
892.559 1621.198
892.853 1667.589
893.148 1625.659
893.442 1613.098
893.737 1646.164
894.032 1621.934
894.326 1581.404
894.621 1577.334
894.916 1571.601
895.210 1557.880
895.505 1550.467
895.800 1546.858
896.094 1599.636
896.389 1611.951
896.684 1568.186
896.978 1560.886
897.273 1616.208
897.568 1658.882
897.862 1639.112
898.157 1674.185
898.451 1762.382
898.746 1790.656
899.041 1770.490
899.335 1784.504
899.630 1835.264
899.925 1842.715
900.219 1751.516
900.514 1753.074
900.809 1763.347
901.103 1753.059
901.398 1738.488
901.693 1670.541
901.987 1655.700
902.282 1680.163
902.577 1609.937
902.871 1616.234
903.166 1681.287
903.461 1652.840
903.755 1616.192
904.050 1614.184
904.344 1647.188
904.639 1655.588
904.934 1616.416
905.228 1608.427
905.523 1649.125
905.818 1670.377
906.112 1693.570
906.407 1711.814
906.702 1736.688
906.996 1780.695
907.291 1743.965
907.586 1744.625
907.880 1831.791
908.175 1862.651
908.470 1828.173
908.764 1822.852
909.059 1832.161
909.354 1849.372
909.648 1838.371
909.943 1854.017
910.237 1888.912
910.532 1926.112
910.827 1901.872
911.121 1884.708
911.416 1920.166
911.711 1938.941
912.005 1884.968
912.300 1866.111
912.599 1887.739
912.898 1921.071
913.196 1878.020
913.495 1851.081
913.794 1898.718
914.093 1911.097
914.391 1898.191
914.690 1869.834
914.989 1858.015
915.288 1852.484
915.586 1787.030
915.885 1736.307
916.184 1755.349
916.483 1754.304
916.782 1732.609
917.080 1785.596
917.379 1902.284
917.678 1973.245
917.977 1958.873
918.275 1949.119
918.574 1945.203
918.873 1943.243
919.172 1881.327
919.471 1800.065
919.769 1790.921
920.068 1795.118
920.367 1726.078
920.666 1688.171
920.964 1745.728
921.263 1763.568
921.562 1744.331
921.861 1749.547
922.159 1769.694
922.458 1810.717
922.757 1848.110
923.056 1825.022
923.355 1822.205
923.653 1854.075
923.952 1848.782
924.251 1820.989
924.550 1829.748
924.848 1814.010
925.147 1766.666
925.446 1778.179
925.745 1781.493
926.043 1783.802
926.342 1788.944
926.641 1827.038
926.940 1865.035
927.239 1906.898
927.537 1914.676
927.836 1952.237
928.135 2033.157
928.434 2076.902
928.732 2018.121
929.031 2003.931
929.330 2021.677
929.629 2024.201
929.927 1994.559
930.226 1928.528
930.525 1945.689
930.824 2001.240
931.123 2006.694
931.421 2029.756
931.720 2077.920
932.019 2107.854
932.318 2093.494
932.616 2058.581
932.915 2073.411
933.214 2086.154
933.513 2075.418
933.812 2053.207
934.110 2153.869
934.409 2278.584
934.708 2294.127
935.007 2320.774
935.305 2391.644
935.604 2418.633
935.903 2436.804
936.202 2417.838
936.500 2447.002
936.799 2487.738
937.098 2454.208
937.397 2464.513
937.696 2477.996
937.994 2471.717
938.293 2427.509
938.592 2421.492
938.891 2530.715
939.189 2565.147
939.488 2550.975
939.787 2577.687
940.086 2629.888
940.384 2655.755
940.683 2682.332
940.982 2708.415
941.281 2791.143
941.580 2836.319
941.878 2832.383
942.177 2800.894
942.476 2787.563
942.775 2738.086
943.073 2657.732
943.372 2641.032
943.671 2631.984
943.970 2631.280
944.268 2644.807
944.567 2673.139
944.866 2634.023
945.165 2594.231
945.464 2567.428
945.762 2625.834
946.061 2713.261
946.360 2738.857
946.659 2707.365
946.957 2766.538
947.256 2811.953
947.555 2772.570
947.854 2649.333
948.153 2569.797
948.451 2627.432
948.750 2655.051
949.049 2597.140
949.348 2619.448
949.646 2679.509
949.945 2713.025
950.244 2663.598
950.543 2536.133
950.841 2498.141
951.140 2476.112
951.439 2399.127
951.738 2393.682
952.037 2399.619
952.335 2407.038
952.634 2344.327
952.933 2362.400
953.232 2447.872
953.530 2452.553
953.829 2367.572
954.128 2348.391
954.427 2440.275
954.725 2543.415
955.024 2473.982
955.323 2412.133
955.622 2391.904
955.921 2359.335
956.219 2297.015
956.518 2201.276
956.817 2160.543
957.116 2132.902
957.414 2022.820
957.713 2013.785
958.012 2072.397
958.311 2100.336
958.610 2067.640
958.908 2108.882
959.207 2218.268
959.506 2288.999
959.805 2236.548
960.103 2182.337
960.402 2172.509
960.701 2178.974
961.000 2110.537
961.298 2052.668
961.597 2092.773
961.896 2133.143
962.195 2091.880
962.494 2055.712
962.792 2049.965
963.091 2050.274
963.390 2034.167
963.689 2023.214
963.987 2041.955
964.286 2068.120
964.585 2107.324
964.884 2222.158
965.182 2346.737
965.481 2402.549
965.780 2361.346
966.080 2357.523
966.380 2443.760
966.680 2427.128
966.981 2302.880
967.281 2227.004
967.581 2213.420
967.881 2206.539
968.181 2118.765
968.481 2064.701
968.781 2109.983
969.082 2123.259
969.382 2103.144
969.682 2055.850
969.982 2055.221
970.282 2115.362
970.582 2071.527
970.882 2010.321
971.183 2040.748
971.483 2044.058
971.783 2030.652
972.083 2057.995
972.383 2061.204
972.683 2064.472
972.983 2048.247
973.284 2018.048
973.584 2050.174
973.884 2029.255
974.184 1934.619
974.484 1888.023
974.784 1931.066
975.084 1945.914
975.385 1903.335
975.685 1854.694
975.985 1876.013
976.285 1913.973
976.585 1909.413
976.885 1883.557
977.185 1937.021
977.486 1974.264
977.786 1919.426
978.086 1891.064
978.386 1909.189
978.686 1934.542
978.986 1885.927
979.286 1804.268
979.587 1760.952
979.887 1778.335
980.187 1771.215
980.487 1831.665
980.787 1852.116
981.087 1842.423
981.387 1818.588
981.688 1842.896
981.988 1888.489
982.288 1922.940
982.588 1841.962
982.888 1851.698
983.188 1958.291
983.488 2010.599
983.789 2001.621
984.089 1950.500
984.389 1947.093
984.689 1965.829
984.989 1908.994
985.289 1814.015
985.589 1804.894
985.890 1808.344
986.190 1798.080
986.490 1820.959
986.790 1861.981
987.090 1850.431
987.390 1868.738
987.690 1884.045
987.991 1865.496
988.291 1864.660
988.591 1852.396
988.891 1831.703
989.191 1903.724
989.491 1959.889
989.791 1937.053
990.092 1977.931
990.392 2004.667
990.692 1977.831
990.992 1923.853
991.292 1900.874
991.592 1895.895
991.892 1881.345
992.193 1828.224
992.493 1836.388
992.793 1878.980
993.093 1906.002
993.393 1874.880
993.693 1845.615
993.993 1900.922
994.294 1950.943
994.594 1923.393
994.894 1887.557
995.194 1888.721
995.494 1890.313
995.794 1874.477
996.094 1798.212
996.395 1744.662
996.695 1730.254
996.995 1685.990
997.295 1645.582
997.595 1646.174
997.895 1631.481
998.195 1664.502
998.496 1681.523
998.796 1742.686
999.096 1802.993
999.396 1860.728
999.696 1909.463
999.996 1945.341
1000.296 1954.933
1000.597 2017.239
1000.897 1982.546
1001.197 1951.709
1001.497 1935.016
1001.797 1880.893
1002.097 1912.343
1002.397 1951.078
1002.698 1882.955
1002.998 1856.976
1003.298 1908.425
1003.598 1959.160
1003.898 1972.609
1004.198 1918.058
1004.498 1911.935
1004.799 1997.099
1005.099 2042.119
1005.399 1987.997
1005.699 1975.731
1005.999 2054.466
1006.299 2069.058
1006.599 2023.221
1006.900 1990.527
1007.200 1986.833
1007.500 1986.853
1007.800 1933.159
1008.100 1859.179
1008.400 1875.771
1008.700 1929.791
1009.001 1936.240
1009.301 1983.260
1009.601 2065.995
1009.901 2112.158
1010.201 2088.892
1010.501 2081.198
1010.801 2031.361
1011.102 1969.238
1011.402 1919.686
1011.702 1880.421
1012.002 1883.869
1012.302 1914.318
1012.602 1894.195
1012.902 1941.643
1013.203 1972.378
1013.503 1959.540
1013.803 1915.275
1014.103 1869.152
1014.403 1916.600
1014.703 1975.191
1015.003 1903.068
1015.304 1883.088
1015.604 1907.965
1015.904 1938.413
1016.204 1929.004
1016.504 1874.453
1016.804 1820.472
1017.104 1829.206
1017.405 1826.512
1017.705 1817.246
1018.005 1778.265
1018.305 1759.428
1018.605 1786.733
1018.905 1847.753
1019.205 1925.058
1019.506 1965.506
1019.806 1947.954
1020.106 2003.688
1020.406 2101.136
1020.706 2092.870
1021.006 2041.032
1021.306 2006.909
1021.607 1990.785
1021.907 1981.805
1022.207 1920.824
1022.507 1835.558
1022.807 1836.006
1023.107 1829.596
1023.407 1785.758
1023.708 1771.921
1024.008 1777.083
1024.308 1816.388
1024.608 1884.550
1024.908 1916.855
1025.208 1928.302
1025.508 1955.036
1025.809 1955.198
1026.109 1986.074
1026.409 2033.665
1026.709 1979.684
1027.009 1910.417
1027.309 1940.722
1027.609 2009.170
1027.910 2102.903
1028.210 2140.065
1028.510 2140.941
1028.810 2264.389
1029.110 2328.693
1029.410 2291.712
1029.710 2220.874
1030.011 2174.464
1030.311 2145.055
1030.611 2088.645
1030.911 2038.521
1031.211 2071.111
1031.511 2082.845
1031.811 2043.578
1032.112 2024.311
1032.412 2077.615
1032.712 2097.348
1033.012 2025.938
1033.312 1957.386
1033.612 1949.547
1033.912 1977.995
1034.212 1953.870
1034.513 1851.746
1034.813 1847.622
1035.113 1874.355
1035.413 1838.088
1035.713 1853.535
1036.013 1895.982
1036.313 1879.858
1036.614 1914.876
1036.914 1919.038
1037.214 1938.771
1037.514 1967.361
1037.814 1922.808
1038.114 1858.112
1038.414 1857.845
1038.715 1861.577
1039.015 1841.453
1039.315 1801.757
1039.615 1812.347
1039.915 1827.222
1040.215 1837.812
1040.515 1845.402
1040.816 1817.706
1041.116 1799.153
1041.416 1798.742
1041.716 1796.189
1042.016 1804.922
1042.316 1814.512
1042.616 1804.387
1042.917 1861.691
1043.217 1929.566
1043.517 1923.299
1043.817 1883.031
1044.117 1883.621
1044.417 1954.924
1044.717 1995.657
1045.018 1928.246
1045.318 1856.979
1045.618 1874.711
1045.918 1909.586
1046.218 1879.319
1046.518 1864.765
1046.818 1894.069
1047.119 1922.801
1047.419 1944.533
1047.719 1942.837
1048.019 1978.284
1048.319 1991.444
1048.619 1926.462
1048.919 1872.194
1049.220 1855.069
1049.520 1870.659
1049.820 1859.105
1050.120 1849.409
1050.420 1916.284
1050.720 1951.016
1051.020 1929.176
1051.321 1919.765
1051.621 1889.783
1051.921 1863.087
1052.221 1837.961
1052.521 1820.122
1052.821 1880.425
1053.121 1923.872
1053.422 2011.461
1053.722 2072.050
1054.022 2108.353
1054.322 2087.371
1054.622 2041.245
1054.922 2015.692
1055.222 2064.709
1055.523 2018.155
1055.823 1973.601
1056.123 1955.047
1056.423 1937.922
1056.723 1949.654
1057.023 1898.528
1057.323 1861.403
1057.624 1859.420
1057.924 1869.581
1058.224 1864.170
1058.524 1894.330
1058.824 1934.061
1059.124 1939.222
1059.424 1902.525
1059.725 1893.113
1060.025 1906.988
1060.325 1910.291
1060.625 1910.165
1060.925 1873.468
1061.225 1904.200
1061.525 1923.931
1061.826 1914.377
1062.126 1926.966
1062.426 2021.983
1062.726 2061.143
1063.026 2079.160
1063.326 2085.177
1063.626 2086.052
1063.927 2109.069
1064.227 2091.657
1064.527 1973.817
1064.827 1933.691
1065.127 1926.423
1065.427 1899.725
1065.727 1870.314
1066.028 1835.474
1066.328 1822.776
1066.628 1843.651
1066.928 1833.096
1067.228 1804.684
1067.528 1791.273
1067.828 1812.861
1068.129 1831.878
1068.429 1815.324
1068.729 1834.055
1069.029 1873.929
1069.329 1938.946
1069.629 1987.534
1069.929 1982.693
1070.230 1973.710
1070.530 1993.298
1070.830 2031.744
1071.130 2044.332
1071.430 1973.634
1071.730 1955.223
1072.030 2003.811
1072.331 2022.970
1072.631 1996.558
1072.931 1953.289
1073.231 1962.735
1073.531 2010.751
1073.831 1963.339
1074.131 1890.070
1074.432 1853.658
1074.732 1848.103
1075.032 1812.120
1075.332 1736.136
1075.632 1705.296
1075.932 1702.027
1076.232 1688.329
1076.533 1699.631
1076.833 1728.362
1077.133 1747.807
1077.433 1731.109
1077.733 1741.411
1078.033 1820.999
1078.333 1869.015
1078.634 1871.746
1078.934 1907.763
1079.234 1959.350
1079.534 2007.510
1079.834 1992.812
1080.134 1953.542
1080.434 1918.844
1080.735 1902.718
1081.035 1854.020
1081.335 1824.036
1081.635 1836.195
1081.935 1859.211
1082.235 1843.799
1082.535 1911.101
1082.836 1991.831
1083.136 2016.133
1083.436 1994.435
1083.736 1976.594
1084.036 1975.467
1084.336 1999.055
1084.636 1968.643
1084.937 1943.802
1085.237 1955.960
1085.537 2018.977
1085.837 2030.993
1086.137 2042.151
1086.437 2092.882
1086.737 2119.898
1087.038 2062.342
1087.338 1981.073
1087.638 1941.517
1087.938 1953.390
1088.238 1948.263
1088.538 1859.851
1088.838 1875.438
1089.139 1949.597
1089.439 2006.470
1089.739 1987.629
1090.039 1974.359
1090.339 1925.232
1090.639 1912.105
1090.939 1863.264
1091.240 1869.279
1091.540 1911.009
1091.840 1918.739
1092.140 1900.470
1092.453 1941.628
1092.766 1965.644
1093.079 1949.802
1093.392 1932.675
1093.705 1940.548
1094.018 1992.564
1094.330 1991.294
1094.643 2018.452
1094.956 2040.039
1095.269 2042.055
1095.582 1979.928
1095.895 1953.515
1096.208 1953.531
1096.521 2008.832
1096.834 1985.990
1097.147 1967.292
1097.460 1977.879
1097.773 1995.465
1098.085 1933.195
1098.398 1898.354
1098.711 1911.512
1099.024 1926.527
1099.337 1906.972
1099.650 1898.844
1099.963 1945.002
1100.276 2001.875
1100.589 1989.462
1100.902 1934.906
1101.215 1943.207
1101.528 2007.079
1101.841 1993.666
1102.153 1948.396
1102.466 1978.125
1102.779 1994.712
1103.092 1987.299
1103.405 1993.171
1103.718 1987.472
1104.031 2021.631
1104.344 2009.503
1104.657 1977.518
1104.970 1990.962
1105.283 2022.549
1105.596 1991.850
1105.909 1932.722
1106.221 1895.451
1106.534 1881.609
1106.847 1831.625
1107.160 1755.068
1107.473 1733.512
1107.786 1724.527
1108.099 1701.971
1108.412 1759.700
1108.725 1829.287
1109.038 1854.873
1109.351 1889.460
1109.664 1884.189
1109.977 1897.490
1110.289 1922.933
1110.602 1855.663
1110.915 1811.678
1111.228 1796.407
1111.541 1779.565
1111.854 1745.008
1112.167 1716.452
1112.480 1767.324
1112.793 1817.767
1113.106 1791.639
1113.419 1814.368
1113.732 1863.241
1114.044 1892.827
1114.357 1890.842
1114.670 1887.428
1114.983 1907.157
1115.296 1965.172
1115.609 1973.472
1115.922 1969.630
1116.235 1983.216
1116.548 1989.088
1116.861 1944.817
1117.174 1888.260
1117.487 1883.275
1117.800 1881.290
1118.112 1862.733
1118.425 1869.462
1118.738 1909.620
1119.051 1932.349
1119.364 1966.649
1119.677 2014.807
1119.990 2041.535
1120.303 2055.836
1120.616 2051.565
1120.929 2066.722
1121.242 2095.594
1121.555 2036.608
1121.868 1928.337
1122.180 1917.352
1122.493 1952.652
1122.806 1962.952
1123.119 1899.395
1123.432 1860.410
1123.745 1974.282
1124.058 2048.867
1124.371 2025.310
1124.684 1950.468
1124.997 1887.625
1125.310 1890.782
1125.623 1882.083
1125.935 1816.668
1126.248 1847.683
1126.561 1894.269
1126.874 1925.283
1127.187 1993.440
1127.500 2056.740
1127.813 2110.755
1128.126 2081.912
1128.439 1939.355
1128.752 1886.655
1129.065 1883.669
1129.378 1839.826
1129.691 1776.126
1130.003 1756.997
1130.316 1797.726
1130.629 1850.026
1130.942 1865.611
1131.255 1922.626
1131.568 1946.211
1131.881 1917.511
1132.194 1928.811
1132.507 1915.111
1132.820 1934.411
1133.133 1987.425
1133.446 1968.153
1133.759 1999.596
1134.071 2098.896
1134.384 2078.910
1134.697 2073.495
1135.010 2064.795
1135.323 1998.524
1135.636 1952.109
1135.949 1921.266
1136.262 1880.851
1136.575 1864.151
1136.888 1856.451
1137.201 1863.893
1137.514 1893.336
1137.826 1969.207
1138.139 2023.507
1138.452 2084.521
1138.765 2157.392
1139.078 2216.691
1139.391 2216.848
1139.704 2193.005
1140.017 2147.876
1140.330 2084.318
1140.643 1999.903
1140.956 1932.774
1141.269 1954.360
1141.582 1984.231
1141.894 2006.959
1142.207 1991.544
1142.520 1975.129
1142.833 1962.572
1143.146 1964.442
1143.459 1897.599
1143.772 1874.184
1144.085 1832.055
1144.398 1822.497
1144.711 1881.940
1145.024 1920.382
1145.337 1932.967
1145.650 1893.981
1145.962 1921.423
1146.275 1975.722
1146.588 1967.450
1146.901 1927.178
1147.214 1917.335
1147.527 1924.063
1147.840 1950.933
1148.153 1934.947
1148.466 1901.389
1148.779 1957.260
1149.092 1983.130
1149.405 1966.287
1149.718 1922.300
1150.030 1936.028
1150.343 1932.042
1150.656 1919.484
1150.969 1882.497
1151.282 1804.939
1151.595 1756.667
1151.908 1799.252
1152.221 1824.123
1152.534 1884.993
1152.847 1960.864
1153.160 1982.163
1153.473 2097.605
1153.785 2208.618
1154.098 2196.632
1154.411 2148.502
1154.724 2113.087
1155.037 2066.672
1155.350 2036.828
1155.663 1943.127
1155.976 1857.569
1156.289 1820.439
1156.602 1823.738
1156.915 1779.180
1157.228 1803.908
1157.541 1880.064
1157.853 1909.934
1158.166 1919.090
1158.479 1970.389
1158.792 2016.974
1159.105 2032.987
1159.418 2007.572
1159.731 1961.299
1160.044 1939.169
1160.357 1971.611
1160.670 1995.053
1160.983 1986.637
1161.296 1998.651
1161.609 1935.807
1161.921 1855.534
1162.234 1861.261
1162.547 1886.846
1162.860 1836.430
1163.173 1793.872
1163.486 1796.457
1163.799 1863.041
1164.112 1896.768
1164.425 1885.496
1164.738 1859.937
1165.051 1907.950
1165.364 1943.249
1165.676 1939.833
1165.989 1951.561
1166.302 2043.859
1166.615 2101.587
1166.928 2100.600
1167.241 2076.898
1167.554 2051.483
1167.867 2020.781
1168.180 1962.508
1168.493 1927.664
1168.806 1953.677
1169.119 1952.118
1169.432 1910.274
1169.744 1937.001
1170.057 1973.586
1170.370 2009.170
1170.683 1944.897
1170.996 1899.053
1171.309 1966.208
1171.622 2015.935
1171.935 1993.520
1172.248 1997.675
1172.561 2028.545
1172.874 2073.558
1173.187 2064.285
1173.500 2041.583
1173.812 2030.882
1174.125 2015.037
1174.438 2030.479
1174.751 2017.348
1175.064 1983.361
1175.377 1962.802
1175.690 1894.244
1176.003 1863.685
1176.316 1879.412
1176.629 1812.567
1176.942 1762.437
1177.255 1807.164
1177.567 1840.176
1177.880 1867.760
1178.193 1908.773
1178.506 1909.928
1178.819 1970.655
1179.132 2008.954
1179.445 1956.395
1179.758 1960.693
1180.071 1995.563
1180.384 2000.432
1180.697 2039.016
1181.010 2056.171
1181.323 2063.898
1181.635 2063.911
1181.948 2036.066
1182.261 2064.364
1182.574 2108.519
1182.887 2087.532
1183.200 2036.259
1183.513 2035.842
1183.826 2066.569
1184.139 2033.296
1184.452 1929.308
1184.765 1835.749
1185.078 1794.047
1185.391 1743.202
1185.703 1698.929
1186.016 1763.513
1186.329 1848.382
1186.642 1907.680
1186.955 1906.835
1187.268 1955.562
1187.581 2029.289
1187.894 2055.444
1188.207 1941.170
1188.520 1860.468
1188.833 1837.623
1189.146 1855.636
1189.459 1800.934
1189.771 1801.231
1190.084 1849.815
1190.397 1906.542
1190.710 1925.697
1191.023 1931.709
1191.336 1928.721
1191.649 1946.590
1191.962 1926.031
1192.275 1871.615
1192.588 1878.484
1192.901 1916.210
1193.214 1875.365
1193.526 1912.092
1193.839 1962.961
1194.152 1944.973
1194.465 1913.414
1194.778 1907.854
1195.091 1944.866
1195.404 1949.307
1195.717 1854.033
1196.030 1826.902
1196.343 1891.343
1196.656 1950.641
1196.969 1977.653
1197.282 1983.093
1197.594 2031.105
1197.907 2063.831
1198.220 2019.701
1198.533 1978.427
1198.846 2002.867
1199.159 1954.879
1199.472 1880.320
1199.785 1869.046
1200.098 1918.486
1200.411 1931.498
1200.724 1870.939
1201.037 1841.522
1201.350 1884.391
1201.662 1743.974
1201.975 1701.599
1202.288 1630.672
1202.601 1614.028
