165.028 309.534
165.288 275.876
165.547 220.904
165.807 221.468
166.067 283.117
166.327 354.632
166.587 324.299
166.847 303.974
167.107 385.943
167.367 446.349
167.627 461.336
167.886 478.187
168.146 527.904
168.406 560.486
168.666 498.648
168.926 412.246
169.186 463.995
169.446 483.037
169.706 419.230
169.966 415.430
170.225 553.067
170.485 645.282
170.745 658.934
171.005 578.735
171.265 576.830
171.525 611.075
171.785 545.183
172.045 371.442
172.305 382.279
172.564 433.551
172.824 423.402
173.084 451.545
173.344 505.551
173.604 511.136
173.864 509.441
174.124 502.324
174.384 595.214
174.644 677.680
174.903 595.725
175.163 589.633
175.423 669.832
175.683 693.609
175.943 593.677
176.203 508.751
176.463 537.973
176.723 645.201
176.983 619.006
177.242 550.102
177.502 593.918
177.762 628.453
178.022 558.850
178.282 485.396
178.542 550.661
178.802 561.645
179.062 528.062
179.322 549.056
179.581 653.197
179.841 712.915
180.101 710.494
180.361 619.220
180.621 634.809
180.881 701.401
181.141 644.855
181.401 564.313
181.661 580.346
181.920 571.956
182.180 497.712
182.440 457.043
182.700 543.950
182.960 577.574
183.220 531.488
183.480 465.977
183.740 547.899
184.000 632.395
184.259 631.466
184.519 602.540
184.779 669.904
185.039 744.985
185.299 783.354
185.559 765.156
185.819 781.674
186.079 758.910
186.339 628.863
186.598 573.105
186.858 611.778
187.118 640.882
187.378 612.703
187.638 574.098
187.898 620.495
188.158 688.038
188.418 638.154
188.678 616.702
188.937 672.537
189.197 656.089
189.457 596.642
189.717 627.484
189.977 697.327
190.237 739.315
190.497 672.019
190.757 620.440
191.017 669.290
191.276 713.143
191.536 619.568
191.796 537.423
192.056 536.994
192.316 551.710
192.576 479.712
192.836 471.716
193.096 543.006
193.356 559.298
193.616 567.162
193.875 624.313
194.135 723.751
194.395 785.761
194.655 761.915
194.915 672.927
195.175 649.939
195.435 633.810
195.695 575.110
195.955 546.267
196.214 616.568
196.474 657.012
196.734 683.885
196.994 767.473
197.254 817.775
197.514 796.507
197.774 725.095
198.034 653.541
198.294 610.273
198.553 599.719
198.813 557.594
199.073 587.897
199.333 706.629
199.593 763.504
199.853 726.664
200.113 746.252
200.373 793.412
200.633 793.857
200.892 733.302
201.152 735.031
201.412 810.618
201.672 840.061
201.932 785.504
202.192 794.946
202.452 920.959
202.712 986.257
202.972 884.411
203.231 822.279
203.491 946.432
203.751 1017.441
204.011 960.163
204.271 871.313
204.531 885.890
204.791 884.038
205.051 792.900
205.311 667.045
205.570 725.333
205.830 819.190
206.090 781.761
206.350 742.902
206.610 816.613
206.870 869.323
207.130 854.317
207.390 833.738
207.650 868.586
207.909 886.147
208.169 831.706
208.429 809.550
208.689 825.392
208.949 818.232
209.209 737.499
209.469 618.765
209.729 728.600
209.989 799.719
210.248 758.836
210.508 808.523
210.768 908.494
211.028 969.748
211.288 1011.429
211.548 985.394
211.808 1035.785
212.068 1037.174
212.328 963.561
212.587 952.518
212.847 1013.615
213.107 1040.995
213.367 936.374
213.627 890.464
213.887 960.695
214.147 973.639
214.407 899.865
214.667 877.946
214.926 890.597
215.186 907.673
215.446 839.176
215.706 788.533
215.966 856.316
216.226 915.954
216.486 825.447
216.746 774.508
217.006 847.281
217.265 876.195
217.525 831.820
217.785 789.013
218.045 835.347
218.305 890.678
218.565 862.292
218.825 801.904
219.085 874.084
219.345 936.975
219.604 889.864
219.864 840.178
220.124 848.061
220.384 901.941
220.644 896.247
220.904 820.407
221.164 831.564
221.424 865.003
221.684 823.154
221.943 780.588
222.203 813.875
222.463 829.160
222.723 808.727
222.983 747.863
223.243 752.995
223.503 774.267
223.763 811.251
224.023 835.945
224.282 912.351
224.542 997.753
224.802 1019.581
225.062 1050.119
225.322 1134.940
225.582 1141.758
225.842 1073.430
226.102 1016.813
226.362 1018.763
226.621 1066.854
226.881 1010.369
227.141 995.881
227.401 1034.105
227.661 1022.467
227.921 998.969
228.181 1005.896
228.441 996.963
228.701 998.740
228.960 950.228
229.220 970.713
229.480 1029.623
229.740 1050.958
230.000 985.146
230.260 988.617
230.520 1049.655
230.780 1042.119
231.040 950.008
231.299 971.750
231.559 1047.060
231.819 1045.081
232.079 988.955
232.339 1020.683
232.599 1058.692
232.859 1053.270
233.119 977.558
233.379 945.557
233.638 988.553
233.898 1029.259
234.158 948.961
234.418 896.374
234.678 940.783
234.938 956.331
235.198 881.018
235.458 880.845
235.718 943.668
235.978 982.630
236.237 1000.017
236.497 1026.257
236.757 1088.493
237.017 1110.440
237.277 1070.241
237.537 1015.037
237.797 997.401
238.057 996.905
238.317 956.690
238.576 926.328
238.836 996.106
239.096 1035.308
239.356 995.650
239.616 1049.273
239.876 1177.178
240.136 1238.794
240.396 1206.977
240.656 1140.156
240.915 1187.332
241.175 1241.504
241.435 1188.243
241.695 1123.978
241.955 1113.567
242.215 1136.295
242.475 1138.590
242.735 1088.596
242.995 1035.883
243.254 1008.739
243.514 973.590
243.774 965.437
244.034 1026.709
244.294 1058.692
244.554 1025.527
244.814 1077.645
245.074 1157.616
245.334 1143.011
245.593 1086.688
245.853 1059.505
246.113 1101.889
246.373 1132.126
246.633 1115.073
246.893 1111.874
247.153 1181.670
247.413 1215.749
247.673 1164.252
247.932 1148.180
248.192 1158.676
248.452 1147.310
248.712 1074.226
248.972 982.710
249.232 1040.761
249.492 1081.380
249.752 1027.138
250.012 1132.035
250.271 1276.785
250.531 1343.817
250.791 1328.559
251.051 1303.154
251.311 1361.603
251.571 1410.905
251.831 1300.346
252.091 1221.783
252.351 1247.787
252.610 1305.645
252.870 1259.785
253.130 1220.635
253.390 1287.052
253.650 1308.751
253.911 1237.161
254.172 1223.567
254.433 1250.969
254.694 1262.939
254.955 1202.333
255.216 1109.295
255.477 1148.396
255.738 1190.636
255.999 1123.300
256.261 1048.961
256.522 1034.618
256.783 1022.699
257.044 965.063
257.305 915.708
257.566 913.349
257.827 933.701
258.088 961.763
258.349 1035.679
258.610 1113.877
258.871 1146.927
259.132 1073.689
259.393 1070.875
259.654 1177.057
259.915 1201.807
260.176 1115.124
260.437 1129.438
260.698 1262.605
260.959 1345.197
261.221 1314.927
261.482 1299.226
261.743 1381.378
262.004 1404.383
262.265 1312.813
262.526 1214.239
262.787 1270.947
263.048 1318.794
263.309 1227.209
263.570 1089.763
263.831 1156.742
264.092 1213.431
264.353 1190.260
264.614 1200.799
264.875 1311.049
265.136 1408.723
265.397 1476.537
265.658 1441.061
265.919 1453.581
266.181 1476.955
266.442 1363.325
266.703 1251.692
266.964 1252.483
267.225 1249.128
267.486 1211.483
267.747 1252.692
268.008 1362.326
268.269 1469.099
268.530 1440.440
268.791 1392.920
269.052 1446.253
269.313 1481.726
269.574 1403.338
269.835 1314.089
270.096 1272.694
270.357 1291.580
270.618 1248.178
270.879 1179.486
271.141 1217.933
271.402 1238.806
271.663 1210.246
271.924 1221.540
272.185 1251.116
272.446 1260.831
272.707 1251.971
272.968 1209.536
273.229 1240.812
273.490 1276.799
273.751 1220.782
274.012 1223.333
274.273 1314.452
274.534 1321.996
274.795 1280.108
275.056 1265.930
275.317 1254.607
275.578 1252.994
275.839 1195.949
276.101 1165.901
276.362 1261.420
276.623 1313.079
276.884 1253.877
277.145 1230.958
277.406 1345.749
277.667 1417.252
277.928 1327.750
278.189 1257.817
278.450 1274.309
278.711 1351.369
278.972 1380.283
279.233 1348.051
279.494 1345.243
279.755 1371.147
280.016 1312.761
280.277 1304.372
280.538 1305.837
280.799 1275.727
281.061 1169.328
281.322 1115.354
281.583 1197.949
281.844 1250.254
282.105 1198.556
282.366 1184.569
282.627 1254.721
282.888 1308.871
283.149 1302.159
283.410 1196.016
283.671 1210.441
283.932 1262.291
284.193 1216.281
284.454 1226.268
284.715 1363.966
284.976 1433.946
285.237 1470.923
285.498 1477.468
285.759 1543.724
286.021 1575.263
286.282 1498.369
286.543 1421.616
286.804 1391.002
287.065 1375.528
287.326 1344.765
287.587 1317.570
287.848 1317.372
288.109 1306.457
288.370 1215.395
288.631 1171.045
288.892 1276.406
289.153 1318.335
289.414 1233.261
289.675 1243.184
289.936 1311.818
290.197 1345.306
290.458 1367.648
290.719 1348.273
290.981 1351.609
291.242 1352.370
291.503 1311.557
291.764 1321.884
292.025 1369.922
292.286 1362.385
292.547 1268.846
292.808 1271.875
293.069 1353.043
293.330 1366.923
293.591 1273.657
293.852 1258.817
294.113 1348.688
294.374 1412.699
294.635 1382.421
294.896 1397.140
295.157 1494.571
295.418 1556.998
295.679 1509.280
295.941 1493.130
296.202 1545.692
296.463 1556.393
296.724 1467.949
296.985 1387.930
297.246 1456.194
297.507 1529.313
297.768 1478.857
298.029 1490.683
298.290 1534.507
298.551 1552.900
298.812 1537.575
299.073 1499.248
299.334 1567.346
299.595 1629.584
299.856 1514.963
300.117 1445.481
300.378 1510.568
300.639 1563.795
300.901 1562.448
301.162 1563.526
301.423 1559.030
301.684 1594.532
301.945 1575.173
302.206 1556.812
302.467 1597.591
302.728 1610.939
302.989 1516.712
303.250 1519.911
303.511 1589.250
303.772 1636.301
304.033 1580.492
304.294 1548.823
304.555 1538.580
304.816 1505.763
305.077 1435.943
305.338 1412.121
305.599 1459.439
305.861 1494.611
306.122 1401.494
306.383 1434.518
306.644 1532.111
306.905 1552.987
307.166 1487.431
307.427 1476.588
307.688 1541.455
307.949 1619.892
308.210 1520.612
308.471 1454.186
308.732 1442.615
308.993 1463.613
309.254 1418.608
309.515 1315.029
309.776 1298.590
310.037 1381.435
310.298 1377.134
310.559 1370.116
310.821 1363.239
311.082 1328.502
311.343 1301.334
311.604 1296.734
311.865 1278.990
312.126 1274.671
312.387 1280.350
312.648 1326.312
312.909 1391.129
313.170 1453.372
313.434 1428.041
313.698 1416.850
313.963 1469.086
314.227 1481.890
314.491 1384.121
314.755 1377.349
315.019 1420.432
315.284 1463.512
315.548 1457.019
315.812 1450.237
316.076 1532.596
316.340 1618.524
316.604 1626.592
316.869 1660.944
317.133 1706.150
317.397 1687.354
317.661 1615.985
317.925 1548.327
318.190 1604.809
318.454 1608.861
318.718 1573.053
318.982 1551.101
319.246 1612.717
319.511 1647.616
319.775 1600.514
320.039 1539.980
320.303 1561.873
320.567 1510.191
320.832 1458.079
321.096 1411.394
321.360 1420.706
321.624 1434.873
321.888 1368.752
322.153 1341.057
322.417 1401.360
322.681 1410.089
322.945 1365.102
323.209 1355.255
323.473 1471.692
323.738 1549.841
324.002 1490.845
324.266 1439.132
324.530 1449.418
324.794 1491.986
325.059 1467.981
325.323 1445.974
325.587 1484.679
325.851 1534.953
326.115 1554.225
326.380 1586.067
326.644 1637.906
326.908 1666.600
327.172 1556.578
327.436 1521.268
327.701 1508.527
327.965 1463.641
328.229 1449.896
328.493 1407.006
328.757 1413.257
329.022 1450.505
329.286 1403.609
329.550 1416.711
329.814 1488.524
330.078 1478.193
330.342 1457.717
330.607 1499.953
330.871 1570.759
331.135 1584.276
331.399 1558.935
331.663 1553.877
331.928 1624.674
332.192 1628.613
332.456 1533.406
332.720 1467.197
332.984 1476.129
333.249 1450.345
333.513 1369.702
333.777 1321.628
334.041 1351.837
334.305 1363.902
334.570 1352.108
334.834 1403.455
335.098 1500.371
335.362 1540.999
335.626 1473.340
335.891 1393.251
336.155 1430.302
336.419 1430.208
336.683 1344.256
336.947 1322.872
337.211 1378.344
337.476 1421.672
337.740 1484.283
338.004 1491.749
338.268 1567.928
338.532 1639.390
338.797 1605.994
339.061 1584.024
339.325 1633.766
339.589 1656.793
339.853 1627.532
340.118 1536.554
340.382 1536.575
340.646 1538.594
340.910 1485.897
341.174 1436.055
341.439 1451.211
341.703 1439.937
341.967 1433.090
342.231 1416.955
342.495 1518.247
342.759 1566.108
343.024 1488.396
343.288 1443.968
343.552 1513.681
343.816 1520.393
344.080 1432.531
344.345 1357.382
344.609 1413.231
344.873 1470.364
345.137 1491.352
345.401 1521.624
345.666 1562.609
345.930 1606.734
346.194 1543.716
346.458 1513.409
346.722 1663.101
346.987 1677.792
347.251 1579.623
347.515 1572.739
347.779 1588.995
348.043 1587.964
348.308 1492.360
348.572 1319.469
348.836 1284.290
349.100 1303.824
349.364 1260.784
349.628 1259.601
349.893 1350.844
350.157 1390.085
350.421 1372.896
350.685 1393.563
350.949 1437.513
351.214 1468.462
351.478 1458.695
351.742 1392.070
352.006 1419.585
352.270 1495.385
352.535 1456.183
352.799 1393.550
353.063 1413.202
353.327 1407.710
353.591 1400.358
353.856 1466.434
354.120 1545.508
354.384 1575.295
354.648 1560.222
354.912 1606.292
355.177 1718.788
355.441 1759.854
355.705 1668.204
355.969 1597.838
356.233 1631.900
356.497 1664.674
356.762 1590.875
357.026 1541.360
357.290 1578.130
357.554 1577.469
357.818 1546.521
358.083 1551.429
358.347 1603.906
358.611 1597.525
358.875 1530.714
359.139 1528.901
359.404 1624.230
359.668 1652.128
359.932 1601.597
360.196 1595.493
360.460 1719.387
360.725 1783.708
360.989 1746.313
361.253 1726.631
361.517 1821.377
361.781 1872.120
362.046 1817.863
362.310 1760.318
362.574 1793.486
362.838 1793.081
363.102 1703.389
363.366 1657.553
363.631 1704.286
363.895 1744.161
364.159 1701.178
364.423 1697.478
364.687 1770.064
364.952 1808.361
365.216 1719.372
365.480 1636.667
365.747 1691.247
366.013 1710.825
366.280 1616.115
366.546 1578.262
366.813 1641.836
367.079 1695.265
367.346 1708.265
367.612 1645.549
367.879 1657.689
368.145 1710.541
368.412 1637.249
368.678 1601.099
368.945 1620.805
369.211 1602.224
369.478 1563.641
369.744 1547.914
370.011 1587.471
370.278 1608.456
370.544 1529.439
370.811 1511.564
371.077 1565.973
371.344 1594.666
371.610 1566.930
371.877 1589.621
372.143 1729.882
372.410 1808.427
372.676 1744.543
372.943 1687.943
373.209 1757.484
373.476 1806.025
373.742 1704.421
374.009 1562.387
374.276 1498.780
374.542 1481.744
374.809 1437.421
375.075 1352.667
375.342 1403.627
375.608 1446.014
375.875 1443.257
376.141 1511.499
376.408 1618.740
376.674 1725.979
376.941 1753.503
377.207 1665.596
377.474 1701.975
377.740 1744.209
378.007 1691.442
378.273 1634.959
378.540 1593.761
378.807 1584.562
379.073 1573.505
379.340 1556.303
379.606 1610.529
379.873 1664.753
380.139 1656.691
380.406 1646.770
380.672 1626.705
380.939 1589.639
381.205 1515.286
381.472 1463.789
381.738 1492.148
382.005 1539.220
382.271 1524.005
382.538 1575.789
382.804 1693.572
383.071 1752.925
383.338 1684.848
383.604 1624.770
383.871 1654.977
384.137 1661.040
384.404 1589.101
384.670 1535.162
384.937 1585.792
385.203 1651.851
385.470 1639.908
385.736 1579.963
386.003 1621.447
386.269 1687.786
386.536 1723.696
386.802 1727.604
387.069 1701.083
387.336 1667.846
387.602 1616.608
387.869 1598.369
388.135 1650.415
388.402 1623.460
388.668 1523.789
388.935 1574.974
389.201 1693.730
389.468 1741.627
389.734 1703.095
390.001 1649.419
390.267 1713.885
390.534 1761.920
390.800 1678.670
391.067 1626.418
391.333 1680.593
391.600 1685.625
391.867 1603.227
392.133 1574.113
392.400 1634.999
392.666 1649.883
392.933 1572.338
393.199 1563.364
393.466 1653.102
393.732 1693.268
393.999 1634.433
394.265 1540.169
394.532 1601.474
394.798 1671.636
395.065 1601.226
395.331 1559.957
395.598 1639.830
395.864 1670.845
396.131 1659.859
396.398 1670.586
396.664 1694.884
396.931 1712.323
397.197 1653.904
397.464 1608.199
397.730 1628.635
397.997 1694.928
398.263 1643.648
398.530 1599.224
398.796 1677.657
399.063 1729.231
399.329 1701.233
399.596 1718.520
399.862 1671.805
400.129 1634.804
400.396 1604.374
400.662 1544.514
400.929 1575.795
401.195 1600.362
401.462 1498.070
401.728 1471.064
401.995 1514.484
402.261 1544.761
402.528 1548.180
402.794 1515.312
403.061 1513.015
403.327 1518.574
403.594 1523.561
403.860 1561.975
404.127 1642.959
404.393 1671.229
404.660 1626.354
404.931 1666.622
405.202 1858.174
405.473 1944.154
405.745 1903.991
406.016 1902.397
406.287 1908.803
406.558 1964.208
406.829 1951.755
407.100 1848.587
407.371 1818.846
407.642 1808.819
407.914 1741.219
408.185 1734.904
408.456 1839.017
408.727 1876.986
408.998 1803.383
409.269 1802.636
409.540 1852.031
409.811 1845.425
410.083 1815.962
410.354 1807.782
410.625 1874.031
410.896 1919.993
411.167 1911.812
411.438 1878.343
411.709 1909.017
411.981 1927.976
412.252 1820.791
412.523 1711.176
412.794 1808.704
413.065 1873.087
413.336 1895.042
413.607 1880.709
413.878 1864.948
414.150 1827.328
414.421 1773.279
414.692 1696.372
414.963 1753.321
415.234 1784.270
415.505 1745.217
415.776 1734.307
416.047 1724.538
416.319 1714.055
416.590 1643.856
416.861 1528.086
417.132 1485.171
417.403 1508.113
417.674 1494.340
417.945 1519.851
418.217 1567.933
418.488 1605.872
418.759 1583.238
419.030 1610.318
419.301 1646.826
419.572 1652.333
419.843 1665.696
420.114 1667.487
420.386 1693.705
420.657 1672.352
420.928 1574.283
421.199 1545.499
421.470 1571.572
421.741 1543.358
422.012 1515.287
422.283 1535.785
422.555 1626.712
422.826 1675.352
423.097 1642.420
423.368 1610.773
423.639 1634.697
423.910 1691.905
424.181 1655.399
424.453 1593.035
424.724 1632.955
424.995 1691.161
425.266 1717.937
425.537 1753.998
425.808 1750.344
426.079 1722.547
426.350 1692.320
426.622 1659.521
426.893 1648.293
427.164 1628.064
427.435 1536.834
427.706 1523.603
427.977 1561.658
428.248 1582.140
428.519 1530.764
428.791 1495.531
429.062 1553.297
429.333 1637.062
429.604 1603.683
429.875 1606.876
430.146 1612.353
430.417 1622.544
430.689 1606.162
430.960 1581.637
431.231 1590.969
431.502 1600.443
431.773 1550.487
432.044 1609.245
432.315 1668.716
432.586 1678.759
432.858 1624.086
433.129 1601.270
433.400 1585.596
433.671 1546.206
433.942 1454.102
434.213 1388.569
434.484 1447.035
434.755 1523.786
435.027 1496.965
435.298 1526.143
435.569 1643.606
435.840 1655.640
436.116 1671.388
436.391 1697.992
436.667 1754.881
436.942 1804.055
437.218 1785.086
437.493 1773.973
437.769 1878.573
438.045 1922.888
438.320 1861.773
438.596 1761.514
438.871 1714.541
439.147 1710.281
439.422 1648.021
439.698 1606.760
439.974 1583.927
440.249 1566.664
440.525 1555.687
440.800 1637.566
441.076 1737.873
441.351 1726.465
441.627 1651.914
441.903 1749.933
442.178 1811.952
442.454 1831.685
442.729 1768.131
443.005 1704.719
443.281 1750.307
443.556 1770.180
443.832 1669.909
444.107 1601.209
444.383 1648.937
444.658 1680.093
444.934 1675.963
445.210 1700.689
445.485 1803.986
445.761 1863.996
446.036 1850.578
446.312 1813.302
446.587 1824.596
446.863 1814.319
447.139 1746.469
447.414 1650.190
447.690 1652.054
447.965 1705.488
448.241 1656.065
448.516 1634.783
448.792 1635.359
449.068 1670.791
449.343 1666.222
449.619 1697.510
449.894 1797.940
450.170 1810.370
450.445 1744.799
450.721 1703.798
450.997 1693.083
451.272 1711.939
451.548 1597.651
451.823 1455.934
452.099 1499.646
452.375 1537.070
452.650 1581.780
452.926 1608.204
453.201 1617.484
453.477 1648.764
453.752 1667.043
454.028 1670.322
454.304 1740.457
454.579 1778.448
454.855 1755.011
455.130 1765.573
455.406 1815.849
455.681 1838.409
455.957 1785.827
456.233 1725.958
456.508 1768.803
456.784 1804.933
457.059 1772.920
457.335 1734.620
457.610 1748.748
457.886 1807.590
458.162 1783.861
458.437 1735.702
458.713 1800.256
458.988 1837.953
459.264 1811.507
459.539 1786.060
459.815 1752.041
460.091 1739.593
460.366 1684.716
460.642 1581.981
460.917 1564.675
461.193 1581.939
461.468 1553.917
461.744 1557.180
462.020 1639.585
462.295 1669.419
462.571 1676.252
462.846 1674.125
463.122 1728.248
463.397 1775.689
463.673 1744.175
463.949 1674.577
464.224 1683.458
464.500 1690.187
464.775 1654.699
465.051 1638.116
465.327 1622.014
465.602 1632.974
465.878 1686.553
466.153 1735.328
466.429 1856.539
466.704 1929.065
466.980 1901.055
467.256 1956.055
467.531 2049.398
467.807 2039.208
468.082 1923.519
468.358 1799.971
468.633 1834.982
468.909 1886.345
469.185 1827.756
469.460 1793.759
469.736 1866.184
470.011 1929.685
470.287 1903.731
470.562 1844.077
470.838 1855.745
471.114 1907.751
471.389 1868.587
471.665 1770.631
471.940 1790.582
472.216 1837.483
472.491 1823.849
472.767 1778.143
473.043 1786.641
473.318 1789.670
473.594 1757.284
473.869 1733.669
474.145 1737.305
474.421 1720.005
474.696 1690.797
474.972 1704.297
475.247 1786.683
475.523 1858.556
475.798 1828.443
476.074 1843.808
476.350 1939.251
476.625 1972.834
476.901 1877.271
477.176 1719.779
477.452 1724.404
477.727 1770.419
478.003 1706.434
478.279 1657.686
478.554 1706.688
478.830 1735.275
479.105 1790.891
479.381 1825.437
479.656 1901.011
479.932 1984.144
480.208 1945.337
480.483 1895.988
480.759 1972.279
481.034 2026.431
481.310 1942.525
481.585 1889.424
481.861 1908.777
482.137 1957.083
482.412 1948.374
482.688 1845.530
482.963 1874.307
483.239 1946.084
483.514 1895.648
483.790 1847.073
484.066 1891.815
484.341 1919.586
484.617 1931.078
484.892 1903.812
485.168 1937.965
485.443 1963.553
485.719 1905.962
485.995 1810.980
486.270 1766.000
486.546 1770.686
486.821 1750.087
487.097 1709.302
487.373 1681.056
487.648 1628.448
487.924 1559.948
488.199 1576.882
488.475 1593.661
488.750 1547.650
489.026 1463.331
489.302 1513.632
489.577 1655.236
489.853 1712.157
490.128 1677.042
490.404 1723.092
490.679 1839.338
490.955 1877.185
491.231 1796.876
491.506 1803.515
491.782 1871.517
492.057 1882.557
492.333 1775.552
492.608 1683.953
492.884 1731.318
493.160 1740.543
493.435 1620.345
493.711 1555.009
493.986 1621.767
494.262 1655.516
494.537 1595.550
494.813 1535.704
495.089 1585.946
495.364 1649.179
495.640 1648.653
495.915 1635.508
496.191 1730.123
496.467 1801.395
496.742 1799.726
497.018 1762.165
497.293 1793.421
497.569 1834.710
497.844 1796.266
498.120 1790.927
498.396 1850.036
498.671 1868.046
498.947 1878.633
499.222 1882.800
499.498 1906.395
499.773 1933.417
500.049 1867.832
500.325 1888.512
500.600 1985.046
500.876 2026.005
501.151 1966.628
501.427 1968.571
501.702 1976.274
501.978 2012.146
502.254 1957.945
502.529 1884.202
502.805 1910.356
503.080 1949.904
503.356 1898.213
503.631 1933.768
503.907 1972.048
504.183 1990.967
504.458 1951.790
504.734 1923.265
505.009 1966.116
505.285 1978.602
505.560 1886.259
505.836 1820.298
506.112 1787.848
506.387 1785.930
506.663 1743.273
506.938 1701.733
507.214 1779.012
507.490 1853.650
507.765 1822.786
508.041 1863.381
508.316 1998.438
508.592 2035.629
508.867 1967.290
509.143 1889.280
509.419 1858.241
509.694 1881.213
509.970 1802.850
510.245 1670.551
510.521 1657.726
510.796 1707.565
511.072 1671.295
511.348 1705.579
511.623 1801.667
511.899 1820.620
512.174 1780.024
512.450 1744.590
512.725 1836.708
513.001 1914.807
513.277 1840.315
513.552 1818.798
513.828 1892.075
514.103 1939.953
514.379 1988.045
514.654 1958.959
514.930 1952.942
515.206 1949.229
515.481 1866.838
515.757 1860.966
516.032 1923.860
516.308 1932.751
516.583 1875.882
516.859 1885.778
517.135 1976.101
517.410 1991.342
517.686 1877.020
517.961 1885.919
518.237 1930.792
518.513 1914.436
518.788 1814.846
519.064 1762.636
519.339 1810.012
519.615 1896.132
519.890 1827.016
520.166 1786.641
520.442 1811.600
520.717 1852.452
520.993 1809.782
521.268 1786.892
521.544 1846.822
521.819 1891.531
522.095 1872.120
522.371 1907.965
522.646 2011.489
522.922 2074.544
523.197 2031.556
523.473 1962.456
523.748 1950.314
524.024 1957.329
524.300 1928.921
524.575 1898.872
524.851 1984.203
525.126 2051.753
525.402 2032.269
525.677 2013.292
525.953 2071.235
526.229 2090.385
526.504 2048.031
526.780 2025.275
527.055 2079.853
527.331 2104.019
527.606 2080.513
527.882 2016.144
528.158 2060.739
528.433 2077.570
528.709 2001.307
528.984 1899.059
529.260 1892.127
529.535 1924.424
529.811 1920.958
530.087 1906.066
530.362 1975.579
530.638 1987.759
530.913 2000.801
531.189 2055.419
531.465 2120.432
531.740 2152.150
532.016 2085.478
532.291 2031.095
532.567 2127.997
532.842 2148.264
533.118 2032.288
533.394 1972.253
533.669 2027.131
533.945 2050.494
534.220 2007.386
534.496 1944.986
534.771 2018.294
535.047 2119.961
535.323 2111.381
535.598 2031.485
535.874 2026.295
536.149 2032.190
536.425 1982.409
536.700 1877.076
536.976 1858.667
537.252 1880.451
537.527 1900.905
537.803 1944.286
538.078 2035.461
538.354 2082.680
538.629 2120.300
538.905 2243.701
539.181 2416.175
539.456 2480.308
539.732 2494.369
540.007 2516.618
540.283 2586.867
540.558 2647.837
540.834 2568.012
541.110 2497.480
541.385 2525.592
541.661 2561.455
541.936 2558.245
542.212 2591.740
542.488 2686.257
542.763 2730.936
543.039 2674.255
543.314 2659.848
543.590 2718.320
543.865 2687.432
544.141 2611.099
544.417 2553.050
544.692 2533.196
544.968 2538.926
545.243 2523.537
545.519 2476.200
545.794 2467.457
546.070 2445.526
546.348 2385.285
546.627 2437.638
546.905 2564.847
547.183 2596.235
547.461 2559.174
547.740 2558.706
548.018 2562.772
548.296 2546.745
548.575 2465.140
548.853 2386.879
549.131 2390.368
549.409 2404.915
549.688 2412.612
549.966 2461.180
550.244 2548.991
550.523 2595.370
550.801 2547.414
551.079 2523.837
551.357 2526.533
551.636 2537.177
551.914 2509.485
552.192 2470.706
552.471 2507.575
552.749 2537.112
553.027 2508.028
553.306 2549.707
553.584 2607.263
553.862 2643.620
554.140 2639.715
554.419 2653.108
554.697 2632.617
554.975 2585.436
555.254 2542.159
555.532 2509.586
555.810 2497.454
556.088 2499.985
556.367 2395.769
556.645 2446.743
556.923 2522.093
557.202 2466.395
557.480 2370.031
557.758 2357.769
558.036 2375.550
558.315 2371.092
558.593 2265.654
558.871 2188.738
559.150 2212.935
559.428 2251.251
559.706 2182.272
559.984 2139.186
560.263 2209.661
560.541 2222.139
560.819 2167.862
561.098 2102.023
561.376 2115.067
561.654 2136.616
561.932 2072.693
562.211 1942.498
562.489 1900.095
562.767 1920.721
563.046 1889.397
563.324 1857.949
563.602 1897.357
563.880 1886.380
564.159 1830.879
564.437 1865.418
564.715 1880.672
564.994 1858.863
565.272 1766.661
565.550 1684.966
565.828 1685.504
566.107 1695.151
566.385 1610.751
566.663 1637.068
566.942 1704.620
567.220 1726.360
567.498 1700.773
567.776 1736.148
568.055 1819.582
568.333 1844.714
568.611 1765.387
568.890 1745.709
569.168 1740.591
569.446 1709.740
569.725 1648.538
570.003 1630.425
570.281 1717.562
570.559 1757.630
570.838 1727.973
571.116 1790.626
571.394 1888.208
571.673 1910.683
571.951 1854.038
572.229 1805.514
572.507 1860.303
572.786 1867.446
573.064 1789.384
573.342 1814.983
573.621 1906.370
573.899 1961.988
574.177 1918.999
574.455 1864.146
574.734 1965.956
575.012 2061.656
575.290 1976.457
575.569 1867.680
575.847 1898.207
576.125 1945.803
576.403 1965.327
576.682 1909.097
576.960 1850.459
577.243 1842.468
577.527 1858.938
577.810 1832.877
578.093 1837.493
578.377 1799.369
578.660 1766.017
578.944 1788.534
579.227 1825.769
579.510 1819.938
579.794 1782.977
580.077 1768.454
580.360 1822.489
580.644 1815.991
580.927 1785.354
581.210 1779.134
581.494 1805.539
581.777 1813.586
582.061 1783.743
582.344 1737.980
582.627 1787.473
582.911 1785.593
583.194 1755.585
583.477 1782.219
583.761 1830.495
584.044 1866.340
584.327 1859.426
584.611 1836.139
584.894 1918.125
585.178 1957.710
585.461 1884.982
585.744 1859.679
586.028 1874.499
586.311 1878.284
586.594 1843.092
586.878 1797.240
587.161 1846.071
587.444 1870.901
587.728 1818.658
588.011 1838.893
588.295 1895.723
588.578 1914.942
588.861 1857.629
589.145 1795.484
589.428 1897.248
589.711 1965.293
589.995 1880.921
590.278 1894.123
590.562 1970.632
590.845 2016.058
591.128 1999.374
591.412 1933.553
591.695 1909.742
591.978 1961.955
592.262 1889.116
592.545 1830.796
592.828 1826.433
593.112 1834.598
593.395 1796.900
593.679 1799.194
593.962 1760.146
594.245 1727.227
594.529 1705.293
594.812 1751.332
595.095 1787.153
595.379 1766.401
595.662 1706.935
595.945 1728.282
596.229 1842.074
596.512 1892.525
596.796 1849.177
597.079 1833.030
597.362 1926.257
597.646 1988.640
597.929 1976.582
598.212 1993.507
598.496 1997.261
598.779 1956.594
599.062 1905.669
599.346 1865.140
599.629 1915.522
599.913 1923.304
600.196 1785.122
600.479 1765.371
600.763 1868.362
601.046 1915.093
601.329 1871.433
601.613 1813.662
601.896 1879.813
602.179 1971.919
602.463 1953.966
602.746 1873.532
603.030 1891.479
603.313 1937.479
603.596 1917.235
603.880 1826.987
604.163 1815.603
604.446 1837.027
604.730 1861.706
605.013 1883.917
605.296 1874.929
605.580 1865.658
605.863 1892.512
606.147 1889.672
606.430 1965.961
606.713 1989.008
606.997 1913.241
607.280 1942.586
607.563 2044.924
607.847 2052.154
608.130 2032.527
608.414 2010.359
608.697 2017.178
608.980 2045.576
609.264 1993.347
609.547 1937.525
609.830 1995.355
610.114 2006.914
610.397 1914.577
610.680 1885.955
610.964 1853.479
611.247 1818.741
611.531 1810.147
611.814 1827.881
612.097 1846.471
612.381 1850.173
612.664 1808.293
612.947 1861.240
613.231 1963.992
613.514 1968.685
613.797 1871.869
614.081 1825.100
614.364 1826.983
614.648 1833.061
614.931 1767.344
615.214 1693.125
615.498 1723.004
615.781 1770.691
616.064 1792.356
616.348 1816.268
616.631 1863.828
616.914 1898.442
617.198 1894.467
617.481 1852.304
617.765 1826.868
618.048 1828.430
618.331 1804.346
618.615 1800.454
618.898 1818.105
619.181 1797.839
619.465 1751.816
619.748 1754.670
620.031 1815.382
620.315 1854.017
620.598 1826.505
620.882 1865.861
621.165 1929.879
621.448 1950.051
621.732 1916.544
622.015 1863.790
622.298 1855.896
622.582 1898.329
622.865 1851.499
623.148 1891.412
623.432 1988.100
623.715 2060.946
623.999 2043.993
624.282 2020.402
624.565 2106.060
624.849 2171.819
625.132 2111.167
625.415 2071.853
625.699 2062.084
625.982 2099.144
626.265 2104.083
626.549 1975.208
626.832 1982.463
627.116 2017.994
627.399 1960.287
627.682 1915.808
627.966 1962.991
628.249 1980.472
628.532 1981.643
628.816 1917.382
629.099 1896.277
629.383 1910.487
629.666 1933.669
629.949 1928.624
630.233 1963.652
630.516 1970.725
630.799 1920.867
631.083 1871.705
631.366 1940.939
631.649 1961.761
631.933 1900.464
632.216 1874.762
632.500 1936.309
632.783 2022.246
633.066 2088.495
633.350 2069.834
633.633 2069.032
633.916 2079.953
634.200 2039.484
634.483 1957.703
634.766 1923.170
635.050 1895.914
635.333 1881.647
635.617 1879.821
635.900 1907.005
636.183 1935.229
636.467 1935.231
636.750 1936.423
637.033 1953.046
637.317 1928.623
637.600 1872.701
637.883 1817.878
638.167 1840.520
638.450 1870.543
638.734 1833.679
639.017 1871.186
639.300 1915.844
639.584 1913.965
639.867 1898.612
640.150 1885.589
640.434 1934.711
640.717 1961.788
641.000 1878.703
641.284 1897.226
641.567 1991.210
641.851 2036.286
642.134 2019.678
642.417 2018.471
642.701 2053.708
642.984 2062.983
643.267 1986.051
643.551 1910.079
643.834 1937.877
644.117 1995.951
644.401 1958.422
644.684 1923.947
644.968 1967.545
645.251 2023.715
645.534 2068.943
645.818 2097.783
646.101 2112.350
646.384 2174.706
646.668 2236.233
646.951 2355.415
647.235 2525.044
647.518 2653.092
647.801 2718.343
648.085 2855.110
648.368 3059.077
648.651 3250.052
648.935 3354.751
649.218 3486.432
649.501 3713.412
649.785 3922.128
650.068 4052.992
650.352 4232.014
650.635 4521.306
650.918 4773.699
651.202 4906.887
651.485 5037.286
651.768 5243.575
652.052 5463.666
652.335 5636.200
652.618 5761.156
652.902 5953.610
653.185 6188.904
653.469 6403.491
653.752 6630.534
654.035 6886.532
654.319 7071.191
654.602 7192.189
654.885 7327.093
655.169 7482.177
655.452 7568.138
655.735 7589.367
656.019 7687.568
656.302 7804.266
656.586 7892.107
656.869 7949.810
657.152 8018.499
657.436 8149.191
657.719 8200.955
658.002 8131.782
658.286 8093.946
658.569 8113.984
658.852 8047.582
659.136 7944.428
659.419 7886.329
659.703 7880.835
659.986 7853.674
660.269 7798.743
660.553 7807.596
660.836 7888.653
661.119 7919.294
661.403 7859.542
661.686 7869.349
661.969 7973.283
662.253 7998.369
662.536 7969.667
662.820 7953.155
663.103 7904.031
663.386 7869.068
663.670 7793.783
663.953 7682.076
664.236 7644.885
664.520 7555.665
664.803 7436.471
665.086 7438.581
665.370 7427.279
665.653 7366.124
665.937 7242.983
666.220 7112.031
666.503 7027.035
666.787 6869.799
667.070 6647.622
667.353 6383.948
667.637 6176.472
667.920 5996.847
668.204 5736.726
668.487 5451.413
668.770 5237.073
669.054 4989.535
669.337 4771.476
669.620 4633.137
669.904 4469.051
670.187 4273.031
670.470 4060.280
670.754 3937.636
671.037 3869.604
671.321 3733.112
671.604 3502.549
671.887 3351.586
672.171 3281.996
672.454 3184.577
672.737 3015.108
673.021 2890.819
673.304 2877.716
673.587 2864.070
673.871 2774.240
674.154 2725.530
674.438 2751.347
674.721 2741.966
675.004 2616.677
675.288 2505.092
675.571 2435.323
675.854 2356.288
676.138 2247.272
676.421 2212.374
676.704 2238.159
676.988 2264.246
677.271 2243.416
677.555 2228.994
677.838 2295.628
678.121 2291.788
678.405 2220.144
678.688 2196.221
678.971 2268.406
679.255 2281.557
679.538 2204.591
679.821 2119.724
680.105 2161.346
680.388 2145.815
680.672 2007.791
680.955 1898.753
681.238 1927.006
681.522 1980.668
681.805 1935.951
682.088 1934.791
682.372 2010.424
682.655 2096.746
682.938 2094.414
683.222 2061.491
683.505 2104.371
683.789 2196.600
684.072 2148.061
684.355 2085.354
684.639 2132.824
684.922 2179.620
685.205 2162.223
685.489 2177.795
685.772 2176.525
686.056 2164.072
686.339 2140.136
686.622 2152.585
686.906 2175.075
687.189 2171.579
687.472 2042.969
687.756 2025.743
688.039 2105.446
688.322 2125.499
688.606 2019.994
688.889 1981.952
689.173 2056.515
689.456 2112.661
689.739 2065.526
690.023 2050.745
690.306 2114.308
690.589 2140.465
690.873 2081.455
691.156 2040.385
691.439 2068.836
691.723 2101.343
692.006 2090.932
692.290 2077.141
692.573 2104.700
692.856 2122.841
693.140 2054.180
693.423 2001.126
693.706 2044.236
693.990 2063.030
694.273 2002.306
694.556 2003.163
694.840 2028.662
695.123 2016.199
695.407 1984.876
695.690 1961.145
695.973 1940.430
696.257 1944.399
696.540 1911.303
696.830 1913.840
697.120 2069.403
697.410 2142.104
697.699 2068.901
697.989 2074.774
698.279 2152.175
698.569 2143.493
698.859 2077.631
699.149 1952.655
699.439 1996.922
699.729 2038.905
700.018 1937.746
700.308 1891.518
700.598 1915.272
700.888 1917.775
701.178 1908.428
701.468 1823.688
701.758 1864.511
702.048 1943.699
702.337 1863.047
702.627 1828.652
702.917 1848.833
703.207 1826.042
703.497 1815.697
703.787 1748.378
704.077 1721.155
704.366 1723.852
704.656 1698.561
704.946 1784.556
705.236 1814.618
705.526 1811.012
705.816 1809.174
706.106 1779.775
706.396 1781.863
706.685 1779.033
706.975 1675.388
707.265 1655.226
707.555 1644.618
707.845 1624.204
708.135 1668.588
708.425 1744.623
708.715 1829.975
709.004 1892.851
709.294 1903.995
709.584 1940.476
709.874 1998.757
710.164 1972.778
710.454 1919.333
710.744 1865.610
711.034 1894.438
711.323 1935.904
711.613 1903.039
711.903 1905.492
712.193 1940.787
712.483 1934.859
712.773 1896.914
713.063 1874.929
713.352 1913.192
713.642 1945.472
713.932 1883.219
714.222 1892.449
714.512 1920.922
714.802 1920.570
715.092 1853.256
715.382 1755.966
715.671 1765.288
715.961 1807.297
716.251 1716.889
716.541 1731.151
716.831 1837.087
717.121 1875.897
717.411 1860.181
717.701 1819.507
717.990 1818.754
718.280 1855.835
718.570 1800.405
718.860 1728.187
719.150 1804.068
719.440 1877.396
719.730 1877.180
720.019 1864.056
720.309 1915.835
720.599 1954.140
720.889 1923.158
721.179 1849.834
721.469 1818.813
721.759 1816.801
722.049 1798.255
722.338 1801.494
722.628 1786.659
722.918 1830.098
723.208 1849.643
723.498 1890.732
723.788 1954.361
724.078 1991.227
724.368 1936.571
724.657 1982.294
724.947 2005.751
725.237 1979.607
725.527 1914.215
725.817 1843.995
726.107 1850.917
726.397 1871.469
726.686 1801.647
726.976 1825.268
727.266 1884.870
727.556 1905.175
727.846 1893.490
728.136 1897.684
728.426 1917.207
728.716 1910.258
729.005 1796.840
729.295 1725.525
729.585 1779.034
729.875 1824.446
730.165 1770.958
730.455 1809.899
730.745 1894.420
731.035 1935.626
731.324 1927.159
731.614 1892.815
731.904 1926.174
732.194 1962.250
732.484 1860.025
732.774 1807.375
733.064 1842.695
733.354 1841.113
733.643 1790.043
733.933 1784.689
734.223 1815.623
734.513 1844.563
734.803 1812.502
735.093 1831.011
735.383 1846.316
735.672 1832.349
735.962 1754.063
736.252 1681.618
736.542 1714.005
736.832 1759.044
737.122 1673.357
737.412 1664.289
737.702 1739.895
737.991 1779.514
738.281 1792.540
738.571 1821.646
738.861 1828.131
739.151 1872.680
739.441 1869.401
739.731 1889.895
740.021 1890.900
740.310 1880.513
740.600 1811.264
740.890 1845.973
741.180 1923.124
741.470 1939.183
741.760 1869.046
742.050 1950.780
742.339 1978.583
742.629 1953.954
742.919 1871.763
743.209 1805.927
743.499 1845.403
743.789 1864.468
744.079 1713.508
744.369 1722.811
744.658 1809.792
744.948 1838.360
745.238 1772.066
745.528 1749.929
745.818 1804.677
746.108 1908.267
746.398 1881.179
746.688 1872.184
746.977 1946.591
747.267 2002.420
747.557 1927.133
747.847 1836.900
748.137 1758.772
748.427 1786.565
748.717 1739.997
749.006 1716.522
749.296 1747.572
749.586 1776.954
749.876 1807.809
750.166 1843.557
750.456 1896.317
750.746 1929.740
751.036 1844.802
751.325 1839.752
751.615 1908.662
751.905 1902.740
752.195 1873.780
752.485 1863.199
752.775 1911.282
753.065 1954.195
753.355 1922.738
753.644 1937.794
753.934 1936.040
754.224 1925.489
754.514 1837.173
754.804 1786.867
755.094 1860.444
755.384 1891.736
755.674 1812.513
755.963 1872.345
756.253 1989.927
756.543 2023.151
756.833 1963.741
757.123 1868.423
757.413 1883.104
757.703 1921.835
757.992 1854.692
758.282 1815.296
758.572 1842.059
758.862 1912.030
759.152 1937.206
759.442 1906.396
759.732 1874.537
760.022 1870.942
760.311 1818.300
760.601 1823.940
760.891 1803.993
761.181 1768.476
761.471 1741.076
761.761 1806.116
762.051 1876.604
762.341 1873.316
762.630 1838.405
762.920 1840.468
763.210 1912.306
763.500 1948.285
763.793 1884.494
764.086 1840.837
764.379 1932.986
764.671 1969.576
764.964 1917.332
765.257 1891.048
765.550 1894.404
765.843 1884.492
766.136 1853.067
766.429 1744.819
766.722 1702.428
767.014 1721.918
767.307 1650.539
767.600 1635.466
767.893 1714.243
768.186 1759.534
768.479 1787.060
768.772 1821.052
769.064 1916.101
769.357 1954.495
769.650 1898.092
769.943 1861.706
770.236 1919.358
770.529 1964.862
770.822 1912.861
771.115 1882.741
771.407 1964.735
771.700 2036.787
771.993 1998.529
772.286 1932.476
772.579 1958.448
772.872 2008.085
773.165 1917.156
773.457 1858.518
773.750 1885.639
774.043 1914.044
774.336 1886.102
774.629 1846.707
774.922 1854.693
775.215 1906.829
775.508 1857.930
775.800 1782.564
776.093 1813.421
776.386 1879.604
776.679 1887.715
776.972 1904.276
777.265 1968.263
777.558 2021.198
777.850 2017.032
778.143 2003.257
778.436 1988.915
778.729 1935.129
779.022 1848.599
779.315 1791.503
779.608 1807.349
779.900 1809.790
780.193 1727.941
780.486 1746.756
780.779 1834.213
781.072 1864.167
781.365 1838.929
781.658 1847.294
781.951 1921.157
782.243 1955.903
782.536 1907.088
782.829 1931.609
783.122 2029.563
783.415 2083.298
783.708 2056.550
784.001 2052.680
784.293 2114.197
784.586 2120.427
784.879 2016.785
785.172 1950.643
785.465 1997.370
785.758 2060.063
786.051 1989.873
786.344 1950.124
786.636 1965.493
786.929 1965.268
787.222 1924.388
787.515 1916.098
787.808 1966.137
788.101 2019.374
788.394 1989.384
788.686 1998.861
788.979 2051.710
789.272 2063.885
789.565 1945.476
789.858 1818.476
790.151 1801.831
790.444 1835.001
790.737 1788.468
791.029 1803.782
791.322 1865.742
791.615 1897.543
791.908 1877.778
792.201 1920.421
792.494 1974.851
792.787 1999.108
793.079 1924.916
793.372 1914.682
793.665 2027.455
793.958 2088.695
794.251 2000.717
794.544 1954.365
794.837 1991.867
795.130 2030.774
795.422 1974.032
795.715 1887.137
796.008 1915.766
796.301 1980.188
796.594 1929.383
796.887 1839.268
797.180 1849.453
797.472 1869.676
797.765 1816.723
798.058 1713.973
798.351 1706.325
798.644 1791.541
798.937 1860.377
799.230 1838.902
799.523 1826.838
799.815 1866.878
800.108 1880.167
800.401 1901.471
800.694 1936.387
800.987 1957.400
801.280 1960.832
801.573 1981.937
801.865 2004.363
802.158 2018.187
802.451 1960.001
802.744 1939.737
803.037 1964.855
803.330 1952.595
803.623 1906.400
803.915 1908.295
804.208 1965.412
804.501 1988.783
804.794 1891.291
805.087 1847.594
805.380 1884.345
805.673 1918.362
805.966 1879.239
806.258 1881.550
806.551 1908.308
806.844 1891.839
807.137 1828.660
807.430 1866.542
807.723 1911.620
808.016 1922.212
808.308 1846.631
808.601 1893.761
808.894 1986.912
809.187 2007.543
809.480 1955.698
809.773 1956.445
810.066 1932.950
810.359 1894.832
810.651 1806.716
810.944 1739.346
811.237 1739.579
811.530 1668.400
811.825 1596.462
812.119 1644.720
812.414 1728.071
812.709 1788.488
813.003 1789.598
813.298 1928.713
813.593 2087.546
813.887 2139.278
814.182 2113.709
814.476 2087.011
814.771 2064.820
815.066 2058.688
815.360 1907.334
815.655 1846.556
815.950 1874.873
816.244 1888.227
816.539 1919.479
816.834 2023.933
817.128 2105.336
817.423 2080.326
817.718 1992.665
818.012 1961.274
818.307 1987.462
818.602 1960.869
818.896 1863.622
819.191 1890.404
819.486 2039.753
819.780 2094.587
820.075 2066.704
820.369 2099.377
820.664 2163.646
820.959 2178.643
821.253 2099.969
821.548 2035.270
821.843 2066.972
822.137 2051.299
822.432 1970.769
822.727 1949.659
823.021 1977.219
823.316 1963.038
823.611 1909.783
823.905 1895.015
824.200 1970.844
824.495 1994.012
824.789 1936.563
825.084 1959.764
825.379 2044.492
825.673 2105.740
825.968 2106.739
826.262 2105.375
826.557 2170.922
826.852 2238.531
827.146 2172.723
827.441 2048.972
827.736 2050.958
828.030 2074.083
828.325 2008.675
828.620 2039.922
828.914 2098.835
829.209 2118.314
829.504 2143.122
829.798 2073.783
830.093 2059.535
830.388 2086.547
830.682 1960.575
830.977 1872.072
831.271 1892.777
831.566 1940.965
831.861 1968.395
832.155 1942.176
832.450 1935.021
832.745 1974.553
833.039 1921.881
833.334 1866.005
833.629 1854.851
833.923 1833.195
834.218 1776.763
834.513 1760.127
834.807 1738.604
835.102 1746.212
835.397 1714.160
835.691 1680.036
835.986 1708.327
836.281 1726.568
836.575 1687.841
836.870 1695.742
837.164 1726.998
837.459 1742.145
837.754 1737.003
838.048 1743.852
838.343 1791.374
838.638 1829.637
838.932 1814.968
839.227 1816.343
839.522 1860.072
839.816 1880.338
840.111 1845.817
840.406 1910.377
840.700 2002.397
840.995 2050.932
841.290 2047.549
841.584 2064.202
841.879 2075.522
842.174 2127.166
842.468 2072.606
842.763 2028.659
843.057 2037.564
843.352 2055.969
843.647 2024.449
843.941 2053.103
844.236 2097.752
844.531 2131.426
844.825 2120.309
845.120 2149.411
845.415 2152.778
845.709 2193.343
846.004 2202.379
846.299 2168.912
846.593 2140.659
846.888 2112.544
847.183 2039.511
847.477 2050.833
847.772 2077.387
848.066 2046.726
848.361 2002.036
848.656 1979.088
848.950 2082.695
849.245 2178.378
849.540 2159.504
849.834 2130.328
850.129 2208.303
850.424 2237.144
850.718 2222.399
851.013 2180.905
851.308 2213.669
851.602 2247.593
851.897 2213.222
852.192 2232.503
852.486 2318.974
852.781 2399.506
853.076 2382.734
853.370 2281.861
853.665 2325.502
853.959 2363.898
854.254 2224.893
854.549 2164.088
854.843 2200.466
855.138 2198.305
855.433 2215.049
855.727 2188.528
856.022 2194.727
856.317 2261.817
856.611 2223.065
856.906 2198.148
857.201 2257.023
857.495 2232.261
857.790 2141.890
858.085 2095.394
858.379 2095.537
858.674 2076.427
858.969 1950.342
859.263 1881.600
859.558 1972.687
859.852 1991.281
860.147 1966.509
860.442 1991.684
860.736 2049.965
861.031 2132.640
861.326 2111.688
861.620 2014.771
861.915 2090.130
862.210 2145.539
862.504 2064.350
862.799 2036.202
863.094 2024.845
863.388 2001.106
863.683 1946.729
863.978 1869.437
864.272 1845.188
864.567 1821.955
864.861 1758.597
865.156 1770.232
865.451 1854.207
865.745 1988.904
866.040 2035.509
866.335 2045.500
866.629 2140.108
866.924 2193.184
867.219 2140.468
867.513 2100.548
867.808 2071.410
868.103 2044.609
868.397 1998.818
868.692 1965.068
868.987 2000.745
869.281 1984.233
869.576 1889.292
869.871 1819.618
870.165 1795.119
870.460 1800.739
870.754 1758.376
871.049 1703.836
871.344 1764.021
871.638 1815.136
871.933 1815.996
872.228 1896.144
872.522 1956.511
872.817 1994.293
873.112 1971.064
873.406 1921.827
873.701 1939.691
873.996 1962.112
874.290 1885.184
874.585 1850.163
874.880 1853.866
875.174 1857.493
875.469 1823.939
875.764 1789.935
876.058 1789.995
876.353 1797.985
876.647 1788.331
876.942 1791.004
877.237 1842.539
877.531 1879.059
877.826 1864.738
878.121 1870.481
878.415 1880.521
878.710 1870.507
879.005 1774.966
879.299 1689.355
879.594 1699.291
879.889 1720.852
880.183 1662.525
880.478 1651.135
880.773 1660.776
881.067 1695.052
881.362 1681.350
881.656 1675.852
881.951 1702.760
882.246 1708.587
882.540 1652.709
882.835 1614.125
883.130 1663.314
883.424 1716.595
883.719 1680.634
884.014 1659.754
884.308 1714.014
884.603 1766.204
884.898 1756.174
885.192 1748.424
885.487 1774.093
885.782 1748.602
886.076 1700.476
886.371 1616.563
886.666 1585.208
886.960 1639.498
887.255 1627.877
887.549 1631.421
887.844 1692.669
888.139 1717.020
888.433 1742.008
888.728 1726.853
889.023 1716.638
889.317 1721.072
889.612 1684.380
889.907 1684.784
890.201 1727.657
890.496 1737.379
890.791 1741.131
891.085 1747.152
891.380 1718.986
891.675 1683.726
891.969 1640.272
892.264 1598.437
892.559 1622.330
892.853 1659.263
893.148 1613.427
893.442 1604.265
893.737 1647.657
894.032 1629.475
894.326 1603.421
894.621 1599.353
894.916 1600.432
895.210 1593.137
895.505 1581.824
895.800 1569.642
896.094 1622.424
896.389 1628.221
896.684 1583.068
896.978 1566.168
897.273 1615.813
897.568 1664.558
897.862 1652.491
898.157 1678.848
898.451 1771.361
898.746 1806.980
899.041 1791.737
899.335 1805.495
899.630 1849.683
899.925 1857.274
900.219 1772.280
900.514 1770.318
900.809 1790.672
901.103 1791.451
901.398 1785.392
901.693 1718.850
901.987 1705.797
902.282 1724.915
902.577 1640.194
902.871 1619.488
903.166 1667.311
903.461 1627.759
903.755 1597.272
904.050 1604.145
904.344 1638.662
904.639 1644.297
904.934 1618.431
905.228 1622.497
905.523 1667.295
905.818 1687.969
906.112 1705.569
906.407 1724.053
906.702 1754.322
906.996 1791.871
907.291 1746.089
907.586 1746.484
907.880 1826.809
908.175 1850.968
908.470 1815.567
908.764 1810.740
909.059 1823.556
909.354 1858.773
909.648 1859.156
909.943 1872.323
910.237 1903.163
910.532 1945.858
910.827 1928.690
911.121 1909.689
911.416 1934.582
911.711 1946.582
912.005 1896.427
912.300 1871.044
912.599 1885.408
912.898 1911.618
913.196 1866.434
913.495 1842.840
913.794 1889.308
914.093 1901.442
914.391 1889.682
914.690 1862.093
914.989 1864.965
915.288 1868.647
915.586 1803.378
915.885 1760.058
916.184 1784.216
916.483 1791.163
916.782 1773.341
917.080 1815.907
917.379 1927.644
917.678 1990.543
917.977 1963.658
918.275 1949.236
918.574 1941.920
918.873 1944.456
919.172 1895.108
919.471 1819.325
919.769 1808.922
920.068 1816.796
920.367 1748.199
920.666 1714.370
920.964 1772.137
921.263 1773.290
921.562 1745.687
921.861 1758.090
922.159 1786.206
922.458 1827.697
922.757 1862.995
923.056 1835.208
923.355 1826.304
923.653 1854.766
923.952 1843.326
924.251 1814.960
924.550 1821.920
924.848 1801.895
925.147 1756.829
925.446 1783.622
925.745 1799.999
926.043 1803.710
926.342 1798.345
926.641 1831.706
926.940 1879.857
927.239 1927.561
927.537 1940.240
927.836 1980.146
928.135 2068.217
928.434 2122.618
928.732 2074.206
929.031 2056.409
929.330 2070.333
929.629 2058.118
929.927 2012.460
930.226 1955.835
930.525 1991.306
930.824 2040.267
931.123 2044.068
931.421 2062.694
931.720 2100.355
932.019 2114.850
932.318 2080.932
932.616 2018.442
932.915 2024.987
933.214 2039.574
933.513 2036.006
933.812 2042.515
934.110 2170.076
934.409 2292.292
934.708 2314.764
935.007 2351.614
935.305 2414.566
935.604 2432.506
935.903 2430.844
936.202 2401.447
936.500 2425.031
936.799 2449.336
937.098 2406.722
937.397 2424.500
937.696 2443.604
937.994 2450.129
938.293 2417.748
938.592 2416.005
938.891 2533.597
939.189 2589.636
939.488 2586.026
939.787 2604.584
940.086 2643.555
940.384 2658.871
940.683 2689.096
940.982 2715.497
941.281 2768.510
941.580 2796.705
941.878 2805.347
942.177 2781.420
942.476 2777.194
942.775 2743.959
943.073 2671.321
943.372 2677.248
943.671 2672.767
943.970 2661.191
944.268 2680.127
944.567 2694.463
944.866 2639.048
945.165 2598.348
945.464 2559.691
945.762 2606.054
946.061 2697.419
946.360 2714.086
946.659 2677.403
946.957 2737.892
947.256 2775.933
947.555 2731.675
947.854 2625.122
948.153 2554.974
948.451 2625.379
948.750 2660.314
949.049 2596.519
949.348 2617.748
949.646 2695.013
949.945 2729.746
950.244 2672.549
950.543 2544.433
950.841 2535.027
951.140 2539.336
951.439 2467.647
951.738 2455.428
952.037 2470.691
952.335 2487.841
952.634 2420.027
952.933 2416.473
953.232 2480.534
953.530 2485.842
953.829 2409.060
954.128 2383.721
954.427 2465.467
954.725 2566.648
955.024 2494.261
955.323 2427.026
955.622 2406.005
955.921 2366.125
956.219 2295.428
956.518 2196.410
956.817 2146.167
957.116 2113.087
957.414 2010.968
957.713 1997.230
958.012 2058.242
958.311 2094.894
958.610 2064.997
958.908 2095.386
959.207 2205.652
959.506 2275.763
959.805 2217.895
960.103 2161.632
960.402 2141.384
960.701 2131.174
961.000 2068.934
961.298 2017.086
961.597 2067.026
961.896 2118.924
962.195 2077.446
962.494 2050.120
962.792 2067.365
963.091 2088.610
963.390 2074.541
963.689 2059.412
963.987 2075.316
964.286 2097.877
964.585 2131.727
964.884 2233.989
965.182 2344.773
965.481 2393.207
965.780 2343.072
966.080 2329.930
966.380 2400.034
966.680 2385.222
966.981 2268.317
967.281 2186.834
967.581 2175.447
967.881 2178.763
968.181 2103.459
968.481 2058.910
968.781 2102.354
969.082 2120.394
969.382 2111.375
969.682 2065.910
969.982 2062.067
970.282 2127.281
970.582 2098.475
970.882 2036.966
971.183 2061.516
971.483 2057.375
971.783 2038.863
972.083 2060.710
972.383 2057.136
972.683 2059.831
972.983 2051.995
973.284 2019.862
973.584 2054.529
973.884 2049.203
974.184 1964.695
974.484 1913.852
974.784 1952.744
975.084 1958.173
975.385 1924.477
975.685 1883.424
975.985 1893.475
976.285 1914.411
976.585 1910.009
976.885 1877.183
977.185 1928.635
977.486 1960.455
977.786 1900.826
978.086 1872.080
978.386 1895.502
978.686 1919.738
978.986 1876.758
979.286 1804.121
979.587 1763.917
979.887 1784.158
980.187 1786.751
980.487 1853.345
980.787 1886.224
981.087 1881.817
981.387 1850.553
981.688 1867.004
981.988 1910.740
982.288 1933.476
982.588 1840.355
982.888 1831.805
983.188 1931.970
983.488 1991.420
983.789 1985.442
984.089 1938.178
984.389 1950.200
984.689 1970.650
984.989 1916.815
985.289 1819.979
985.589 1801.429
985.890 1803.451
986.190 1802.044
986.490 1817.637
986.790 1870.944
987.090 1867.537
987.390 1884.559
987.690 1899.723
987.991 1883.459
988.291 1863.909
988.591 1841.645
988.891 1816.095
989.191 1882.259
989.491 1948.280
989.791 1941.302
990.092 1980.037
990.392 2015.059
990.692 2002.080
990.992 1945.673
991.292 1921.122
991.592 1908.286
991.892 1882.022
992.193 1839.329
992.493 1852.636
992.793 1890.085
993.093 1925.678
993.393 1900.842
993.693 1877.435
993.993 1939.313
994.294 1976.477
994.594 1938.926
994.894 1898.233
995.194 1889.968
995.494 1887.418
995.794 1865.582
996.094 1779.317
996.395 1729.338
996.695 1724.073
996.995 1685.094
997.295 1643.972
997.595 1649.136
997.895 1642.728
998.195 1673.891
998.496 1684.198
998.796 1742.362
999.096 1797.668
999.396 1850.974
999.696 1897.424
999.996 1930.444
1000.296 1929.608
1000.597 1993.200
1000.897 1958.506
1001.197 1931.956
1001.497 1925.690
1001.797 1870.568
1002.097 1898.874
1002.397 1954.609
1002.698 1887.915
1002.998 1861.364
1003.298 1919.242
1003.598 1966.548
1003.898 1984.997
1004.198 1943.303
1004.498 1938.467
1004.799 2014.201
1005.099 2050.222
1005.399 1982.099
1005.699 1965.691
1005.999 2033.854
1006.299 2030.017
1006.599 1977.037
1006.900 1945.058
1007.200 1942.792
1007.500 1946.670
1007.800 1885.118
1008.100 1807.138
1008.400 1818.730
1008.700 1874.893
1009.001 1893.485
1009.301 1940.362
1009.601 2022.525
1009.901 2085.688
1010.201 2074.565
1010.501 2070.299
1010.801 2013.319
1011.102 1948.053
1011.402 1900.359
1011.702 1857.093
1012.002 1858.828
1012.302 1895.276
1012.602 1890.724
1012.902 1956.173
1013.203 1992.336
1013.503 1987.641
1013.803 1950.804
1014.103 1906.967
1014.403 1944.843
1014.703 1994.720
1015.003 1917.740
1015.304 1888.903
1015.604 1905.637
1015.904 1937.656
1016.204 1925.105
1016.504 1869.410
1016.804 1816.715
1017.104 1831.164
1017.405 1836.040
1017.705 1831.488
1018.005 1793.079
1018.305 1774.956
1018.605 1807.833
1018.905 1869.709
1019.205 1939.015
1019.506 1983.606
1019.806 1962.196
1020.106 2007.787
1020.406 2107.092
1020.706 2105.255
1021.006 2049.560
1021.306 2017.579
1021.607 2002.456
1021.907 2004.618
1022.207 1958.780
1022.507 1884.228
1022.807 1883.247
1023.107 1875.266
1023.407 1830.429
1023.708 1815.591
1024.008 1808.610
1024.308 1831.200
1024.608 1887.363
1024.908 1911.667
1025.208 1920.258
1025.508 1939.277
1025.809 1930.725
1026.109 1960.887
1026.409 2017.763
1026.709 1965.353
1027.009 1894.944
1027.309 1929.963
1027.609 2001.125
1027.910 2094.001
1028.210 2136.734
1028.510 2139.610
1028.810 2260.058
1029.110 2321.077
1029.410 2277.953
1029.710 2204.829
1030.011 2161.133
1030.311 2133.724
1030.611 2075.457
1030.911 2025.047
1031.211 2067.923
1031.511 2081.656
1031.811 2043.960
1032.112 2017.693
1032.412 2063.998
1032.712 2085.445
1033.012 2013.178
1033.312 1927.768
1033.612 1919.930
1033.912 1947.663
1034.212 1927.824
1034.513 1829.414
1034.813 1823.290
1035.113 1852.166
1035.413 1825.613
1035.713 1840.774
1036.013 1885.221
1036.313 1874.097
1036.614 1909.544
1036.914 1922.562
1037.214 1953.295
1037.514 1977.742
1037.814 1932.332
1038.114 1877.779
1038.414 1865.940
1038.715 1849.530
1039.015 1814.977
1039.315 1756.567
1039.615 1768.728
1039.915 1790.889
1040.215 1796.907
1040.515 1816.211
1040.816 1802.944
1041.116 1789.819
1041.416 1805.266
1041.716 1805.142
1042.016 1814.874
1042.316 1814.892
1042.616 1803.196
1042.917 1864.786
1043.217 1922.947
1043.517 1898.536
1043.817 1851.697
1044.117 1856.287
1044.417 1945.019
1044.717 1996.894
1045.018 1937.341
1045.318 1880.359
1045.618 1901.805
1045.918 1939.681
1046.218 1903.984
1046.518 1875.859
1046.818 1887.592
1047.119 1906.895
1047.419 1926.913
1047.719 1937.645
1048.019 1989.949
1048.319 2000.967
1048.619 1944.413
1048.919 1907.145
1049.220 1888.163
1049.520 1898.895
1049.820 1887.056
1050.120 1871.645
1050.420 1942.091
1050.720 1976.966
1051.020 1953.984
1051.321 1950.573
1051.621 1921.591
1051.921 1887.894
1052.221 1859.483
1052.521 1846.929
1052.821 1901.518
1053.121 1941.679
1053.422 2025.268
1053.722 2072.714
1054.022 2099.875
1054.322 2084.892
1054.622 2040.910
1054.922 2018.070
1055.222 2067.659
1055.523 2020.676
1055.823 1983.837
1056.123 1963.426
1056.423 1933.586
1056.723 1931.603
1057.023 1877.764
1057.323 1832.495
1057.624 1835.798
1057.924 1858.673
1058.224 1862.976
1058.524 1898.707
1058.824 1942.725
1059.124 1946.456
1059.424 1910.045
1059.725 1892.920
1060.025 1903.651
1060.325 1920.240
1060.625 1929.828
1060.925 1901.988
1061.225 1941.291
1061.525 1961.023
1061.826 1948.611
1062.126 1954.200
1062.426 2040.360
1062.726 2068.948
1063.026 2074.680
1063.326 2071.126
1063.626 2071.857
1063.927 2105.445
1064.227 2090.320
1064.527 1971.479
1064.827 1931.496
1065.127 1927.085
1065.427 1909.959
1065.727 1886.262
1066.028 1856.707
1066.328 1850.581
1066.628 1871.313
1066.928 1861.901
1067.228 1824.061
1067.528 1796.077
1067.828 1814.237
1068.129 1826.825
1068.429 1809.699
1068.729 1822.716
1069.029 1861.019
1069.329 1940.607
1069.629 2000.195
1069.929 1998.926
1070.230 1998.229
1070.530 2019.817
1070.830 2060.976
1071.130 2066.707
1071.430 1986.153
1071.730 1956.312
1072.030 2008.329
1072.331 2023.203
1072.631 1998.362
1072.931 1960.236
1073.231 1979.538
1073.531 2036.555
1073.831 1995.714
1074.131 1902.588
1074.432 1862.319
1074.732 1852.621
1075.032 1807.638
1075.332 1729.511
1075.632 1690.385
1075.932 1684.401
1076.232 1685.418
1076.533 1700.720
1076.833 1740.022
1077.133 1766.324
1077.433 1749.483
1077.733 1760.643
1078.033 1847.088
1078.333 1889.247
1078.634 1874.977
1078.934 1898.851
1079.234 1955.153
1079.534 2001.026
1079.834 1983.328
1080.134 1933.773
1080.434 1898.504
1080.735 1892.377
1081.035 1850.393
1081.335 1816.553
1081.635 1833.712
1081.935 1865.156
1082.235 1853.173
1082.535 1929.332
1082.836 2016.776
1083.136 2027.935
1083.436 1998.809
1083.736 1989.825
1084.036 1989.269
1084.336 2015.285
1084.636 1984.730
1084.937 1977.460
1085.237 2013.191
1085.537 2084.921
1085.837 2093.508
1086.137 2110.239
1086.437 2159.255
1086.737 2173.699
1087.038 2088.429
1087.338 1988.445
1087.638 1954.461
1087.938 1956.906
1088.238 1941.207
1088.538 1854.795
1088.838 1875.668
1089.139 1954.969
1089.439 2013.557
1089.739 1987.858
1090.039 1969.303
1090.339 1920.033
1090.639 1907.906
1090.939 1859.778
1091.240 1861.080
1091.540 1904.381
1091.840 1917.540
1092.140 1905.127
1092.453 1949.571
1092.766 1970.301
1093.079 1948.889
1093.392 1929.476
1093.705 1928.348
1094.018 1972.650
1094.330 1977.951
1094.643 2011.967
1094.956 2048.125
1095.269 2066.855
1095.582 2008.728
1095.895 1988.743
1096.208 1994.616
1096.521 2052.774
1096.834 2018.219
1097.147 1971.948
1097.460 1979.535
1097.773 2004.408
1098.085 1945.138
1098.398 1904.010
1098.711 1919.169
1099.024 1944.898
1099.337 1944.485
1099.650 1930.501
1099.963 1964.516
1100.276 2014.960
1100.589 2007.118
1100.902 1935.133
1101.215 1932.863
1101.528 1995.736
1101.841 1989.037
1102.153 1957.480
1102.466 1987.781
1102.779 1999.511
1103.092 1993.098
1103.405 2001.970
1103.718 1990.271
1104.031 2006.858
1104.344 1982.159
1104.657 1947.317
1104.970 1961.189
1105.283 2001.204
1105.596 1981.219
1105.909 1932.806
1106.221 1895.678
1106.534 1885.836
1106.847 1840.851
1107.160 1768.438
1107.473 1742.596
1107.786 1716.182
1108.099 1691.912
1108.412 1763.498
1108.725 1841.370
1109.038 1853.814
1109.351 1877.686
1109.664 1876.844
1109.977 1905.573
1110.289 1935.874
1110.602 1871.889
1110.915 1824.332
1111.228 1820.204
1111.541 1814.076
1111.854 1779.806
1112.167 1740.392
1112.480 1773.407
1112.793 1805.850
1113.106 1775.151
1113.419 1808.309
1113.732 1860.181
1114.044 1884.624
1114.357 1879.924
1114.670 1874.654
1114.983 1899.383
1115.296 1952.397
1115.609 1938.269
1115.922 1915.855
1116.235 1932.156
1116.548 1938.456
1116.861 1899.614
1117.174 1855.343
1117.487 1855.215
1117.800 1870.372
1118.112 1871.387
1118.425 1875.116
1118.738 1920.988
1119.051 1942.859
1119.364 1967.160
1119.677 2017.174
1119.990 2043.332
1120.303 2050.346
1120.616 2042.218
1120.929 2052.661
1121.242 2089.676
1121.555 2029.976
1121.868 1922.419
1122.180 1905.148
1122.493 1933.448
1122.806 1948.462
1123.119 1887.906
1123.432 1834.777
1123.745 1942.220
1124.058 2028.806
1124.371 2018.249
1124.684 1944.835
1124.997 1882.849
1125.310 1888.292
1125.623 1891.164
1125.935 1837.607
1126.248 1857.764
1126.561 1896.492
1126.874 1933.078
1127.187 2001.950
1127.500 2062.964
1127.813 2118.835
1128.126 2088.135
1128.439 1941.864
1128.752 1881.307
1129.065 1877.035
1129.378 1837.478
1129.691 1773.492
1130.003 1746.506
1130.316 1782.949
1130.629 1834.249
1130.942 1862.406
1131.255 1917.849
1131.568 1933.863
1131.881 1899.734
1132.194 1906.320
1132.507 1898.620
1132.820 1919.491
1133.133 1959.934
1133.446 1931.948
1133.759 1974.676
1134.071 2086.976
1134.384 2075.990
1134.697 2063.575
1135.010 2058.446
1135.323 2001.603
1135.636 1962.903
1135.949 1918.346
1136.262 1870.645
1136.575 1858.516
1136.888 1865.530
1137.201 1877.259
1137.514 1912.130
1137.826 1994.001
1138.139 2043.729
1138.452 2105.886
1138.765 2176.899
1139.078 2223.770
1139.391 2224.356
1139.704 2205.227
1140.017 2151.241
1140.330 2097.826
1140.643 2009.697
1140.956 1930.568
1141.269 1952.582
1141.582 1971.881
1141.894 1980.466
1142.207 1976.766
1142.520 1971.637
1142.833 1969.936
1143.146 1978.950
1143.459 1917.249
1143.772 1907.977
1144.085 1872.134
1144.398 1862.433
1144.711 1910.590
1145.024 1943.032
1145.337 1961.045
1145.650 1923.059
1145.962 1945.787
1146.275 1999.515
1146.588 1990.529
1146.901 1943.256
1147.214 1925.841
1147.527 1928.426
1147.840 1960.154
1148.153 1943.596
1148.466 1907.181
1148.779 1964.338
1149.092 1997.065
1149.405 1992.222
1149.718 1953.950
1150.030 1959.106
1150.343 1955.119
1150.656 1948.133
1150.969 1898.003
1151.282 1811.445
1151.595 1763.887
1151.908 1803.044
1152.221 1833.057
1152.534 1891.499
1152.847 1955.798
1153.160 1977.526
1153.473 2099.682
1153.785 2203.124
1154.098 2189.280
1154.411 2134.436
1154.724 2097.878
1155.037 2055.606
1155.350 2030.476
1155.663 1942.918
1155.976 1856.360
1156.289 1813.516
1156.602 1817.387
1156.915 1768.685
1157.228 1783.127
1157.541 1864.283
1157.853 1895.011
1158.166 1902.595
1158.479 1952.323
1158.792 1998.479
1159.105 2018.635
1159.418 2007.648
1159.731 1963.376
1160.044 1937.103
1160.357 1972.830
1160.670 1996.558
1160.983 1984.999
1161.296 1994.727
1161.609 1928.026
1161.921 1848.896
1162.234 1849.337
1162.547 1868.065
1162.860 1823.078
1163.173 1784.519
1163.486 1784.104
1163.799 1843.545
1164.112 1865.987
1164.425 1854.857
1164.738 1832.299
1165.051 1893.597
1165.364 1930.610
1165.676 1923.338
1165.989 1936.493
1166.302 2037.649
1166.615 2102.519
1166.928 2094.246
1167.241 2054.974
1167.554 2036.558
1167.867 2013.999
1168.180 1965.012
1168.493 1930.025
1168.806 1945.324
1169.119 1954.194
1169.432 1919.492
1169.744 1935.934
1170.057 1970.803
1170.370 2003.388
1170.683 1937.400
1170.996 1896.128
1171.309 1957.140
1171.622 1998.724
1171.935 1980.880
1172.248 1993.607
1172.561 2026.048
1172.874 2064.061
1173.187 2045.788
1173.500 2029.372
1173.812 2018.242
1174.125 1999.398
1174.438 2000.124
1174.751 1981.709
1175.064 1964.293
1175.377 1950.448
1175.690 1873.889
1176.003 1856.045
1176.316 1882.057
1176.629 1821.784
1176.942 1775.654
1177.255 1810.952
1177.567 1856.679
1177.880 1895.977
1178.193 1924.704
1178.506 1907.002
1178.819 1958.158
1179.132 1988.456
1179.445 1934.754
1179.758 1939.910
1180.071 1977.351
1180.384 1993.649
1180.697 2050.947
1181.010 2085.245
1181.323 2100.115
1181.635 2095.984
1181.948 2066.282
1182.261 2093.866
1182.574 2135.736
1182.887 2108.320
1183.200 2046.046
1183.513 2035.630
1183.826 2072.928
1184.139 2043.798
1184.452 1933.524
1184.765 1839.965
1185.078 1795.549
1185.391 1747.704
1185.703 1721.288
1186.016 1786.443
1186.329 1854.455
1186.642 1926.610
1186.955 1939.623
1187.268 1987.635
1187.581 2055.219
1187.894 2077.374
1188.207 1969.815
1188.520 1889.112
1188.833 1844.125
1189.146 1846.994
1189.459 1803.720
1189.771 1805.161
1190.084 1847.888
1190.397 1897.043
1190.710 1929.198
1191.023 1953.210
1191.336 1946.793
1191.649 1953.520
1191.962 1937.675
1192.275 1885.830
1192.588 1893.413
1192.901 1932.140
1193.214 1886.437
1193.526 1922.449
1193.839 1973.176
1194.152 1957.759
1194.465 1922.914
1194.778 1912.212
1195.091 1947.224
1195.404 1953.093
1195.717 1857.534
1196.030 1826.831
1196.343 1888.415
1196.656 1953.141
1196.969 1979.867
1197.282 1986.594
1197.594 2030.748
1197.907 2061.475
1198.220 2027.915
1198.533 1980.641
1198.846 1998.367
1199.159 1950.808
1199.472 1868.677
1199.785 1854.975
1200.098 1908.415
1200.411 1918.855
1200.724 1871.296
1201.037 1853.165
1201.350 1908.319
1201.662 1775.903
1201.975 1742.171
1202.288 1679.743
1202.601 1668.849
