537.190 308.627
537.230 275.818
537.270 215.895
537.310 201.193
537.350 239.169
537.390 290.581
537.430 269.859
537.470 260.859
537.510 322.867
537.550 383.311
537.590 414.763
537.630 438.938
537.670 484.549
537.710 510.453
537.750 461.793
537.790 391.998
537.830 426.210
537.870 434.430
537.910 384.657
537.950 390.176
537.990 506.132
538.030 571.809
538.070 594.207
538.110 533.040
538.150 522.880
538.190 542.585
538.230 476.867
538.270 322.441
538.310 334.308
538.350 364.324
538.390 355.918
538.430 391.947
538.470 423.125
538.510 420.166
538.560 421.213
538.600 420.981
538.640 509.325
538.680 591.533
538.720 521.032
538.760 522.966
538.800 593.905
538.840 603.993
538.880 507.514
538.920 421.898
538.960 424.859
539.000 521.682
539.040 514.225
539.080 450.202
539.120 485.612
539.160 519.741
539.200 477.161
539.240 424.300
539.280 477.158
539.320 487.449
539.360 471.888
539.400 507.474
539.440 594.207
539.480 634.945
539.520 640.687
539.560 566.148
539.600 573.184
539.640 624.081
539.680 571.126
539.720 514.746
539.760 536.941
539.800 527.283
539.840 458.342
539.880 425.835
539.920 522.759
539.960 557.544
540.000 508.332
540.040 431.696
540.080 488.205
540.120 561.433
540.160 569.520
540.200 534.182
540.240 595.848
540.280 672.516
540.320 734.187
540.360 723.433
540.400 728.538
540.440 696.932
540.480 583.472
540.520 529.157
540.560 551.416
540.600 574.106
540.640 573.513
540.680 556.494
540.720 596.762
540.760 644.319
540.800 597.021
540.840 575.439
540.880 602.574
540.920 569.996
540.960 515.992
541.000 548.275
541.040 623.703
541.080 670.990
541.120 617.421
541.160 581.283
541.200 615.432
541.240 647.583
541.280 572.306
541.320 498.603
541.360 485.472
541.400 501.343
541.440 457.929
541.480 463.373
541.520 535.247
541.560 546.694
541.600 554.142
541.640 596.448
541.680 671.897
541.720 715.491
541.760 702.228
541.800 620.251
541.840 590.275
541.880 564.443
541.920 521.326
541.960 494.781
542.000 558.093
542.040 597.120
542.080 624.862
542.120 704.604
542.160 747.918
542.200 726.946
542.240 673.261
542.280 603.432
542.320 540.890
542.360 521.348
542.400 483.662
542.440 504.548
542.480 614.435
542.520 672.606
542.560 641.635
542.600 659.235
542.640 702.692
542.680 700.434
542.720 659.318
542.760 668.917
542.800 739.801
542.840 779.541
542.880 754.853
542.920 766.021
542.970 887.902
543.010 954.783
543.050 859.521
543.090 801.115
543.130 910.565
543.170 953.443
543.210 899.606
543.250 805.911
543.290 813.072
543.330 807.375
543.370 717.534
543.410 600.406
543.450 657.563
543.490 749.290
543.530 727.445
543.570 684.741
543.610 752.179
543.650 798.758
543.690 780.194
543.730 764.485
543.770 782.632
543.810 788.920
543.850 741.635
543.890 727.635
543.930 740.347
543.970 729.058
544.010 667.481
544.050 573.332
544.090 687.038
544.130 761.028
544.170 710.587
544.210 752.574
544.250 844.416
544.290 893.970
544.330 928.951
544.370 890.787
544.410 934.479
544.450 948.168
544.490 893.285
544.530 884.827
544.570 917.797
544.610 924.478
544.650 829.015
544.690 770.549
544.730 811.224
544.770 818.897
544.810 758.854
544.850 759.951
544.890 782.046
544.930 810.567
544.970 769.086
545.010 730.888
545.050 779.974
545.090 827.343
545.130 743.853
545.170 701.645
545.210 763.721
545.250 798.366
545.290 787.152
545.330 761.935
545.370 808.001
545.410 863.207
545.450 839.553
545.490 787.754
545.530 831.667
545.570 861.577
545.610 817.913
545.650 765.247
545.690 757.149
545.730 810.476
545.770 809.230
545.810 745.838
545.850 751.872
545.890 778.760
545.930 745.788
545.960 716.670
546.000 740.264
546.040 747.284
546.080 726.586
546.120 671.600
546.160 663.182
546.200 670.904
546.240 700.338
546.280 722.768
546.320 786.195
546.360 873.905
546.400 912.612
546.440 955.031
546.480 1033.160
546.520 1027.286
546.560 960.553
546.600 897.958
546.640 885.075
546.680 917.046
546.720 868.871
546.760 876.836
546.800 932.798
546.840 930.327
546.880 917.568
546.920 916.377
546.960 899.040
547.000 898.271
547.040 854.785
547.080 877.580
547.120 922.230
547.160 937.734
547.200 892.520
547.240 899.731
547.280 945.511
547.320 929.144
547.360 843.345
547.400 868.686
547.440 947.166
547.480 942.357
547.520 909.116
547.560 952.300
547.600 975.338
547.640 965.230
547.680 898.976
547.720 866.432
547.760 913.313
547.800 950.906
547.840 882.637
547.880 840.794
547.920 870.233
547.960 881.811
548.000 821.243
548.040 802.815
548.080 839.097
548.120 874.661
548.160 895.507
548.200 913.922
548.240 962.618
548.280 977.454
548.320 961.858
548.360 913.829
548.400 866.797
548.440 852.333
548.480 824.008
548.520 799.109
548.560 847.491
548.600 873.584
548.640 860.102
548.680 935.330
548.720 1050.270
548.760 1102.491
548.800 1080.709
548.840 1029.923
548.880 1071.991
548.920 1119.912
548.960 1078.544
549.000 1034.458
549.040 1020.511
549.080 1035.132
549.120 1042.749
549.160 993.506
549.200 923.259
549.240 884.865
549.280 862.468
549.320 863.210
549.360 917.091
549.400 950.540
549.440 934.985
549.480 995.284
549.520 1064.150
549.560 1027.156
549.600 983.729
549.640 978.156
549.680 1008.294
549.720 1035.570
549.760 1031.986
549.800 1036.256
549.840 1092.664
549.880 1112.783
549.920 1058.184
549.960 1038.582
550.000 1038.119
550.040 1025.509
550.080 961.038
550.120 900.992
550.160 962.800
550.200 1001.318
550.240 968.261
550.280 1066.629
550.320 1189.422
550.350 1240.354
550.390 1219.569
550.430 1197.208
550.470 1242.272
550.510 1273.618
550.550 1179.817
550.590 1113.584
550.630 1133.634
550.670 1181.822
550.710 1145.007
550.750 1109.331
550.790 1176.509
550.830 1198.111
550.870 1135.710
550.910 1143.590
550.950 1164.610
550.990 1165.484
551.030 1119.068
551.070 1038.934
551.110 1082.797
551.150 1129.656
551.190 1071.654
551.230 1015.077
551.270 990.068
551.310 966.198
551.350 915.324
551.390 850.018
551.430 820.138
551.470 820.682
551.510 851.794
551.550 944.045
551.590 1020.292
551.630 1035.251
551.670 972.919
551.710 970.299
551.750 1045.961
551.790 1055.190
551.830 966.845
551.870 980.924
551.910 1119.429
551.950 1216.215
551.990 1206.284
552.030 1229.207
552.070 1320.982
552.110 1349.469
552.150 1265.238
552.190 1160.289
552.230 1194.765
552.270 1245.666
552.310 1161.706
552.350 1033.457
552.390 1098.776
552.430 1159.520
552.470 1146.117
552.510 1160.140
552.550 1256.588
552.590 1335.318
552.630 1393.187
552.660 1350.338
552.700 1353.201
552.740 1367.916
552.780 1256.200
552.820 1138.766
552.860 1140.900
552.900 1165.317
552.940 1152.301
552.980 1172.853
553.020 1250.830
553.060 1343.518
553.100 1329.632
553.140 1280.456
553.180 1304.419
553.220 1323.951
553.260 1282.050
553.300 1227.861
553.340 1180.525
553.380 1183.471
553.420 1151.985
553.460 1081.211
553.500 1102.718
553.540 1116.223
553.580 1096.581
553.620 1112.364
553.660 1128.715
553.700 1126.063
553.740 1121.693
553.780 1076.463
553.820 1084.658
553.860 1120.850
553.900 1082.324
553.940 1100.508
553.980 1196.690
554.020 1207.154
554.060 1175.329
554.100 1163.501
554.140 1132.384
554.180 1116.977
554.220 1077.139
554.260 1064.583
554.300 1145.739
554.340 1200.033
554.380 1165.611
554.410 1157.042
554.450 1273.041
554.490 1333.037
554.530 1248.459
554.570 1196.020
554.610 1196.435
554.650 1253.418
554.690 1281.827
554.730 1257.518
554.770 1267.348
554.810 1278.319
554.850 1210.286
554.890 1216.250
554.930 1225.354
554.970 1203.026
555.010 1103.980
555.050 1024.932
555.090 1083.737
555.130 1136.682
555.170 1096.195
555.210 1089.563
555.250 1137.784
555.290 1190.431
555.330 1203.789
555.370 1112.715
555.410 1118.496
555.450 1160.702
555.490 1116.619
555.530 1129.533
555.570 1250.729
555.610 1312.923
555.650 1362.828
555.690 1385.015
555.730 1442.485
555.770 1470.238
555.810 1405.417
555.850 1327.163
555.890 1288.479
555.920 1264.219
555.960 1234.529
556.000 1199.835
556.040 1193.281
556.080 1183.153
556.120 1108.736
556.160 1070.316
556.200 1169.607
556.240 1212.895
556.280 1161.323
556.320 1189.892
556.360 1254.314
556.400 1288.591
556.440 1333.293
556.480 1321.992
556.520 1310.403
556.560 1289.811
556.600 1221.502
556.640 1205.904
556.680 1216.874
556.720 1191.985
556.760 1117.664
556.800 1140.054
556.840 1224.585
556.880 1263.398
556.920 1215.923
556.960 1225.874
557.000 1301.679
557.040 1341.767
557.080 1306.709
557.120 1326.363
557.160 1396.728
557.200 1441.662
557.240 1406.878
557.270 1406.664
557.310 1459.303
557.350 1467.369
557.390 1367.146
557.430 1281.063
557.470 1323.692
557.510 1380.603
557.550 1342.655
557.590 1364.847
557.630 1394.179
557.670 1409.080
557.710 1416.978
557.750 1402.017
557.790 1469.195
557.830 1499.514
557.870 1372.972
557.910 1312.286
557.950 1384.453
557.990 1439.618
558.030 1445.495
558.070 1438.226
558.110 1423.098
558.150 1451.395
558.190 1437.976
558.230 1419.696
558.270 1434.986
558.310 1435.987
558.350 1365.843
558.390 1380.553
558.430 1438.118
558.460 1477.395
558.500 1439.097
558.540 1418.369
558.580 1395.638
558.620 1353.618
558.660 1298.596
558.700 1290.715
558.740 1327.831
558.780 1350.087
558.820 1274.198
558.860 1312.306
558.900 1393.698
558.940 1409.373
558.980 1351.045
559.020 1354.429
559.060 1415.525
559.100 1483.047
559.140 1400.281
559.180 1345.512
559.220 1322.884
559.260 1343.396
559.300 1300.334
559.340 1193.556
559.380 1170.204
559.420 1261.563
559.460 1273.349
559.500 1278.704
559.540 1263.628
559.570 1227.835
559.610 1216.754
559.650 1227.385
559.690 1188.156
559.730 1168.640
559.770 1175.121
559.810 1217.885
559.850 1279.504
559.890 1341.121
559.930 1314.593
559.970 1298.919
560.010 1333.100
560.050 1346.279
560.090 1264.170
560.130 1256.202
560.170 1281.231
560.210 1323.829
560.250 1336.425
560.290 1355.162
560.330 1431.039
560.370 1506.485
560.410 1517.358
560.450 1545.943
560.490 1580.668
560.530 1561.105
560.570 1498.112
560.600 1423.973
560.640 1463.404
560.680 1464.690
560.720 1453.830
560.760 1423.254
560.800 1467.390
560.840 1491.667
560.880 1464.513
560.920 1421.643
560.960 1433.199
561.000 1379.467
561.040 1349.304
561.080 1308.568
561.120 1311.544
561.160 1322.518
561.200 1257.204
561.240 1231.316
561.280 1282.283
561.320 1293.534
561.360 1267.640
561.400 1256.601
561.440 1349.274
561.480 1428.803
561.520 1382.329
561.550 1327.281
561.590 1318.946
561.630 1349.752
561.670 1342.127
561.710 1342.786
561.750 1378.728
561.790 1424.097
561.830 1437.321
561.870 1465.257
561.910 1511.905
561.950 1525.837
561.990 1418.910
562.030 1391.696
562.070 1373.764
562.110 1339.831
562.150 1341.039
562.190 1296.959
562.230 1292.020
562.270 1310.936
562.310 1267.279
562.350 1274.763
562.390 1329.244
562.430 1322.295
562.460 1315.773
562.500 1374.534
562.540 1437.294
562.580 1433.194
562.620 1434.664
562.660 1452.418
562.700 1508.598
562.740 1510.205
562.780 1427.382
562.820 1388.842
562.860 1392.586
562.900 1348.043
562.940 1272.783
562.980 1228.951
563.020 1235.830
563.060 1235.279
563.100 1226.726
563.140 1276.457
563.180 1349.615
563.220 1369.628
563.260 1313.782
563.300 1254.363
563.330 1294.085
563.370 1286.519
563.410 1218.094
563.450 1212.096
563.490 1256.811
563.530 1290.523
563.570 1355.806
563.610 1351.372
563.650 1417.222
563.690 1490.356
563.730 1471.346
563.770 1461.333
563.810 1492.319
563.850 1498.018
563.890 1486.714
563.930 1404.695
563.970 1388.531
564.010 1392.365
564.050 1358.483
564.090 1335.457
564.130 1349.572
564.160 1330.256
564.200 1334.082
564.240 1320.906
564.280 1415.585
564.320 1466.405
564.360 1405.510
564.400 1379.041
564.440 1436.142
564.480 1425.241
564.520 1351.482
564.560 1279.292
564.600 1312.672
564.640 1345.194
564.680 1361.856
564.720 1401.945
564.760 1445.604
564.800 1490.119
564.840 1428.489
564.880 1397.286
564.920 1542.939
564.950 1555.018
564.990 1462.953
565.030 1465.029
565.070 1480.675
565.110 1482.748
565.150 1401.391
565.190 1232.461
565.230 1187.672
565.270 1197.453
565.310 1153.661
565.350 1152.010
565.390 1237.500
565.430 1282.418
565.470 1273.762
565.510 1293.533
565.550 1328.875
565.590 1350.500
565.630 1337.838
565.670 1273.746
565.700 1272.653
565.740 1342.129
565.780 1318.604
565.820 1255.792
565.860 1277.692
565.900 1284.877
565.940 1293.774
565.980 1370.527
566.020 1427.135
566.060 1454.028
566.100 1468.491
566.140 1523.666
566.180 1620.269
566.220 1642.013
566.260 1562.613
566.300 1521.925
566.340 1553.522
566.380 1575.260
566.420 1501.996
566.450 1451.017
566.490 1478.894
566.530 1478.340
566.570 1453.071
566.610 1458.657
566.650 1499.957
566.690 1485.254
566.730 1428.837
566.770 1442.132
566.810 1535.711
566.850 1554.146
566.890 1505.580
566.930 1509.155
566.970 1638.728
567.010 1708.443
567.050 1679.300
567.090 1651.584
567.130 1725.009
567.160 1774.290
567.200 1715.569
567.240 1627.133
567.280 1631.410
567.320 1614.828
567.360 1537.817
567.400 1492.661
567.440 1514.789
567.480 1552.631
567.520 1547.614
567.560 1568.738
567.600 1635.718
567.640 1654.554
567.680 1584.103
567.720 1527.365
567.760 1571.197
567.800 1570.885
567.840 1476.000
567.870 1437.114
567.910 1486.083
567.950 1530.909
567.990 1541.733
568.030 1486.699
568.070 1491.234
568.110 1533.912
568.150 1476.445
568.190 1457.834
568.230 1476.365
568.270 1453.180
568.310 1426.279
568.350 1417.235
568.390 1451.618
568.430 1473.999
568.470 1409.093
568.510 1385.044
568.540 1433.564
568.580 1459.226
568.620 1451.459
568.660 1482.261
568.700 1595.205
568.740 1659.720
568.780 1625.090
568.820 1584.030
568.860 1637.684
568.900 1668.479
568.940 1577.844
568.980 1461.922
569.020 1399.857
569.060 1374.933
569.100 1328.865
569.140 1242.224
569.170 1285.439
569.210 1323.082
569.250 1326.294
569.290 1400.792
569.330 1491.288
569.370 1594.354
569.410 1643.134
569.450 1560.912
569.490 1583.832
569.530 1628.180
569.570 1583.526
569.610 1541.300
569.650 1507.501
569.690 1500.415
569.730 1497.042
569.770 1477.240
569.800 1512.151
569.840 1550.346
569.880 1531.397
569.920 1501.448
569.960 1464.354
570.000 1431.402
570.040 1381.449
570.080 1327.780
570.120 1343.253
570.160 1393.725
570.200 1398.768
570.240 1457.095
570.280 1561.135
570.320 1603.174
570.360 1548.926
570.400 1494.677
570.430 1506.856
570.470 1504.319
570.510 1444.067
570.550 1389.957
570.590 1423.559
570.630 1478.733
570.670 1482.619
570.710 1439.361
570.750 1471.389
570.790 1526.843
570.830 1574.725
570.870 1592.178
570.910 1557.629
570.950 1538.508
570.990 1500.529
571.020 1483.692
571.060 1520.282
571.100 1488.728
571.140 1406.316
571.180 1460.474
571.220 1538.775
571.260 1574.359
571.300 1557.515
571.340 1518.669
571.380 1580.822
571.420 1622.689
571.460 1561.269
571.500 1522.276
571.540 1558.997
571.580 1550.716
571.610 1467.864
571.650 1431.295
571.690 1477.298
571.730 1484.728
571.770 1425.871
571.810 1425.727
571.850 1499.440
571.890 1539.723
571.930 1505.434
571.970 1431.572
572.010 1481.710
572.050 1549.560
572.090 1501.553
572.130 1483.116
572.170 1569.963
572.200 1586.810
572.240 1565.370
572.280 1574.644
572.320 1586.202
572.360 1593.473
572.400 1535.458
572.440 1482.299
572.480 1496.854
572.520 1566.978
572.560 1532.531
572.600 1500.368
572.640 1581.776
572.680 1631.754
572.720 1610.874
572.750 1628.137
572.790 1567.684
572.830 1520.801
572.870 1493.060
572.910 1431.462
572.950 1441.148
572.990 1457.976
573.030 1369.660
573.070 1352.772
573.110 1385.740
573.150 1403.422
573.190 1408.960
573.230 1385.925
573.270 1367.747
573.310 1364.996
573.340 1377.816
573.380 1414.064
573.420 1484.597
573.460 1503.700
573.500 1471.230
573.540 1527.903
573.580 1702.432
573.620 1774.103
573.660 1755.202
573.700 1771.014
573.740 1777.254
573.780 1826.635
573.820 1821.874
573.850 1733.397
573.890 1708.919
573.930 1694.297
573.970 1632.960
574.010 1631.766
574.050 1726.141
574.090 1763.231
574.130 1702.176
574.170 1701.121
574.210 1739.208
574.250 1707.579
574.290 1675.807
574.330 1660.606
574.370 1716.975
574.400 1767.201
574.440 1767.711
574.480 1754.649
574.520 1810.015
574.560 1838.380
574.600 1758.316
574.640 1648.251
574.680 1715.042
574.720 1772.118
574.760 1784.336
574.800 1753.268
574.840 1715.485
574.880 1666.415
574.910 1623.630
574.950 1554.415
574.990 1598.343
575.030 1630.841
575.070 1617.339
575.110 1623.693
575.150 1623.760
575.190 1621.827
575.230 1569.607
575.270 1467.386
575.310 1416.736
575.350 1418.228
575.390 1404.577
575.420 1411.353
575.460 1436.986
575.500 1473.046
575.540 1457.677
575.580 1487.451
575.620 1518.509
575.660 1518.281
575.700 1551.052
575.740 1558.108
575.780 1569.734
575.820 1547.074
575.860 1454.842
575.900 1428.467
575.930 1444.662
575.970 1404.713
576.010 1379.193
576.050 1411.528
576.090 1486.006
576.130 1525.483
576.170 1510.102
576.210 1496.150
576.250 1514.625
576.290 1569.956
576.330 1534.144
576.370 1481.331
576.410 1513.517
576.440 1556.988
576.480 1587.316
576.520 1613.929
576.560 1607.541
576.600 1584.724
576.640 1557.477
576.680 1535.945
576.720 1520.268
576.760 1495.591
576.800 1435.770
576.840 1418.949
576.880 1433.270
576.920 1451.018
576.950 1407.195
576.990 1376.371
577.030 1420.546
577.070 1495.292
577.110 1480.465
577.150 1488.496
577.190 1480.668
577.230 1485.840
577.270 1483.725
577.310 1477.181
577.350 1484.637
577.390 1494.949
577.420 1464.831
577.460 1534.428
577.500 1590.880
577.540 1601.190
577.580 1554.784
577.620 1526.092
577.660 1502.256
577.700 1471.563
577.740 1399.583
577.780 1342.174
577.820 1382.622
577.860 1441.069
577.890 1421.086
577.930 1437.818
577.970 1526.405
578.010 1532.850
578.050 1549.579
578.090 1581.165
578.130 1637.750
578.170 1685.478
578.210 1678.205
578.250 1663.645
578.290 1740.656
578.330 1771.953
578.360 1707.391
578.400 1596.258
578.440 1529.695
578.480 1514.703
578.520 1466.997
578.560 1437.575
578.600 1412.296
578.640 1395.873
578.680 1402.878
578.720 1493.025
578.760 1585.743
578.800 1585.604
578.830 1522.749
578.870 1622.751
578.910 1678.467
578.950 1685.325
578.990 1631.468
579.030 1575.610
579.070 1607.324
579.110 1629.322
579.150 1534.177
579.190 1476.746
579.230 1523.314
579.260 1561.024
579.300 1572.448
579.340 1602.586
579.380 1696.438
579.420 1754.860
579.460 1751.710
579.500 1717.988
579.540 1713.123
579.580 1701.115
579.620 1633.677
579.660 1536.810
579.700 1524.228
579.730 1567.075
579.770 1535.349
579.810 1516.908
579.850 1499.610
579.890 1524.311
579.930 1522.154
579.970 1568.997
580.010 1662.554
580.050 1659.824
580.090 1605.951
580.130 1585.792
580.160 1579.346
580.200 1591.186
580.240 1478.310
580.280 1354.006
580.320 1396.415
580.360 1423.253
580.400 1466.518
580.440 1491.783
580.480 1495.333
580.520 1533.596
580.560 1550.145
580.590 1548.836
580.630 1620.956
580.670 1660.789
580.710 1647.907
580.750 1661.596
580.790 1693.284
580.830 1706.115
580.870 1669.660
580.910 1611.775
580.950 1636.890
580.990 1672.862
581.020 1659.833
581.060 1626.804
581.100 1637.059
581.140 1700.457
581.180 1689.998
581.220 1652.538
581.260 1698.791
581.300 1718.187
581.340 1697.869
581.380 1673.549
581.420 1628.230
581.450 1603.909
581.490 1550.446
581.530 1470.981
581.570 1467.945
581.610 1485.909
581.650 1466.872
581.690 1468.834
581.730 1543.653
581.770 1583.043
581.810 1590.289
581.850 1569.250
581.880 1603.067
581.920 1647.598
581.960 1629.699
582.000 1562.944
582.040 1547.901
582.080 1544.145
582.120 1534.244
582.160 1531.487
582.200 1514.871
582.240 1533.827
582.280 1605.782
582.310 1656.450
582.350 1751.976
582.390 1803.501
582.430 1785.740
582.470 1846.549
582.510 1910.644
582.550 1883.739
582.590 1792.119
582.630 1682.784
582.670 1711.448
582.700 1758.255
582.740 1689.919
582.780 1655.867
582.820 1715.387
582.860 1756.764
582.900 1745.711
582.940 1686.658
582.980 1684.319
583.020 1739.265
583.060 1709.353
583.100 1616.013
583.130 1627.386
583.170 1671.330
583.210 1682.703
583.250 1639.932
583.290 1631.874
583.330 1631.674
583.370 1614.616
583.410 1593.700
583.450 1570.356
583.490 1536.725
583.520 1524.951
583.560 1542.319
583.600 1606.258
583.640 1667.340
583.680 1662.135
583.720 1705.073
583.760 1790.582
583.800 1806.805
583.840 1728.456
583.880 1592.107
583.910 1591.042
583.950 1628.121
583.990 1565.198
584.030 1527.133
584.070 1572.067
584.110 1589.000
584.150 1639.219
584.190 1670.724
584.230 1726.942
584.270 1799.874
584.310 1767.519
584.340 1722.165
584.380 1779.238
584.420 1832.740
584.460 1765.955
584.500 1724.313
584.540 1729.528
584.580 1777.742
584.620 1790.099
584.660 1714.598
584.700 1736.954
584.730 1815.881
584.770 1782.807
584.810 1748.305
584.850 1772.230
584.890 1781.727
584.930 1788.652
584.970 1767.719
585.010 1775.358
585.050 1787.567
585.080 1747.490
585.120 1667.556
585.160 1622.478
585.200 1630.400
585.240 1615.036
585.280 1585.815
585.320 1549.878
585.360 1480.799
585.400 1420.719
585.440 1444.067
585.470 1458.415
585.510 1426.334
585.550 1364.109
585.590 1429.456
585.630 1568.802
585.670 1621.719
585.710 1604.351
585.750 1662.410
585.790 1773.040
585.830 1802.956
585.860 1723.871
585.900 1734.358
585.940 1802.415
585.980 1813.044
586.020 1699.815
586.060 1593.728
586.100 1621.213
586.140 1628.554
586.180 1532.609
586.220 1469.093
586.250 1505.861
586.290 1536.487
586.330 1509.112
586.370 1461.165
586.410 1498.361
586.450 1544.271
586.490 1537.466
586.530 1521.089
586.570 1603.141
586.600 1643.334
586.640 1649.242
586.680 1622.578
586.720 1650.628
586.760 1697.821
586.800 1681.584
586.840 1678.348
586.880 1725.396
586.920 1732.302
586.960 1747.207
586.990 1748.397
587.030 1756.015
587.070 1775.491
587.110 1724.109
587.150 1754.298
587.190 1831.200
587.230 1858.531
587.270 1813.148
587.310 1827.764
587.340 1832.380
587.380 1868.424
587.420 1830.753
587.460 1776.653
587.500 1795.982
587.540 1814.596
587.580 1754.352
587.620 1786.537
587.660 1809.579
587.690 1822.334
587.730 1792.375
587.770 1769.415
587.810 1807.027
587.850 1834.781
587.890 1752.249
587.930 1684.288
587.970 1641.613
588.010 1624.080
588.050 1584.404
588.080 1545.870
588.120 1588.193
588.160 1642.087
588.200 1627.124
588.240 1662.161
588.280 1784.625
588.320 1824.090
588.360 1779.697
588.400 1729.018
588.430 1700.195
588.470 1715.658
588.510 1649.692
588.550 1535.726
588.590 1529.331
588.630 1574.364
588.670 1549.112
588.710 1593.716
588.750 1686.176
588.780 1713.208
588.820 1684.668
588.860 1645.128
588.900 1717.445
588.940 1785.047
588.980 1721.506
589.020 1702.536
589.060 1744.851
589.100 1783.166
589.130 1848.338
589.170 1825.938
589.210 1808.681
589.250 1802.566
589.290 1745.308
589.330 1770.764
589.370 1834.934
589.410 1832.961
589.450 1795.274
589.480 1817.157
589.520 1900.612
589.560 1922.209
589.600 1832.662
589.640 1848.830
589.680 1892.427
589.720 1879.165
589.760 1797.189
589.800 1759.499
589.830 1790.808
589.870 1859.831
589.910 1802.283
589.950 1771.734
589.990 1790.185
590.030 1826.350
590.070 1792.371
590.110 1776.107
590.150 1832.128
590.180 1876.863
590.220 1871.313
590.260 1918.761
590.300 2029.496
590.340 2094.515
590.380 2066.392
590.420 2018.411
590.460 2007.144
590.490 1997.734
590.530 1961.038
590.570 1922.913
590.610 1984.216
590.650 2033.662
590.690 2016.251
590.730 1991.410
590.770 2043.712
590.810 2067.872
590.840 2043.316
590.880 2042.617
590.920 2105.633
590.960 2123.076
591.000 2110.805
591.040 2059.249
591.080 2102.691
591.120 2110.277
591.160 2043.290
591.190 1949.018
591.230 1915.174
591.270 1930.044
591.310 1925.199
591.350 1904.212
591.390 1962.081
591.430 1965.950
591.470 1968.533
591.500 2037.972
591.540 2095.698
591.580 2113.708
591.620 2055.290
591.660 2008.872
591.700 2094.024
591.740 2110.034
591.780 1994.900
591.820 1938.338
591.850 1995.775
591.890 2020.784
591.930 1975.649
591.970 1899.657
592.010 1951.808
592.050 2055.387
592.090 2068.394
592.130 1992.115
592.160 1974.122
592.200 1976.414
592.240 1947.706
592.280 1862.426
592.320 1832.431
592.360 1844.151
592.400 1878.728
592.440 1924.875
592.470 2015.737
592.510 2075.598
592.550 2132.317
592.590 2276.606
592.630 2463.038
592.670 2539.613
592.710 2577.188
592.750 2607.762
592.790 2672.764
592.820 2729.338
592.860 2665.483
592.900 2598.485
592.940 2617.343
592.980 2648.488
593.020 2664.631
593.060 2710.775
593.100 2796.918
593.130 2822.633
593.170 2771.633
593.210 2763.919
593.250 2811.061
593.290 2773.203
593.330 2704.488
593.370 2646.201
593.410 2619.914
593.440 2617.341
593.480 2595.196
593.520 2543.194
593.560 2513.477
593.600 2467.760
593.640 2411.186
593.680 2456.040
593.720 2558.608
593.750 2573.890
593.790 2534.743
593.830 2526.739
593.870 2512.735
593.910 2488.587
593.950 2413.297
593.990 2342.435
594.030 2337.001
594.060 2352.138
594.100 2376.418
594.140 2442.412
594.180 2531.692
594.220 2586.828
594.260 2565.250
594.300 2557.243
594.340 2543.522
594.380 2535.943
594.410 2507.649
594.450 2472.927
594.490 2502.205
594.530 2508.054
594.570 2470.045
594.610 2523.322
594.650 2584.742
594.690 2615.304
594.720 2608.723
594.760 2608.714
594.800 2589.132
594.840 2555.694
594.880 2507.398
594.920 2471.958
594.960 2445.519
594.990 2440.080
595.030 2351.640
595.070 2388.057
595.110 2435.188
595.150 2387.748
595.190 2309.021
595.230 2323.009
595.270 2334.996
595.300 2309.841
595.340 2200.113
595.380 2136.957
595.420 2155.372
595.460 2183.787
595.500 2106.774
595.540 2051.474
595.580 2108.031
595.610 2134.302
595.650 2088.716
595.690 2013.558
595.730 2006.686
595.770 2022.813
595.810 1978.798
595.850 1867.496
595.890 1817.623
595.920 1832.464
595.960 1820.448
596.000 1807.288
596.040 1851.414
596.080 1848.826
596.120 1809.094
596.160 1832.219
596.200 1835.202
596.230 1811.755
596.270 1725.451
596.310 1629.290
596.350 1610.843
596.390 1612.253
596.430 1551.806
596.470 1594.644
596.500 1658.481
596.540 1678.319
596.580 1664.442
596.620 1702.851
596.660 1776.259
596.700 1790.953
596.740 1718.361
596.780 1701.340
596.810 1673.462
596.850 1619.727
596.890 1559.134
596.930 1539.684
596.970 1616.948
597.010 1648.497
597.050 1633.618
597.090 1710.596
597.120 1826.144
597.160 1860.407
597.200 1821.099
597.240 1777.076
597.280 1799.338
597.320 1783.457
597.360 1717.719
597.390 1740.552
597.430 1813.100
597.470 1855.075
597.510 1828.337
597.550 1800.169
597.590 1886.287
597.630 1962.405
597.670 1877.379
597.700 1768.640
597.740 1781.757
597.780 1809.302
597.820 1826.991
597.860 1778.393
597.900 1719.652
597.940 1710.626
597.970 1722.456
598.010 1701.715
598.050 1711.259
598.090 1682.660
598.130 1663.918
598.170 1678.891
598.210 1700.863
598.250 1702.549
598.280 1674.949
598.320 1645.920
598.360 1681.178
598.400 1677.292
598.440 1666.977
598.480 1667.233
598.520 1682.632
598.550 1679.317
598.590 1663.144
598.630 1613.686
598.670 1644.941
598.710 1643.911
598.750 1638.166
598.790 1668.564
598.830 1716.390
598.860 1743.217
598.900 1752.614
598.940 1743.154
598.980 1811.837
599.020 1825.233
599.060 1767.916
599.100 1762.026
599.130 1769.708
599.170 1759.390
599.210 1720.929
599.250 1680.896
599.290 1733.720
599.330 1744.259
599.370 1684.511
599.400 1719.049
599.440 1769.158
599.480 1775.124
599.520 1704.376
599.560 1635.056
599.600 1720.878
599.640 1776.844
599.670 1693.952
599.710 1722.060
599.750 1796.168
599.790 1846.561
599.830 1853.240
599.870 1808.490
599.910 1781.168
599.950 1822.847
599.980 1738.239
600.020 1678.632
600.060 1669.452
600.100 1663.273
600.140 1626.236
600.180 1637.056
600.220 1597.876
600.250 1560.410
600.290 1549.801
600.330 1599.192
600.370 1631.726
600.410 1615.545
600.450 1567.650
600.490 1600.897
600.520 1723.002
600.560 1768.249
600.600 1736.781
600.640 1725.600
600.680 1803.561
600.720 1862.664
600.760 1863.625
600.790 1883.728
600.830 1898.974
600.870 1870.934
600.910 1828.322
600.950 1799.711
600.990 1831.527
601.030 1818.201
601.060 1690.732
601.100 1666.691
601.140 1748.079
601.180 1781.180
601.220 1745.996
601.260 1706.669
601.300 1775.913
601.330 1863.299
601.370 1852.115
601.410 1773.644
601.450 1800.887
601.490 1841.131
601.530 1827.659
601.570 1737.474
601.600 1722.145
601.640 1747.816
601.680 1774.916
601.720 1793.015
601.760 1772.972
601.800 1754.928
601.840 1793.456
601.870 1785.840
601.910 1830.939
601.950 1847.466
601.990 1773.707
602.030 1793.520
602.070 1894.618
602.110 1896.716
602.140 1887.956
602.180 1883.340
602.220 1892.723
602.260 1921.392
602.300 1891.775
602.340 1835.014
602.380 1874.683
602.410 1873.494
602.450 1788.019
602.490 1752.972
602.530 1714.783
602.570 1679.593
602.610 1673.975
602.650 1706.499
602.680 1738.024
602.720 1733.405
602.760 1706.358
602.800 1757.881
602.840 1831.834
602.880 1829.643
602.920 1743.595
602.950 1693.261
602.990 1687.213
603.030 1685.021
603.070 1634.830
603.110 1580.352
603.150 1621.732
603.190 1670.826
603.220 1702.205
603.260 1735.299
603.300 1779.106
603.340 1808.771
603.380 1815.436
603.420 1758.671
603.450 1714.907
603.490 1707.428
603.530 1698.664
603.570 1705.756
603.610 1719.277
603.650 1698.940
603.690 1664.032
603.720 1672.981
603.760 1718.502
603.800 1743.165
603.840 1721.113
603.880 1746.490
603.920 1796.438
603.960 1813.672
603.990 1782.763
604.030 1741.997
604.070 1731.801
604.110 1762.892
604.150 1724.982
604.190 1771.787
604.230 1878.877
604.260 1948.395
604.300 1926.628
604.340 1893.575
604.380 1963.950
604.420 2021.611
604.460 1959.700
604.490 1898.503
604.530 1872.306
604.570 1912.252
604.610 1938.913
604.650 1826.001
604.690 1820.518
604.730 1845.606
604.760 1813.552
604.800 1783.068
604.840 1824.299
604.880 1835.815
604.920 1839.046
604.960 1783.705
604.990 1756.649
605.030 1757.879
605.070 1780.681
605.110 1771.482
605.150 1790.712
605.190 1782.799
605.230 1746.028
605.260 1699.257
605.300 1743.629
605.340 1758.287
605.380 1707.659
605.420 1702.459
605.460 1787.116
605.500 1875.916
605.530 1960.288
605.570 1965.087
605.610 1979.887
605.650 2000.115
605.690 1968.486
605.730 1893.428
605.760 1856.655
605.800 1834.597
605.840 1837.682
605.880 1832.623
605.920 1848.279
605.960 1873.078
606.000 1877.019
606.030 1884.817
606.070 1894.901
606.110 1874.270
606.150 1836.640
606.190 1786.009
606.230 1795.663
606.260 1809.890
606.300 1771.258
606.340 1823.913
606.380 1865.567
606.420 1876.650
606.460 1885.447
606.490 1873.386
606.530 1926.897
606.570 1966.122
606.610 1888.204
606.650 1898.572
606.690 1958.082
606.730 1992.164
606.760 1999.674
606.800 2005.756
606.840 2037.694
606.880 2037.776
606.920 1961.143
606.960 1889.938
606.990 1902.447
607.030 1943.957
607.070 1901.752
607.110 1848.118
607.150 1861.056
607.190 1908.422
607.230 1956.216
607.260 1980.725
607.300 1965.662
607.340 1984.027
607.380 2019.679
607.420 2120.758
607.460 2241.552
607.490 2320.060
607.530 2331.425
607.570 2436.933
607.610 2623.298
607.650 2770.091
607.690 2830.170
607.720 2935.677
607.760 3120.898
607.800 3308.548
607.840 3416.055
607.880 3537.848
607.920 3775.212
607.960 3977.575
607.990 4048.082
608.030 4094.874
608.070 4205.809
608.110 4335.601
608.150 4436.678
608.190 4476.755
608.220 4589.261
608.260 4772.910
608.300 4972.273
608.340 5172.064
608.380 5395.855
608.420 5557.503
608.450 5673.294
608.490 5806.942
608.530 5953.732
608.570 6010.952
608.610 6019.313
608.650 6087.675
608.680 6171.608
608.720 6237.113
608.760 6258.617
608.800 6267.264
608.840 6336.339
608.880 6338.272
608.910 6218.919
608.950 6125.708
608.990 6095.497
609.030 6006.715
609.070 5886.790
609.110 5834.151
609.150 5829.797
609.180 5814.443
609.220 5784.517
609.260 5784.163
609.300 5848.237
609.340 5872.311
609.380 5798.385
609.410 5794.888
609.450 5888.390
609.490 5902.321
609.530 5890.109
609.570 5880.896
609.610 5850.541
609.640 5838.472
609.680 5781.688
609.720 5682.618
609.760 5659.977
609.800 5593.907
609.840 5511.979
609.870 5532.909
609.910 5553.839
609.950 5535.483
609.990 5481.698
610.030 5401.342
610.070 5354.414
610.100 5240.200
610.140 5080.701
610.180 4872.630
610.220 4701.416
610.260 4537.916
610.300 4335.845
610.330 4129.487
610.370 3982.702
610.410 3805.059
610.450 3666.558
610.490 3592.486
610.530 3499.700
610.560 3381.771
610.600 3246.699
610.640 3173.341
610.680 3126.983
610.720 3021.339
610.760 2861.410
610.790 2760.051
610.830 2708.550
610.870 2645.477
610.910 2537.690
610.950 2458.046
610.990 2472.115
611.020 2474.471
611.060 2406.540
611.100 2382.038
611.140 2402.393
611.180 2380.748
611.220 2277.103
611.250 2173.458
611.290 2095.813
611.330 2020.024
611.370 1931.236
611.410 1921.019
611.450 1948.373
611.480 1969.156
611.520 1952.653
611.560 1948.864
611.600 2026.218
611.640 2013.858
611.680 1936.497
611.710 1912.565
611.750 1981.919
611.790 1998.272
611.830 1936.483
611.870 1843.408
611.910 1866.904
611.940 1853.685
611.980 1750.038
612.020 1666.963
612.060 1703.315
612.100 1765.382
612.140 1751.021
612.170 1777.945
612.210 1842.583
612.250 1908.650
612.290 1911.145
612.330 1876.925
612.370 1900.563
612.400 1974.344
612.440 1930.696
612.480 1881.762
612.520 1923.256
612.560 1953.608
612.600 1938.531
612.630 1946.311
612.670 1928.662
612.710 1911.157
612.750 1897.508
612.790 1905.287
612.820 1912.924
612.860 1902.846
612.900 1801.197
612.940 1813.119
612.980 1880.756
613.020 1882.106
613.050 1796.885
613.090 1769.379
613.130 1827.872
613.170 1875.079
613.210 1821.572
613.250 1809.779
613.280 1854.129
613.320 1856.336
613.360 1807.543
613.400 1776.464
613.440 1794.814
613.480 1828.878
613.510 1818.799
613.550 1819.719
613.590 1855.926
613.630 1864.561
613.670 1798.481
613.710 1749.401
613.740 1786.465
613.780 1820.671
613.820 1772.448
613.860 1769.082
613.900 1792.288
613.930 1797.494
613.970 1789.985
614.010 1777.333
614.050 1744.539
614.090 1749.887
614.130 1728.806
614.160 1729.583
614.200 1864.074
614.240 1915.850
614.280 1834.626
614.320 1830.260
614.360 1882.321
614.390 1866.097
614.430 1816.731
614.470 1701.506
614.510 1727.139
614.550 1749.915
614.580 1664.976
614.620 1640.609
614.660 1680.813
614.700 1694.303
614.740 1695.364
614.780 1633.139
614.810 1696.200
614.850 1775.404
614.890 1705.036
614.930 1668.525
614.970 1680.300
615.010 1664.789
615.040 1682.278
615.080 1624.338
615.120 1592.255
615.160 1598.887
615.200 1590.090
615.230 1671.864
615.270 1689.067
615.310 1661.412
615.350 1661.044
615.390 1654.246
615.430 1657.734
615.460 1649.937
615.500 1560.710
615.540 1560.912
615.580 1562.400
615.620 1541.317
615.650 1584.376
615.690 1642.435
615.730 1704.922
615.770 1758.410
615.810 1763.040
615.850 1788.813
615.880 1842.872
615.920 1826.787
615.960 1798.274
616.000 1756.618
616.040 1774.820
616.080 1810.735
616.110 1794.507
616.150 1791.280
616.190 1797.052
616.230 1784.824
616.270 1762.739
616.300 1760.369
616.340 1797.426
616.380 1823.484
616.420 1776.113
616.460 1803.170
616.500 1839.371
616.530 1842.714
616.570 1780.343
616.610 1689.685
616.650 1693.885
616.690 1740.371
616.720 1662.428
616.760 1673.199
616.800 1781.113
616.840 1826.027
616.880 1824.655
616.920 1800.140
616.950 1801.768
616.990 1843.253
617.030 1790.738
617.070 1707.937
617.110 1771.422
617.140 1832.050
617.180 1822.249
617.220 1800.447
617.260 1845.646
617.300 1894.559
617.340 1877.758
617.370 1811.385
617.410 1777.441
617.450 1768.353
617.490 1759.123
617.530 1762.464
617.560 1725.948
617.600 1747.146
617.640 1768.773
617.680 1816.257
617.720 1887.169
617.750 1910.367
617.790 1839.279
617.830 1879.762
617.870 1899.389
617.910 1858.443
617.950 1784.498
617.980 1703.552
618.020 1703.464
618.060 1729.804
618.100 1675.287
618.140 1709.199
618.170 1774.253
618.210 1792.878
618.250 1785.361
618.290 1801.415
618.330 1816.326
618.370 1798.809
618.400 1689.577
618.440 1624.488
618.480 1686.113
618.520 1745.452
618.560 1697.506
618.590 1736.845
618.630 1830.184
618.670 1881.094
618.710 1882.005
618.750 1841.629
618.780 1869.825
618.820 1901.878
618.860 1801.788
618.900 1740.270
618.940 1745.323
618.980 1711.661
619.010 1670.143
619.050 1662.624
619.090 1673.248
619.130 1699.586
619.170 1683.067
619.200 1724.977
619.240 1757.172
619.280 1742.653
619.320 1671.133
619.360 1615.900
619.390 1649.095
619.430 1693.432
619.470 1611.770
619.510 1610.393
619.550 1686.016
619.590 1718.925
619.620 1733.263
619.660 1766.171
619.700 1757.080
619.740 1785.989
619.780 1780.754
619.810 1795.806
619.850 1788.428
619.890 1768.194
619.930 1705.102
619.970 1742.010
620.000 1826.633
620.040 1838.398
620.080 1757.734
620.120 1834.500
620.160 1873.836
620.190 1851.030
620.230 1777.509
620.270 1712.988
620.310 1744.467
620.350 1771.946
620.390 1637.282
620.420 1645.332
620.460 1713.097
620.500 1732.004
620.540 1678.626
620.580 1675.676
620.610 1718.440
620.650 1806.918
620.690 1777.254
620.730 1774.590
620.770 1844.068
620.800 1880.117
620.840 1803.881
620.880 1726.645
620.920 1647.552
620.960 1667.030
620.990 1636.936
621.030 1633.986
621.070 1658.178
621.110 1664.513
621.150 1689.990
621.180 1730.182
621.220 1771.517
621.260 1778.423
621.300 1683.186
621.340 1681.806
621.380 1751.141
621.410 1742.189
621.450 1722.524
621.490 1729.715
621.530 1784.907
621.570 1830.241
621.600 1798.718
621.640 1820.766
621.680 1829.957
621.720 1818.577
621.760 1734.768
621.790 1690.244
621.830 1739.007
621.870 1759.483
621.910 1683.103
621.950 1723.008
621.980 1830.627
622.020 1860.960
622.060 1803.579
622.100 1730.770
622.140 1747.103
622.170 1772.151
622.210 1719.484
622.250 1679.960
622.290 1710.293
622.330 1783.769
622.360 1815.816
622.400 1790.291
622.440 1763.624
622.480 1763.528
622.520 1714.575
622.550 1709.479
622.590 1668.812
622.630 1617.002
622.670 1605.191
622.710 1676.524
622.740 1730.427
622.780 1723.045
622.820 1690.520
622.860 1695.424
622.900 1754.899
622.930 1773.231
622.970 1715.992
623.010 1683.181
623.050 1764.798
623.090 1801.559
623.130 1762.890
623.160 1754.222
623.200 1755.840
623.240 1736.314
623.280 1700.360
623.320 1585.120
623.350 1520.166
623.390 1531.068
623.430 1469.971
623.470 1457.160
623.510 1526.491
623.540 1574.536
623.580 1624.153
623.620 1672.484
623.660 1769.101
623.700 1815.003
623.730 1772.620
623.770 1728.379
623.810 1773.138
623.850 1816.041
623.890 1779.514
623.920 1754.273
623.960 1812.604
624.000 1877.220
624.040 1849.836
624.080 1787.595
624.110 1806.211
624.150 1844.113
624.190 1760.300
624.230 1705.059
624.270 1724.818
624.300 1757.433
624.340 1735.478
624.380 1693.236
624.420 1688.423
624.450 1727.039
624.490 1689.940
624.530 1630.698
624.570 1666.457
624.610 1743.786
624.640 1775.402
624.680 1802.874
624.720 1861.489
624.760 1910.104
624.800 1908.862
624.830 1887.192
624.870 1855.235
624.910 1787.136
624.950 1708.751
624.990 1638.508
625.020 1641.552
625.060 1651.166
625.100 1591.781
625.140 1612.110
625.180 1694.582
625.210 1729.768
625.250 1732.668
625.290 1749.996
625.330 1804.039
625.370 1823.797
625.400 1778.839
625.440 1783.311
625.480 1853.496
625.520 1899.396
625.560 1884.582
625.590 1891.481
625.630 1941.238
625.670 1940.852
625.710 1872.323
625.750 1821.651
625.780 1857.551
625.820 1905.450
625.860 1837.492
625.900 1812.677
625.940 1839.148
625.970 1841.904
626.010 1818.232
626.050 1830.560
626.090 1886.173
626.130 1929.786
626.160 1904.971
626.200 1902.013
626.240 1928.769
626.280 1922.953
626.310 1800.709
626.350 1661.751
626.390 1634.221
626.430 1656.548
626.470 1623.018
626.500 1638.917
626.540 1702.244
626.580 1732.571
626.620 1722.326
626.660 1777.939
626.690 1823.123
626.730 1848.449
626.770 1795.062
626.810 1786.674
626.850 1879.715
626.880 1938.042
626.920 1861.511
626.960 1834.124
627.000 1874.164
627.040 1917.919
627.070 1876.531
627.110 1795.143
627.150 1820.184
627.190 1868.796
627.230 1808.979
627.260 1725.591
627.300 1730.774
627.340 1741.815
627.380 1706.855
627.410 1616.324
627.450 1604.792
627.490 1691.118
627.530 1754.301
627.570 1721.055
627.600 1702.381
627.640 1732.135
627.680 1732.175
627.720 1748.215
627.760 1775.969
627.790 1789.723
627.830 1795.620
627.870 1811.088
627.910 1832.699
627.950 1862.453
627.980 1822.921
628.020 1814.104
628.060 1843.572
628.100 1842.897
628.130 1812.936
628.170 1816.404
628.210 1851.729
628.250 1827.911
628.290 1741.807
628.320 1713.703
628.360 1740.457
628.400 1774.924
628.440 1757.535
628.480 1777.002
628.510 1807.755
628.550 1791.794
628.590 1730.976
628.630 1769.729
628.660 1800.053
628.700 1782.092
628.740 1711.988
628.780 1751.312
628.820 1815.065
628.850 1835.103
628.890 1804.285
628.930 1814.037
628.970 1780.504
629.010 1727.685
629.040 1653.438
629.080 1604.905
629.120 1589.657
629.160 1506.981
629.200 1443.876
629.230 1509.057
629.270 1586.238
629.310 1635.847
629.350 1640.457
629.380 1778.352
629.420 1935.818
629.460 1983.713
629.500 1957.465
629.540 1940.074
629.570 1910.255
629.610 1903.292
629.650 1764.616
629.690 1704.653
629.720 1718.119
629.760 1730.585
629.800 1762.194
629.840 1866.660
629.880 1927.554
629.910 1894.734
629.950 1816.057
629.990 1799.809
630.030 1819.989
630.070 1799.454
630.100 1727.206
630.140 1763.814
630.180 1908.708
630.220 1958.888
630.250 1929.211
630.290 1949.390
630.330 1988.570
630.370 1976.607
630.410 1893.929
630.440 1823.966
630.480 1842.288
630.520 1829.611
630.560 1771.076
630.600 1768.541
630.630 1792.006
630.670 1768.471
630.710 1709.936
630.750 1699.972
630.780 1763.580
630.820 1774.902
630.860 1708.081
630.900 1717.831
630.940 1786.725
630.970 1845.761
631.010 1844.225
631.050 1830.976
631.090 1870.440
631.120 1932.047
631.160 1889.798
631.200 1789.405
631.240 1791.726
631.280 1814.905
631.310 1766.369
631.350 1814.119
631.390 1851.155
631.430 1853.619
631.460 1885.369
631.500 1811.547
631.540 1784.440
631.580 1807.761
631.620 1695.368
631.650 1636.260
631.690 1659.153
631.730 1691.617
631.770 1740.081
631.800 1727.973
631.840 1712.579
631.880 1760.043
631.920 1734.935
631.960 1702.399
631.990 1698.148
632.030 1683.612
632.070 1636.933
632.110 1638.396
632.150 1615.431
632.180 1607.180
632.220 1581.786
632.260 1571.678
632.300 1592.427
632.330 1614.176
632.370 1585.782
632.410 1602.817
632.450 1643.280
632.490 1660.028
632.520 1650.777
632.560 1658.669
632.600 1700.417
632.640 1727.737
632.670 1706.629
632.710 1693.949
632.750 1720.840
632.790 1736.160
632.820 1715.337
632.860 1774.657
632.900 1856.120
632.940 1894.154
632.980 1885.473
633.010 1890.936
633.050 1884.113
633.090 1906.290
633.130 1840.895
633.160 1791.072
633.200 1780.820
633.240 1775.853
633.280 1737.458
633.320 1751.349
633.350 1773.240
633.390 1796.988
633.430 1792.164
633.470 1824.055
633.500 1829.803
633.540 1854.550
633.580 1856.727
633.620 1827.046
633.660 1793.365
633.690 1752.827
633.730 1685.717
633.770 1693.179
633.810 1716.498
633.840 1695.388
633.880 1666.278
633.920 1641.597
633.960 1721.059
634.000 1781.949
634.030 1758.696
634.070 1730.301
634.110 1791.619
634.150 1811.509
634.180 1814.828
634.220 1796.575
634.260 1830.608
634.300 1867.355
634.330 1843.387
634.370 1837.991
634.410 1901.452
634.450 1970.914
634.490 1948.232
634.520 1874.979
634.560 1922.868
634.600 1961.615
634.640 1878.076
634.670 1837.823
634.710 1856.426
634.750 1847.316
634.790 1845.919
634.830 1808.523
634.860 1811.841
634.900 1866.445
634.940 1841.048
634.980 1812.366
635.010 1863.826
635.050 1863.573
635.090 1796.462
635.130 1764.494
635.160 1760.097
635.200 1736.129
635.240 1644.589
635.280 1598.050
635.320 1661.367
635.350 1681.828
635.390 1681.002
635.430 1713.462
635.470 1766.923
635.500 1846.097
635.540 1839.414
635.580 1760.303
635.620 1821.763
635.650 1861.080
635.690 1788.397
635.730 1759.857
635.770 1740.603
635.810 1710.920
635.840 1680.523
635.880 1627.125
635.920 1604.299
635.960 1591.902
635.990 1563.647
636.030 1584.964
636.070 1657.281
636.110 1776.312
636.140 1806.057
636.180 1819.660
636.220 1917.262
636.260 1963.722
636.300 1929.181
636.330 1910.783
636.370 1885.671
636.410 1866.274
636.450 1828.304
636.480 1803.906
636.520 1849.937
636.560 1840.396
636.600 1756.141
636.630 1711.600
636.670 1705.631
636.710 1719.233
636.750 1682.835
636.780 1621.008
636.820 1670.753
636.860 1722.069
636.900 1716.814
636.940 1809.415
636.970 1872.017
637.010 1904.190
637.050 1896.220
637.090 1861.679
637.120 1885.424
637.160 1906.739
637.200 1822.341
637.240 1792.942
637.270 1799.972
637.310 1800.860
637.350 1766.461
637.390 1721.205
637.420 1712.092
637.460 1716.265
637.500 1704.295
637.540 1716.753
637.580 1767.783
637.610 1801.813
637.650 1806.700
637.690 1846.301
637.730 1873.902
637.760 1861.646
637.800 1765.390
637.840 1690.848
637.880 1714.020
637.910 1733.764
637.950 1666.936
637.990 1657.108
638.030 1673.424
638.060 1716.024
638.100 1714.768
638.140 1698.654
638.180 1711.827
638.220 1722.999
638.250 1671.314
638.290 1643.629
638.330 1703.801
638.370 1754.830
638.400 1716.144
638.440 1699.745
638.480 1762.917
638.520 1815.517
638.550 1798.975
638.590 1785.718
638.630 1813.890
638.670 1809.776
638.700 1785.947
638.740 1700.548
638.780 1663.005
638.820 1726.034
638.850 1720.491
638.890 1723.663
638.930 1785.834
638.970 1815.577
639.010 1847.177
639.040 1841.206
639.080 1823.091
639.120 1812.691
639.160 1771.577
639.190 1772.605
639.230 1790.777
639.270 1770.805
639.310 1761.548
639.340 1773.433
639.380 1752.033
639.420 1719.918
639.460 1686.947
639.490 1667.546
639.530 1706.432
639.570 1756.745
639.610 1715.631
639.640 1685.230
639.680 1711.687
639.720 1689.572
639.760 1667.314
639.790 1674.199
639.830 1669.513
639.870 1654.398
639.910 1668.712
639.940 1678.025
639.980 1716.482
640.020 1704.081
640.060 1661.680
640.100 1669.851
640.130 1725.879
640.170 1758.478
640.210 1739.648
640.250 1787.104
640.280 1880.846
640.320 1894.017
640.360 1851.759
640.400 1868.215
640.430 1932.242
640.470 1946.984
640.510 1851.297
640.550 1857.467
640.580 1889.923
640.620 1901.093
640.660 1891.121
640.700 1807.862
640.730 1769.318
640.770 1785.345
640.810 1707.658
640.850 1694.114
640.880 1731.570
640.920 1677.168
640.960 1643.767
641.000 1657.365
641.030 1686.392
641.070 1676.705
641.110 1640.446
641.150 1645.616
641.180 1700.643
641.220 1725.099
641.260 1750.840
641.300 1770.438
641.330 1805.322
641.370 1846.777
641.410 1807.090
641.450 1807.402
641.480 1890.000
641.520 1915.741
641.560 1885.482
641.600 1865.795
641.630 1864.393
641.670 1889.562
641.710 1884.446
641.750 1897.615
641.780 1928.642
641.820 1961.097
641.860 1954.552
641.900 1948.292
641.940 1971.319
641.970 1983.488
642.010 1928.800
642.050 1907.826
642.090 1933.710
642.120 1970.450
642.160 1925.048
642.200 1897.788
642.240 1933.814
642.270 1940.698
642.310 1927.438
642.350 1888.893
642.390 1856.062
642.420 1844.230
642.460 1781.114
642.500 1735.711
642.540 1757.308
642.570 1757.477
642.610 1740.217
642.650 1802.243
642.690 1914.269
642.720 1974.581
642.760 1964.464
642.800 1945.632
642.840 1918.658
642.870 1913.684
642.910 1857.995
642.950 1782.449
642.990 1765.046
643.020 1757.358
643.060 1696.812
643.100 1674.123
643.140 1721.291
643.170 1718.888
643.210 1691.342
643.250 1684.225
643.290 1698.822
643.320 1730.847
643.360 1757.730
643.400 1731.184
643.440 1726.352
643.470 1757.949
643.510 1761.688
643.550 1730.713
643.590 1724.167
643.620 1699.478
643.660 1659.360
643.700 1665.243
643.740 1653.125
643.770 1654.579
643.810 1666.604
643.850 1708.486
643.890 1750.939
643.920 1793.679
643.960 1822.132
644.000 1858.300
644.040 1916.468
644.070 1949.207
644.110 1901.089
644.150 1877.828
644.180 1864.424
644.220 1838.164
644.260 1808.188
644.300 1750.642
644.330 1760.381
644.370 1792.691
644.410 1788.001
644.450 1807.455
644.480 1842.908
644.520 1858.932
644.560 1843.957
644.600 1785.696
644.630 1771.435
644.670 1770.459
644.710 1762.055
644.750 1739.937
644.780 1823.961
644.820 1917.271
644.860 1925.581
644.900 1940.034
644.930 1980.487
644.970 1980.083
645.010 1969.821
645.050 1914.131
645.080 1897.013
645.120 1906.323
645.160 1863.775
645.200 1847.085
645.230 1825.252
645.270 1799.276
645.310 1743.158
645.350 1709.182
645.380 1763.063
645.420 1774.801
645.460 1754.682
645.500 1758.563
645.530 1773.730
645.570 1781.183
645.610 1796.349
645.650 1803.230
645.680 1836.254
645.720 1843.564
645.760 1832.730
645.800 1812.468
645.830 1795.635
645.870 1758.087
645.910 1704.397
645.940 1696.278
645.980 1685.158
646.020 1684.753
646.060 1700.206
646.090 1715.515
646.130 1677.681
646.170 1655.562
646.210 1650.157
646.240 1702.038
646.280 1758.633
646.320 1767.942
646.360 1755.822
646.390 1817.846
646.430 1849.012
646.470 1812.321
646.510 1736.487
646.540 1692.796
646.580 1751.105
646.620 1788.271
646.660 1759.437
646.690 1786.175
646.730 1838.627
646.770 1872.507
646.810 1853.816
646.840 1764.839
646.880 1750.291
646.920 1746.028
646.950 1707.337
646.990 1721.360
647.030 1728.097
647.070 1734.977
647.100 1711.000
647.140 1742.880
647.180 1819.903
647.220 1832.069
647.250 1791.378
647.290 1805.115
647.330 1889.995
647.370 1957.303
647.400 1897.897
647.440 1845.492
647.480 1827.372
647.520 1808.966
647.550 1775.988
647.590 1721.440
647.630 1698.748
647.670 1675.914
647.700 1603.650
647.740 1615.244
647.780 1667.267
647.810 1694.432
647.850 1686.598
647.890 1732.477
647.930 1831.357
647.960 1904.808
648.000 1870.116
648.040 1824.710
648.080 1800.733
648.110 1787.898
648.150 1747.492
648.190 1716.228
648.230 1753.536
648.260 1792.273
648.300 1771.438
648.340 1762.603
648.380 1767.339
648.410 1770.362
648.450 1764.527
648.490 1758.549
648.520 1777.571
648.560 1801.022
648.600 1849.187
648.640 1967.637
648.670 2081.231
648.710 2131.110
648.750 2103.846
648.790 2099.297
648.820 2150.176
648.860 2115.769
648.900 2006.505
648.940 1943.670
648.970 1929.692
649.010 1922.714
649.050 1854.164
649.080 1827.472
649.120 1881.351
649.160 1895.515
649.200 1874.394
649.230 1826.416
649.270 1815.438
649.310 1872.031
649.350 1854.767
649.380 1805.931
649.420 1827.667
649.460 1839.546
649.500 1848.139
649.530 1886.446
649.570 1877.896
649.610 1876.204
649.640 1877.939
649.680 1850.532
649.720 1875.982
649.760 1855.432
649.790 1769.597
649.830 1732.332
649.870 1760.211
649.910 1754.232
649.940 1730.968
649.980 1694.275
650.020 1699.010
650.060 1727.603
650.090 1738.196
650.130 1717.074
650.170 1764.953
650.200 1786.545
650.240 1725.709
650.280 1713.588
650.320 1745.180
650.350 1770.773
650.390 1737.651
650.430 1666.101
650.470 1623.407
650.500 1654.143
650.540 1656.449
650.580 1706.613
650.610 1725.348
650.650 1712.084
650.690 1691.819
650.730 1720.840
650.760 1750.718
650.800 1770.596
650.840 1697.902
650.880 1690.066
650.910 1773.230
650.950 1817.108
650.990 1813.700
651.020 1778.864
651.060 1786.313
651.100 1800.476
651.140 1767.354
651.170 1698.804
651.210 1691.253
651.250 1695.988
651.290 1699.151
651.320 1719.600
651.360 1762.192
651.400 1755.499
651.440 1771.805
651.470 1785.254
651.510 1760.989
651.550 1737.295
651.580 1711.887
651.620 1677.336
651.660 1727.213
651.700 1771.234
651.730 1761.254
651.770 1799.846
651.810 1823.152
651.850 1816.458
651.880 1787.764
651.920 1774.927
651.960 1784.662
651.990 1779.111
652.030 1738.845
652.070 1741.008
652.110 1763.743
652.140 1787.906
652.180 1770.926
652.220 1727.089
652.250 1752.395
652.290 1782.843
652.330 1767.435
652.370 1744.312
652.400 1734.475
652.440 1724.924
652.480 1723.372
652.520 1668.678
652.550 1619.412
652.590 1611.004
652.630 1562.881
652.660 1506.758
652.700 1494.063
652.740 1465.512
652.780 1489.389
652.810 1519.694
652.850 1585.571
652.890 1653.163
652.930 1734.611
652.960 1801.631
653.000 1847.508
653.040 1854.956
653.070 1915.833
653.110 1879.424
653.150 1842.586
653.190 1818.035
653.220 1762.483
653.260 1800.645
653.300 1858.379
653.330 1785.970
653.370 1752.561
653.410 1810.866
653.450 1863.743
653.480 1876.477
653.520 1821.496
653.560 1797.944
653.600 1870.964
653.630 1914.126
653.670 1855.288
653.710 1846.308
653.740 1914.042
653.780 1924.918
653.820 1891.795
653.860 1861.528
653.890 1865.119
653.930 1877.710
653.970 1824.015
654.000 1739.748
654.040 1729.910
654.080 1772.929
654.120 1794.949
654.150 1827.539
654.190 1880.130
654.230 1928.578
654.270 1934.740
654.300 1957.044
654.340 1909.921
654.380 1835.511
654.410 1790.387
654.450 1764.692
654.490 1755.854
654.530 1769.302
654.560 1746.892
654.600 1801.911
654.640 1843.359
654.670 1837.663
654.710 1793.254
654.750 1745.987
654.790 1786.148
654.820 1839.310
654.860 1766.758
654.900 1734.491
654.930 1746.510
654.970 1774.243
655.010 1778.547
655.050 1731.280
655.080 1670.727
655.120 1676.461
655.160 1688.336
655.190 1693.641
655.230 1657.517
655.270 1628.678
655.310 1660.411
655.340 1724.001
655.380 1793.734
655.420 1837.895
655.460 1822.771
655.490 1879.647
655.530 1986.380
655.570 1979.255
655.600 1938.274
655.640 1910.435
655.680 1890.168
655.720 1878.186
655.750 1833.633
655.790 1761.509
655.830 1752.670
655.860 1730.403
655.900 1688.707
655.940 1668.583
655.980 1662.030
656.010 1682.191
656.050 1742.495
656.090 1780.370
656.120 1799.246
656.160 1825.978
656.200 1828.425
656.240 1858.729
656.270 1900.747
656.310 1837.908
656.350 1772.641
656.380 1803.087
656.420 1871.677
656.460 1966.981
656.500 2024.285
656.530 2033.445
656.570 2147.892
656.610 2211.767
656.640 2188.357
656.680 2117.946
656.720 2064.821
656.760 2030.839
656.790 1982.857
656.830 1944.590
656.870 1967.893
656.900 1960.340
656.940 1920.643
656.980 1895.661
657.020 1935.965
657.050 1955.840
657.090 1885.715
657.130 1815.876
657.160 1804.179
657.200 1825.054
657.240 1811.358
657.280 1717.804
657.310 1705.679
657.350 1734.839
657.390 1719.000
657.420 1761.589
657.460 1806.750
657.500 1779.910
657.540 1811.214
657.570 1810.660
657.610 1817.106
657.650 1831.409
657.680 1780.427
657.720 1713.444
657.760 1705.462
657.790 1702.337
657.830 1688.354
657.870 1649.086
657.910 1656.389
657.940 1666.407
657.980 1685.281
658.020 1709.442
658.050 1685.031
658.090 1660.905
658.130 1679.065
658.170 1676.940
658.200 1677.386
658.240 1683.546
658.280 1677.563
658.310 1732.295
658.350 1798.884
658.390 1786.615
658.430 1763.347
658.460 1772.650
658.500 1849.810
658.540 1902.827
658.570 1861.702
658.610 1800.147
658.650 1794.165
658.690 1817.182
658.720 1786.627
658.760 1769.502
658.800 1772.947
658.830 1780.965
658.870 1811.125
658.910 1829.427
658.940 1844.444
658.980 1852.890
659.020 1808.336
659.060 1769.210
659.090 1748.655
659.130 1751.387
659.170 1741.404
659.200 1751.992
659.240 1814.438
659.280 1827.597
659.320 1803.614
659.350 1798.060
659.390 1765.648
659.430 1731.522
659.460 1706.110
659.500 1692.841
659.540 1739.144
659.580 1782.304
659.610 1877.606
659.650 1934.623
659.690 1960.211
659.720 1943.371
659.760 1903.387
659.800 1878.547
659.830 1921.849
659.870 1867.723
659.910 1833.740
659.950 1838.900
659.980 1816.345
660.020 1816.504
660.060 1783.092
660.090 1741.252
660.130 1730.125
660.170 1738.285
660.200 1727.587
660.240 1758.889
660.280 1797.335
660.320 1790.065
660.350 1761.796
660.390 1749.527
660.430 1748.400
660.460 1749.988
660.500 1762.862
660.540 1733.307
660.580 1761.752
660.610 1787.911
660.650 1803.928
660.690 1824.801
660.720 1921.103
660.760 1958.977
660.800 1974.707
660.830 1986.724
660.870 1978.883
660.910 1991.328
660.950 1974.772
660.980 1853.789
661.020 1796.805
661.060 1790.393
661.090 1772.837
661.130 1744.425
661.170 1713.013
661.200 1705.600
661.240 1728.616
661.280 1736.633
661.320 1705.220
661.350 1681.951
661.390 1709.824
661.430 1719.697
661.460 1698.427
661.500 1714.729
661.540 1746.031
661.570 1827.475
661.610 1878.349
661.650 1871.222
661.690 1881.666
661.720 1906.254
661.760 1942.413
661.800 1950.286
661.830 1870.730
661.870 1839.746
661.910 1882.333
661.940 1895.206
661.980 1884.365
662.020 1847.238
662.060 1857.397
662.090 1905.984
662.130 1875.143
662.170 1799.302
662.200 1745.032
662.240 1731.333
662.280 1698.349
662.310 1628.365
662.350 1590.666
662.390 1586.968
662.430 1592.555
662.460 1620.570
662.500 1641.157
662.540 1660.887
662.570 1655.046
662.610 1677.062
662.650 1742.363
662.680 1763.379
662.720 1751.966
662.760 1788.410
662.800 1831.282
662.830 1870.584
662.870 1858.028
662.910 1823.186
662.940 1793.202
662.980 1782.074
663.020 1735.519
663.050 1703.105
663.090 1693.978
663.130 1699.422
663.170 1694.009
663.200 1777.453
663.240 1858.183
663.280 1875.055
663.310 1854.499
663.350 1852.943
663.390 1873.958
663.420 1907.688
663.460 1877.561
663.500 1858.004
663.530 1866.734
663.570 1926.035
663.610 1933.908
663.650 1926.494
663.680 1944.795
663.720 1958.096
663.760 1893.969
663.790 1812.984
663.830 1783.285
663.870 1804.728
663.900 1809.458
663.940 1738.473
663.980 1757.631
664.020 1837.646
664.050 1917.090
664.090 1907.105
664.130 1891.692
664.160 1835.707
664.200 1828.579
664.240 1782.023
664.270 1776.609
664.310 1808.053
664.350 1813.639
664.380 1788.940
664.420 1836.955
664.460 1855.113
664.500 1832.699
664.530 1819.428
664.570 1817.158
664.610 1853.172
664.640 1857.759
664.680 1873.488
664.720 1891.217
664.750 1911.089
664.790 1866.533
664.830 1846.119
664.860 1849.705
664.900 1898.720
664.940 1885.306
664.980 1855.750
665.010 1841.479
665.050 1839.922
665.090 1781.651
665.120 1764.380
665.160 1794.252
665.200 1806.838
665.230 1810.567
665.270 1830.582
665.310 1883.597
665.340 1934.040
665.380 1919.340
665.420 1843.069
665.460 1839.655
665.490 1904.813
665.530 1890.827
665.570 1847.842
665.600 1865.428
665.640 1860.014
665.680 1852.457
665.710 1867.615
665.750 1846.629
665.790 1872.644
665.820 1861.515
665.860 1835.244
665.900 1843.402
665.930 1879.559
665.970 1855.859
666.010 1801.302
666.050 1751.031
666.080 1731.188
666.120 1700.488
666.160 1637.931
666.190 1601.946
666.230 1582.817
666.270 1561.832
666.300 1626.275
666.340 1704.860
666.380 1707.875
666.410 1734.032
666.450 1740.760
666.490 1753.061
666.530 1789.646
666.560 1727.946
666.600 1660.389
666.640 1631.546
666.670 1616.132
666.710 1588.146
666.750 1559.589
666.780 1601.746
666.820 1654.332
666.860 1652.203
666.890 1714.217
666.930 1780.088
666.970 1811.388
667.000 1805.688
667.040 1794.845
667.080 1808.002
667.120 1843.445
667.150 1833.602
667.190 1823.473
667.230 1829.773
667.260 1840.072
667.300 1800.086
667.340 1740.672
667.370 1739.829
667.410 1731.843
667.450 1711.143
667.480 1711.442
667.520 1746.885
667.560 1757.327
667.590 1795.341
667.630 1854.212
667.670 1884.512
667.700 1905.097
667.740 1914.111
667.780 1924.125
667.820 1950.282
667.850 1883.581
667.890 1777.310
667.930 1767.752
667.960 1784.480
668.000 1784.923
668.040 1733.793
668.070 1695.664
668.110 1796.678
668.150 1873.549
668.180 1864.134
668.220 1803.862
668.260 1747.305
668.290 1754.747
668.330 1767.904
668.370 1725.774
668.400 1756.931
668.440 1800.373
668.480 1830.387
668.520 1897.543
668.550 1954.129
668.590 2003.571
668.630 1982.727
668.660 1849.884
668.700 1792.897
668.740 1788.625
668.770 1743.782
668.810 1675.509
668.850 1637.952
668.880 1651.679
668.920 1682.836
668.960 1694.992
668.990 1742.291
669.030 1762.591
669.070 1755.747
669.100 1786.046
669.140 1784.488
669.180 1814.787
669.210 1874.087
669.250 1866.671
669.290 1921.399
669.320 2023.841
669.360 2001.569
669.400 1994.297
669.440 1981.881
669.470 1902.895
669.510 1847.765
669.550 1794.350
669.580 1734.078
669.620 1728.520
669.660 1748.104
669.690 1754.832
669.730 1787.702
669.770 1875.001
669.800 1928.015
669.840 1979.599
669.880 2023.898
669.910 2053.769
669.950 2064.925
669.990 2047.938
670.020 1989.665
670.060 1929.964
670.100 1861.549
670.130 1805.562
670.170 1826.290
670.210 1840.588
670.240 1861.887
670.280 1851.615
670.320 1836.199
670.350 1832.498
670.390 1842.654
670.430 1775.810
670.470 1760.109
670.500 1721.408
670.540 1719.849
670.580 1773.577
670.610 1788.304
670.650 1784.317
670.690 1757.187
670.720 1790.200
670.760 1834.642
670.800 1815.226
670.830 1780.239
670.870 1772.681
670.910 1783.836
670.940 1811.849
670.980 1793.005
671.020 1762.018
671.050 1812.174
671.090 1835.758
671.130 1825.485
671.160 1785.641
671.200 1787.654
671.240 1787.524
671.270 1789.537
671.310 1752.550
671.350 1666.277
671.380 1626.004
671.420 1673.874
671.460 1692.458
671.490 1733.328
671.530 1787.626
671.570 1815.211
671.600 1935.223
671.640 2022.522
671.680 2016.249
671.710 2000.976
671.750 1981.274
671.790 1934.287
671.830 1903.443
671.860 1809.312
671.900 1725.611
671.940 1666.195
671.970 1643.636
672.010 1589.934
672.050 1612.804
672.080 1699.388
672.120 1749.401
672.160 1783.699
672.190 1846.426
672.230 1893.867
672.270 1917.308
672.300 1909.749
672.340 1866.476
672.380 1828.203
672.410 1847.359
672.450 1872.228
672.490 1864.098
672.520 1873.110
672.560 1808.123
672.600 1725.278
672.630 1718.434
672.670 1731.160
672.710 1688.887
672.740 1655.757
672.780 1651.912
672.820 1696.639
672.850 1707.794
672.890 1713.092
672.930 1697.104
672.960 1727.402
673.000 1752.701
673.040 1758.999
673.070 1779.440
673.110 1880.738
673.150 1946.036
673.180 1958.905
673.220 1948.346
673.260 1915.501
673.290 1881.085
673.330 1839.811
673.370 1809.967
673.400 1817.264
673.440 1812.134
673.480 1783.718
673.510 1818.873
673.550 1845.313
673.590 1870.754
673.620 1821.052
673.660 1775.493
673.700 1828.505
673.730 1866.946
673.770 1860.387
673.810 1879.113
673.840 1912.982
673.880 1953.994
673.920 1966.292
673.950 1947.733
673.990 1916.602
674.030 1888.186
674.060 1892.626
674.100 1874.067
674.140 1838.508
674.170 1808.805
674.210 1745.675
674.250 1731.401
674.280 1741.270
674.320 1668.425
674.360 1626.866
674.390 1670.163
674.430 1689.032
674.470 1712.330
674.500 1758.914
674.540 1772.211
674.580 1848.509
674.610 1890.949
674.650 1841.104
674.690 1855.830
674.720 1895.985
674.760 1905.426
674.800 1944.295
674.830 1960.878
674.870 1952.461
674.910 1936.616
674.940 1911.771
674.980 1935.068
675.020 1956.080
675.050 1926.663
675.090 1885.247
675.130 1898.830
675.160 1941.842
675.200 1919.568
675.240 1823.722
675.270 1741.163
675.310 1700.460
675.350 1646.758
675.380 1606.769
675.420 1653.353
675.460 1704.507
675.490 1757.376
675.530 1768.674
675.570 1822.400
675.600 1881.983
675.640 1905.423
675.680 1807.292
675.710 1736.589
675.750 1705.315
675.790 1711.470
675.820 1658.910
675.860 1663.350
675.900 1699.504
675.930 1743.230
675.970 1777.385
676.010 1803.396
676.040 1801.122
676.080 1815.848
676.120 1806.002
676.150 1762.157
676.190 1781.883
676.230 1822.466
676.260 1785.477
676.300 1827.489
676.340 1867.929
676.370 1836.369
676.410 1795.809
676.450 1787.106
676.480 1816.403
676.520 1817.986
676.560 1731.426
676.590 1705.009
676.630 1753.449
676.670 1817.461
676.700 1843.043
676.740 1844.626
676.780 1873.352
676.810 1890.506
676.850 1861.089
676.890 1833.815
676.920 1850.255
676.960 1804.837
676.990 1733.849
677.030 1724.574
677.070 1775.443
677.100 1788.311
677.140 1737.037
677.180 1712.620
677.210 1749.631
677.250 1615.357
677.290 1581.695
677.320 1513.968
677.360 1486.623
