537.190 296.979
537.230 278.282
537.270 217.439
537.310 203.941
537.350 261.799
537.390 323.380
537.430 300.969
537.470 281.852
537.510 344.314
537.550 407.356
537.590 445.406
537.630 459.607
537.670 512.245
537.710 552.604
537.750 493.828
537.790 415.774
537.830 458.442
537.870 470.546
537.910 428.228
537.950 425.490
537.990 536.187
538.030 608.320
538.070 628.174
538.110 564.464
538.150 551.618
538.190 569.493
538.230 512.232
538.270 352.549
538.310 352.015
538.350 388.345
538.390 385.111
538.430 424.168
538.470 467.089
538.510 466.730
538.560 475.234
538.600 487.745
538.640 572.405
538.680 635.213
538.720 560.598
538.760 561.990
538.800 626.244
538.840 635.932
538.880 538.912
538.920 464.469
538.960 484.602
539.000 580.741
539.040 570.599
539.080 514.748
539.120 552.474
539.160 577.062
539.200 517.369
539.240 452.395
539.280 513.855
539.320 514.462
539.360 484.217
539.400 528.976
539.440 632.597
539.480 682.223
539.520 683.424
539.560 592.202
539.600 596.697
539.640 652.626
539.680 588.129
539.720 518.923
539.760 525.435
539.800 512.094
539.840 440.899
539.880 407.708
539.920 505.092
539.960 546.766
540.000 509.443
540.040 461.266
540.080 532.807
540.120 609.066
540.160 620.899
540.200 591.308
540.240 652.290
540.280 716.276
540.320 746.265
540.360 732.399
540.400 743.679
540.440 709.962
540.480 590.391
540.520 523.822
540.560 552.256
540.600 596.264
540.640 594.275
540.680 566.145
540.720 612.017
540.760 664.892
540.800 624.626
540.840 607.648
540.880 635.672
540.920 605.983
540.960 557.726
541.000 588.041
541.040 650.359
541.080 696.393
541.120 641.428
541.160 599.465
541.200 634.075
541.240 668.973
541.280 592.586
541.320 524.629
541.360 508.960
541.400 507.577
541.440 461.482
541.480 469.673
541.520 530.866
541.560 539.916
541.600 553.111
541.640 602.164
541.680 694.932
541.720 743.844
541.760 733.471
541.800 655.956
541.840 622.584
541.880 603.356
541.920 568.700
541.960 552.188
542.000 618.676
542.040 648.879
542.080 673.939
542.120 757.714
542.160 791.775
542.200 757.122
542.240 693.041
542.280 631.245
542.320 583.307
542.360 573.226
542.400 542.288
542.440 572.636
542.480 687.555
542.520 746.331
542.560 710.392
542.600 721.453
542.640 752.657
542.680 737.290
542.720 693.921
542.760 701.410
542.800 767.898
542.840 796.671
542.880 754.730
542.920 771.216
542.970 896.131
543.010 955.045
543.050 852.672
543.090 786.870
543.130 899.639
543.170 969.121
543.210 929.317
543.250 845.797
543.290 847.134
543.330 848.469
543.370 766.804
543.410 632.137
543.450 679.041
543.490 768.372
543.530 738.274
543.570 705.031
543.610 776.645
543.650 826.685
543.690 835.439
543.730 813.619
543.770 822.370
543.810 829.691
543.850 787.153
543.890 773.614
543.930 790.787
543.970 776.387
544.010 713.843
544.050 617.440
544.090 731.893
544.130 791.343
544.170 735.364
544.210 782.525
544.250 872.257
544.290 922.557
544.330 976.571
544.370 947.439
544.410 998.734
544.450 1014.456
544.490 943.747
544.530 924.178
544.570 969.037
544.610 978.750
544.650 886.605
544.690 842.885
544.730 901.878
544.770 915.868
544.810 857.285
544.850 847.986
544.890 868.684
544.930 882.808
544.970 823.216
545.010 774.050
545.050 829.881
545.090 889.567
545.130 805.965
545.170 751.075
545.210 811.611
545.250 834.145
545.290 796.962
545.330 752.776
545.370 779.444
545.410 830.396
545.450 804.631
545.490 755.720
545.530 826.378
545.570 881.034
545.610 845.401
545.650 799.765
545.690 791.698
545.730 841.057
545.770 835.841
545.810 761.909
545.850 777.688
545.890 816.035
545.930 786.522
545.960 755.007
546.000 776.917
546.040 780.110
546.080 762.300
546.120 709.916
546.160 711.671
546.200 740.138
546.240 785.887
546.280 816.919
546.320 888.948
546.360 970.689
546.400 989.426
546.440 1015.017
546.480 1083.748
546.520 1082.476
546.560 1018.772
546.600 967.493
546.640 964.640
546.680 998.213
546.720 950.353
546.760 953.490
546.800 991.053
546.840 982.612
546.880 964.311
546.920 965.864
546.960 964.699
547.000 965.388
547.040 905.503
547.080 922.471
547.120 966.578
547.160 977.968
547.200 917.498
547.240 903.453
547.280 951.261
547.320 954.352
547.360 878.153
547.400 915.095
547.440 994.747
547.480 988.824
547.520 952.612
547.560 980.396
547.600 994.748
547.640 982.526
547.680 911.871
547.720 891.213
547.760 943.980
547.800 991.744
547.840 940.075
547.880 902.260
547.920 939.728
547.960 960.477
548.000 888.508
548.040 871.822
548.080 909.561
548.120 942.867
548.160 967.028
548.200 997.184
548.240 1040.766
548.280 1054.629
548.320 1034.204
548.360 980.917
548.400 943.056
548.440 937.619
548.480 899.322
548.520 864.449
548.560 915.859
548.600 950.408
548.640 936.239
548.680 1001.209
548.720 1115.175
548.760 1178.424
548.800 1165.669
548.840 1117.481
548.880 1163.005
548.920 1210.810
548.960 1162.183
549.000 1111.552
549.040 1090.347
549.080 1097.994
549.120 1105.210
549.160 1063.278
549.200 1003.344
549.240 964.119
549.280 925.748
549.320 919.374
549.360 971.710
549.400 992.899
549.440 950.371
549.480 1000.267
549.520 1082.159
549.560 1063.905
549.600 1020.933
549.640 1014.529
549.680 1057.121
549.720 1093.852
549.760 1089.008
549.800 1084.732
549.840 1136.737
549.880 1153.025
549.920 1090.880
549.960 1072.303
550.000 1069.722
550.040 1053.852
550.080 988.835
550.120 919.100
550.160 985.790
550.200 1035.762
550.240 996.445
550.280 1100.838
550.320 1228.513
550.350 1283.899
550.390 1265.709
550.430 1234.230
550.470 1281.319
550.510 1311.261
550.550 1201.628
550.590 1137.134
550.630 1161.922
550.670 1221.706
550.710 1193.201
550.750 1159.693
550.790 1234.894
550.830 1270.235
550.870 1199.858
550.910 1194.477
550.950 1211.664
550.990 1211.133
551.030 1154.599
551.070 1056.203
551.110 1085.947
551.150 1143.686
551.190 1094.137
551.230 1022.726
551.270 995.455
551.310 976.894
551.350 929.330
551.390 874.334
551.430 847.619
551.470 850.615
551.510 890.893
551.550 987.453
551.590 1072.438
551.630 1107.848
551.670 1051.683
551.710 1048.086
551.750 1125.056
551.790 1143.452
551.830 1057.700
551.870 1067.231
551.910 1194.187
551.950 1273.711
551.990 1255.231
552.030 1266.747
552.070 1348.117
552.110 1362.340
552.150 1266.132
552.190 1158.348
552.230 1200.417
552.270 1253.198
552.310 1168.260
552.350 1036.319
552.390 1113.517
552.430 1186.712
552.470 1174.760
552.510 1189.805
552.550 1282.132
552.590 1366.026
552.630 1431.346
552.660 1387.519
552.700 1380.689
552.740 1390.998
552.780 1273.732
552.820 1156.748
552.860 1159.903
552.900 1172.341
552.940 1149.346
552.980 1188.063
553.020 1287.490
553.060 1393.914
553.100 1384.334
553.140 1331.322
553.180 1353.449
553.220 1369.287
553.260 1311.122
553.300 1242.668
553.340 1202.924
553.380 1218.606
553.420 1192.712
553.460 1130.101
553.500 1166.915
553.540 1185.440
553.580 1167.676
553.620 1183.193
553.660 1197.565
553.700 1192.648
553.740 1192.155
553.780 1147.231
553.820 1157.018
553.860 1179.087
553.900 1124.581
553.940 1132.072
553.980 1213.845
554.020 1214.615
554.060 1177.238
554.100 1181.001
554.140 1170.761
554.180 1160.089
554.220 1111.556
554.260 1113.163
554.300 1207.195
554.340 1256.938
554.380 1200.249
554.410 1180.414
554.450 1295.861
554.490 1355.877
554.530 1255.889
554.570 1192.755
554.610 1211.046
554.650 1282.192
554.690 1314.334
554.730 1297.187
554.770 1316.894
554.810 1341.026
554.850 1285.583
554.890 1283.281
554.930 1278.403
554.970 1243.094
555.010 1138.924
555.050 1077.752
555.090 1153.004
555.130 1204.254
555.170 1159.786
555.210 1144.886
555.250 1203.268
555.290 1254.648
555.330 1242.596
555.370 1133.398
555.410 1139.768
555.450 1183.849
555.490 1148.784
555.530 1159.288
555.570 1281.074
555.610 1347.714
555.650 1398.352
555.690 1416.271
555.730 1477.188
555.770 1507.959
555.810 1450.298
555.850 1378.491
555.890 1345.538
555.920 1327.868
555.960 1289.623
556.000 1249.090
556.040 1246.839
556.080 1224.300
556.120 1131.900
556.160 1093.784
556.200 1197.521
556.240 1252.112
556.280 1189.701
556.320 1201.000
556.360 1270.726
556.400 1313.877
556.440 1340.025
556.480 1305.455
556.520 1283.740
556.560 1268.451
556.600 1216.444
556.640 1219.863
556.680 1243.422
556.720 1235.263
556.760 1168.102
556.800 1192.367
556.840 1284.057
556.880 1312.601
556.920 1246.000
556.960 1244.253
557.000 1316.074
557.040 1362.321
557.080 1337.994
557.120 1354.236
557.160 1439.474
557.200 1488.853
557.240 1452.943
557.270 1453.459
557.310 1507.115
557.350 1509.911
557.390 1414.132
557.430 1327.351
557.470 1390.710
557.510 1459.352
557.550 1417.134
557.590 1431.485
557.630 1459.976
557.670 1475.464
557.710 1477.235
557.750 1437.146
557.790 1497.911
557.830 1542.531
557.870 1433.434
557.910 1383.192
557.950 1459.803
557.990 1515.841
558.030 1520.733
558.070 1509.766
558.110 1483.224
558.150 1496.394
558.190 1476.561
558.230 1456.868
558.270 1479.887
558.310 1490.332
558.350 1412.203
558.390 1426.786
558.430 1490.794
558.460 1520.514
558.500 1467.803
558.540 1437.090
558.580 1416.802
558.620 1392.797
558.660 1348.219
558.700 1346.066
558.740 1389.626
558.780 1418.325
558.820 1350.879
558.860 1395.574
558.900 1472.123
558.940 1482.098
558.980 1420.641
559.020 1410.183
559.060 1461.293
559.100 1516.115
559.140 1412.221
559.180 1345.181
559.220 1318.995
559.260 1331.522
559.300 1296.903
559.340 1198.710
559.380 1185.086
559.420 1276.603
559.460 1289.402
559.500 1294.771
559.540 1279.995
559.570 1241.359
559.610 1234.720
559.650 1239.079
559.690 1208.436
559.730 1206.362
559.770 1228.285
559.810 1282.349
559.850 1357.553
559.890 1416.755
559.930 1389.240
559.970 1372.580
560.010 1403.918
560.050 1409.682
560.090 1323.729
560.130 1325.060
560.170 1356.531
560.210 1398.857
560.250 1408.609
560.290 1410.074
560.330 1480.678
560.370 1554.995
560.410 1547.167
560.450 1577.622
560.490 1610.503
560.530 1591.382
560.570 1536.973
560.600 1469.562
560.640 1517.434
560.680 1521.733
560.720 1494.315
560.760 1469.180
560.800 1510.758
560.840 1535.190
560.880 1504.192
560.920 1456.906
560.960 1474.332
561.000 1426.898
561.040 1388.748
561.080 1350.024
561.120 1354.442
561.160 1356.999
561.200 1285.841
561.240 1257.537
561.280 1310.802
561.320 1323.352
561.360 1290.327
561.400 1277.158
561.440 1382.415
561.480 1462.384
561.520 1417.779
561.550 1356.601
561.590 1345.707
561.630 1377.239
561.670 1357.769
561.710 1341.154
561.750 1375.966
561.790 1418.632
561.830 1445.297
561.870 1482.245
561.910 1541.191
561.950 1579.135
561.990 1480.363
562.030 1450.731
562.070 1433.526
562.110 1389.320
562.150 1388.682
562.190 1335.614
562.230 1322.972
562.270 1353.186
562.310 1307.397
562.350 1318.321
562.390 1387.671
562.430 1371.877
562.460 1354.223
562.500 1399.996
562.540 1450.053
562.580 1451.679
562.620 1445.303
562.660 1449.068
562.700 1518.832
562.740 1541.164
562.780 1468.495
562.820 1426.252
562.860 1436.579
562.900 1401.761
562.940 1326.084
562.980 1273.834
563.020 1274.153
563.060 1276.899
563.100 1278.072
563.140 1331.385
563.180 1403.983
563.220 1433.721
563.260 1380.743
563.300 1321.620
563.330 1361.067
563.370 1352.084
563.410 1266.813
563.450 1256.540
563.490 1298.837
563.530 1330.989
563.570 1394.568
563.610 1396.145
563.650 1455.577
563.690 1531.722
563.730 1516.151
563.770 1502.863
563.810 1532.574
563.850 1531.426
563.890 1506.133
563.930 1434.267
563.970 1423.256
564.010 1416.815
564.050 1378.658
564.090 1357.499
564.130 1378.053
564.160 1362.033
564.200 1357.012
564.240 1359.561
564.280 1459.822
564.320 1497.224
564.360 1431.910
564.400 1407.594
564.440 1473.991
564.480 1469.529
564.520 1375.209
564.560 1289.743
564.600 1337.705
564.640 1380.807
564.680 1398.480
564.720 1424.436
564.760 1458.963
564.800 1497.773
564.840 1443.296
564.880 1410.531
564.920 1547.479
564.950 1555.569
564.990 1469.228
565.030 1478.742
565.070 1501.398
565.110 1508.195
565.150 1430.419
565.190 1259.927
565.230 1221.719
565.270 1245.081
565.310 1209.013
565.350 1220.229
565.390 1314.729
565.430 1355.656
565.470 1342.581
565.510 1355.076
565.550 1385.284
565.590 1397.776
565.630 1370.553
565.670 1293.899
565.700 1306.386
565.740 1381.014
565.780 1355.070
565.820 1293.838
565.860 1319.177
565.900 1320.942
565.940 1326.563
565.980 1404.468
566.020 1478.943
566.060 1515.416
566.100 1520.459
566.140 1572.930
566.180 1675.256
566.220 1709.437
566.260 1623.618
566.300 1567.653
566.340 1587.259
566.380 1604.149
566.420 1529.609
566.450 1481.353
566.490 1506.953
566.530 1502.408
566.570 1472.005
566.610 1481.743
566.650 1528.337
566.690 1515.501
566.730 1463.520
566.770 1474.110
566.810 1570.269
566.850 1595.427
566.890 1546.727
566.930 1543.025
566.970 1666.607
567.010 1732.331
567.050 1695.910
567.090 1670.203
567.130 1745.065
567.160 1795.783
567.200 1753.357
567.240 1686.215
567.280 1701.786
567.320 1696.927
567.360 1622.638
567.400 1582.777
567.440 1609.485
567.480 1644.906
567.520 1626.326
567.560 1637.459
567.600 1696.447
567.640 1705.863
567.680 1625.706
567.720 1562.548
567.760 1607.817
567.800 1612.227
567.840 1517.493
567.870 1483.187
567.910 1545.307
567.950 1599.998
567.990 1622.116
568.030 1562.804
568.070 1563.777
568.110 1602.033
568.150 1540.432
568.190 1514.686
568.230 1535.511
568.270 1518.477
568.310 1486.727
568.350 1467.262
568.390 1493.081
568.430 1507.899
568.470 1437.001
568.510 1415.959
568.540 1463.916
568.580 1491.586
568.620 1490.541
568.660 1530.208
568.700 1651.732
568.740 1716.682
568.780 1659.775
568.820 1603.437
568.860 1665.812
568.900 1700.758
568.940 1610.274
568.980 1492.074
569.020 1438.731
569.060 1425.814
569.100 1388.468
569.140 1307.263
569.170 1354.629
569.210 1397.422
569.250 1409.214
569.290 1461.719
569.330 1538.079
569.370 1632.439
569.410 1667.655
569.450 1587.298
569.490 1621.082
569.530 1666.866
569.570 1640.791
569.610 1619.143
569.650 1588.637
569.690 1579.845
569.730 1571.336
569.770 1541.541
569.800 1561.174
569.840 1589.234
569.880 1555.292
569.920 1531.064
569.960 1496.120
570.000 1449.461
570.040 1389.515
570.080 1350.997
570.120 1383.905
570.160 1443.956
570.200 1447.434
570.240 1513.625
570.280 1631.530
570.320 1680.004
570.360 1619.764
570.400 1565.522
570.430 1587.136
570.470 1580.606
570.510 1509.790
570.550 1451.972
570.590 1490.582
570.630 1550.191
570.670 1542.941
570.710 1483.405
570.750 1514.296
570.790 1564.615
570.830 1608.075
570.870 1615.534
570.910 1572.850
570.950 1546.450
570.990 1506.192
571.020 1480.504
571.060 1517.958
571.100 1495.411
571.140 1417.720
571.180 1479.742
571.220 1569.049
571.260 1610.069
571.300 1598.374
571.340 1559.107
571.380 1616.266
571.420 1663.140
571.460 1597.583
571.500 1565.597
571.540 1611.182
571.580 1608.336
571.610 1532.490
571.650 1505.214
571.690 1555.795
571.730 1567.660
571.770 1497.381
571.810 1486.672
571.850 1562.963
571.890 1608.252
571.930 1566.112
571.970 1485.543
572.010 1530.544
572.050 1594.401
572.090 1552.399
572.130 1531.255
572.170 1612.823
572.200 1634.819
572.240 1616.957
572.280 1636.665
572.320 1653.087
572.360 1651.364
572.400 1592.498
572.440 1538.631
572.480 1530.335
572.520 1582.752
572.560 1535.025
572.600 1501.297
572.640 1582.282
572.680 1630.981
572.720 1615.678
572.750 1648.661
572.790 1596.928
572.830 1553.052
572.870 1527.460
572.910 1464.439
572.950 1477.274
572.990 1492.251
573.030 1400.084
573.070 1384.631
573.110 1421.462
573.150 1448.864
573.190 1463.122
573.230 1435.093
573.270 1420.493
573.310 1428.891
573.340 1445.860
573.380 1488.399
573.420 1550.080
573.460 1567.760
573.500 1544.726
573.540 1591.119
573.580 1763.368
573.620 1844.616
573.660 1815.720
573.700 1832.824
573.740 1841.927
573.780 1886.314
573.820 1887.558
573.850 1804.801
573.890 1769.186
573.930 1751.999
573.970 1684.668
574.010 1684.050
574.050 1801.003
574.090 1850.527
574.130 1775.335
574.170 1772.857
574.210 1827.806
574.250 1815.041
574.290 1772.703
574.330 1740.079
574.370 1795.453
574.400 1842.113
574.440 1837.629
574.480 1807.287
574.520 1837.516
574.560 1866.315
574.600 1776.256
574.640 1648.911
574.680 1733.993
574.720 1797.932
574.760 1812.727
574.800 1793.950
574.840 1773.743
574.880 1732.964
574.910 1693.328
574.950 1605.976
574.990 1644.623
575.030 1675.555
575.070 1651.487
575.110 1640.418
575.150 1627.062
575.190 1616.705
575.230 1564.062
575.270 1464.418
575.310 1415.202
575.350 1423.699
575.390 1417.768
575.420 1431.263
575.460 1463.187
575.500 1497.253
575.540 1473.461
575.580 1502.668
575.620 1539.302
575.660 1539.222
575.700 1576.427
575.740 1584.631
575.780 1599.691
575.820 1590.751
575.860 1501.667
575.900 1466.153
575.930 1486.211
575.970 1450.553
576.010 1439.323
576.050 1484.521
576.090 1548.004
576.130 1579.058
576.170 1561.396
576.210 1534.448
576.250 1542.500
576.290 1583.265
576.330 1543.029
576.370 1501.507
576.410 1546.698
576.440 1601.174
576.480 1634.793
576.520 1673.982
576.560 1671.170
576.600 1645.072
576.640 1613.545
576.680 1588.446
576.720 1567.917
576.760 1537.816
576.800 1466.000
576.840 1463.898
576.880 1486.509
576.920 1499.406
576.950 1453.730
576.990 1420.054
577.030 1475.948
577.070 1553.841
577.110 1515.449
577.150 1512.912
577.190 1512.232
577.230 1522.552
577.270 1520.299
577.310 1502.760
577.350 1509.363
577.390 1525.822
577.420 1493.852
577.460 1562.311
577.500 1616.054
577.540 1631.368
577.580 1590.252
577.620 1557.565
577.660 1526.163
577.700 1487.902
577.740 1405.499
577.780 1351.237
577.820 1398.261
577.860 1461.712
577.890 1445.592
577.930 1480.756
577.970 1590.491
578.010 1609.369
578.050 1620.817
578.090 1635.265
578.130 1681.569
578.170 1726.729
578.210 1703.175
578.250 1684.905
578.290 1758.493
578.330 1781.794
578.360 1733.379
578.400 1639.393
578.440 1583.264
578.480 1575.276
578.520 1529.717
578.560 1498.014
578.600 1471.882
578.640 1447.892
578.680 1447.759
578.720 1538.339
578.760 1636.490
578.800 1624.783
578.830 1565.076
578.870 1667.797
578.910 1719.231
578.950 1726.808
578.990 1664.669
579.030 1599.959
579.070 1627.962
579.110 1644.965
579.150 1558.539
579.190 1513.397
579.230 1571.684
579.260 1619.113
579.300 1635.684
579.340 1671.683
579.380 1757.967
579.420 1807.537
579.460 1792.534
579.500 1740.960
579.540 1736.384
579.580 1719.951
579.620 1649.375
579.660 1566.798
579.700 1572.792
579.730 1623.642
579.770 1593.778
579.810 1574.198
579.850 1564.761
579.890 1593.181
579.930 1587.457
579.970 1619.875
580.010 1706.293
580.050 1701.711
580.090 1635.556
580.130 1602.401
580.160 1595.673
580.200 1604.945
580.240 1479.646
580.280 1350.059
580.320 1389.616
580.360 1422.886
580.400 1470.583
580.440 1507.852
580.480 1519.121
580.520 1563.531
580.560 1589.370
580.590 1597.636
580.630 1653.617
580.670 1683.454
580.710 1656.004
580.750 1660.554
580.790 1698.390
580.830 1711.225
580.870 1676.059
580.910 1633.178
580.950 1679.583
580.990 1717.130
581.020 1696.819
581.060 1665.936
581.100 1681.339
581.140 1741.026
581.180 1732.856
581.220 1676.257
581.260 1719.229
581.300 1749.200
581.340 1734.028
581.380 1705.856
581.420 1660.254
581.450 1634.509
581.490 1585.192
581.530 1509.731
581.570 1499.842
581.610 1501.381
581.650 1483.490
581.690 1480.599
581.730 1549.707
581.770 1591.101
581.810 1588.780
581.850 1581.601
581.880 1635.279
581.920 1669.099
581.960 1645.919
582.000 1576.024
582.040 1566.271
582.080 1565.233
582.120 1541.193
582.160 1536.296
582.200 1524.970
582.240 1539.358
582.280 1612.602
582.310 1665.703
582.350 1774.518
582.390 1832.046
582.430 1796.860
582.470 1854.674
582.510 1937.058
582.550 1915.870
582.590 1814.111
582.630 1694.065
582.670 1718.733
582.700 1772.829
582.740 1714.068
582.780 1681.306
582.820 1734.401
582.860 1776.209
582.900 1767.875
582.940 1721.968
582.980 1726.489
583.020 1769.582
583.060 1731.817
583.100 1641.051
583.130 1655.285
583.170 1698.804
583.210 1699.323
583.250 1655.984
583.290 1663.216
583.330 1672.733
583.370 1663.964
583.410 1656.766
583.450 1646.711
583.490 1614.226
583.520 1594.884
583.560 1601.113
583.600 1657.198
583.640 1712.141
583.680 1688.082
583.720 1709.881
583.760 1800.536
583.800 1824.762
583.840 1746.845
583.880 1617.213
583.910 1623.152
583.950 1654.805
583.990 1599.315
584.030 1565.253
584.070 1616.762
584.110 1643.698
584.150 1691.349
584.190 1726.142
584.230 1799.507
584.270 1875.299
584.310 1842.948
584.340 1788.025
584.380 1839.388
584.420 1886.893
584.460 1813.540
584.500 1771.187
584.540 1779.262
584.580 1821.908
584.620 1831.839
584.660 1747.913
584.700 1770.844
584.730 1838.202
584.770 1792.846
584.810 1759.204
584.850 1790.276
584.890 1807.204
584.930 1821.704
584.970 1800.060
585.010 1822.130
585.050 1840.914
585.080 1796.126
585.120 1703.624
585.160 1654.406
585.200 1664.474
585.240 1659.971
585.280 1634.181
585.320 1607.390
585.360 1542.742
585.400 1489.237
585.440 1517.874
585.470 1532.511
585.510 1494.290
585.550 1421.068
585.590 1478.275
585.630 1616.482
585.670 1665.259
585.710 1639.036
585.750 1692.099
585.790 1796.589
585.830 1831.508
585.860 1757.427
585.900 1758.773
585.940 1823.405
585.980 1830.608
586.020 1723.239
586.060 1624.584
586.100 1647.786
586.140 1641.988
586.180 1534.474
586.220 1466.675
586.250 1516.732
586.290 1553.218
586.330 1519.846
586.370 1479.902
586.410 1521.530
586.450 1581.728
586.490 1587.783
586.530 1561.267
586.570 1634.607
586.600 1689.232
586.640 1691.143
586.680 1683.482
586.720 1733.392
586.760 1780.587
586.800 1759.925
586.840 1756.120
586.880 1798.457
586.920 1811.794
586.960 1808.702
586.990 1788.609
587.030 1795.374
587.070 1822.137
587.110 1775.044
587.150 1796.807
587.190 1863.570
587.230 1898.190
587.270 1855.095
587.310 1860.142
587.340 1857.332
587.380 1889.522
587.420 1850.425
587.460 1795.186
587.500 1801.803
587.540 1815.991
587.580 1767.179
587.620 1797.081
587.660 1818.411
587.690 1841.740
587.730 1816.498
587.770 1792.399
587.810 1827.156
587.850 1840.627
587.890 1760.526
587.930 1692.140
587.970 1645.467
588.010 1630.794
588.050 1594.835
588.080 1564.590
588.120 1628.487
588.160 1696.670
588.200 1682.566
588.240 1722.320
588.280 1846.644
588.320 1887.397
588.360 1830.721
588.400 1768.616
588.430 1731.511
588.470 1742.976
588.510 1663.585
588.550 1540.335
588.590 1543.943
588.630 1612.550
588.670 1583.443
588.710 1622.764
588.750 1713.513
588.780 1744.976
588.820 1719.010
588.860 1667.616
588.900 1719.363
588.940 1781.968
588.980 1722.287
589.020 1714.319
589.060 1764.780
589.100 1807.098
589.130 1875.844
589.170 1868.018
589.210 1868.049
589.250 1865.365
589.290 1804.396
589.330 1821.854
589.370 1877.741
589.410 1870.485
589.450 1816.371
589.480 1823.829
589.520 1905.000
589.560 1906.457
589.600 1799.342
589.640 1817.798
589.680 1879.254
589.720 1868.138
589.760 1777.022
589.800 1725.191
589.830 1757.074
589.870 1838.100
589.910 1778.554
589.950 1739.436
589.990 1762.032
590.030 1811.057
590.070 1785.367
590.110 1767.105
590.150 1823.700
590.180 1863.152
590.220 1839.889
590.260 1886.055
590.300 1988.220
590.340 2047.671
590.380 2027.264
590.420 1973.000
590.460 1962.735
590.490 1970.756
590.530 1931.777
590.570 1891.226
590.610 1951.960
590.650 2008.980
590.690 1988.428
590.730 1969.304
590.770 2022.609
590.810 2045.199
590.840 2019.789
590.880 2017.235
590.920 2062.825
590.960 2073.128
591.000 2058.145
591.040 1990.019
591.080 2026.178
591.120 2035.480
591.160 1979.354
591.190 1894.798
591.230 1874.671
591.270 1882.400
591.310 1875.415
591.350 1864.001
591.390 1919.873
591.430 1907.315
591.470 1909.329
591.500 1974.485
591.540 2039.927
591.580 2074.512
591.620 2022.239
591.660 1978.394
591.700 2076.835
591.740 2100.561
591.780 1991.858
591.820 1929.298
591.850 1979.452
591.890 1996.606
591.930 1952.759
591.970 1870.484
592.010 1911.922
592.050 2001.075
592.090 2007.370
592.130 1924.665
592.160 1904.388
592.200 1902.825
592.240 1868.834
592.280 1778.842
592.320 1753.278
592.360 1764.286
592.400 1792.436
592.440 1834.300
592.470 1916.164
592.510 1960.885
592.550 2011.177
592.590 2142.754
592.630 2313.046
592.670 2365.480
592.710 2366.914
592.750 2386.204
592.790 2458.352
592.820 2506.785
592.860 2428.504
592.900 2362.936
592.940 2396.225
592.980 2441.372
593.020 2454.804
593.060 2493.807
593.100 2586.524
593.130 2625.526
593.170 2570.957
593.210 2552.102
593.250 2606.675
593.290 2565.390
593.330 2483.677
593.370 2420.821
593.410 2392.679
593.440 2397.965
593.480 2380.251
593.520 2328.394
593.560 2318.822
593.600 2295.393
593.640 2253.392
593.680 2310.391
593.720 2417.819
593.750 2455.960
593.790 2430.672
593.830 2418.099
593.870 2406.525
593.910 2380.237
593.950 2297.520
593.990 2221.517
594.030 2207.371
594.060 2214.511
594.100 2239.507
594.140 2309.217
594.180 2408.499
594.220 2482.637
594.260 2462.918
594.300 2462.914
594.340 2470.194
594.380 2473.903
594.410 2453.040
594.450 2420.463
594.490 2451.886
594.530 2487.594
594.570 2472.730
594.610 2532.152
594.650 2604.288
594.690 2646.566
594.720 2651.130
594.760 2661.551
594.800 2645.972
594.840 2613.535
594.880 2573.241
594.920 2543.090
594.960 2523.653
594.990 2527.358
595.030 2453.634
595.070 2495.911
595.110 2543.472
595.150 2487.462
595.190 2409.881
595.230 2416.871
595.270 2418.574
595.300 2387.706
595.340 2283.695
595.380 2219.541
595.420 2249.101
595.460 2286.232
595.500 2225.649
595.540 2190.351
595.580 2240.339
595.610 2247.755
595.650 2200.028
595.690 2109.586
595.730 2089.001
595.770 2086.274
595.810 2021.117
595.850 1908.246
595.890 1851.661
595.920 1851.361
595.960 1840.346
596.000 1824.617
596.040 1864.031
596.080 1858.444
596.120 1814.000
596.160 1848.842
596.200 1864.112
596.230 1835.810
596.270 1752.937
596.310 1665.492
596.350 1650.475
596.390 1652.030
596.430 1586.584
596.470 1627.281
596.500 1706.406
596.540 1723.817
596.580 1709.085
596.620 1746.353
596.660 1817.620
596.700 1831.173
596.740 1749.726
596.780 1720.993
596.810 1702.831
596.850 1648.811
596.890 1588.078
596.930 1570.772
596.970 1657.466
597.010 1705.161
597.050 1690.283
597.090 1761.548
597.120 1869.956
597.160 1907.935
597.200 1873.057
597.240 1819.178
597.280 1836.585
597.320 1821.135
597.360 1746.827
597.390 1772.377
597.430 1839.783
597.470 1867.189
597.510 1827.738
597.550 1787.858
597.590 1875.977
597.630 1954.383
597.670 1870.073
597.700 1772.478
597.740 1813.597
597.780 1863.430
597.820 1883.120
597.860 1828.667
597.900 1765.643
597.940 1761.475
597.970 1768.021
598.010 1737.710
598.050 1744.256
598.090 1718.516
598.130 1705.205
598.170 1743.036
598.210 1769.724
598.250 1761.840
598.280 1718.814
598.320 1690.501
598.360 1726.332
598.400 1716.162
598.440 1694.420
598.480 1691.678
598.520 1722.222
598.550 1736.480
598.590 1714.452
598.630 1671.423
598.670 1718.109
598.710 1717.938
598.750 1698.480
598.790 1724.451
598.830 1769.279
598.860 1795.393
598.900 1797.506
598.940 1770.048
598.980 1824.161
599.020 1850.559
599.060 1785.529
599.100 1762.499
599.130 1782.325
599.170 1777.151
599.210 1748.120
599.250 1714.946
599.290 1759.915
599.330 1773.884
599.370 1720.995
599.400 1741.391
599.440 1797.359
599.480 1816.470
599.520 1759.866
599.560 1696.262
599.600 1793.229
599.640 1855.625
599.670 1769.592
599.710 1778.987
599.750 1840.525
599.790 1876.920
599.830 1870.886
599.870 1807.424
599.910 1776.675
599.950 1827.069
599.980 1761.321
600.020 1703.715
600.060 1692.680
600.100 1697.502
600.140 1669.038
600.180 1675.717
600.220 1639.967
600.250 1606.789
600.290 1597.038
600.330 1656.717
600.370 1701.395
600.410 1675.358
600.450 1628.036
600.490 1655.999
600.520 1761.963
600.560 1814.068
600.600 1780.603
600.640 1751.422
600.680 1834.956
600.720 1893.633
600.760 1884.881
600.790 1901.700
600.830 1899.376
600.870 1866.195
600.910 1828.870
600.950 1800.832
600.990 1849.793
601.030 1864.182
601.060 1743.715
601.100 1709.390
601.140 1786.064
601.180 1827.025
601.220 1796.699
601.260 1737.516
601.300 1789.048
601.330 1882.150
601.370 1881.681
601.410 1812.069
601.450 1836.885
601.490 1874.130
601.530 1861.803
601.570 1767.476
601.600 1741.149
601.640 1764.108
601.680 1782.494
601.720 1797.738
601.760 1784.982
601.800 1769.797
601.840 1811.326
601.870 1801.855
601.910 1858.384
601.950 1877.484
601.990 1797.298
602.030 1816.826
602.070 1923.783
602.110 1930.454
602.140 1928.124
602.180 1928.366
602.220 1947.179
602.260 1979.850
602.300 1947.663
602.340 1896.904
602.380 1942.145
602.410 1935.815
602.450 1833.341
602.490 1801.153
602.530 1777.251
602.570 1744.492
602.610 1732.018
602.650 1753.401
602.680 1775.212
602.720 1775.880
602.760 1741.263
602.800 1784.503
602.840 1863.885
602.880 1864.410
602.920 1769.363
602.950 1725.459
602.990 1723.555
603.030 1722.937
603.070 1668.890
603.110 1607.414
603.150 1640.080
603.190 1699.604
603.220 1744.271
603.260 1771.080
603.300 1798.603
603.340 1822.127
603.380 1823.221
603.420 1775.887
603.450 1737.695
603.490 1724.504
603.530 1717.740
603.570 1744.263
603.610 1750.071
603.650 1723.307
603.690 1682.829
603.720 1689.208
603.760 1749.015
603.800 1788.108
603.840 1762.772
603.880 1802.722
603.920 1851.386
603.960 1857.050
603.990 1818.428
604.030 1761.234
604.070 1734.898
604.110 1753.561
604.150 1705.938
604.190 1756.030
604.230 1862.121
604.260 1935.212
604.300 1924.589
604.340 1898.395
604.380 1970.057
604.420 2035.433
604.460 1980.238
604.490 1933.329
604.530 1906.276
604.570 1932.366
604.610 1956.599
604.650 1855.403
604.690 2145.922
604.730 2340.154
604.760 2299.529
604.800 2270.190
604.840 2316.422
604.880 2326.797
604.920 2325.743
604.960 1980.689
604.990 1784.349
605.030 1789.295
605.070 1809.240
605.110 1794.043
605.150 1810.845
605.190 1812.934
605.230 1770.164
605.260 1721.395
605.300 1770.197
605.340 1784.142
605.380 1744.372
605.420 1747.459
605.460 1815.689
605.500 1896.919
605.530 1976.149
605.570 1966.664
605.610 1983.036
605.650 1998.266
605.690 1956.638
605.730 1881.152
605.760 1856.953
605.800 1845.467
605.840 1855.982
605.880 1850.496
605.920 1864.867
605.960 1892.238
606.000 1903.467
606.030 1913.980
606.070 1929.923
606.110 1911.722
606.150 1874.950
606.190 1823.320
606.230 1831.119
606.260 1842.918
606.300 1802.716
606.340 1845.800
606.380 1885.456
606.420 1885.540
606.460 1890.910
606.490 1894.136
606.530 1952.934
606.570 1984.732
606.610 1913.672
606.650 1940.470
606.690 2015.981
606.730 2052.207
606.760 2050.576
606.800 2045.087
606.840 2070.027
606.880 2057.681
606.920 1965.763
606.960 1891.560
606.990 1904.928
607.030 1946.152
607.070 1915.377
607.110 1876.745
607.150 1898.826
607.190 1951.194
607.230 1997.847
607.260 2027.499
607.300 2012.723
607.340 2037.519
607.380 2082.600
607.420 2194.538
607.460 2328.190
607.490 2420.413
607.530 2442.494
607.570 2544.288
607.610 2721.940
607.650 2859.877
607.690 2903.386
607.720 2989.037
607.760 3156.117
607.800 3327.911
607.840 3424.705
607.880 3528.070
607.920 3746.006
607.960 3948.657
607.990 4014.736
608.030 4061.958
608.070 4173.323
608.110 4305.973
608.150 4401.480
608.190 4423.844
608.220 4493.637
608.260 4615.001
608.300 4734.079
608.340 4853.586
608.380 4977.949
608.420 5062.170
608.450 5137.534
608.490 5226.326
608.530 5337.832
608.570 5387.052
608.610 5381.129
608.650 5450.064
608.680 5523.426
608.720 5541.218
608.760 5527.294
608.800 5542.943
608.840 5614.591
608.880 5647.810
608.910 5586.744
608.950 5593.249
608.990 5672.039
609.030 5686.829
609.070 5665.191
609.110 5678.124
609.150 5719.486
609.180 5746.133
609.220 5728.208
609.260 5766.712
609.300 5871.502
609.340 5913.291
609.380 5896.795
609.410 5945.442
609.450 6071.231
609.490 6099.306
609.530 6071.809
609.570 6055.026
609.610 6032.958
609.640 6023.318
609.680 5955.678
609.720 5838.038
609.760 5821.826
609.800 5763.472
609.840 5679.974
609.870 5666.334
609.910 5632.407
609.950 5584.195
609.990 5508.126
610.030 5396.913
610.070 5324.272
610.100 5185.488
610.140 5024.133
610.180 4823.206
610.220 4669.993
610.260 4558.923
610.300 4382.709
610.330 4190.782
610.370 4068.854
610.410 3906.070
610.450 3769.856
610.490 3679.928
610.530 3551.429
610.560 3408.929
610.600 3247.573
610.640 3150.787
610.680 3087.287
610.720 2983.930
610.760 2831.573
610.790 2725.930
610.830 2676.144
610.870 2611.072
610.910 2497.715
610.950 2430.071
610.990 2441.571
611.020 2431.927
611.060 2372.855
611.100 2362.211
611.140 2396.567
611.180 2379.209
611.220 2270.422
611.250 2167.635
611.290 2093.420
611.330 2003.632
611.370 1903.845
611.410 1884.629
611.450 1922.413
611.480 1946.197
611.520 1934.695
611.560 1939.621
611.600 2033.976
611.640 2034.760
611.680 1968.972
611.710 1952.898
611.750 2033.681
611.790 2063.607
611.830 2012.104
611.870 1923.458
611.910 1947.098
611.940 1932.024
611.980 1826.378
612.020 1733.160
612.060 1757.657
612.100 1800.868
612.140 1771.793
612.170 1798.432
612.210 1868.786
612.250 1929.139
612.290 1934.778
612.330 1912.131
612.370 1947.770
612.400 2021.837
612.440 1968.619
612.480 1920.115
612.520 1970.324
612.560 2001.820
612.600 1986.601
612.630 2002.096
612.670 1996.877
612.710 1984.087
612.750 1964.725
612.790 1972.362
612.820 1985.572
612.860 1963.352
612.900 1849.847
612.940 1856.770
612.980 1927.836
613.020 1933.044
613.050 1845.396
613.090 1818.176
613.130 1875.099
613.170 1913.307
613.210 1863.658
613.250 1861.723
613.280 1925.074
613.320 1941.282
613.360 1880.204
613.400 1846.555
613.440 1870.905
613.480 1894.970
613.510 1879.035
613.550 1868.242
613.590 1896.878
613.630 1916.943
613.670 1865.864
613.710 1828.500
613.740 1876.993
613.780 1904.199
613.820 1845.978
613.860 1836.756
613.900 1861.105
613.930 1863.455
613.970 1846.947
614.010 1821.296
614.050 1786.360
614.090 1794.852
614.130 1768.915
614.160 1763.264
614.200 1898.041
614.240 1953.676
614.280 1877.882
614.320 1874.230
614.360 1945.722
614.390 1943.213
614.430 1891.133
614.470 1769.195
614.510 1803.400
614.550 1839.891
614.580 1761.954
614.620 1728.873
614.660 1758.364
614.700 1771.711
614.740 1782.916
614.780 1719.549
614.810 1775.468
614.850 1853.673
614.890 1771.592
614.930 1736.368
614.970 1754.429
615.010 1736.490
615.040 1736.409
615.080 1668.327
615.120 1635.245
615.160 1644.164
615.200 1637.510
615.230 1724.285
615.270 1739.061
615.310 1724.121
615.350 1730.468
615.390 1710.814
615.430 1707.446
615.460 1691.506
615.500 1587.852
615.540 1576.912
615.580 1573.544
615.620 1547.461
615.650 1599.664
615.690 1666.153
615.730 1742.355
615.770 1798.415
615.810 1803.332
615.850 1830.534
615.880 1884.451
615.920 1861.653
615.960 1828.998
616.000 1787.343
616.040 1827.545
616.080 1878.319
616.110 1851.092
616.150 1851.723
616.190 1875.210
616.230 1878.555
616.270 1855.042
616.300 1831.386
616.340 1853.874
616.380 1885.218
616.420 1841.848
616.460 1860.335
616.500 1886.393
616.530 1883.165
616.570 1821.223
616.610 1744.424
616.650 1758.197
616.690 1798.397
616.720 1714.598
616.760 1713.513
616.800 1815.285
616.840 1858.628
616.880 1853.829
616.920 1833.029
616.950 1830.229
616.990 1870.572
617.030 1825.487
617.070 1743.687
617.110 1812.744
617.140 1868.658
617.180 1855.572
617.220 1841.057
617.260 1886.971
617.300 1937.599
617.340 1913.799
617.370 1838.141
617.410 1811.912
617.450 1811.397
617.490 1802.167
617.530 1804.938
617.560 1771.994
617.600 1802.907
617.640 1839.678
617.680 1893.877
617.720 1957.075
617.750 1984.131
617.790 1921.758
617.830 1965.671
617.870 1992.441
617.910 1948.640
617.950 1865.266
617.980 1783.322
618.020 1783.377
618.060 1806.290
618.100 1743.345
618.140 1765.828
618.170 1827.455
618.210 1847.796
618.250 1835.422
618.290 1843.762
618.330 1858.817
618.370 1851.729
618.400 1750.355
618.440 1677.410
618.480 1728.607
618.520 1782.090
618.560 1739.287
618.590 1782.913
618.630 1875.110
618.670 1917.450
618.710 1926.361
618.750 1896.701
618.780 1920.040
618.820 1948.808
618.860 1845.862
618.900 1784.202
618.940 1809.541
618.980 1782.309
619.010 1730.791
619.050 1731.416
619.090 1753.326
619.130 1786.665
619.170 1767.576
619.200 1790.057
619.240 1803.253
619.280 1788.592
619.320 1720.788
619.360 1655.698
619.390 1681.322
619.430 1714.804
619.470 1641.285
619.510 1644.052
619.550 1719.962
619.590 1758.585
619.620 1775.066
619.660 1804.690
619.700 1795.600
619.740 1811.509
619.780 1811.276
619.810 1837.470
619.850 1830.523
619.890 1813.003
619.930 1744.626
619.970 1783.678
620.000 1880.016
620.040 1891.925
620.080 1815.548
620.120 1892.313
620.160 1919.794
620.190 1896.845
620.230 1823.182
620.270 1757.233
620.310 1787.142
620.350 1801.764
620.390 1646.387
620.420 1655.581
620.460 1733.775
620.500 1761.969
620.540 1706.019
620.580 1697.356
620.610 1746.121
620.650 1851.886
620.690 1832.651
620.730 1835.416
620.770 1904.038
620.800 1946.945
620.840 1876.567
620.880 1787.617
620.920 1705.525
620.960 1724.003
620.990 1680.625
621.030 1658.389
621.070 1670.296
621.110 1684.775
621.150 1723.396
621.180 1764.160
621.220 1799.067
621.260 1805.688
621.300 1726.881
621.340 1736.359
621.380 1793.551
621.410 1785.458
621.450 1762.221
621.490 1773.842
621.530 1831.748
621.570 1869.655
621.600 1839.561
621.640 1881.610
621.680 1896.088
621.720 1882.136
621.760 1793.042
621.790 1743.520
621.830 1795.711
621.870 1813.903
621.910 1733.237
621.950 1785.000
621.980 1902.620
622.020 1930.954
622.060 1872.717
622.100 1789.194
622.140 1800.671
622.170 1818.862
622.210 1746.196
622.250 1717.244
622.290 1754.577
622.330 1828.625
622.360 1866.531
622.400 1846.864
622.440 1817.483
622.480 1811.388
622.520 1753.864
622.550 1751.198
622.590 1718.531
622.630 1677.293
622.670 1666.197
622.710 1739.959
622.740 1796.006
622.780 1780.197
622.820 1742.958
622.860 1747.862
622.900 1805.195
622.930 1817.956
622.970 1752.861
623.010 1713.050
623.050 1800.240
623.090 1836.001
623.130 1793.905
623.160 1780.095
623.200 1782.570
623.240 1767.902
623.280 1744.377
623.320 1638.567
623.350 1583.470
623.390 1601.945
623.430 1543.420
623.470 1541.752
623.510 1621.512
623.540 1663.987
623.580 1698.176
623.620 1739.365
623.660 1826.839
623.700 1864.885
623.730 1806.502
623.770 1751.548
623.810 1803.737
623.850 1852.640
623.890 1812.542
623.920 1789.017
623.960 1856.062
624.000 1927.822
624.040 1908.010
624.080 1848.770
624.110 1866.672
624.150 1904.289
624.190 1818.048
624.230 1758.236
624.270 1777.996
624.300 1803.612
624.340 1767.943
624.380 1723.845
624.420 1724.175
624.450 1764.220
624.490 1732.265
624.530 1665.595
624.570 1689.211
624.610 1768.542
624.640 1801.872
624.680 1827.488
624.720 1881.818
624.760 1928.862
624.800 1936.050
624.830 1932.380
624.870 1900.852
624.910 1820.754
624.950 1737.512
624.990 1688.556
625.020 1691.314
625.060 1687.644
625.100 1614.545
625.140 1649.589
625.180 1746.204
625.210 1783.534
625.250 1767.863
625.290 1779.478
625.330 1838.236
625.370 1862.137
625.400 1806.037
625.440 1814.223
625.480 1899.410
625.520 1959.024
625.560 1944.353
625.590 1950.111
625.630 2015.868
625.670 2024.054
625.710 1945.240
625.750 1887.426
625.780 1922.183
625.820 1964.226
625.860 1898.269
625.900 1863.312
625.940 1872.926
625.970 1870.255
626.010 1833.011
626.050 1824.911
626.090 1891.382
626.130 1946.996
626.160 1931.610
626.200 1951.510
626.240 1994.266
626.280 2003.880
626.310 1902.494
626.350 1773.822
626.390 1741.149
626.430 1751.334
626.470 1705.519
626.500 1730.704
626.540 1787.603
626.580 1804.931
626.620 1785.401
626.660 1830.300
626.690 1882.342
626.730 1904.384
626.770 1828.711
626.810 1819.181
626.850 1919.937
626.880 1975.693
626.920 1909.020
626.960 1881.776
627.000 1926.103
627.040 1973.430
627.070 1928.614
627.110 1847.512
627.150 1869.125
627.190 1913.452
627.230 1848.207
627.260 1748.962
627.300 1744.575
627.340 1759.044
627.380 1721.657
627.410 1630.126
627.450 1621.167
627.490 1703.779
627.530 1772.820
627.570 1749.003
627.600 1732.044
627.640 1760.941
627.680 1771.982
627.720 1795.165
627.760 1826.206
627.790 1845.960
627.830 1853.429
627.870 1872.469
627.910 1893.081
627.950 1905.693
627.980 1847.733
628.020 1835.487
628.060 1860.527
628.100 1853.281
628.130 1819.036
628.170 1819.361
628.210 1874.973
628.250 1872.441
628.290 1784.766
628.320 1766.377
628.360 1810.846
628.400 1849.171
628.440 1827.353
628.480 1830.822
628.510 1846.004
628.550 1820.900
628.590 1747.368
628.630 1766.693
628.660 1794.590
628.700 1790.486
628.740 1725.811
628.780 1766.422
628.820 1846.175
628.850 1873.786
628.890 1847.825
628.930 1860.149
628.970 1820.331
629.010 1767.656
629.040 1702.266
629.080 1653.305
629.120 1645.915
629.160 1571.954
629.200 1502.421
629.230 1572.888
629.270 1652.784
629.310 1692.108
629.350 1689.146
629.380 1812.756
629.420 1960.080
629.460 2014.547
629.500 1985.157
629.540 1966.195
629.570 1940.805
629.610 1938.843
629.650 1816.738
629.690 1770.062
629.720 1778.386
629.760 1783.138
629.800 1814.748
629.840 1921.500
629.880 1984.823
629.910 1941.433
629.950 1855.899
629.990 1841.651
630.030 1876.403
630.070 1851.726
630.100 1776.764
630.140 1816.230
630.180 1968.125
630.220 2015.877
630.250 1987.914
630.290 1991.380
630.330 2021.846
630.370 2012.169
630.410 1923.063
630.440 1844.529
630.480 1871.566
630.520 1863.318
630.560 1816.069
630.600 1814.820
630.630 1829.572
630.670 1808.466
630.710 1761.217
630.750 1745.111
630.780 1802.719
630.820 1813.470
630.860 1769.936
630.900 1794.401
630.940 1864.438
630.970 1913.046
631.010 1900.225
631.050 1877.833
631.090 1909.870
631.120 1948.906
631.160 1900.657
631.200 1813.265
631.240 1820.873
631.280 1849.623
631.310 1811.088
631.350 1864.838
631.390 1921.732
631.430 1931.625
631.460 1950.661
631.500 1872.269
631.540 1850.305
631.580 1869.341
631.620 1750.948
631.650 1676.984
631.690 1689.448
631.730 1717.627
631.770 1761.663
631.800 1746.699
631.840 1737.734
631.880 1783.627
631.920 1758.520
631.960 1726.413
631.990 1730.162
632.030 1717.626
632.070 1661.662
632.110 1650.840
632.150 1637.161
632.180 1630.054
632.220 1603.946
632.260 1590.696
632.300 1613.588
632.330 1643.766
632.370 1624.516
632.410 1632.979
632.450 1669.871
632.490 1681.049
632.520 1664.084
632.560 1672.548
632.600 1721.726
632.640 1752.475
632.670 1734.367
632.710 1728.401
632.750 1768.579
632.790 1793.471
632.820 1774.220
632.860 1828.540
632.900 1906.289
632.940 1954.324
632.980 1953.930
633.010 1965.107
633.050 1962.570
633.090 1977.176
633.130 1904.639
633.160 1840.387
633.200 1810.850
633.240 1793.313
633.280 1743.776
633.320 1752.667
633.350 1790.987
633.390 1829.735
633.430 1830.627
633.470 1868.518
633.500 1883.552
633.540 1913.443
633.580 1913.048
633.620 1869.939
633.660 1830.116
633.690 1798.721
633.730 1739.469
633.770 1737.217
633.810 1751.394
633.840 1730.427
633.880 1700.175
633.920 1674.209
633.960 1757.957
634.000 1822.419
634.030 1803.738
634.070 1783.200
634.110 1845.519
634.150 1866.552
634.180 1864.871
634.220 1831.048
634.260 1856.795
634.300 1893.971
634.330 1867.719
634.370 1874.752
634.410 1946.071
634.450 2012.246
634.490 1993.280
634.520 1917.170
634.560 1957.060
634.600 1995.236
634.640 1899.840
634.670 1852.873
634.710 1881.191
634.750 1878.938
634.790 1886.971
634.830 1863.004
634.860 1861.894
634.900 1914.355
634.940 1892.816
634.980 1866.848
635.010 1911.452
635.050 1899.056
635.090 1831.946
635.130 1797.121
635.160 1797.439
635.200 1786.186
635.240 1703.933
635.280 1666.822
635.320 1737.283
635.350 1741.744
635.390 1736.061
635.430 1759.808
635.470 1795.840
635.500 1858.729
635.540 1852.618
635.580 1785.222
635.620 1868.825
635.650 1912.714
635.690 1842.746
635.730 1822.921
635.770 1806.238
635.810 1775.556
635.840 1741.016
635.880 1679.619
635.920 1663.508
635.960 1654.968
635.990 1620.000
636.030 1643.603
636.070 1725.063
636.110 1848.809
636.140 1884.269
636.180 1895.015
636.220 1991.189
636.260 2046.363
636.300 2008.966
636.330 1968.140
636.370 1923.600
636.410 1899.346
636.450 1869.234
636.480 1843.837
636.520 1876.153
636.560 1863.470
636.600 1788.073
636.630 1753.961
636.670 1749.135
636.710 1756.023
636.750 1719.625
636.780 1653.942
636.820 1704.544
636.860 1751.575
636.900 1748.606
636.940 1840.351
636.970 1912.382
637.010 1947.698
637.050 1946.300
637.090 1915.188
637.120 1952.933
637.160 1985.821
637.200 1906.280
637.240 1872.168
637.270 1882.484
637.310 1883.228
637.350 1841.973
637.390 1795.718
637.420 1769.891
637.460 1761.636
637.500 1749.237
637.540 1748.839
637.580 1800.869
637.610 1845.328
637.650 1841.644
637.690 1880.960
637.730 1906.561
637.760 1887.449
637.800 1795.621
637.840 1719.080
637.880 1732.539
637.910 1757.140
637.950 1691.884
637.990 1689.914
638.030 1722.944
638.060 1780.545
638.100 1788.146
638.140 1786.747
638.180 1799.349
638.220 1804.378
638.250 1743.551
638.290 1702.152
638.330 1753.324
638.370 1808.925
638.400 1776.241
638.440 1769.841
638.480 1841.157
638.520 1901.186
638.550 1894.501
638.590 1880.245
638.630 1901.560
638.670 1882.875
638.700 1840.333
638.740 1753.219
638.780 1730.248
638.820 1788.563
638.850 1775.021
638.890 1781.479
638.930 1837.936
638.970 1857.108
639.010 1888.852
639.040 1874.309
639.080 1859.195
639.120 1859.367
639.160 1820.253
639.190 1826.425
639.230 1870.597
639.270 1866.054
639.310 1861.083
639.340 1876.254
639.380 1858.855
639.420 1822.598
639.460 1790.198
639.490 1755.655
639.530 1784.398
639.570 1827.426
639.610 1771.741
639.640 1747.055
639.680 1778.512
639.720 1744.540
639.760 1724.426
639.790 1733.883
639.830 1734.054
639.870 1724.654
639.910 1724.539
639.940 1726.139
639.980 1787.310
640.020 1788.481
640.060 1739.224
640.100 1735.395
640.130 1792.137
640.170 1833.451
640.210 1816.336
640.250 1849.364
640.280 1941.249
640.320 1960.992
640.360 1926.163
640.400 1937.762
640.430 1982.790
640.470 1986.818
640.510 1887.703
640.550 1880.731
640.580 1898.901
640.620 1901.072
640.660 1896.814
640.700 1826.841
640.730 1804.583
640.770 1837.183
640.810 1782.353
640.850 1791.238
640.880 1843.837
640.920 1794.721
640.960 1759.463
641.000 1757.776
641.030 1772.518
641.070 1742.260
641.110 1686.716
641.150 1694.315
641.180 1757.485
641.220 1786.655
641.260 1819.825
641.300 1841.567
641.330 1869.737
641.370 1910.907
641.410 1855.362
641.450 1836.104
641.480 1908.988
641.520 1931.158
641.560 1901.614
641.600 1899.069
641.630 1901.811
641.670 1928.266
641.710 1931.722
641.750 1951.463
641.780 1986.775
641.820 2022.945
641.860 2009.543
641.900 1995.142
641.940 2022.740
641.970 2038.052
642.010 1977.936
642.050 1943.106
642.090 1959.704
642.120 1993.730
642.160 1958.186
642.200 1933.212
642.240 1962.524
642.270 1969.122
642.310 1963.292
642.350 1931.318
642.390 1902.773
642.420 1882.657
642.460 1815.969
642.500 1773.424
642.540 1801.879
642.570 1807.334
642.610 1790.217
642.650 1852.672
642.690 1974.270
642.720 2039.582
642.760 2024.322
642.800 2008.348
642.840 1985.374
642.870 1973.686
642.910 1914.855
642.950 1839.738
642.990 1830.050
643.020 1833.790
643.060 1766.530
643.100 1729.414
643.140 1778.297
643.170 1771.322
643.210 1735.920
643.250 1727.517
643.290 1734.829
643.320 1770.283
643.360 1816.023
643.400 1800.620
643.440 1798.932
643.470 1825.529
643.510 1817.840
643.550 1778.294
643.590 1767.606
643.620 1747.774
643.660 1714.657
643.700 1728.539
643.740 1729.136
643.770 1730.447
643.810 1739.901
643.850 1776.641
643.890 1793.809
643.920 1807.406
643.960 1816.860
644.000 1848.885
644.040 1918.196
644.070 1961.507
644.110 1912.104
644.150 1901.701
644.180 1909.726
644.220 1902.465
644.260 1876.491
644.300 1815.230
644.330 1826.398
644.370 1861.709
644.410 1859.162
644.450 1879.330
644.480 1908.212
644.520 1915.380
644.560 1891.834
644.600 1835.287
644.630 1833.312
644.670 1839.908
644.710 1824.790
644.750 1804.101
644.780 1890.697
644.820 1979.436
644.860 1975.175
644.900 1981.486
644.930 2020.082
644.970 2019.821
645.010 2011.417
645.050 1962.013
645.080 1958.752
645.120 1990.633
645.160 1949.515
645.200 1920.254
645.230 1901.136
645.270 1877.589
645.310 1825.327
645.350 1792.780
645.380 1839.519
645.420 1856.401
645.460 1845.139
645.500 1849.163
645.530 1853.902
645.570 1849.926
645.610 1857.093
645.650 1847.689
645.680 1866.285
645.720 1874.309
645.760 1867.333
645.800 1849.643
645.830 1832.238
645.870 1794.120
645.910 1757.715
645.940 1761.596
645.980 1748.906
646.020 1742.644
646.060 1759.954
646.090 1781.978
646.130 1753.288
646.170 1726.597
646.210 1722.335
646.240 1777.645
646.280 1840.955
646.320 1855.835
646.360 1844.145
646.390 1899.026
646.430 1921.621
646.470 1874.502
646.510 1796.097
646.540 1760.549
646.580 1819.144
646.620 1845.739
646.660 1804.192
646.690 1832.358
646.730 1886.239
646.770 1900.405
646.810 1857.429
646.840 1776.023
646.880 1772.618
646.920 1783.499
646.950 1740.665
646.990 1751.260
647.030 1782.569
647.070 1808.735
647.100 1767.759
647.140 1779.925
647.180 1841.805
647.220 1856.114
647.250 1819.423
647.290 1823.303
647.330 1897.612
647.370 1970.350
647.400 1924.230
647.440 1883.825
647.480 1870.848
647.520 1846.299
647.550 1810.037
647.590 1758.202
647.630 1741.225
647.670 1726.534
647.700 1657.986
647.740 1670.866
647.780 1732.174
647.810 1762.483
647.850 1741.363
647.890 1775.529
647.930 1868.409
647.960 1929.860
648.000 1887.454
648.040 1844.763
648.080 1820.214
648.110 1814.808
648.150 1772.831
648.190 1741.139
648.230 1784.162
648.260 1827.327
648.300 1802.636
648.340 1802.087
648.380 1822.538
648.410 1839.989
648.450 1837.583
648.490 1832.320
648.520 1856.914
648.560 1881.079
648.600 1913.244
648.640 2011.552
648.670 2121.860
648.710 2164.597
648.750 2117.334
648.790 2102.785
648.820 2154.807
648.860 2128.543
648.900 2017.280
648.940 1935.159
648.970 1914.467
649.010 1921.918
649.050 1866.512
649.080 1841.677
649.120 1895.556
649.160 1919.864
649.200 1922.743
649.230 1880.194
649.270 1872.501
649.310 1929.809
649.350 1910.688
649.380 1865.282
649.420 1878.304
649.460 1863.183
649.500 1866.919
649.530 1900.084
649.570 1886.677
649.610 1878.270
649.640 1858.149
649.680 1830.028
649.720 1870.764
649.760 1859.357
649.790 1774.951
649.830 1729.115
649.870 1755.708
649.910 1767.301
649.940 1756.037
649.980 1715.202
650.020 1725.795
650.060 1764.245
650.090 1785.695
650.130 1771.145
650.170 1821.310
650.200 1852.188
650.240 1805.067
650.280 1786.946
650.320 1811.110
650.350 1835.131
650.390 1804.724
650.430 1733.317
650.470 1682.053
650.500 1698.217
650.540 1700.667
650.580 1753.260
650.610 1770.567
650.650 1765.588
650.690 1750.323
650.730 1779.916
650.760 1824.509
650.800 1857.958
650.840 1789.408
650.880 1783.572
650.910 1866.879
650.950 1918.614
650.990 1903.207
651.020 1859.942
651.060 1858.392
651.100 1872.841
651.140 1840.005
651.170 1754.741
651.210 1733.476
651.250 1743.783
651.290 1739.232
651.320 1751.682
651.360 1790.131
651.400 1779.438
651.440 1798.744
651.470 1807.194
651.510 1776.500
651.550 1758.235
651.580 1742.113
651.620 1716.277
651.660 1769.297
651.700 1819.747
651.730 1815.625
651.770 1863.645
651.810 1894.809
651.850 1887.687
651.880 1859.850
651.920 1849.442
651.960 1846.320
651.990 1833.197
652.030 1795.075
652.070 1801.381
652.110 1817.688
652.140 1827.851
652.180 1800.443
652.220 1767.606
652.250 1797.484
652.290 1822.076
652.330 1791.810
652.370 1766.402
652.400 1754.708
652.440 1739.014
652.480 1733.749
652.520 1675.198
652.550 1633.932
652.590 1639.238
652.630 1605.544
652.660 1573.136
652.700 1580.442
652.740 1563.462
652.780 1596.768
652.810 1625.502
652.850 1685.522
652.890 1741.828
652.930 1805.848
652.960 1858.297
653.000 1888.317
653.040 1895.622
653.070 1954.071
653.110 1927.377
653.150 1898.825
653.190 1882.702
653.220 1830.865
653.260 1883.171
653.300 1940.191
653.330 1871.925
653.370 1829.945
653.410 1877.393
653.450 1930.699
653.480 1953.719
653.520 1890.738
653.560 1876.901
653.600 1953.206
653.630 1997.655
653.670 1942.532
653.710 1934.266
653.740 1996.285
653.780 2003.876
653.820 1955.039
653.860 1910.630
653.890 1902.078
653.930 1911.955
653.970 1849.831
654.000 1764.994
654.040 1765.013
654.080 1817.747
654.120 1846.052
654.150 1892.929
654.190 1959.663
654.230 2012.968
654.270 2006.416
654.300 2012.435
654.340 1957.883
654.380 1877.760
654.410 1827.208
654.450 1787.513
654.490 1773.389
654.530 1795.266
654.560 1779.428
654.600 1829.733
654.640 1857.609
654.670 1848.914
654.710 1807.219
654.750 1756.810
654.790 1794.543
654.820 1848.991
654.860 1784.867
654.900 1776.600
654.930 1796.905
654.970 1829.353
655.010 1835.372
655.050 1790.820
655.080 1739.839
655.120 1742.001
655.160 1745.591
655.190 1739.753
655.230 1698.058
655.270 1676.648
655.310 1717.238
655.340 1778.971
655.380 1848.562
655.420 1886.581
655.460 1872.028
655.490 1940.047
655.530 2047.637
655.570 2024.942
655.600 1969.960
655.640 1952.979
655.680 1939.855
655.720 1938.017
655.750 1894.321
655.790 1823.483
655.830 1832.787
655.860 1820.663
655.900 1762.824
655.940 1739.843
655.980 1729.576
656.010 1743.737
656.050 1803.327
656.090 1845.489
656.120 1867.650
656.160 1903.812
656.200 1914.687
656.240 1945.277
656.270 1981.724
656.310 1913.457
656.350 1835.618
656.380 1863.923
656.420 1923.655
656.460 2017.245
656.500 2070.835
656.530 2084.710
656.570 2203.729
656.610 2264.319
656.640 2230.337
656.680 2167.212
656.720 2107.945
656.760 2065.820
656.790 2009.553
656.830 1965.714
656.870 1996.446
656.900 1997.322
656.940 1949.197
656.980 1919.644
657.020 1970.519
657.050 2002.109
657.090 1939.698
657.130 1872.431
657.160 1872.163
657.200 1904.181
657.240 1904.485
657.280 1808.217
657.310 1783.807
657.350 1801.110
657.390 1774.557
657.420 1805.718
657.460 1849.593
657.500 1829.039
657.540 1867.343
657.570 1872.218
657.610 1882.522
657.650 1899.682
657.680 1845.129
657.720 1781.861
657.760 1764.450
657.790 1750.754
657.830 1735.771
657.870 1695.361
657.910 1699.807
657.940 1717.682
657.980 1738.414
658.020 1757.146
658.050 1741.735
658.090 1725.610
658.130 1745.628
658.170 1753.645
658.200 1754.806
658.240 1750.252
658.280 1754.698
658.310 1812.859
658.350 1872.162
658.390 1857.465
658.430 1817.483
658.460 1817.786
658.500 1891.089
658.540 1928.392
658.570 1875.267
658.610 1810.284
658.650 1803.445
658.690 1827.034
658.720 1793.337
658.760 1781.068
658.800 1799.514
658.830 1814.675
658.870 1849.978
658.910 1868.138
658.940 1893.298
658.980 1911.887
659.020 1860.761
659.060 1822.778
659.090 1805.796
659.130 1811.956
659.170 1810.259
659.200 1823.562
659.240 1894.865
659.280 1931.882
659.320 1908.756
659.350 1895.488
659.390 1857.648
659.430 1817.950
659.460 1795.396
659.500 1784.556
659.540 1828.145
659.580 1860.590
659.610 1945.607
659.650 1994.053
659.690 2024.213
659.720 2001.658
659.760 1941.818
659.800 1904.121
659.830 1954.709
659.870 1917.298
659.910 1890.457
659.950 1882.046
659.980 1854.920
660.020 1862.937
660.060 1829.668
660.090 1785.970
660.130 1774.844
660.170 1782.290
660.200 1775.164
660.240 1810.609
660.280 1848.197
660.320 1831.785
660.350 1795.802
660.390 1784.105
660.430 1791.693
660.460 1803.424
660.500 1817.012
660.540 1788.886
660.580 1836.902
660.610 1868.633
660.650 1873.507
660.690 1888.667
660.720 1987.683
660.760 2023.700
660.800 2032.431
660.830 2027.162
660.870 2009.607
660.910 2016.766
660.950 1998.925
660.980 1865.370
661.020 1803.244
661.060 1802.975
661.090 1788.134
661.130 1767.865
661.170 1744.738
661.200 1734.612
661.240 1758.486
661.280 1769.645
661.320 1730.090
661.350 1707.963
661.390 1739.122
661.430 1744.853
661.460 1717.869
661.500 1737.886
661.540 1771.473
661.570 1850.775
661.610 1904.363
661.650 1894.951
661.690 1910.967
661.720 1950.126
661.760 1989.285
661.800 1988.158
661.830 1909.603
661.870 1884.762
661.910 1931.064
661.940 1942.080
661.980 1917.096
662.020 1873.541
662.060 1884.414
662.090 1937.573
662.130 1906.589
662.170 1830.891
662.200 1781.478
662.240 1780.352
662.280 1744.796
662.310 1671.955
662.350 1639.828
662.390 1637.273
662.430 1638.146
662.460 1663.447
662.500 1676.749
662.540 1699.765
662.570 1698.638
662.610 1716.940
662.650 1789.813
662.680 1822.829
662.720 1828.130
662.760 1877.289
662.800 1923.305
662.830 1964.463
662.870 1944.908
662.910 1896.923
662.940 1857.939
662.980 1829.812
663.020 1777.542
663.050 1747.272
663.090 1750.573
663.130 1765.018
663.170 1759.176
663.200 1845.906
663.240 1934.493
663.280 1945.080
663.310 1916.239
663.350 1902.254
663.390 1922.841
663.420 1960.143
663.460 1929.015
663.500 1911.745
663.530 1935.189
663.570 1991.634
663.610 1998.078
663.650 1990.665
663.680 2018.394
663.720 2027.696
663.760 1952.282
663.790 1865.012
663.830 1848.456
663.870 1874.329
663.900 1873.630
663.940 1778.360
663.980 1792.804
664.020 1872.533
664.050 1942.549
664.090 1922.135
664.130 1906.722
664.160 1859.737
664.200 1866.467
664.240 1826.054
664.270 1830.069
664.310 1864.370
664.350 1874.385
664.380 1844.543
664.420 1884.559
664.460 1903.145
664.500 1885.018
664.530 1875.461
664.570 1876.191
664.610 1915.920
664.640 1930.650
664.680 1955.808
664.720 1973.394
664.750 1985.695
664.790 1931.853
664.830 1906.725
664.860 1898.740
664.900 1948.612
664.940 1933.627
664.980 1907.500
665.010 1908.086
665.050 1908.101
665.090 1849.688
665.120 1838.131
665.160 1861.289
665.200 1875.732
665.230 1871.033
665.270 1861.905
665.310 1897.492
665.340 1946.221
665.380 1928.093
665.420 1856.108
665.460 1850.265
665.490 1909.137
665.530 1895.152
665.570 1858.024
665.600 1889.325
665.640 1900.625
665.680 1888.926
665.710 1885.798
665.750 1869.241
665.790 1903.399
665.820 1904.556
665.860 1877.000
665.900 1874.157
665.930 1911.886
665.970 1903.901
666.010 1854.915
666.050 1808.073
666.080 1789.516
666.120 1748.531
666.160 1680.546
666.190 1649.989
666.230 1639.146
666.270 1618.875
666.300 1684.604
666.340 1751.761
666.380 1764.776
666.410 1811.219
666.450 1814.091
666.490 1811.962
666.530 1845.977
666.560 1796.420
666.600 1745.006
666.640 1708.163
666.670 1674.178
666.710 1645.478
666.750 1627.492
666.780 1660.792
666.820 1687.807
666.860 1670.821
666.890 1728.264
666.930 1790.850
666.970 1821.436
667.000 1816.879
667.040 1808.464
667.080 1821.193
667.120 1871.779
667.150 1866.222
667.190 1855.950
667.230 1869.107
667.260 1878.122
667.300 1841.707
667.340 1800.864
667.370 1799.879
667.410 1798.750
667.450 1780.193
667.480 1765.778
667.520 1805.221
667.560 1832.521
667.590 1873.250
667.630 1922.978
667.670 1949.135
667.700 1967.292
667.740 1982.449
667.780 1996.177
667.820 2007.906
667.850 1930.205
667.890 1821.220
667.930 1819.948
667.960 1853.391
668.000 1854.262
668.040 1784.990
668.070 1749.718
668.110 1862.875
668.150 1936.318
668.180 1910.046
668.220 1837.203
668.260 1785.360
668.290 1800.088
668.330 1806.673
668.370 1751.544
668.400 1781.987
668.440 1824.715
668.480 1856.586
668.520 1916.171
668.550 1954.899
668.590 2004.056
668.630 1989.641
668.660 1856.512
668.700 1808.526
668.740 1808.826
668.770 1764.982
668.810 1707.425
668.850 1670.296
668.880 1684.452
668.920 1731.323
668.960 1750.337
668.990 1798.208
669.030 1826.793
669.070 1817.521
669.100 1843.106
669.140 1846.548
669.180 1867.705
669.210 1915.433
669.250 1892.160
669.290 1928.460
669.320 2030.331
669.360 2011.773
669.400 1993.786
669.440 1980.800
669.470 1918.099
669.510 1890.541
669.550 1848.126
669.580 1797.283
669.620 1787.153
669.660 1800.167
669.690 1806.180
669.730 1830.337
669.770 1905.779
669.800 1961.364
669.840 2016.092
669.880 2067.391
669.910 2109.833
669.950 2128.560
669.990 2112.288
670.020 2053.873
670.060 1999.458
670.100 1927.614
670.130 1867.056
670.170 1887.498
670.210 1903.511
670.240 1917.096
670.280 1897.109
670.320 1877.266
670.350 1874.993
670.390 1888.006
670.430 1822.305
670.470 1799.604
670.500 1761.903
670.540 1770.631
670.580 1826.359
670.610 1845.229
670.650 1852.099
670.690 1822.255
670.720 1852.126
670.760 1905.567
670.800 1890.723
670.830 1847.451
670.870 1835.893
670.910 1841.906
670.940 1866.348
670.980 1842.075
671.020 1801.802
671.050 1842.958
671.090 1878.114
671.130 1880.699
671.160 1847.855
671.200 1854.868
671.240 1859.024
671.270 1857.751
671.310 1834.907
671.350 1746.491
671.380 1684.362
671.420 1721.517
671.460 1741.959
671.490 1793.829
671.530 1854.413
671.570 1872.998
671.600 1991.154
671.640 2088.452
671.680 2077.465
671.710 2042.050
671.750 2014.205
671.790 1972.933
671.830 1947.231
671.860 1862.244
671.900 1780.400
671.940 1734.127
671.970 1734.283
672.010 1684.010
672.050 1701.165
672.080 1767.178
672.120 1797.191
672.160 1827.918
672.190 1893.931
672.230 1942.658
672.270 1965.671
672.300 1955.255
672.340 1917.553
672.380 1885.995
672.410 1893.007
672.450 1896.877
672.490 1889.318
672.520 1906.045
672.560 1847.201
672.600 1776.785
672.630 1769.798
672.670 1792.096
672.710 1761.394
672.740 1725.550
672.780 1709.420
672.820 1747.575
672.850 1757.302
672.890 1759.457
672.930 1749.184
672.960 1794.197
673.000 1819.352
673.040 1820.793
673.070 1842.663
673.110 1939.390
673.150 2007.831
673.180 2015.843
673.220 1989.999
673.260 1966.297
673.290 1937.738
673.330 1899.751
673.370 1877.049
673.400 1889.061
673.440 1885.931
673.480 1859.229
673.510 1899.527
673.550 1937.111
673.590 1959.552
673.620 1900.993
673.660 1859.434
673.700 1906.018
673.730 1937.030
673.770 1912.614
673.810 1923.055
673.840 1968.495
673.880 2013.079
673.920 2007.377
673.950 1999.675
673.990 1980.973
674.030 1945.700
674.060 1946.998
674.100 1918.153
674.140 1880.308
674.170 1862.320
674.210 1795.904
674.250 1783.345
674.280 1807.357
674.320 1746.655
674.360 1704.667
674.390 1749.536
674.430 1780.120
674.470 1800.704
674.500 1830.144
674.540 1823.871
674.580 1888.597
674.610 1925.038
674.650 1872.193
674.690 1878.062
674.720 1917.646
674.760 1936.658
674.800 1986.670
674.830 1999.253
674.870 2002.551
674.910 2002.277
674.940 1975.004
674.980 2003.301
675.020 2031.028
675.050 1999.897
675.090 1955.480
675.130 1952.921
675.160 1971.647
675.200 1931.659
675.240 1826.385
675.270 1734.254
675.310 1691.838
675.350 1641.993
675.380 1614.433
675.420 1677.731
675.460 1751.600
675.490 1810.040
675.530 1823.481
675.570 1884.064
675.600 1940.076
675.640 1950.659
675.680 1855.528
675.710 1784.683
675.750 1750.409
675.790 1765.564
675.820 1717.433
675.860 1725.159
675.900 1770.742
675.930 1824.897
675.970 1863.480
676.010 1887.349
676.040 1860.218
676.080 1853.372
676.120 1839.098
676.150 1780.967
676.190 1778.407
676.230 1818.276
676.260 1782.288
676.300 1827.300
676.340 1875.168
676.370 1849.894
676.410 1824.763
676.450 1820.632
676.480 1844.072
676.520 1848.941
676.560 1771.953
676.590 1753.393
676.630 1809.547
676.670 1869.416
676.700 1897.999
676.740 1900.868
676.780 1935.022
676.810 1965.605
676.850 1935.760
676.890 1896.200
676.920 1911.211
676.960 1855.080
676.990 1778.949
677.030 1773.389
677.070 1815.686
677.100 1817.555
677.140 1770.709
677.180 1748.149
677.210 1796.018
677.250 1662.029
677.290 1617.035
677.320 1544.640
677.360 1531.546
