537.190 320.038
537.230 277.363
537.270 209.707
537.310 191.778
537.350 244.249
537.390 312.158
537.430 279.076
537.470 266.716
537.510 350.507
537.550 423.450
537.590 462.115
537.630 477.931
537.670 517.183
537.710 551.872
537.750 492.426
537.790 407.417
537.830 444.272
537.870 458.278
537.910 402.577
537.950 406.026
537.990 522.912
538.030 591.233
538.070 607.276
538.110 540.611
538.150 530.954
538.190 558.447
538.230 493.089
538.270 340.310
538.310 358.823
538.350 401.628
538.390 399.441
538.430 436.259
538.470 489.656
538.510 490.202
538.560 479.325
538.600 475.027
538.640 564.591
538.680 636.590
538.720 559.024
538.760 545.178
538.800 607.195
538.840 626.361
538.880 532.103
538.920 455.995
538.960 486.606
539.000 594.651
539.040 588.844
539.080 542.900
539.120 598.675
539.160 640.312
539.200 573.812
539.240 495.888
539.280 546.969
539.320 541.627
539.360 500.146
539.400 518.099
539.440 614.913
539.480 673.018
539.520 669.413
539.560 582.812
539.600 596.645
539.640 657.481
539.680 602.465
539.720 525.881
539.760 540.301
539.800 537.726
539.840 462.440
539.880 432.729
539.920 527.736
539.960 563.462
540.000 521.476
540.040 454.351
540.080 526.802
540.120 611.541
540.160 610.284
540.200 584.601
540.240 654.779
540.280 721.674
540.320 768.430
540.360 756.331
540.400 772.093
540.440 751.857
540.480 631.481
540.520 564.108
540.560 598.881
540.600 618.656
540.640 594.862
540.680 569.928
540.720 620.854
540.760 674.782
540.800 637.569
540.840 621.073
540.880 670.293
540.920 649.944
540.960 575.883
541.000 588.966
541.040 656.623
541.080 693.567
541.120 622.228
541.160 571.747
541.200 610.554
541.240 655.362
541.280 582.744
541.320 518.698
541.360 523.797
541.400 546.611
541.440 486.426
541.480 489.957
541.520 563.347
541.560 573.880
541.600 574.272
541.640 612.093
541.680 697.487
541.720 756.024
541.760 736.562
541.800 649.959
541.840 625.927
541.880 613.610
541.920 570.580
541.960 547.550
542.000 622.664
542.040 662.064
542.080 684.036
542.120 762.294
542.160 805.837
542.200 774.667
542.240 695.497
542.280 616.899
542.320 561.872
542.360 541.131
542.400 499.105
542.440 529.649
542.480 644.908
542.520 707.453
542.560 672.283
542.600 692.684
542.640 745.800
542.680 742.343
542.720 675.458
542.760 680.429
542.800 760.543
542.840 793.799
542.880 746.055
542.920 754.453
542.970 885.421
543.010 951.675
543.050 847.214
543.090 781.466
543.130 901.717
543.170 969.111
543.210 924.360
543.250 830.323
543.290 846.428
543.330 855.675
543.370 774.778
543.410 647.451
543.450 712.552
543.490 807.794
543.530 784.035
543.570 741.132
543.610 809.799
543.650 849.322
543.690 841.129
543.730 817.078
543.770 837.311
543.810 840.400
543.850 801.058
543.890 790.144
543.930 810.656
543.970 799.024
544.010 728.105
544.050 621.613
544.090 742.833
544.130 808.766
544.170 754.554
544.210 802.483
544.250 903.696
544.290 957.192
544.330 1002.830
544.370 979.180
544.410 1033.814
544.450 1044.588
544.490 974.932
544.530 952.417
544.570 991.471
544.610 1001.094
544.650 893.716
544.690 839.049
544.730 897.523
544.770 908.994
544.810 846.035
544.850 842.788
544.890 870.681
544.930 895.001
544.970 833.461
545.010 783.204
545.050 845.230
545.090 912.826
545.130 836.705
545.170 789.438
545.210 851.740
545.250 879.183
545.290 850.908
545.330 816.917
545.370 851.494
545.410 898.069
545.450 859.641
545.490 799.496
545.530 864.634
545.570 909.913
545.610 856.474
545.650 802.318
545.690 797.873
545.730 853.569
545.770 853.833
545.810 789.094
545.850 805.352
545.890 849.322
545.930 818.860
545.960 781.109
546.000 807.070
546.040 811.314
546.080 784.554
546.120 729.934
546.160 719.454
546.200 732.400
546.240 767.199
546.280 794.567
546.320 870.075
546.360 949.436
546.400 972.509
546.440 1017.864
546.480 1095.502
546.520 1105.565
546.560 1050.339
546.600 990.682
546.640 988.164
546.680 1025.071
546.720 974.689
546.760 972.018
546.800 1005.916
546.840 992.238
546.880 981.415
546.920 990.445
546.960 985.472
547.000 978.209
547.040 930.944
547.080 957.675
547.120 1005.973
547.160 1016.840
547.200 955.704
547.240 952.564
547.280 994.992
547.320 978.559
547.360 889.409
547.400 913.683
547.440 986.526
547.480 978.222
547.520 929.057
547.560 965.746
547.600 996.860
547.640 987.828
547.680 918.792
547.720 898.467
547.760 956.710
547.800 999.520
547.840 936.613
547.880 897.559
547.920 936.073
547.960 942.154
548.000 855.232
548.040 827.164
548.080 876.378
548.120 920.302
548.160 934.794
548.200 956.854
548.240 1020.624
548.280 1050.105
548.320 1031.154
548.360 975.627
548.400 941.097
548.440 939.992
548.480 898.883
548.520 862.913
548.560 929.082
548.600 979.105
548.640 966.981
548.680 1030.282
548.720 1144.436
548.760 1212.158
548.800 1194.876
548.840 1140.447
548.880 1181.444
548.920 1227.151
548.960 1179.282
549.000 1133.696
549.040 1121.391
549.080 1137.655
549.120 1141.914
549.160 1090.741
549.200 1027.136
549.240 979.527
549.280 930.199
549.320 910.583
549.360 964.676
549.400 986.481
549.440 948.424
549.480 999.506
549.520 1087.299
549.560 1077.945
549.600 1047.159
549.640 1033.512
549.680 1074.003
549.720 1106.348
549.760 1096.118
549.800 1088.313
549.840 1148.218
549.880 1167.405
549.920 1106.017
549.960 1083.339
550.000 1085.086
550.040 1075.257
550.080 1008.282
550.120 928.875
550.160 989.892
550.200 1040.620
550.240 995.916
550.280 1091.921
550.320 1218.352
550.350 1283.779
550.390 1280.059
550.430 1258.764
550.470 1311.608
550.510 1346.733
550.550 1244.713
550.590 1184.116
550.630 1204.516
550.670 1251.341
550.710 1210.877
550.750 1172.122
550.790 1245.936
550.830 1277.174
550.870 1204.408
550.910 1202.639
550.950 1222.580
550.990 1215.231
551.030 1155.736
551.070 1074.666
551.110 1115.020
551.150 1167.656
551.190 1109.575
551.230 1045.632
551.270 1027.114
551.310 1005.735
551.350 944.924
551.390 883.109
551.430 861.433
551.470 867.468
551.510 898.213
551.550 994.954
551.590 1083.835
551.630 1117.855
551.670 1058.299
551.710 1055.311
551.750 1142.320
551.790 1151.324
551.830 1054.754
551.870 1058.608
551.910 1177.887
551.950 1255.163
551.990 1223.291
552.030 1222.416
552.070 1314.395
552.110 1340.798
552.150 1251.055
552.190 1155.594
552.230 1198.701
552.270 1257.375
552.310 1178.332
552.350 1047.856
552.390 1115.948
552.430 1191.179
552.470 1180.835
552.510 1212.344
552.550 1326.707
552.590 1413.781
552.630 1473.850
552.660 1431.345
552.700 1417.836
552.740 1427.610
552.780 1308.094
552.820 1186.288
552.860 1189.051
552.900 1194.810
552.940 1171.279
552.980 1207.031
553.020 1297.064
553.060 1385.094
553.100 1356.835
553.140 1313.287
553.180 1361.020
553.220 1389.036
553.260 1331.334
553.300 1266.486
553.340 1225.634
553.380 1241.349
553.420 1195.205
553.460 1121.199
553.500 1157.047
553.540 1181.035
553.580 1154.876
553.620 1181.428
553.660 1207.547
553.700 1211.092
553.740 1212.919
553.780 1167.886
553.820 1188.277
553.860 1227.522
553.900 1173.050
553.940 1181.145
553.980 1274.523
554.020 1280.468
554.060 1241.982
554.100 1220.921
554.140 1204.285
554.180 1199.931
554.220 1152.002
554.260 1137.213
554.300 1230.420
554.340 1290.910
554.380 1248.968
554.410 1232.736
554.450 1346.787
554.490 1411.835
554.530 1322.736
554.570 1261.491
554.610 1266.671
554.650 1333.277
554.690 1357.308
554.730 1332.335
554.770 1333.074
554.810 1337.952
554.850 1262.255
554.890 1260.698
554.930 1272.423
554.970 1248.145
555.010 1138.006
555.050 1083.436
555.090 1168.862
555.130 1227.428
555.170 1180.419
555.210 1165.550
555.250 1224.820
555.290 1285.659
555.330 1277.066
555.370 1169.183
555.410 1184.298
555.450 1233.838
555.490 1182.232
555.530 1189.623
555.570 1322.582
555.610 1397.252
555.650 1444.633
555.690 1449.297
555.730 1507.814
555.770 1545.186
555.810 1475.840
555.850 1385.063
555.890 1340.711
555.920 1327.070
555.960 1304.283
556.000 1268.779
556.040 1252.986
556.080 1235.332
556.120 1151.390
556.160 1117.159
556.200 1221.211
556.240 1271.974
556.280 1209.448
556.320 1230.348
556.360 1291.530
556.400 1321.281
556.440 1344.028
556.480 1319.630
556.520 1303.086
556.560 1287.967
556.600 1239.132
556.640 1249.864
556.680 1296.594
556.720 1298.749
556.760 1220.901
556.800 1234.193
556.840 1320.196
556.880 1339.911
556.920 1273.337
556.960 1263.760
557.000 1333.609
557.040 1384.455
557.080 1353.298
557.120 1359.566
557.160 1442.975
557.200 1489.380
557.240 1446.640
557.270 1445.468
557.310 1509.579
557.350 1528.116
557.390 1444.650
557.430 1371.610
557.470 1433.995
557.510 1493.521
557.550 1436.758
557.590 1440.563
557.630 1471.509
557.670 1492.880
557.710 1489.677
557.750 1462.043
557.790 1536.263
557.830 1591.194
557.870 1477.551
557.910 1402.334
557.950 1461.829
557.990 1517.178
558.030 1511.239
558.070 1494.868
558.110 1476.923
558.150 1498.404
558.190 1491.025
558.230 1474.071
558.270 1499.258
558.310 1507.443
558.350 1431.624
558.390 1443.232
558.430 1509.836
558.460 1545.153
558.500 1494.181
558.540 1464.349
558.580 1450.229
558.620 1414.534
558.660 1348.266
558.700 1327.424
558.740 1372.579
558.780 1405.731
558.820 1323.881
558.860 1360.170
558.900 1449.172
558.940 1478.457
558.980 1422.596
559.020 1413.019
559.060 1467.581
559.100 1528.427
559.140 1437.985
559.180 1380.683
559.220 1356.092
559.260 1381.642
559.300 1346.904
559.340 1255.735
559.380 1255.705
559.420 1337.102
559.460 1331.497
559.500 1325.460
559.540 1304.421
559.570 1265.808
559.610 1246.478
559.650 1246.575
559.690 1224.811
559.730 1225.189
559.770 1237.420
559.810 1283.650
559.850 1349.019
559.890 1405.530
559.930 1375.609
559.970 1361.400
560.010 1410.617
560.050 1436.689
560.090 1352.901
560.130 1344.826
560.170 1388.605
560.210 1437.096
560.250 1433.299
560.290 1423.928
560.330 1495.269
560.370 1576.179
560.410 1582.515
560.450 1611.134
560.490 1649.180
560.530 1628.795
560.570 1568.122
560.600 1492.018
560.640 1534.483
560.680 1538.089
560.720 1501.407
560.760 1466.722
560.800 1525.464
560.840 1558.632
560.880 1522.083
560.920 1472.818
560.960 1490.979
561.000 1446.138
561.040 1407.438
561.080 1362.164
561.120 1362.030
561.160 1374.894
561.200 1315.471
561.240 1294.616
561.280 1343.331
561.320 1348.043
561.360 1311.611
561.400 1307.319
561.440 1429.882
561.480 1507.586
561.520 1453.145
561.550 1398.130
561.590 1397.256
561.630 1422.522
561.670 1393.929
561.710 1362.049
561.750 1396.023
561.790 1443.281
561.830 1479.680
561.870 1527.076
561.910 1596.185
561.950 1629.863
561.990 1522.682
562.030 1479.927
562.070 1457.028
562.110 1398.412
562.150 1383.222
562.190 1322.459
562.230 1318.980
562.270 1362.070
562.310 1329.443
562.350 1349.529
562.390 1422.756
562.430 1407.695
562.460 1401.489
562.500 1453.710
562.540 1510.357
562.580 1507.430
562.620 1485.359
562.660 1486.572
562.700 1559.068
562.740 1569.419
562.780 1484.340
562.820 1431.831
562.860 1438.033
562.900 1406.805
562.940 1336.433
562.980 1285.915
563.020 1299.110
563.060 1308.303
563.100 1303.208
563.140 1351.968
563.180 1428.155
563.220 1454.197
563.260 1398.523
563.300 1343.133
563.330 1378.312
563.370 1371.204
563.410 1301.237
563.450 1291.839
563.490 1342.011
563.530 1371.752
563.570 1418.492
563.610 1418.229
563.650 1490.536
563.690 1556.556
563.730 1535.002
563.770 1520.875
563.810 1563.460
563.850 1579.758
563.890 1553.769
563.930 1464.634
563.970 1451.498
564.010 1450.360
564.050 1405.220
564.090 1375.793
564.130 1390.935
564.160 1385.076
564.200 1396.071
564.240 1396.351
564.280 1500.201
564.320 1542.762
564.360 1465.180
564.400 1434.595
564.440 1496.438
564.480 1479.135
564.520 1387.688
564.560 1317.240
564.600 1370.789
564.640 1418.623
564.680 1444.169
564.720 1467.999
564.760 1505.828
564.800 1555.654
564.840 1491.051
564.880 1453.446
564.920 1595.124
564.950 1595.373
564.990 1503.477
565.030 1510.864
565.070 1527.822
565.110 1530.064
565.150 1450.447
565.190 1287.399
565.230 1259.493
565.270 1281.443
565.310 1241.962
565.350 1248.765
565.390 1331.281
565.430 1364.366
565.470 1344.736
565.510 1358.818
565.550 1398.899
565.590 1423.692
565.630 1407.770
565.670 1341.703
565.700 1360.206
565.740 1434.564
565.780 1395.349
565.820 1332.848
565.860 1353.487
565.900 1349.553
565.940 1350.761
565.980 1423.824
566.020 1496.028
566.060 1532.374
566.100 1533.718
566.140 1584.204
566.180 1699.545
566.220 1739.884
566.260 1654.794
566.300 1596.987
566.340 1631.322
566.380 1650.370
566.420 1571.844
566.450 1514.032
566.490 1540.932
566.530 1537.545
566.570 1503.871
566.610 1503.338
566.650 1552.661
566.690 1545.268
566.730 1486.302
566.770 1489.049
566.810 1581.508
566.850 1607.252
566.890 1563.995
566.930 1561.307
566.970 1687.190
567.010 1748.213
567.050 1713.093
567.090 1691.971
567.130 1778.705
567.160 1823.580
567.200 1772.596
567.240 1699.468
567.280 1715.911
567.320 1708.351
567.360 1626.648
567.400 1585.372
567.440 1621.951
567.480 1656.100
567.520 1621.106
567.560 1630.538
567.600 1695.683
567.640 1710.541
567.680 1627.112
567.720 1561.968
567.760 1620.679
567.800 1638.388
567.840 1542.954
567.870 1518.375
567.910 1590.652
567.950 1644.928
567.990 1654.631
568.030 1584.904
568.070 1585.032
568.110 1621.874
568.150 1550.572
568.190 1521.268
568.230 1539.248
568.270 1522.799
568.310 1489.491
568.350 1474.182
568.390 1520.443
568.430 1543.845
568.470 1471.675
568.510 1459.789
568.540 1519.902
568.580 1559.728
568.620 1563.695
568.660 1595.090
568.700 1698.769
568.740 1747.161
568.780 1679.123
568.820 1610.513
568.860 1670.758
568.900 1706.431
568.940 1609.388
568.980 1496.772
569.020 1452.727
569.060 1441.252
569.100 1401.204
569.140 1312.297
569.170 1357.533
569.210 1405.053
569.250 1413.857
569.290 1458.660
569.330 1540.747
569.370 1643.405
569.410 1676.776
569.450 1589.288
569.490 1615.657
569.530 1660.309
569.570 1644.818
569.610 1618.611
569.650 1578.118
569.690 1568.480
569.730 1562.127
569.770 1539.058
569.800 1577.131
569.840 1614.631
569.880 1590.131
569.920 1573.200
569.960 1542.840
570.000 1504.621
570.040 1439.544
570.080 1395.895
570.120 1427.244
570.160 1482.449
570.200 1480.653
570.240 1537.713
570.280 1649.201
570.320 1699.830
570.360 1634.030
570.400 1574.228
570.430 1589.425
570.470 1582.621
570.510 1520.959
570.550 1466.296
570.590 1504.203
570.630 1557.966
570.670 1541.585
570.710 1484.632
570.750 1526.534
570.790 1584.150
570.830 1629.336
570.870 1647.949
570.910 1621.848
570.950 1604.888
570.990 1562.069
571.020 1547.393
571.060 1594.286
571.100 1565.322
571.140 1470.499
571.180 1531.675
571.220 1637.708
571.260 1682.453
571.300 1652.341
571.340 1593.513
571.380 1644.683
571.420 1687.425
571.460 1601.451
571.500 1550.618
571.540 1602.499
571.580 1605.522
571.610 1534.829
571.650 1514.279
571.690 1580.441
571.730 1598.317
571.770 1526.620
571.810 1518.780
571.850 1603.652
571.890 1652.953
571.930 1606.109
571.970 1515.836
572.010 1572.561
572.050 1642.857
572.090 1582.295
572.130 1539.875
572.170 1613.883
572.200 1639.318
572.240 1622.609
572.280 1627.756
572.320 1646.902
572.360 1657.048
572.400 1603.335
572.440 1562.907
572.480 1583.478
572.520 1655.619
572.560 1613.331
572.600 1569.756
572.640 1652.608
572.680 1706.746
572.720 1677.740
572.750 1689.018
572.790 1632.724
572.830 1593.715
572.870 1569.704
572.910 1509.265
572.950 1525.681
572.990 1541.097
573.030 1443.511
573.070 1424.496
573.110 1465.338
573.150 1498.892
573.190 1515.017
573.230 1496.142
573.270 1483.408
573.310 1491.244
573.340 1505.366
573.380 1544.629
573.420 1612.749
573.460 1627.439
573.500 1587.842
573.540 1644.102
573.580 1822.218
573.620 1898.190
573.660 1867.018
573.700 1880.417
573.740 1888.101
573.780 1935.498
573.820 1924.894
573.850 1838.433
573.890 1800.970
573.930 1780.506
573.970 1702.470
574.010 1696.576
574.050 1799.539
574.090 1835.643
574.130 1752.890
574.170 1743.849
574.210 1791.237
574.250 1781.909
574.290 1761.152
574.330 1744.822
574.370 1807.921
574.400 1864.447
574.440 1864.829
574.480 1846.068
574.520 1897.734
574.560 1913.256
574.600 1817.492
574.640 1702.013
574.680 1778.819
574.720 1854.338
574.760 1879.571
574.800 1844.517
574.840 1821.177
574.880 1783.121
574.910 1740.065
574.950 1669.722
574.990 1706.521
575.030 1720.176
575.070 1692.831
575.110 1678.199
575.150 1676.424
575.190 1672.504
575.230 1610.870
575.270 1508.949
575.310 1479.313
575.350 1497.677
575.390 1486.611
575.420 1487.686
575.460 1521.333
575.500 1558.836
575.540 1540.910
575.580 1553.840
575.620 1577.769
575.660 1569.697
575.700 1595.196
575.740 1600.266
575.780 1617.192
575.820 1595.688
575.860 1506.613
575.900 1478.394
575.930 1518.888
575.970 1496.524
576.010 1468.160
576.050 1504.795
576.090 1587.429
576.130 1626.920
576.170 1603.838
576.210 1571.899
576.250 1595.673
576.290 1658.160
576.330 1621.075
576.370 1570.704
576.410 1614.904
576.440 1671.388
576.480 1703.729
576.520 1725.498
576.560 1710.266
576.600 1682.891
576.640 1652.086
576.680 1621.709
576.720 1605.902
576.760 1578.524
576.800 1503.002
576.840 1498.193
576.880 1525.956
576.920 1537.717
576.950 1487.192
576.990 1454.809
577.030 1513.569
577.070 1599.042
577.110 1565.514
577.150 1563.414
577.190 1566.313
577.230 1574.783
577.270 1563.538
577.310 1552.721
577.350 1565.189
577.390 1578.799
577.420 1536.552
577.460 1586.589
577.500 1641.054
577.540 1657.090
577.580 1602.126
577.620 1562.589
577.660 1538.908
577.700 1502.084
577.740 1425.403
577.780 1372.292
577.820 1425.037
577.860 1483.353
577.890 1465.383
577.930 1490.841
577.970 1603.298
578.010 1615.611
578.050 1619.496
578.090 1637.522
578.130 1695.977
578.170 1740.716
578.210 1726.026
578.250 1709.907
578.290 1796.359
578.330 1835.239
578.360 1767.975
578.400 1657.282
578.440 1595.303
578.480 1587.180
578.520 1539.056
578.560 1505.360
578.600 1477.950
578.640 1462.396
578.680 1468.556
578.720 1571.286
578.760 1668.873
578.800 1660.316
578.830 1602.473
578.870 1713.058
578.910 1781.928
578.950 1796.655
578.990 1736.238
579.030 1687.964
579.070 1731.117
579.110 1742.698
579.150 1638.850
579.190 1586.002
579.230 1647.010
579.260 1682.446
579.300 1679.310
579.340 1703.601
579.380 1803.464
579.420 1864.183
579.460 1842.759
579.500 1791.620
579.540 1784.909
579.580 1766.054
579.620 1692.628
579.660 1593.629
579.700 1587.058
579.730 1634.773
579.770 1588.915
579.810 1564.628
579.850 1555.770
579.890 1574.767
579.930 1571.193
579.970 1613.618
580.010 1708.757
580.050 1717.181
580.090 1665.462
580.130 1640.027
580.160 1648.593
580.200 1674.157
580.240 1562.864
580.280 1430.427
580.320 1470.705
580.360 1500.553
580.400 1537.971
580.440 1560.675
580.480 1557.665
580.520 1582.082
580.560 1593.070
580.590 1597.914
580.630 1663.187
580.670 1700.316
580.710 1680.588
580.750 1688.573
580.790 1729.415
580.830 1753.256
580.870 1713.954
580.910 1668.223
580.950 1715.777
580.990 1756.758
581.020 1740.740
581.060 1710.435
581.100 1722.272
581.140 1774.538
581.180 1750.660
581.220 1697.639
581.260 1751.474
581.300 1785.594
581.340 1771.143
581.380 1748.691
581.420 1718.667
581.450 1701.214
581.490 1656.617
581.530 1569.306
581.570 1553.280
581.610 1562.968
581.650 1542.083
581.690 1539.627
581.730 1612.170
581.770 1628.713
581.810 1620.969
581.850 1621.083
581.880 1668.481
581.920 1702.879
581.960 1678.562
582.000 1610.816
582.040 1623.926
582.080 1636.179
582.120 1604.717
582.160 1593.683
582.200 1576.792
582.240 1585.614
582.280 1655.150
582.310 1703.114
582.350 1813.507
582.390 1878.613
582.430 1850.432
582.470 1915.680
582.510 2010.642
582.550 1998.746
582.590 1888.707
582.630 1773.095
582.670 1814.198
582.700 1869.729
582.740 1804.830
582.780 1763.503
582.820 1823.746
582.860 1884.132
582.900 1862.517
582.940 1791.902
582.980 1796.144
583.020 1846.528
583.060 1806.625
583.100 1712.723
583.130 1726.248
583.170 1768.630
583.210 1764.583
583.250 1716.821
583.290 1725.630
583.330 1736.582
583.370 1706.247
583.410 1678.769
583.450 1664.148
583.490 1633.812
583.520 1611.761
583.560 1616.281
583.600 1677.373
583.640 1742.320
583.680 1725.839
583.720 1762.643
583.760 1865.018
583.800 1894.393
583.840 1814.910
583.880 1672.141
583.910 1669.943
583.950 1700.887
583.990 1630.688
584.030 1581.345
584.070 1629.717
584.110 1654.231
584.150 1708.030
584.190 1739.971
584.230 1806.770
584.270 1886.710
584.310 1849.365
584.340 1798.019
584.380 1864.958
584.420 1920.040
584.460 1853.121
584.500 1814.488
584.540 1828.854
584.580 1878.505
584.620 1874.299
584.660 1773.807
584.700 1787.314
584.730 1853.821
584.770 1815.042
584.810 1775.548
584.850 1812.482
584.890 1835.416
584.930 1845.492
584.970 1833.139
585.010 1866.357
585.050 1880.146
585.080 1838.078
585.120 1746.438
585.160 1700.940
585.200 1720.584
585.240 1706.086
585.280 1673.444
585.320 1653.230
585.360 1586.016
585.400 1530.230
585.440 1562.158
585.470 1576.657
585.510 1525.441
585.550 1442.225
585.590 1501.151
585.630 1643.363
585.670 1688.859
585.710 1653.213
585.750 1708.423
585.790 1830.490
585.830 1870.986
585.860 1785.909
585.900 1790.118
585.940 1864.898
585.980 1880.106
586.020 1765.885
586.060 1672.378
586.100 1707.441
586.140 1711.934
586.180 1600.854
586.220 1531.774
586.250 1586.407
586.290 1616.041
586.330 1565.388
586.370 1511.592
586.410 1552.367
586.450 1613.428
586.490 1617.488
586.530 1606.690
586.570 1698.464
586.600 1757.951
586.640 1761.867
586.680 1749.639
586.720 1789.983
586.760 1835.897
586.800 1809.811
586.840 1808.011
586.880 1854.210
586.920 1861.409
586.960 1859.178
586.990 1843.662
587.030 1853.717
587.070 1874.343
587.110 1810.111
587.150 1833.022
587.190 1927.075
587.230 1963.556
587.270 1907.895
587.310 1904.804
587.340 1908.999
587.380 1944.050
587.420 1902.673
587.460 1834.580
587.500 1851.488
587.540 1883.538
587.580 1836.588
587.620 1859.351
587.660 1894.829
587.690 1919.591
587.730 1888.783
587.770 1868.116
587.810 1917.449
587.850 1932.639
587.890 1847.258
587.930 1773.447
587.970 1726.636
588.010 1712.824
588.050 1662.441
588.080 1617.486
588.120 1686.245
588.160 1759.718
588.200 1732.191
588.240 1767.806
588.280 1899.278
588.320 1947.321
588.360 1893.220
588.400 1816.834
588.430 1774.876
588.470 1803.061
588.510 1735.816
588.550 1614.000
588.590 1605.041
588.630 1660.366
588.670 1636.835
588.710 1672.017
588.750 1759.342
588.780 1782.381
588.820 1745.706
588.860 1700.172
588.900 1764.353
588.940 1829.534
588.980 1769.142
589.020 1760.465
589.060 1820.930
589.100 1858.252
589.130 1918.717
589.170 1908.324
589.210 1913.788
589.250 1920.108
589.290 1842.571
589.330 1853.463
589.370 1923.783
589.410 1928.102
589.450 1868.564
589.480 1872.026
589.520 1949.058
589.560 1961.948
589.600 1853.408
589.640 1866.012
589.680 1907.329
589.720 1893.074
589.760 1808.391
589.800 1756.136
589.830 1787.594
589.870 1871.338
589.910 1810.225
589.950 1773.254
589.990 1790.426
590.030 1830.598
590.070 1798.197
590.110 1787.225
590.150 1839.825
590.180 1874.995
590.220 1869.308
590.260 1918.192
590.300 2024.647
590.340 2090.959
590.380 2057.984
590.420 2003.724
590.460 1999.178
590.490 1999.489
590.530 1969.656
590.570 1925.538
590.610 2000.562
590.650 2074.157
590.690 2056.609
590.730 2037.918
590.770 2093.655
590.810 2123.821
590.840 2096.700
590.880 2076.151
590.920 2124.744
590.960 2140.908
591.000 2117.501
591.040 2056.807
591.080 2092.114
591.120 2104.848
591.160 2042.011
591.190 1940.316
591.230 1914.050
591.270 1924.926
591.310 1908.945
591.350 1889.535
591.390 1950.410
591.430 1949.000
591.470 1959.303
591.500 2026.892
591.540 2101.909
591.580 2137.354
591.620 2077.228
591.660 2020.959
591.700 2116.260
591.740 2129.705
591.780 2022.148
591.820 1955.878
591.850 2013.464
591.890 2033.050
591.930 1996.065
591.970 1929.650
592.010 1996.378
592.050 2089.677
592.090 2100.690
592.130 2024.989
592.160 2022.145
592.200 2030.300
592.240 1987.883
592.280 1888.895
592.320 1856.907
592.360 1863.347
592.400 1885.072
592.440 1920.511
592.470 1998.950
592.510 2043.818
592.550 2085.399
592.590 2224.552
592.630 2399.132
592.670 2441.427
592.710 2427.865
592.750 2421.873
592.790 2473.453
592.820 2528.318
592.860 2441.612
592.900 2368.762
592.940 2401.341
592.980 2450.920
593.020 2473.927
593.060 2526.219
593.100 2612.082
593.130 2646.660
593.170 2587.808
593.210 2568.671
593.250 2623.248
593.290 2593.395
593.330 2517.543
593.370 2462.976
593.410 2456.980
593.440 2476.556
593.480 2471.131
593.520 2417.134
593.560 2397.423
593.600 2371.712
593.640 2326.000
593.680 2367.574
593.720 2475.719
593.750 2504.293
593.790 2477.152
593.830 2465.296
593.870 2449.440
593.910 2409.013
593.950 2308.585
593.990 2222.299
594.030 2206.157
594.060 2216.443
594.100 2240.871
594.140 2299.442
594.180 2393.870
594.220 2465.869
594.260 2440.296
594.300 2447.866
594.340 2460.293
594.380 2465.291
594.410 2450.003
594.450 2429.286
594.490 2471.569
594.530 2497.281
594.570 2456.849
594.610 2504.989
594.650 2573.271
594.690 2617.838
594.720 2610.549
594.760 2603.830
594.800 2580.397
594.840 2547.392
594.880 2497.816
594.920 2460.239
594.960 2428.376
594.990 2426.942
595.030 2350.507
595.070 2402.073
595.110 2464.781
595.150 2429.488
595.190 2358.624
595.230 2365.046
595.270 2371.896
595.300 2349.031
595.340 2239.166
595.380 2173.587
595.420 2198.435
595.460 2238.570
595.500 2185.418
595.540 2160.552
595.580 2237.115
595.610 2268.248
595.650 2219.381
595.690 2134.229
595.730 2124.219
595.770 2132.494
595.810 2068.626
595.850 1945.616
595.890 1894.462
595.920 1912.737
595.960 1895.297
596.000 1867.571
596.040 1915.845
596.080 1919.976
596.120 1871.249
596.160 1906.665
596.200 1921.510
596.230 1902.925
596.270 1820.055
596.310 1727.042
596.350 1706.314
596.390 1706.729
596.430 1622.286
596.470 1648.558
596.500 1719.972
596.540 1741.386
596.580 1713.228
596.620 1755.499
596.660 1839.770
596.700 1863.040
596.740 1783.596
596.780 1758.580
596.810 1746.564
596.850 1709.547
596.890 1643.102
596.930 1621.371
596.970 1709.212
597.010 1755.480
597.050 1737.749
597.090 1805.160
597.120 1910.713
597.160 1936.695
597.200 1889.677
597.240 1832.230
597.280 1859.212
597.320 1848.479
597.360 1772.174
597.390 1798.012
597.430 1893.278
597.470 1941.544
597.510 1911.953
597.550 1868.219
597.590 1959.056
597.630 2050.464
597.670 1969.872
597.700 1861.423
597.740 1893.545
597.780 1940.809
597.820 1962.074
597.860 1898.338
597.900 1825.030
597.940 1803.437
597.970 1805.272
598.010 1775.678
598.050 1778.084
598.090 1744.490
598.130 1727.896
598.170 1763.444
598.210 1808.421
598.250 1805.826
598.280 1761.659
598.320 1743.064
598.360 1790.468
598.400 1784.158
598.440 1755.848
598.480 1743.395
598.520 1775.656
598.550 1792.916
598.590 1762.034
598.630 1708.151
598.670 1745.554
598.710 1753.671
598.750 1738.788
598.790 1751.476
598.830 1785.450
598.860 1814.709
598.900 1812.539
598.940 1801.084
598.980 1862.485
599.020 1885.172
599.060 1836.859
599.100 1824.831
599.130 1831.089
599.170 1836.633
599.210 1803.176
599.250 1767.005
599.290 1809.976
599.330 1810.376
599.370 1754.490
599.400 1791.318
599.440 1848.431
599.480 1862.116
599.520 1797.658
599.560 1736.199
599.600 1828.883
599.640 1879.567
599.670 1783.394
599.710 1790.649
599.750 1860.904
599.790 1904.588
599.830 1898.128
599.870 1846.239
599.910 1828.351
599.950 1890.605
599.980 1828.573
600.020 1768.827
600.060 1760.223
600.100 1764.191
600.140 1731.444
600.180 1747.697
600.220 1708.807
600.250 1666.345
600.290 1656.312
600.330 1714.564
600.370 1756.388
600.410 1744.354
600.450 1691.749
600.490 1719.715
600.520 1848.395
600.560 1895.075
600.600 1859.183
600.640 1844.291
600.680 1917.685
600.720 1967.935
600.760 1949.900
600.790 1951.722
600.830 1956.543
600.870 1916.650
600.910 1860.757
600.950 1827.292
600.990 1873.970
601.030 1884.648
601.060 1759.183
601.100 1732.432
601.140 1819.966
601.180 1862.072
601.220 1827.178
601.260 1778.283
601.300 1848.245
601.330 1938.208
601.370 1922.741
601.410 1849.131
601.450 1884.236
601.490 1929.483
601.530 1905.016
601.570 1792.977
601.600 1787.367
601.640 1827.042
601.680 1854.574
601.720 1876.392
601.760 1858.495
601.800 1852.741
601.840 1906.130
601.870 1884.519
601.910 1941.764
601.950 1962.724
601.990 1869.826
602.030 1887.071
602.070 1986.173
602.110 1987.418
602.140 1978.520
602.180 1970.621
602.220 1983.294
602.260 2012.967
602.300 1984.496
602.340 1935.740
602.380 1980.555
602.410 1987.227
602.450 1887.899
602.490 1846.428
602.530 1831.814
602.570 1804.771
602.610 1791.156
602.650 1817.827
602.680 1848.641
602.720 1850.169
602.760 1821.983
602.800 1862.367
602.840 1941.038
602.880 1948.565
602.920 1860.378
602.950 1799.619
602.990 1790.146
603.030 1788.387
603.070 1727.628
603.110 1659.583
603.150 1687.681
603.190 1736.207
603.220 1770.876
603.260 1803.830
603.300 1847.642
603.340 1881.596
603.380 1883.407
603.420 1838.789
603.450 1808.457
603.490 1812.982
603.530 1802.221
603.570 1807.746
603.610 1826.128
603.650 1812.366
603.690 1764.748
603.720 1764.415
603.760 1820.510
603.800 1851.177
603.840 1816.415
603.880 1837.938
603.920 1886.747
603.960 1906.127
603.990 1867.222
604.030 1806.031
604.070 1792.839
604.110 1828.362
604.150 1790.456
604.190 1836.121
604.230 1936.215
604.260 2008.737
604.300 1992.830
604.340 1963.352
604.380 2048.588
604.420 2111.681
604.460 2049.059
604.490 2003.438
604.530 1988.244
604.570 2033.622
604.610 2060.858
604.650 1944.521
604.690 1944.327
604.730 1976.276
604.760 1931.225
604.800 1901.031
604.840 1945.694
604.880 1958.357
604.920 1959.162
604.960 1907.539
604.990 1888.630
605.030 1910.149
605.070 1941.382
605.110 1933.330
605.150 1960.278
605.190 1972.796
605.230 1931.315
605.260 1883.262
605.300 1935.495
605.340 1945.156
605.380 1899.245
605.420 1889.906
605.460 1956.281
605.500 2043.656
605.530 2116.174
605.570 2099.834
605.610 2108.637
605.650 2110.011
605.690 2069.243
605.730 1989.617
605.760 1952.419
605.800 1930.650
605.840 1939.309
605.880 1941.826
605.920 1975.342
605.960 2012.287
606.000 2022.946
606.030 2022.033
606.070 2040.834
606.110 2022.636
606.150 1982.437
606.190 1932.524
606.230 1946.325
606.260 1964.126
606.300 1932.355
606.340 1980.870
606.380 2024.384
606.420 2018.756
606.460 2007.128
606.490 1988.499
606.530 2034.156
606.570 2062.385
606.610 1972.042
606.650 1978.270
606.690 2054.641
606.730 2094.154
606.760 2089.525
606.800 2098.038
606.840 2135.409
606.880 2135.922
606.920 2057.720
606.960 1978.376
606.990 1992.460
607.030 2037.544
607.070 1989.342
607.110 1948.712
607.150 1986.510
607.190 2037.593
607.230 2087.391
607.260 2126.475
607.300 2130.272
607.340 2175.784
607.380 2225.438
607.420 2324.807
607.460 2456.604
607.490 2558.400
607.530 2585.626
607.570 2702.994
607.610 2903.076
607.650 3061.587
607.690 3124.669
607.720 3236.465
607.760 3427.547
607.800 3601.914
607.840 3690.281
607.880 3814.505
607.920 4070.301
607.960 4303.096
607.990 4399.606
608.030 4477.401
608.070 4637.482
608.110 4815.563
608.150 4928.215
608.190 4972.438
608.220 5080.376
608.260 5241.742
608.300 5393.822
608.340 5546.902
608.380 5734.267
608.420 5861.918
608.450 5947.712
608.490 6052.506
608.530 6161.014
608.570 6190.808
608.610 6179.744
608.650 6224.966
608.680 6298.474
608.720 6337.695
608.760 6350.488
608.800 6395.281
608.840 6503.217
608.880 6543.581
608.910 6481.231
608.950 6454.166
608.990 6500.101
609.030 6473.037
609.070 6411.257
609.110 6409.049
609.150 6450.698
609.180 6461.633
609.220 6449.139
609.260 6467.074
609.300 6563.151
609.340 6619.371
609.380 6573.590
609.410 6561.239
609.450 6652.601
609.490 6664.106
609.530 6636.897
609.570 6615.974
609.610 6572.479
609.640 6549.126
609.680 6498.488
609.720 6398.993
609.760 6382.926
609.800 6310.859
609.840 6218.506
609.870 6210.724
609.910 6197.514
609.950 6154.304
609.990 6064.807
610.030 5928.311
610.070 5862.243
610.100 5734.033
610.140 5556.822
610.180 5335.896
610.220 5163.114
610.260 5021.760
610.300 4825.691
610.330 4622.908
610.370 4465.697
610.410 4269.200
610.450 4098.702
610.490 3982.919
610.530 3844.421
610.560 3694.066
610.600 3501.569
610.640 3399.071
610.680 3332.144
610.720 3212.646
610.760 3046.433
610.790 2929.221
610.830 2882.579
610.870 2807.938
610.910 2655.296
610.950 2558.512
610.990 2570.299
611.020 2558.800
611.060 2488.872
611.100 2449.087
611.140 2479.302
611.180 2482.517
611.220 2384.161
611.250 2284.518
611.290 2218.590
611.330 2136.090
611.370 2040.305
611.410 2022.519
611.450 2046.733
611.480 2073.233
611.520 2066.733
611.560 2068.804
611.600 2161.732
611.640 2160.374
611.680 2088.302
611.710 2076.944
611.750 2141.729
611.790 2149.657
611.830 2083.298
611.870 1999.226
611.910 2039.439
611.940 2026.652
611.980 1903.436
612.020 1810.220
612.060 1837.861
612.100 1884.360
612.140 1849.001
612.170 1852.499
612.210 1914.283
612.250 1976.495
612.290 1971.850
612.330 1931.776
612.370 1962.845
612.400 2035.771
612.440 1977.840
612.480 1920.194
612.520 1970.120
612.560 2007.617
612.600 1998.257
612.630 2005.897
612.670 1998.680
612.710 1996.891
612.750 1988.102
612.790 2001.027
612.820 2011.380
612.860 1996.448
612.900 1887.516
612.940 1888.584
612.980 1971.080
613.020 1988.004
613.050 1891.929
613.090 1862.139
613.130 1925.063
613.170 1973.845
613.210 1918.340
613.250 1898.693
613.280 1945.474
613.320 1958.398
613.360 1909.607
613.400 1872.388
613.440 1891.454
613.480 1921.378
613.510 1909.444
613.550 1909.082
613.590 1950.719
613.630 1963.214
613.670 1906.423
613.710 1870.631
613.740 1921.554
613.780 1946.906
613.820 1887.971
613.860 1881.322
613.900 1907.673
613.930 1906.167
613.970 1886.375
614.010 1864.298
614.050 1829.791
614.090 1832.427
614.130 1802.635
614.160 1804.271
614.200 1948.907
614.240 2001.829
614.280 1918.037
614.320 1925.101
614.360 2000.451
614.390 1994.087
614.430 1939.865
614.470 1822.643
614.510 1870.422
614.550 1918.629
614.580 1830.835
614.620 1798.327
614.660 1836.677
614.700 1847.026
614.740 1842.090
614.780 1753.010
614.810 1790.788
614.850 1864.851
614.890 1781.057
614.930 1738.549
614.970 1756.183
615.010 1742.532
615.040 1759.023
615.080 1702.943
615.120 1679.434
615.160 1689.782
615.200 1682.416
615.230 1767.050
615.270 1788.826
615.310 1770.889
615.350 1775.808
615.390 1757.299
615.430 1752.075
615.460 1745.137
615.500 1647.056
615.540 1635.260
615.580 1628.750
615.620 1605.526
615.650 1651.159
615.690 1719.221
615.730 1789.568
615.770 1846.200
615.810 1852.976
615.850 1890.323
615.880 1958.669
615.920 1941.016
615.960 1904.220
616.000 1850.566
616.040 1873.198
616.080 1913.830
616.110 1888.605
616.150 1877.237
616.190 1895.726
616.230 1888.072
616.270 1862.132
616.300 1852.478
616.340 1894.966
616.380 1919.026
616.420 1860.800
616.460 1883.575
616.500 1929.634
616.530 1942.122
616.570 1883.468
616.610 1790.384
616.650 1804.729
616.690 1858.932
616.720 1775.705
616.760 1772.050
616.800 1873.681
616.840 1915.025
616.880 1918.084
616.920 1899.857
616.950 1893.631
616.990 1929.261
617.030 1882.319
617.070 1801.664
617.110 1873.865
617.140 1931.638
617.180 1914.267
617.220 1904.754
617.260 1955.527
617.300 1996.870
617.340 1964.928
617.370 1884.272
617.410 1846.044
617.450 1831.959
617.490 1806.017
617.530 1803.932
617.560 1785.561
617.600 1828.333
617.640 1854.390
617.680 1905.447
617.720 1985.647
617.750 2023.133
617.790 1964.333
617.830 1996.247
617.870 2011.733
617.910 1993.361
617.950 1927.847
617.980 1843.904
618.020 1839.532
618.060 1858.017
618.100 1799.073
618.140 1827.130
618.170 1868.329
618.210 1880.528
618.250 1877.870
618.290 1896.212
618.330 1915.840
618.370 1909.039
618.400 1804.380
618.440 1737.008
618.480 1796.778
618.520 1845.691
618.560 1800.032
618.590 1842.230
618.630 1928.143
618.670 1969.627
618.710 1975.683
618.750 1939.595
618.780 1964.507
618.820 1993.848
618.860 1889.189
618.900 1828.387
618.940 1850.585
618.980 1827.497
619.010 1774.980
619.050 1780.035
619.090 1799.947
619.130 1825.430
619.170 1809.199
619.200 1847.682
619.240 1867.736
619.280 1846.076
619.320 1752.559
619.360 1681.185
619.390 1720.953
619.430 1758.007
619.470 1660.347
619.510 1656.258
619.550 1740.598
619.590 1786.080
619.620 1811.419
619.660 1836.473
619.700 1817.241
619.740 1841.437
619.780 1829.348
619.810 1844.973
619.850 1846.740
619.890 1831.651
619.930 1767.275
619.970 1812.471
620.000 1906.667
620.040 1923.863
620.080 1846.773
620.120 1919.683
620.160 1937.450
620.190 1906.789
620.230 1834.413
620.270 1776.180
620.310 1818.803
620.350 1845.856
620.390 1704.765
620.420 1728.818
620.460 1815.156
620.500 1841.065
620.540 1775.546
620.580 1758.598
620.610 1796.650
620.650 1881.845
620.690 1838.754
620.730 1831.948
620.770 1904.714
620.800 1947.052
620.840 1865.532
620.880 1782.583
620.920 1706.920
620.960 1735.686
620.990 1701.880
621.030 1687.075
621.070 1713.554
621.110 1737.034
621.150 1775.657
621.180 1831.565
621.220 1884.758
621.260 1893.952
621.300 1802.289
621.340 1803.197
621.380 1873.819
621.410 1864.727
621.450 1826.777
621.490 1824.971
621.530 1878.021
621.570 1919.929
621.600 1886.407
621.640 1904.886
621.680 1908.079
621.720 1895.987
621.760 1798.037
621.790 1745.515
621.830 1807.565
621.870 1831.187
621.910 1749.236
621.950 1799.572
621.980 1914.479
622.020 1948.243
622.060 1888.721
622.100 1801.199
622.140 1825.105
622.170 1863.441
622.210 1800.918
622.250 1757.111
622.290 1786.588
622.330 1857.352
622.360 1882.687
622.400 1849.307
622.440 1823.356
622.480 1830.548
622.520 1784.454
622.550 1789.074
622.590 1767.408
622.630 1734.314
622.670 1710.649
622.710 1761.554
622.740 1805.317
622.780 1800.508
622.820 1762.557
622.860 1759.177
622.900 1817.653
622.930 1841.273
622.970 1788.178
623.010 1755.369
623.050 1833.274
623.090 1861.322
623.130 1813.370
623.160 1803.847
623.200 1821.180
623.240 1803.656
623.280 1774.275
623.320 1676.752
623.350 1635.228
623.390 1654.418
623.430 1582.608
623.470 1563.227
623.510 1655.275
623.540 1705.608
623.580 1737.798
623.620 1779.273
623.660 1867.892
623.700 1910.653
623.730 1858.986
623.770 1804.318
623.810 1849.508
623.850 1885.269
623.890 1834.745
623.920 1822.791
623.960 1893.266
624.000 1963.742
624.040 1938.645
624.080 1878.835
624.110 1901.310
624.150 1939.785
624.190 1840.545
624.230 1776.591
624.270 1798.209
624.300 1820.255
624.340 1793.873
624.380 1760.204
624.420 1773.250
624.450 1819.725
624.490 1781.771
624.530 1724.674
624.570 1764.576
624.610 1838.194
624.640 1853.668
624.680 1870.285
624.720 1925.616
624.760 1975.947
624.800 1965.850
624.830 1938.609
624.870 1899.940
624.910 1836.271
624.950 1755.174
624.990 1700.647
625.020 1711.550
625.060 1712.595
625.100 1643.068
625.140 1675.970
625.180 1759.158
625.210 1789.917
625.250 1780.105
625.290 1794.578
625.330 1864.480
625.370 1889.381
625.400 1830.569
625.440 1847.328
625.480 1927.229
625.520 1969.559
625.560 1954.747
625.590 1956.648
625.630 2023.978
625.670 2043.022
625.710 1953.209
625.750 1904.253
625.780 1955.011
625.820 1997.770
625.860 1934.671
625.900 1909.143
625.940 1928.901
625.970 1943.945
626.010 1910.417
626.050 1916.032
626.090 1970.790
626.130 2003.262
626.160 1967.734
626.200 1962.492
626.240 1994.536
626.280 1998.436
626.310 1872.765
626.350 1751.523
626.390 1743.280
626.430 1767.323
626.470 1730.795
626.500 1748.266
626.540 1806.024
626.580 1836.352
626.620 1811.252
626.660 1847.295
626.690 1894.624
626.730 1918.238
626.770 1854.138
626.810 1838.466
626.850 1929.651
626.880 1977.694
626.920 1898.736
626.960 1866.350
627.000 1906.821
627.040 1949.578
627.070 1912.192
627.110 1843.948
627.150 1897.419
627.190 1958.175
627.230 1890.074
627.260 1790.117
627.300 1792.587
627.340 1799.629
627.380 1746.671
627.410 1634.856
627.450 1625.183
627.490 1722.939
627.530 1793.695
627.570 1768.022
627.600 1768.350
627.640 1812.248
627.680 1821.004
627.720 1842.617
627.760 1875.373
627.790 1906.986
627.830 1919.170
627.870 1928.068
627.910 1943.395
627.950 1960.293
627.980 1904.192
628.020 1885.375
628.060 1908.274
628.100 1898.457
628.130 1868.641
628.170 1877.111
628.210 1934.151
628.250 1919.192
628.290 1827.233
628.320 1800.988
628.360 1841.029
628.400 1874.783
628.440 1840.824
628.480 1842.579
628.510 1871.476
628.550 1852.374
628.590 1780.128
628.630 1813.026
628.660 1848.495
628.700 1848.106
628.740 1784.861
628.780 1832.330
628.820 1921.227
628.850 1946.838
628.890 1903.878
628.930 1908.632
628.970 1877.244
629.010 1821.712
629.040 1736.609
629.080 1674.649
629.120 1671.260
629.160 1602.728
629.200 1534.482
629.230 1602.807
629.270 1689.133
629.310 1726.886
629.350 1713.497
629.380 1830.251
629.420 1972.147
629.460 2015.615
629.500 1973.797
629.540 1944.408
629.570 1934.018
629.610 1949.772
629.650 1823.097
629.690 1775.707
629.720 1803.889
629.760 1822.071
629.800 1854.681
629.840 1950.863
629.880 2009.187
629.910 1975.655
629.950 1881.265
629.990 1847.161
630.030 1879.199
630.070 1855.809
630.100 1775.562
630.140 1811.886
630.180 1956.353
630.220 2014.534
630.250 1986.573
630.290 1999.754
630.330 2059.221
630.370 2060.830
630.410 1973.726
630.440 1903.335
630.480 1931.945
630.520 1929.697
630.560 1858.450
630.600 1838.202
630.630 1859.240
630.670 1841.278
630.710 1785.887
630.750 1765.639
630.780 1821.820
630.820 1835.714
630.860 1776.038
630.900 1797.647
630.940 1871.399
630.970 1923.865
631.010 1924.474
631.050 1921.225
631.090 1973.549
631.120 2031.300
631.160 1979.909
631.200 1880.946
631.240 1889.412
631.280 1910.021
631.310 1857.344
631.350 1907.666
631.390 1958.132
631.430 1959.312
631.460 1979.349
631.500 1913.386
631.540 1895.423
631.580 1916.745
631.620 1793.925
631.650 1718.962
631.690 1740.570
631.730 1786.750
631.770 1837.072
631.800 1830.823
631.840 1827.574
631.880 1872.182
631.920 1848.932
631.960 1815.969
631.990 1805.148
632.030 1772.327
632.070 1705.221
632.110 1699.971
632.150 1684.722
632.180 1670.330
632.220 1634.080
632.260 1619.688
632.300 1654.581
632.330 1685.760
632.370 1654.081
632.410 1668.689
632.450 1705.011
632.490 1720.332
632.520 1710.225
632.560 1720.832
632.600 1773.582
632.640 1797.475
632.670 1765.082
632.710 1764.404
632.750 1806.725
632.790 1825.475
632.820 1793.082
632.860 1847.975
632.900 1925.296
632.940 1965.617
632.980 1959.938
633.010 1970.545
633.050 1964.580
633.090 1982.329
633.130 1912.365
633.160 1869.828
633.200 1872.864
633.240 1868.327
633.280 1822.648
633.320 1833.683
633.350 1869.718
633.390 1898.896
633.430 1882.216
633.470 1901.537
633.500 1899.143
633.540 1926.892
633.580 1930.070
633.620 1897.533
633.660 1856.139
633.690 1821.602
633.730 1755.494
633.770 1762.672
633.810 1781.278
633.840 1759.169
633.880 1722.204
633.920 1693.095
633.960 1770.987
634.000 1832.307
634.030 1807.627
634.070 1786.232
634.110 1853.981
634.150 1877.587
634.180 1885.764
634.220 1868.226
634.260 1909.546
634.300 1947.723
634.330 1915.328
634.370 1913.219
634.410 1987.682
634.450 2052.001
634.490 2022.607
634.520 1936.641
634.560 1980.531
634.600 2021.994
634.640 1922.313
634.670 1871.775
634.710 1904.952
634.750 1909.843
634.790 1929.448
634.830 1905.053
634.860 1910.800
634.900 1971.119
634.940 1936.153
634.980 1904.329
635.010 1950.791
635.050 1936.539
635.090 1860.715
635.130 1823.176
635.160 1833.924
635.200 1829.386
635.240 1740.419
635.280 1705.595
635.320 1777.342
635.350 1793.375
635.390 1784.265
635.430 1798.012
635.470 1843.902
635.500 1915.364
635.540 1900.539
635.580 1826.429
635.620 1910.319
635.650 1964.638
635.690 1909.385
635.730 1891.132
635.770 1867.878
635.810 1839.197
635.840 1801.944
635.880 1741.262
635.920 1732.151
635.960 1717.470
635.990 1676.645
636.030 1711.534
636.070 1793.424
636.110 1912.456
636.140 1933.203
636.180 1929.949
636.220 2022.696
636.260 2073.871
636.300 2025.046
636.330 1988.792
636.370 1963.538
636.410 1954.856
636.450 1927.745
636.480 1902.491
636.520 1936.523
636.560 1924.984
636.600 1844.587
636.630 1790.190
636.670 1776.222
636.710 1772.111
636.750 1719.857
636.780 1655.889
636.820 1707.063
636.860 1755.523
636.900 1758.698
636.940 1850.872
636.970 1925.618
637.010 1971.221
637.050 1968.824
637.090 1943.998
637.120 1970.601
637.160 1988.204
637.200 1901.949
637.240 1863.838
637.270 1871.012
637.310 1876.471
637.350 1838.074
637.390 1802.391
637.420 1805.422
637.460 1815.739
637.500 1809.484
637.540 1818.801
637.580 1865.689
637.610 1908.720
637.650 1912.465
637.690 1941.639
637.730 1967.670
637.760 1953.272
637.800 1849.874
637.840 1767.476
637.880 1777.221
637.910 1795.680
637.950 1730.854
637.990 1715.456
638.030 1737.201
638.060 1794.374
638.100 1795.690
638.140 1791.150
638.180 1812.751
638.220 1822.782
638.250 1770.384
638.290 1732.414
638.330 1786.730
638.370 1853.475
638.400 1820.791
638.440 1797.535
638.480 1855.280
638.520 1909.310
638.550 1896.768
638.590 1879.227
638.630 1891.686
638.670 1867.716
638.700 1837.174
638.740 1761.633
638.780 1735.948
638.820 1797.121
638.850 1790.151
638.890 1804.324
638.930 1874.925
638.970 1907.383
639.010 1928.127
639.040 1913.586
639.080 1909.044
639.120 1905.502
639.160 1862.246
639.190 1870.990
639.230 1903.448
639.270 1897.478
639.310 1891.221
639.340 1889.822
639.380 1865.280
639.420 1827.310
639.460 1781.625
639.490 1747.511
639.530 1791.255
639.570 1844.713
639.610 1802.314
639.640 1780.200
639.680 1824.372
639.720 1798.687
639.760 1766.145
639.790 1760.174
639.830 1745.631
639.870 1730.946
639.910 1741.118
639.940 1736.861
639.980 1778.176
640.020 1776.776
640.060 1731.519
640.100 1730.691
640.130 1782.863
640.170 1818.177
640.210 1798.063
640.250 1845.235
640.280 1944.978
640.320 1971.435
640.360 1939.607
640.400 1969.921
640.430 2036.092
640.470 2049.264
640.510 1944.578
640.550 1933.321
640.580 1950.206
640.620 1954.378
640.660 1931.406
640.700 1837.720
640.730 1801.606
640.770 1827.920
640.810 1756.519
640.850 1749.548
640.880 1804.433
640.920 1765.890
640.960 1742.489
641.000 1768.518
641.030 1804.831
641.070 1799.431
641.110 1758.602
641.150 1759.630
641.180 1813.372
641.220 1836.114
641.260 1846.142
641.300 1864.313
641.330 1897.341
641.370 1933.940
641.410 1884.683
641.450 1877.853
641.480 1959.024
641.520 1984.052
641.560 1944.365
641.600 1926.964
641.630 1940.563
641.670 1978.162
641.710 1972.904
641.750 1983.646
641.780 2021.388
641.820 2066.844
641.860 2056.014
641.900 2036.327
641.940 2048.069
641.970 2057.525
642.010 2003.124
642.050 1979.580
642.090 2000.321
642.120 2034.777
642.160 1998.233
642.200 1978.546
642.240 2021.145
642.270 2023.172
642.310 1995.199
642.350 1951.798
642.390 1930.825
642.420 1914.852
642.460 1848.593
642.500 1804.906
642.540 1836.504
642.570 1844.960
642.610 1822.987
642.650 1881.728
642.690 2008.469
642.720 2066.496
642.760 2036.380
642.800 2006.550
642.840 1992.291
642.870 1989.175
642.910 1922.773
642.950 1829.371
642.990 1809.540
643.020 1806.567
643.060 1742.165
643.100 1705.477
643.140 1755.075
643.170 1754.388
643.210 1724.271
643.250 1727.012
643.290 1747.324
643.320 1785.636
643.360 1816.091
643.400 1788.975
643.440 1793.287
643.470 1828.885
643.510 1833.054
643.550 1806.366
643.590 1802.249
643.620 1782.132
643.660 1744.730
643.700 1760.328
643.740 1763.211
643.770 1755.808
643.810 1756.834
643.850 1803.146
643.890 1846.744
643.920 1883.770
643.960 1891.224
644.000 1914.536
644.040 1973.562
644.070 2012.016
644.110 1956.042
644.150 1934.782
644.180 1931.665
644.220 1917.977
644.260 1886.288
644.300 1834.885
644.330 1854.625
644.370 1890.508
644.410 1882.677
644.450 1899.274
644.480 1934.442
644.520 1945.182
644.560 1919.065
644.600 1865.090
644.630 1859.830
644.670 1865.998
644.710 1852.881
644.750 1817.049
644.780 1908.360
644.820 2012.243
644.860 2012.983
644.900 2019.008
644.930 2059.319
644.970 2060.773
645.010 2056.798
645.050 1996.538
645.080 1970.134
645.120 1973.016
645.160 1928.184
645.200 1909.210
645.230 1897.092
645.270 1871.260
645.310 1809.428
645.350 1784.881
645.380 1849.763
645.420 1862.931
645.460 1835.956
645.500 1831.981
645.530 1848.006
645.570 1862.459
645.610 1872.341
645.650 1870.223
645.680 1898.391
645.720 1905.702
645.760 1885.584
645.800 1860.751
645.830 1842.062
645.870 1803.372
645.910 1746.682
645.940 1739.421
645.980 1733.732
646.020 1741.613
646.060 1758.924
646.090 1775.662
646.130 1748.401
646.170 1728.854
646.210 1718.022
646.240 1772.617
646.280 1844.070
646.320 1860.809
646.360 1849.691
646.390 1890.429
646.430 1916.739
646.470 1888.621
646.510 1819.073
646.540 1769.669
646.580 1817.979
646.620 1854.003
646.660 1832.313
646.690 1864.909
646.730 1922.933
646.770 1940.100
646.810 1913.124
646.840 1840.434
646.880 1826.172
646.920 1831.767
646.950 1796.077
646.990 1806.244
647.030 1836.125
647.070 1857.863
647.100 1816.459
647.140 1840.054
647.180 1905.792
647.220 1910.244
647.250 1859.411
647.290 1847.292
647.330 1926.887
647.370 2017.339
647.400 1968.506
647.440 1924.244
647.480 1922.696
647.520 1912.148
647.550 1883.601
647.590 1820.338
647.630 1792.076
647.670 1776.957
647.700 1706.980
647.740 1711.861
647.780 1761.742
647.810 1785.337
647.850 1765.931
647.890 1813.098
647.930 1917.121
647.960 1980.859
648.000 1937.882
648.040 1900.477
648.080 1885.786
648.110 1878.381
648.150 1823.404
648.190 1780.427
648.230 1824.450
648.260 1867.759
648.300 1836.068
648.340 1822.377
648.380 1847.400
648.410 1866.994
648.450 1864.732
648.490 1861.326
648.520 1883.492
648.560 1906.515
648.600 1943.110
648.640 2045.275
648.670 2151.727
648.710 2193.893
648.750 2157.201
648.790 2146.224
648.820 2211.247
648.860 2195.698
648.900 2072.864
648.940 1992.458
648.970 1976.195
649.010 1965.647
649.050 1899.241
649.080 1861.121
649.120 1908.429
649.160 1935.023
649.200 1924.189
649.230 1884.354
649.270 1891.519
649.310 1952.399
649.350 1929.136
649.380 1887.587
649.420 1925.324
649.460 1943.775
649.500 1943.654
649.530 1964.105
649.570 1949.556
649.610 1951.579
649.640 1940.601
649.680 1901.624
649.720 1921.074
649.760 1908.954
649.790 1833.690
649.830 1803.570
649.870 1841.021
649.910 1838.614
649.940 1805.351
649.980 1768.373
650.020 1784.824
650.060 1822.132
650.090 1833.725
650.130 1819.319
650.170 1878.912
650.200 1914.648
650.240 1854.099
650.280 1832.692
650.320 1857.000
650.350 1879.594
650.390 1835.187
650.430 1757.923
650.470 1714.945
650.500 1740.395
650.540 1732.132
650.580 1787.153
650.610 1805.461
650.650 1787.054
650.690 1760.219
650.730 1791.955
650.760 1836.548
650.800 1862.427
650.840 1776.020
650.880 1765.613
650.910 1869.492
650.950 1929.371
650.990 1923.107
651.020 1877.842
651.060 1889.293
651.100 1915.314
651.140 1881.621
651.170 1798.071
651.210 1779.521
651.250 1780.114
651.290 1780.993
651.320 1796.729
651.360 1836.607
651.400 1827.200
651.440 1843.793
651.470 1860.386
651.510 1831.550
651.550 1805.571
651.580 1784.450
651.620 1758.185
651.660 1816.349
651.700 1868.228
651.730 1852.534
651.770 1895.841
651.810 1935.434
651.850 1934.598
651.880 1899.905
651.920 1885.783
651.960 1882.661
651.990 1866.825
652.030 1820.989
652.070 1817.296
652.110 1833.460
652.140 1849.909
652.180 1820.073
652.220 1789.523
652.250 1838.544
652.290 1885.564
652.330 1875.728
652.370 1842.035
652.400 1826.198
652.440 1812.505
652.480 1802.812
652.520 1741.547
652.550 1696.425
652.590 1682.731
652.630 1643.466
652.660 1612.344
652.700 1619.222
652.740 1589.385
652.780 1605.120
652.810 1607.141
652.850 1655.733
652.890 1716.325
652.930 1780.060
652.960 1839.366
653.000 1887.529
653.040 1903.264
653.070 1981.428
653.110 1954.162
653.150 1920.469
653.190 1901.489
653.220 1847.652
653.260 1888.673
653.300 1940.550
653.330 1869.999
653.370 1843.448
653.410 1891.754
653.450 1932.774
653.480 1949.080
653.520 1893.958
653.560 1878.264
653.600 1944.284
653.630 1983.304
653.670 1942.753
653.710 1944.202
653.740 2016.079
653.780 2022.528
653.820 1977.119
653.860 1951.568
653.890 1954.445
653.930 1951.465
653.970 1891.343
654.000 1814.220
654.040 1820.240
654.080 1871.117
654.120 1883.851
654.150 1919.871
654.190 1994.748
654.230 2061.911
654.270 2055.217
654.300 2063.236
654.340 2014.971
654.380 1950.419
654.410 1914.867
654.450 1880.173
654.490 1850.478
654.530 1854.784
654.560 1829.947
654.600 1884.823
654.640 1920.843
654.670 1908.720
654.710 1863.740
654.750 1835.474
654.790 1890.493
654.820 1941.084
654.860 1862.675
654.900 1835.695
654.930 1843.857
654.970 1869.020
655.010 1859.468
655.050 1809.487
655.080 1768.793
655.120 1785.955
655.160 1797.117
655.190 1806.851
655.230 1769.585
655.270 1745.033
655.310 1775.052
655.340 1817.357
655.380 1881.234
655.420 1920.110
655.460 1898.987
655.490 1965.435
655.530 2065.311
655.570 2051.187
655.600 2009.492
655.640 1975.797
655.680 1958.531
655.720 1954.121
655.750 1898.426
655.790 1825.874
655.830 1828.750
655.860 1819.198
655.900 1781.503
655.940 1759.379
655.980 1744.541
656.010 1763.703
656.050 1824.436
656.090 1862.312
656.120 1884.046
656.160 1914.493
656.200 1919.084
656.240 1950.817
656.270 2000.264
656.310 1944.569
656.350 1869.588
656.380 1900.464
656.420 1969.483
656.460 2063.073
656.500 2124.235
656.530 2136.682
656.570 2243.558
656.610 2300.148
656.640 2258.739
656.680 2183.757
656.720 2139.205
656.760 2105.223
656.790 2042.956
656.830 2009.404
656.870 2056.851
656.900 2062.441
656.940 2011.174
656.980 1987.907
657.020 2036.783
657.050 2064.373
657.090 1994.248
657.130 1911.981
657.160 1906.571
657.200 1946.304
657.240 1926.751
657.280 1834.912
657.310 1829.359
657.350 1848.806
657.390 1822.825
657.420 1847.415
657.460 1888.004
657.500 1862.451
657.540 1880.613
657.570 1873.631
657.610 1886.935
657.650 1906.096
657.680 1857.543
657.720 1782.418
657.760 1763.008
657.790 1756.169
657.830 1738.187
657.870 1694.349
657.910 1701.795
657.940 1718.385
657.980 1745.260
658.020 1776.707
658.050 1755.725
658.090 1732.315
658.130 1754.476
658.170 1761.208
658.200 1768.655
658.240 1777.816
658.280 1774.119
658.310 1841.280
658.350 1910.298
658.390 1897.316
658.430 1861.906
658.460 1865.638
658.500 1940.656
658.540 1979.959
658.570 1921.549
658.610 1856.710
658.650 1865.442
658.690 1899.174
658.720 1863.906
658.760 1844.495
658.800 1864.942
658.830 1887.817
658.870 1924.120
658.910 1939.852
658.940 1963.584
658.980 1974.745
659.020 1924.620
659.060 1873.352
659.090 1841.655
659.130 1838.816
659.170 1812.119
659.200 1802.851
659.240 1864.726
659.280 1890.600
659.320 1877.904
659.350 1874.207
659.390 1844.510
659.430 1819.956
659.460 1805.545
659.500 1798.991
659.540 1849.009
659.580 1883.169
659.610 1975.758
659.650 2032.776
659.690 2054.507
659.720 2027.668
659.760 1972.828
659.800 1936.988
659.830 1979.863
659.870 1924.737
659.910 1887.469
659.950 1890.629
659.980 1875.503
660.020 1885.092
660.060 1852.252
660.090 1818.984
660.130 1812.430
660.170 1826.447
660.200 1818.750
660.240 1848.910
660.280 1888.641
660.320 1885.230
660.350 1853.819
660.390 1850.121
660.430 1858.281
660.460 1865.156
660.500 1868.173
660.540 1834.047
660.580 1868.778
660.610 1894.081
660.650 1893.384
660.690 1908.115
660.720 2005.418
660.760 2052.149
660.800 2074.166
660.830 2074.897
660.870 2059.200
660.910 2073.217
660.950 2045.948
660.980 1920.965
661.020 1867.554
661.060 1864.428
661.090 1854.730
661.130 1837.176
661.170 1815.192
661.200 1810.923
661.240 1831.369
661.280 1831.243
661.320 1782.545
661.350 1749.848
661.390 1779.007
661.430 1795.881
661.460 1785.612
661.500 1807.058
661.540 1846.646
661.570 1936.377
661.610 1997.393
661.650 1986.838
661.690 1980.569
661.720 1998.015
661.760 2035.317
661.800 2033.476
661.830 1946.064
661.870 1913.509
661.910 1954.812
661.940 1967.971
661.980 1947.559
662.020 1892.290
662.060 1893.163
662.090 1951.894
662.130 1919.339
662.170 1840.927
662.200 1804.658
662.240 1804.246
662.280 1784.262
662.310 1730.707
662.350 1699.581
662.390 1696.168
662.430 1701.756
662.460 1725.058
662.500 1744.932
662.540 1763.948
662.570 1753.107
662.610 1753.409
662.650 1810.425
662.680 1835.299
662.720 1825.458
662.760 1868.760
662.800 1928.776
662.830 1970.221
662.870 1966.523
662.910 1941.110
662.940 1910.983
662.980 1887.285
663.020 1833.301
663.050 1792.032
663.090 1796.048
663.130 1807.635
663.170 1793.509
663.200 1881.953
663.240 1974.684
663.280 1983.842
663.310 1950.001
663.350 1931.160
663.390 1944.748
663.420 1982.049
663.460 1952.637
663.500 1933.367
663.530 1950.954
663.570 2005.684
663.610 2015.843
663.650 2010.859
663.680 2028.589
663.720 2026.891
663.760 1956.050
663.790 1877.637
663.830 1865.795
663.870 1893.811
663.900 1893.541
663.940 1819.129
663.980 1844.716
664.020 1913.160
664.050 1972.747
664.090 1944.906
664.130 1934.493
664.160 1895.937
664.200 1889.239
664.240 1846.111
664.270 1852.413
664.310 1891.571
664.350 1901.444
664.380 1865.317
664.420 1899.190
664.460 1912.205
664.500 1889.364
664.530 1876.379
664.570 1880.252
664.610 1930.124
664.640 1941.569
664.680 1972.584
664.720 2004.028
664.750 2006.615
664.790 1947.202
664.830 1926.217
664.860 1916.519
664.900 1962.963
664.940 1939.835
664.980 1913.565
665.010 1932.580
665.050 1950.881
665.090 1885.182
665.120 1864.341
665.160 1887.499
665.200 1903.800
665.230 1899.244
665.270 1886.973
665.310 1919.703
665.340 1973.861
665.380 1961.876
665.420 1886.749
665.460 1882.907
665.490 1947.351
665.530 1935.223
665.570 1894.952
665.600 1922.968
665.640 1934.840
665.680 1923.998
665.710 1931.013
665.750 1904.742
665.790 1930.900
665.820 1924.344
665.860 1892.645
665.900 1902.231
665.930 1953.961
665.970 1936.262
666.010 1889.134
666.050 1855.720
666.080 1839.592
666.120 1799.036
666.160 1729.622
666.190 1703.780
666.230 1689.795
666.270 1680.524
666.300 1744.254
666.340 1819.554
666.380 1840.569
666.410 1870.870
666.450 1853.313
666.490 1850.328
666.530 1865.772
666.560 1808.929
666.600 1771.373
666.640 1761.673
666.670 1755.260
666.710 1740.989
666.750 1721.146
666.780 1767.018
666.820 1804.890
666.860 1769.905
666.890 1800.062
666.930 1853.220
666.970 1877.520
667.000 1875.107
667.040 1858.121
667.080 1865.422
667.120 1918.151
667.150 1911.737
667.190 1889.466
667.230 1895.766
667.260 1901.495
667.300 1873.510
667.340 1834.810
667.370 1832.539
667.410 1823.839
667.450 1805.854
667.480 1809.011
667.520 1854.454
667.560 1868.040
667.590 1894.626
667.630 1944.498
667.670 1974.655
667.700 1990.955
667.740 1989.541
667.780 1996.555
667.820 2026.284
667.850 1961.584
667.890 1851.313
667.930 1852.613
667.960 1890.342
668.000 1900.213
668.040 1842.799
668.070 1803.385
668.110 1913.256
668.150 1998.128
668.180 1980.856
668.220 1911.871
668.260 1850.599
668.290 1857.471
668.330 1861.199
668.370 1806.642
668.400 1826.228
668.440 1857.813
668.480 1883.685
668.520 1953.985
668.550 2010.142
668.590 2062.442
668.630 2041.170
668.660 1911.756
668.700 1864.913
668.740 1861.784
668.770 1810.227
668.810 1744.812
668.850 1710.255
668.880 1725.841
668.920 1761.426
668.960 1777.583
668.990 1824.454
669.030 1856.897
669.070 1837.625
669.100 1851.639
669.140 1852.796
669.180 1879.810
669.210 1925.538
669.250 1923.695
669.290 1974.281
669.320 2083.294
669.360 2073.737
669.400 2070.037
669.440 2065.193
669.470 1999.064
669.510 1938.507
669.550 1886.664
669.580 1839.535
669.620 1830.120
669.660 1842.134
669.690 1850.576
669.730 1879.019
669.770 1962.318
669.800 2016.618
669.840 2062.632
669.880 2115.788
669.910 2154.373
669.950 2160.244
669.990 2154.829
670.020 2108.272
670.060 2047.285
670.100 1970.299
670.130 1900.599
670.170 1916.755
670.210 1933.912
670.240 1944.497
670.280 1924.082
670.320 1899.096
670.350 1891.681
670.390 1898.409
670.430 1827.422
670.470 1807.864
670.500 1766.449
670.540 1764.892
670.580 1822.905
670.610 1855.919
670.650 1871.932
670.690 1843.374
670.720 1876.959
670.760 1934.687
670.800 1927.986
670.830 1895.000
670.870 1888.156
670.910 1899.455
670.940 1930.754
670.980 1905.197
671.020 1860.924
671.050 1906.938
671.090 1931.808
671.130 1917.822
671.160 1886.549
671.200 1893.563
671.240 1885.719
671.270 1881.447
671.310 1841.317
671.350 1755.759
671.380 1709.772
671.420 1740.643
671.460 1760.656
671.490 1823.527
671.530 1893.254
671.570 1918.553
671.600 2036.281
671.640 2130.294
671.680 2118.307
671.710 2086.320
671.750 2061.334
671.790 2013.490
671.830 1978.646
671.860 1883.516
671.900 1797.529
671.940 1747.400
671.970 1736.698
672.010 1676.283
672.050 1696.439
672.080 1785.452
672.120 1840.608
672.160 1869.336
672.190 1930.063
672.230 1988.076
672.270 2021.375
672.300 2008.102
672.340 1954.972
672.380 1910.557
672.410 1926.284
672.450 1942.440
672.490 1922.739
672.520 1925.895
672.560 1868.908
672.600 1802.206
672.630 1804.648
672.670 1828.375
672.710 1796.245
672.740 1765.115
672.780 1768.414
672.820 1821.570
672.850 1844.725
672.890 1840.738
672.930 1818.465
672.960 1870.764
673.000 1903.491
673.040 1897.647
673.070 1904.231
673.110 1992.815
673.150 2063.114
673.180 2070.270
673.220 2034.425
673.260 2004.295
673.290 1982.022
673.330 1943.464
673.370 1915.905
673.400 1936.346
673.440 1940.073
673.480 1902.086
673.510 1926.813
673.550 1957.112
673.590 1987.696
673.620 1929.708
673.660 1876.292
673.700 1926.734
673.730 1968.889
673.770 1952.902
673.810 1961.200
673.840 1992.927
673.880 2033.226
673.920 2031.952
673.950 2011.536
673.990 1989.549
674.030 1971.704
674.060 1975.860
674.100 1947.301
674.140 1914.599
674.170 1895.898
674.210 1835.624
674.250 1823.208
674.280 1843.364
674.320 1786.519
674.360 1752.817
674.390 1796.544
674.430 1818.842
674.470 1847.998
674.500 1877.581
674.540 1860.022
674.580 1919.035
674.610 1958.047
674.650 1905.203
674.690 1913.358
674.720 1943.227
674.760 1964.954
674.800 2024.252
674.830 2042.836
674.870 2040.991
674.910 2032.003
674.940 2009.587
674.980 2053.028
675.020 2099.612
675.050 2070.624
675.090 2018.208
675.130 2012.792
675.160 2042.804
675.200 2013.959
675.240 1908.971
675.270 1810.126
675.310 1765.710
675.350 1716.294
675.380 1690.306
675.420 1758.461
675.460 1827.473
675.490 1873.057
675.530 1873.640
675.570 1929.653
675.600 1998.808
675.640 2025.105
675.680 1923.403
675.710 1837.701
675.750 1799.999
675.790 1803.440
675.820 1741.880
675.860 1741.892
675.900 1780.762
675.930 1830.345
675.970 1866.929
676.010 1893.798
676.040 1890.667
676.080 1904.679
676.120 1885.834
676.150 1824.560
676.190 1822.858
676.230 1863.441
676.260 1829.025
676.300 1875.323
676.340 1926.335
676.370 1902.204
676.410 1878.073
676.450 1878.085
676.480 1902.954
676.520 1902.251
676.560 1810.263
676.590 1784.132
676.630 1842.144
676.670 1894.585
676.700 1921.454
676.740 1934.608
676.780 1975.477
676.810 2001.918
676.850 1962.073
676.890 1931.942
676.920 1956.382
676.960 1897.965
676.990 1814.120
677.030 1802.560
677.070 1844.001
677.100 1857.298
677.140 1804.453
677.180 1776.464
677.210 1818.048
677.250 1678.631
677.290 1635.660
677.320 1571.900
677.360 1553.006
