537.190 307.335
537.230 280.217
537.270 218.768
537.310 212.560
537.350 285.475
537.390 355.684
537.430 327.473
537.470 309.700
537.510 384.220
537.550 450.177
537.590 478.143
537.630 487.831
537.670 540.813
537.710 576.517
537.750 511.943
537.790 430.234
537.830 473.105
537.870 477.698
537.910 417.441
537.950 407.763
537.990 526.378
538.030 602.857
538.070 616.201
538.110 544.981
538.150 545.626
538.190 566.991
538.230 490.935
538.270 334.172
538.310 367.986
538.350 424.237
538.390 417.493
538.430 458.471
538.470 520.884
538.510 531.589
538.560 527.300
538.600 514.446
538.640 588.742
538.680 667.043
538.720 584.636
538.760 571.807
538.800 651.126
538.840 669.737
538.880 560.925
538.920 483.261
538.960 515.460
539.000 629.093
539.040 611.589
539.080 551.519
539.120 609.883
539.160 648.823
539.200 580.340
539.240 499.862
539.280 558.960
539.320 569.634
539.360 525.885
539.400 535.712
539.440 628.973
539.480 684.523
539.520 684.364
539.560 588.924
539.600 605.630
539.640 676.342
539.680 619.343
539.720 552.348
539.760 584.214
539.800 581.085
539.840 501.102
539.880 454.838
539.920 550.577
539.960 593.891
540.000 547.209
540.040 469.102
540.080 540.999
540.120 625.328
540.160 635.803
540.200 605.424
540.240 673.191
540.280 759.818
540.320 809.306
540.360 795.940
540.400 811.005
540.440 780.502
540.480 651.001
540.520 585.789
540.560 616.437
540.600 645.373
540.640 621.455
540.680 589.681
540.720 625.625
540.760 680.428
540.800 634.948
540.840 608.899
540.880 646.709
540.920 625.806
540.960 567.049
541.000 603.722
541.040 683.398
541.080 724.217
541.120 654.039
541.160 610.291
541.200 656.688
541.240 693.943
541.280 611.343
541.320 533.744
541.360 532.575
541.400 549.551
541.440 487.099
541.480 490.649
541.520 567.056
541.560 572.180
541.600 571.304
541.640 619.573
541.680 714.413
541.720 780.255
541.760 763.526
541.800 676.655
541.840 660.785
541.880 650.201
541.920 605.332
541.960 578.464
542.000 637.167
542.040 663.157
542.080 683.862
542.120 765.138
542.160 811.415
542.200 785.121
542.240 716.969
542.280 659.104
542.320 619.096
542.360 608.230
542.400 565.365
542.440 587.786
542.480 699.063
542.520 751.912
542.560 704.332
542.600 706.038
542.640 736.029
542.680 731.591
542.720 673.153
542.760 672.857
542.800 755.275
542.840 799.407
542.880 768.681
542.920 800.669
542.970 945.513
543.010 1019.642
543.050 917.485
543.090 850.470
543.130 975.740
543.170 1047.438
543.210 991.706
543.250 893.973
543.290 899.668
543.330 902.076
543.370 811.055
543.410 666.889
543.450 712.580
543.490 805.126
543.530 768.386
543.570 739.072
543.610 823.472
543.650 870.871
543.690 854.411
543.730 837.949
543.770 867.772
543.810 873.879
543.850 817.127
543.890 788.517
543.930 803.762
543.970 794.577
544.010 717.247
544.050 609.345
544.090 736.440
544.130 805.391
544.170 747.626
544.210 803.288
544.250 911.519
544.290 970.034
544.330 1005.832
544.370 969.058
544.410 1028.709
544.450 1053.931
544.490 980.864
544.530 962.367
544.570 1013.582
544.610 1025.223
544.650 914.148
544.690 854.500
544.730 909.706
544.770 919.767
544.810 846.968
544.850 837.596
544.890 865.650
544.930 892.273
544.970 826.466
545.010 771.941
545.050 835.700
545.090 902.027
545.130 813.495
545.170 769.960
545.210 849.280
545.250 885.455
545.290 856.770
545.330 815.225
545.370 844.677
545.410 891.269
545.450 849.430
545.490 776.160
545.530 839.030
545.570 893.183
545.610 854.905
545.650 815.052
545.690 808.625
545.730 853.909
545.770 850.477
545.810 772.469
545.850 780.745
545.890 809.732
545.930 773.288
545.960 749.411
546.000 787.961
546.040 795.793
546.080 774.622
546.120 719.734
546.160 723.557
546.200 742.519
546.240 780.765
546.280 815.578
546.320 899.389
546.360 992.339
546.400 1019.286
546.440 1063.229
546.480 1145.027
546.520 1135.964
546.560 1057.755
546.600 1000.257
546.640 1005.470
546.680 1057.395
546.720 1010.315
546.760 1005.233
546.800 1048.861
546.840 1044.629
546.880 1022.108
546.920 1021.155
546.960 1007.627
547.000 995.667
547.040 948.561
547.080 975.880
547.120 1033.195
547.160 1041.793
547.200 966.958
547.240 964.549
547.280 1021.422
547.320 1005.292
547.360 913.586
547.400 936.306
547.440 1026.307
547.480 1038.020
547.520 986.443
547.560 1010.291
547.600 1037.564
547.640 1021.977
547.680 933.957
547.720 898.076
547.760 953.049
547.800 993.447
547.840 926.699
547.880 881.375
547.920 922.334
547.960 951.860
548.000 877.668
548.040 853.901
548.080 905.702
548.120 944.642
548.160 964.721
548.200 990.654
548.240 1047.012
548.280 1069.508
548.320 1035.430
548.360 984.633
548.400 958.690
548.440 960.172
548.480 931.650
548.520 908.838
548.560 971.166
548.600 1012.347
548.640 986.095
548.680 1046.983
548.720 1170.724
548.760 1232.604
548.800 1201.338
548.840 1151.782
548.880 1203.936
548.920 1252.230
548.960 1200.091
549.000 1141.662
549.040 1125.802
549.080 1141.937
549.120 1139.640
549.160 1092.196
549.200 1037.035
549.240 994.869
549.280 957.271
549.320 948.241
549.360 1002.921
549.400 1026.025
549.440 984.698
549.480 1030.938
549.520 1117.602
549.560 1094.406
549.600 1048.777
549.640 1048.002
549.680 1101.080
549.720 1141.868
549.760 1131.367
549.800 1129.147
549.840 1202.352
549.880 1228.411
549.920 1153.466
549.960 1125.802
550.000 1130.564
550.040 1126.035
550.080 1057.932
550.120 966.967
550.160 1020.570
550.200 1067.312
550.240 1014.336
550.280 1104.785
550.320 1236.229
550.350 1304.670
550.390 1301.393
550.430 1287.255
550.470 1346.970
550.510 1395.395
550.550 1286.245
550.590 1214.377
550.630 1222.791
550.670 1263.773
550.710 1222.893
550.750 1184.724
550.790 1249.266
550.830 1284.660
550.870 1214.480
550.910 1214.152
550.950 1243.678
550.990 1245.344
551.030 1189.005
551.070 1103.377
551.110 1141.030
551.150 1202.108
551.190 1146.326
551.230 1073.825
551.270 1059.321
551.310 1039.812
551.350 985.157
551.390 935.356
551.430 917.121
551.470 923.455
551.510 953.928
551.550 1028.968
551.590 1109.719
551.630 1133.894
551.670 1060.638
551.710 1043.663
551.750 1132.970
551.790 1151.416
551.830 1058.715
551.870 1074.868
551.910 1212.732
551.950 1299.734
551.990 1278.876
552.030 1274.871
552.070 1363.291
552.110 1388.136
552.150 1282.834
552.190 1174.100
552.230 1224.505
552.270 1281.477
552.310 1197.875
552.350 1062.554
552.390 1138.373
552.430 1207.045
552.470 1194.428
552.510 1213.664
552.550 1317.468
552.590 1400.697
552.630 1462.493
552.660 1426.714
552.700 1437.504
552.740 1452.861
552.780 1326.928
552.820 1200.706
552.860 1214.195
552.900 1226.537
552.940 1188.590
552.980 1214.640
553.020 1315.543
553.060 1420.013
553.100 1398.052
553.140 1341.801
553.180 1379.118
553.220 1405.717
553.260 1337.884
553.300 1262.762
553.340 1224.207
553.380 1243.506
553.420 1210.087
553.460 1149.951
553.500 1199.096
553.540 1226.238
553.580 1207.519
553.620 1218.940
553.660 1247.500
553.700 1252.342
553.740 1237.466
553.780 1178.873
553.820 1197.990
553.860 1230.104
553.900 1177.785
553.940 1179.178
553.980 1270.281
554.020 1283.238
554.060 1245.620
554.100 1233.856
554.140 1213.088
554.180 1212.317
554.220 1170.399
554.260 1155.764
554.300 1249.125
554.340 1308.340
554.380 1258.695
554.410 1239.760
554.450 1355.822
554.490 1423.881
554.530 1335.078
554.570 1270.845
554.610 1286.036
554.650 1361.366
554.690 1389.837
554.730 1351.589
554.770 1340.481
554.810 1346.370
554.850 1286.827
554.890 1281.709
554.930 1280.730
554.970 1256.463
555.010 1161.906
555.050 1115.489
555.090 1207.069
555.130 1255.645
555.170 1204.504
555.210 1198.074
555.250 1267.355
555.290 1327.632
555.330 1321.764
555.370 1219.178
555.410 1239.446
555.450 1288.996
555.490 1234.829
555.530 1235.801
555.570 1354.770
555.610 1414.736
555.650 1450.271
555.690 1463.373
555.730 1531.901
555.770 1560.711
555.810 1480.947
555.850 1398.751
555.890 1363.409
555.920 1336.921
555.960 1290.001
556.000 1258.793
556.040 1265.724
556.080 1262.366
556.120 1178.291
556.160 1137.356
556.200 1252.560
556.240 1308.475
556.280 1232.531
556.320 1244.583
556.360 1316.632
556.400 1366.107
556.440 1401.578
556.480 1380.047
556.520 1371.941
556.560 1356.118
556.600 1299.149
556.640 1295.462
556.680 1314.630
556.720 1306.795
556.760 1221.813
556.800 1237.401
556.840 1345.699
556.880 1378.423
556.920 1303.573
556.960 1308.148
557.000 1391.149
557.040 1445.576
557.080 1407.428
557.120 1405.563
557.160 1493.266
557.200 1548.538
557.240 1502.807
557.270 1498.644
557.310 1554.193
557.350 1562.168
557.390 1464.997
557.430 1381.537
557.470 1447.360
557.510 1515.180
557.550 1456.140
557.590 1474.383
557.630 1520.195
557.670 1539.004
557.710 1532.810
557.750 1495.898
557.790 1560.270
557.830 1611.210
557.870 1484.719
557.910 1424.654
557.950 1503.300
557.990 1559.801
558.030 1565.441
558.070 1558.079
558.110 1547.572
558.150 1579.061
558.190 1551.834
558.230 1524.460
558.270 1544.085
558.310 1549.992
558.350 1468.753
558.390 1477.941
558.430 1545.840
558.460 1579.736
558.500 1528.058
558.540 1511.663
558.580 1494.266
558.620 1457.151
558.660 1392.891
558.700 1386.057
558.740 1443.792
558.780 1478.095
558.820 1388.825
558.860 1429.694
558.900 1527.418
558.940 1550.140
558.980 1471.430
559.020 1453.147
559.060 1512.289
559.100 1588.571
559.140 1502.137
559.180 1444.272
559.220 1425.975
559.260 1449.819
559.300 1410.803
559.340 1303.213
559.380 1286.049
559.420 1361.311
559.460 1344.428
559.500 1338.970
559.540 1328.796
559.570 1285.334
559.610 1262.441
559.650 1260.402
559.690 1239.932
559.730 1238.460
559.770 1249.271
559.810 1304.080
559.850 1379.886
559.890 1449.261
559.930 1421.205
559.970 1405.146
560.010 1453.371
560.050 1470.308
560.090 1361.528
560.130 1344.174
560.170 1376.389
560.210 1422.316
560.250 1417.098
560.290 1414.020
560.330 1498.369
560.370 1591.858
560.410 1602.630
560.450 1638.829
560.490 1675.168
560.530 1654.933
560.570 1599.982
560.600 1530.456
560.640 1589.643
560.680 1603.971
560.720 1581.153
560.760 1561.332
560.800 1617.081
560.840 1631.400
560.880 1580.001
560.920 1506.457
560.960 1519.912
561.000 1469.506
561.040 1416.813
561.080 1369.832
561.120 1378.705
561.160 1392.005
561.200 1335.303
561.240 1307.170
561.280 1356.749
561.320 1365.897
561.360 1334.757
561.400 1331.329
561.440 1439.471
561.480 1517.896
561.520 1465.319
561.550 1403.882
561.590 1401.300
561.630 1436.717
561.670 1408.417
561.710 1384.114
561.750 1416.953
561.790 1464.503
561.830 1493.194
561.870 1529.883
561.910 1581.856
561.950 1605.255
561.990 1500.938
562.030 1475.904
562.070 1463.154
562.110 1416.545
562.150 1414.505
562.190 1362.606
562.230 1363.990
562.270 1399.087
562.310 1345.895
562.350 1350.131
562.390 1419.221
562.430 1402.309
562.460 1384.539
562.500 1439.480
562.540 1512.705
562.580 1521.071
562.620 1507.149
562.660 1511.797
562.700 1587.299
562.740 1598.943
562.780 1517.013
562.820 1456.795
562.860 1455.147
562.900 1426.640
562.940 1348.845
562.980 1301.191
563.020 1326.820
563.060 1332.877
563.100 1326.217
563.140 1384.412
563.180 1471.605
563.220 1505.225
563.260 1432.414
563.300 1352.602
563.330 1382.359
563.370 1370.828
563.410 1283.438
563.450 1255.618
563.490 1304.653
563.530 1344.829
563.570 1403.003
563.610 1404.890
563.650 1475.774
563.690 1553.800
563.730 1533.538
563.770 1516.131
563.810 1570.579
563.850 1601.598
563.890 1587.185
563.930 1516.914
563.970 1518.784
564.010 1520.223
564.050 1476.232
564.090 1434.811
564.130 1441.673
564.160 1421.534
564.200 1403.392
564.240 1382.964
564.280 1486.533
564.320 1526.244
564.360 1451.667
564.400 1426.945
564.440 1501.508
564.480 1504.211
564.520 1414.341
564.560 1333.327
564.600 1392.739
564.640 1454.150
564.680 1481.559
564.720 1511.823
564.760 1559.800
564.800 1613.918
564.840 1550.035
564.880 1510.006
564.920 1642.119
564.950 1628.945
564.990 1527.911
565.030 1525.305
565.070 1544.125
565.110 1556.658
565.150 1470.189
565.190 1296.862
565.230 1266.675
565.270 1286.059
565.310 1236.155
565.350 1240.106
565.390 1332.913
565.430 1376.861
565.470 1358.379
565.510 1377.324
565.550 1408.839
565.590 1430.066
565.630 1397.149
565.670 1314.087
565.700 1326.738
565.740 1406.673
565.780 1378.321
565.820 1323.110
565.860 1361.040
565.900 1380.540
565.940 1384.753
565.980 1455.250
566.020 1535.031
566.060 1571.811
566.100 1588.446
566.140 1638.508
566.180 1746.997
566.220 1789.342
566.260 1696.970
566.300 1622.169
566.340 1646.223
566.380 1659.705
566.420 1584.470
566.450 1525.377
566.490 1551.425
566.530 1558.186
566.570 1534.088
566.610 1534.560
566.650 1585.174
566.690 1580.357
566.730 1521.825
566.770 1528.720
566.810 1629.899
566.850 1649.933
566.890 1600.252
566.930 1585.998
566.970 1702.457
567.010 1767.057
567.050 1722.941
567.090 1695.681
567.130 1791.420
567.160 1845.299
567.200 1799.178
567.240 1742.198
567.280 1772.216
567.320 1767.662
567.360 1676.535
567.400 1628.835
567.440 1663.847
567.480 1696.859
567.520 1652.869
567.560 1652.163
567.600 1724.170
567.640 1754.604
567.680 1668.180
567.720 1603.611
567.760 1663.898
567.800 1683.756
567.840 1586.326
567.870 1555.323
567.910 1617.319
567.950 1672.885
567.990 1679.164
568.030 1616.727
568.070 1619.575
568.110 1661.135
568.150 1588.837
568.190 1566.110
568.230 1594.666
568.270 1574.935
568.310 1529.061
568.350 1502.042
568.390 1545.021
568.430 1576.571
568.470 1498.120
568.510 1461.667
568.540 1509.213
568.580 1539.329
568.620 1533.729
568.660 1563.414
568.700 1676.955
568.740 1733.922
568.780 1681.461
568.820 1633.426
568.860 1703.533
568.900 1748.781
568.940 1647.743
568.980 1524.703
569.020 1475.519
569.060 1467.477
569.100 1432.290
569.140 1348.531
569.170 1397.913
569.210 1445.295
569.250 1450.675
569.290 1510.625
569.330 1605.574
569.370 1703.807
569.410 1732.468
569.450 1641.270
569.490 1673.071
569.530 1718.585
569.570 1689.527
569.610 1647.896
569.650 1607.978
569.690 1601.630
569.730 1588.709
569.770 1557.788
569.800 1597.436
569.840 1637.798
569.880 1618.158
569.920 1600.946
569.960 1571.304
570.000 1540.947
570.040 1485.588
570.080 1432.514
570.120 1448.010
570.160 1491.219
570.200 1488.570
570.240 1548.920
570.280 1671.412
570.320 1724.616
570.360 1662.677
570.400 1611.451
570.430 1639.366
570.470 1641.709
570.510 1571.194
570.550 1508.106
570.590 1551.017
570.630 1612.070
570.670 1594.693
570.710 1534.029
570.750 1567.364
570.790 1620.269
570.830 1656.316
570.870 1662.076
570.910 1639.550
570.950 1630.022
570.990 1593.636
571.020 1583.678
571.060 1644.718
571.100 1620.186
571.140 1526.224
571.180 1570.833
571.220 1670.012
571.260 1713.333
571.300 1681.081
571.340 1624.257
571.380 1688.717
571.420 1744.605
571.460 1678.920
571.500 1636.806
571.540 1686.262
571.580 1682.574
571.610 1600.028
571.650 1565.624
571.690 1621.790
571.730 1634.813
571.770 1566.691
571.810 1556.997
571.850 1640.159
571.890 1686.034
571.930 1637.623
571.970 1542.210
572.010 1587.511
572.050 1648.668
572.090 1597.109
572.130 1569.979
572.170 1645.704
572.200 1669.285
572.240 1646.437
572.280 1658.731
572.320 1673.738
572.360 1668.315
572.400 1600.606
572.440 1560.753
572.480 1584.041
572.520 1667.329
572.560 1621.187
572.600 1582.187
572.640 1669.329
572.680 1719.613
572.720 1692.896
572.750 1712.321
572.790 1650.459
572.830 1611.596
572.870 1586.303
572.910 1534.438
572.950 1563.572
572.990 1580.420
573.030 1480.267
573.070 1467.255
573.110 1514.957
573.150 1543.229
573.190 1546.072
573.230 1522.628
573.270 1509.183
573.310 1506.737
573.340 1514.148
573.380 1551.986
573.420 1626.537
573.460 1644.374
573.500 1598.209
573.540 1657.472
573.580 1849.591
573.620 1928.567
573.660 1888.827
573.700 1892.229
573.740 1904.059
573.780 1959.745
573.820 1943.573
573.850 1849.686
573.890 1820.655
573.930 1810.623
573.970 1756.591
574.010 1757.129
574.050 1866.666
574.090 1906.345
574.130 1831.451
574.170 1841.700
574.210 1897.091
574.250 1878.052
574.290 1840.869
574.330 1812.257
574.370 1886.787
574.400 1941.745
574.440 1927.130
574.480 1899.372
574.520 1941.327
574.560 1959.710
574.600 1865.378
574.640 1749.045
574.680 1846.139
574.720 1917.804
574.760 1932.469
574.800 1904.704
574.840 1896.509
574.880 1866.171
574.910 1809.832
574.950 1710.778
574.990 1743.152
575.030 1766.096
575.070 1737.896
575.110 1721.267
575.150 1709.781
575.190 1704.864
575.230 1644.376
575.270 1534.029
575.310 1487.968
575.350 1499.049
575.390 1479.271
575.420 1493.064
575.460 1537.571
575.500 1575.505
575.540 1554.582
575.580 1577.515
575.620 1610.876
575.660 1611.664
575.700 1623.880
575.740 1618.810
575.780 1637.310
575.820 1615.953
575.860 1528.452
575.900 1499.664
575.930 1541.161
575.970 1523.372
576.010 1496.439
576.050 1533.505
576.090 1616.285
576.130 1649.493
576.170 1620.128
576.210 1582.906
576.250 1601.683
576.290 1669.030
576.330 1621.520
576.370 1570.294
576.410 1616.354
576.440 1669.413
576.480 1690.328
576.520 1716.385
576.560 1707.156
576.600 1684.212
576.640 1653.267
576.680 1631.750
576.720 1627.803
576.760 1611.428
576.800 1528.908
576.840 1498.674
576.880 1521.153
576.920 1541.346
576.950 1496.967
576.990 1462.015
577.030 1519.349
577.070 1610.967
577.110 1590.013
577.150 1591.059
577.190 1596.961
577.230 1600.720
577.270 1582.763
577.310 1565.377
577.350 1577.419
577.390 1593.318
577.420 1553.216
577.460 1602.684
577.500 1656.152
577.540 1660.477
577.580 1597.657
577.620 1563.123
577.660 1543.302
577.700 1509.481
577.740 1429.802
577.780 1370.979
577.820 1422.442
577.860 1494.618
577.890 1479.793
577.930 1502.396
577.970 1617.427
578.010 1629.315
578.050 1640.344
578.090 1680.659
578.130 1743.973
578.170 1778.287
578.210 1755.885
578.250 1738.626
578.290 1828.223
578.330 1860.677
578.360 1791.987
578.400 1689.868
578.440 1646.320
578.480 1647.056
578.520 1598.792
578.560 1573.242
578.600 1554.691
578.640 1534.140
578.680 1517.873
578.720 1609.035
578.760 1724.053
578.800 1723.356
578.830 1645.944
578.870 1736.960
578.910 1794.547
578.950 1808.704
578.990 1736.147
579.030 1660.018
579.070 1686.745
579.110 1706.757
579.150 1616.912
579.190 1565.780
579.230 1632.647
579.260 1678.514
579.300 1678.095
579.340 1708.675
579.380 1812.397
579.420 1870.404
579.460 1862.983
579.500 1821.417
579.540 1821.994
579.580 1824.428
579.620 1757.003
579.660 1658.436
579.700 1666.725
579.730 1702.870
579.770 1647.872
579.810 1624.302
579.850 1605.874
579.890 1623.160
579.930 1616.588
579.970 1655.015
580.010 1764.442
580.050 1774.868
580.090 1712.151
580.130 1684.148
580.160 1691.573
580.200 1709.139
580.240 1585.991
580.280 1464.700
580.320 1515.551
580.360 1549.115
580.400 1582.394
580.440 1608.243
580.480 1624.663
580.520 1660.511
580.560 1651.787
580.590 1646.776
580.630 1711.480
580.670 1745.754
580.710 1718.028
580.750 1717.587
580.790 1756.288
580.830 1783.417
580.870 1732.546
580.910 1671.388
580.950 1723.801
580.990 1764.214
581.020 1739.198
581.060 1701.609
581.100 1720.163
581.140 1791.145
581.180 1793.269
581.220 1754.107
581.260 1817.945
581.300 1860.353
581.340 1855.475
581.380 1828.597
581.420 1783.575
581.450 1752.124
581.490 1681.958
581.530 1577.363
581.570 1562.482
581.610 1567.029
581.650 1540.433
581.690 1539.979
581.730 1616.095
581.770 1653.783
581.810 1659.042
581.850 1644.300
581.880 1689.986
581.920 1732.814
581.960 1705.785
582.000 1630.755
582.040 1632.868
582.080 1643.123
582.120 1618.663
582.160 1604.917
582.200 1587.171
582.240 1602.566
582.280 1671.105
582.310 1719.071
582.350 1827.322
582.390 1888.859
582.430 1860.681
582.470 1916.502
582.510 2002.466
582.550 1977.715
582.590 1864.249
582.630 1735.497
582.670 1768.030
582.700 1812.848
582.740 1744.666
582.780 1705.198
582.820 1774.300
582.860 1836.831
582.900 1833.647
582.940 1778.462
582.980 1795.706
583.020 1859.092
583.060 1833.620
583.100 1745.291
583.130 1758.818
583.170 1795.631
583.210 1792.300
583.250 1755.683
583.290 1762.208
583.330 1759.448
583.370 1730.829
583.410 1714.496
583.450 1716.591
583.490 1687.257
583.520 1651.351
583.560 1658.587
583.600 1733.252
583.640 1802.202
583.680 1773.294
583.720 1791.814
583.760 1886.762
583.800 1917.139
583.840 1826.801
583.880 1678.319
583.910 1676.694
583.950 1713.497
583.990 1643.300
584.030 1601.245
584.070 1650.904
584.110 1675.563
584.150 1724.935
584.190 1759.307
584.230 1829.393
584.270 1914.336
584.310 1879.706
584.340 1835.219
584.380 1907.732
584.420 1963.244
584.460 1899.470
584.500 1862.410
584.540 1875.778
584.580 1918.003
584.620 1917.370
584.660 1824.879
584.700 1849.674
584.730 1914.469
584.770 1869.405
584.810 1838.199
584.850 1882.849
584.890 1899.499
584.930 1905.720
584.970 1889.797
585.010 1919.732
585.050 1934.808
585.080 1873.027
585.120 1777.389
585.160 1736.750
585.200 1749.825
585.240 1726.757
585.280 1687.117
585.320 1659.762
585.360 1605.549
585.400 1540.194
585.440 1563.695
585.470 1594.195
585.510 1559.124
585.550 1483.196
585.590 1542.695
585.630 1682.194
585.670 1742.264
585.710 1709.905
585.750 1746.831
585.790 1861.472
585.830 1903.397
585.860 1830.322
585.900 1845.676
585.940 1919.029
585.980 1931.667
586.020 1820.733
586.060 1720.799
586.100 1752.722
586.140 1751.787
586.180 1634.138
586.220 1559.345
586.250 1607.838
586.290 1647.330
586.330 1608.822
586.370 1556.599
586.410 1601.661
586.450 1659.009
586.490 1660.214
586.530 1654.989
586.570 1737.050
586.600 1786.396
586.640 1787.457
586.680 1764.802
586.720 1810.433
586.760 1864.635
586.800 1839.122
586.840 1842.895
586.880 1900.810
586.920 1906.867
586.960 1899.496
586.990 1880.695
587.030 1880.180
587.070 1890.808
587.110 1824.577
587.150 1840.918
587.190 1925.973
587.230 1967.171
587.270 1911.368
587.310 1913.421
587.340 1924.046
587.380 1961.814
587.420 1914.009
587.460 1851.919
587.500 1866.971
587.540 1888.451
587.580 1840.073
587.620 1876.981
587.660 1911.746
587.690 1933.939
587.730 1898.132
587.770 1876.610
587.810 1920.230
587.850 1924.565
587.890 1821.184
587.930 1748.375
587.970 1715.280
588.010 1711.613
588.050 1670.089
588.080 1643.278
588.120 1732.467
588.160 1804.513
588.200 1775.844
588.240 1812.032
588.280 1940.649
588.320 1981.836
588.360 1916.166
588.400 1835.495
588.430 1803.682
588.470 1825.296
588.510 1744.339
588.550 1618.524
588.590 1613.995
588.630 1675.608
588.670 1647.221
588.710 1687.691
588.750 1783.017
588.780 1808.915
588.820 1771.526
588.860 1726.994
588.900 1802.605
588.940 1879.359
588.980 1811.826
589.020 1791.721
589.060 1854.902
589.100 1906.226
589.130 1961.406
589.170 1942.158
589.210 1942.194
589.250 1946.231
589.290 1886.267
589.330 1889.017
589.370 1939.909
589.410 1949.087
589.450 1889.408
589.480 1894.300
589.520 1977.905
589.560 1986.939
589.600 1888.973
589.640 1917.291
589.680 1974.324
589.720 1957.357
589.760 1859.389
589.800 1811.421
589.830 1845.881
589.870 1918.770
589.910 1850.229
589.950 1812.260
589.990 1842.862
590.030 1876.892
590.070 1825.493
590.110 1807.380
590.150 1867.266
590.180 1902.866
590.220 1870.609
590.260 1913.923
590.300 2032.951
590.340 2097.550
590.380 2064.720
590.420 2009.747
590.460 2003.773
590.490 2018.800
590.530 1985.826
590.570 1953.566
590.610 2044.305
590.650 2109.759
590.690 2096.213
590.730 2080.237
590.770 2123.690
590.810 2137.000
590.840 2091.166
590.880 2067.618
590.920 2116.498
590.960 2127.521
591.000 2105.829
591.040 2039.851
591.080 2083.873
591.120 2102.466
591.160 2034.202
591.190 1935.651
591.230 1917.386
591.270 1934.550
591.310 1932.713
591.350 1924.161
591.390 1992.324
591.430 1994.771
591.470 2001.505
591.500 2067.238
591.540 2147.828
591.580 2195.131
591.620 2130.578
591.660 2076.452
591.700 2178.470
591.740 2196.915
591.780 2073.646
591.820 2001.091
591.850 2060.107
591.890 2087.552
591.930 2042.139
591.970 1968.869
592.010 2037.884
592.050 2149.898
592.090 2160.484
592.130 2081.927
592.160 2072.370
592.200 2069.526
592.240 2013.397
592.280 1906.124
592.320 1870.708
592.360 1870.435
592.400 1876.162
592.440 1907.317
592.470 2010.614
592.510 2069.197
592.550 2106.208
592.590 2228.362
592.630 2396.515
592.670 2443.526
592.710 2445.250
592.750 2451.117
592.790 2513.556
592.820 2572.279
592.860 2490.145
592.900 2418.583
592.940 2450.734
592.980 2485.742
593.020 2485.608
593.060 2524.615
593.100 2605.909
593.130 2640.344
593.170 2593.494
593.210 2588.787
593.250 2660.793
593.290 2630.371
593.330 2546.663
593.370 2494.097
593.410 2477.817
593.440 2482.536
593.480 2463.398
593.520 2407.974
593.560 2396.407
593.600 2381.840
593.640 2339.272
593.680 2402.848
593.720 2519.565
593.750 2546.283
593.790 2513.428
593.830 2508.860
593.870 2504.005
593.910 2471.150
593.950 2382.723
593.990 2315.011
594.030 2322.726
594.060 2337.013
594.100 2355.871
594.140 2410.443
594.180 2507.587
594.220 2571.587
594.260 2537.587
594.300 2536.158
594.340 2544.015
594.380 2537.014
594.410 2508.727
594.450 2482.869
594.490 2526.439
594.530 2544.008
594.570 2502.292
594.610 2549.861
594.650 2625.287
594.690 2671.856
594.720 2667.853
594.760 2672.279
594.800 2656.989
594.840 2604.700
594.880 2546.982
594.920 2510.835
594.960 2490.831
594.990 2496.826
595.030 2404.678
595.070 2463.816
595.110 2540.239
595.150 2495.520
595.190 2415.514
595.230 2423.651
595.270 2437.930
595.300 2423.352
595.340 2297.346
595.380 2233.625
595.420 2287.760
595.460 2333.753
595.500 2263.888
595.540 2219.738
595.580 2287.015
595.610 2320.007
595.650 2265.713
595.690 2151.990
595.730 2151.267
595.770 2171.257
595.810 2112.534
595.850 1988.810
595.890 1934.086
595.920 1939.933
595.960 1930.923
596.000 1904.198
596.040 1940.044
596.080 1929.462
596.120 1879.594
596.160 1921.011
596.200 1948.713
596.230 1926.844
596.270 1828.975
596.310 1733.534
596.350 1717.236
596.390 1721.224
596.430 1637.496
596.470 1665.055
596.500 1740.470
596.540 1765.885
596.580 1741.871
596.620 1780.000
596.660 1857.843
596.700 1881.400
596.740 1802.528
596.780 1776.371
596.810 1755.641
596.850 1725.198
596.890 1678.611
596.930 1659.881
596.970 1741.436
597.010 1778.849
597.050 1755.261
597.090 1835.673
597.120 1949.228
597.160 1964.211
597.200 1911.622
597.240 1862.177
597.280 1896.445
597.320 1886.713
597.360 1791.552
597.390 1800.677
597.430 1888.658
597.470 1933.925
597.510 1900.621
597.550 1863.031
597.590 1972.011
597.630 2083.278
597.670 2005.401
597.700 1902.810
597.740 1937.647
597.780 1974.627
597.820 1984.892
597.860 1918.300
597.900 1844.280
597.940 1832.116
597.970 1835.952
598.010 1809.787
598.050 1816.480
598.090 1786.887
598.130 1760.151
598.170 1787.414
598.210 1825.392
598.250 1815.512
598.280 1772.490
598.320 1757.324
598.360 1812.015
598.400 1808.420
598.440 1776.682
598.480 1763.230
598.520 1790.206
598.550 1797.039
598.590 1766.015
598.630 1711.276
598.670 1757.966
598.710 1769.370
598.750 1754.059
598.790 1784.176
598.830 1830.580
598.860 1853.411
598.900 1843.528
598.940 1832.216
598.980 1898.190
599.020 1920.164
599.060 1858.423
599.100 1853.825
599.130 1880.084
599.170 1881.342
599.210 1828.886
599.250 1792.145
599.290 1847.546
599.330 1862.232
599.370 1796.061
599.400 1817.890
599.440 1884.147
599.480 1912.833
599.520 1845.519
599.560 1774.490
599.600 1874.461
599.640 1935.717
599.670 1840.402
599.710 1849.229
599.750 1927.485
599.790 1978.598
599.830 1972.282
599.870 1908.252
599.910 1882.364
599.950 1932.619
599.980 1848.445
600.020 1774.843
600.060 1779.811
600.100 1788.780
600.140 1748.320
600.180 1757.002
600.220 1730.827
600.250 1702.938
600.290 1688.620
600.330 1725.445
600.370 1761.269
600.410 1747.093
600.450 1691.203
600.490 1718.599
600.520 1853.137
600.560 1914.532
600.600 1882.498
600.640 1869.178
600.680 1956.430
600.720 2014.110
600.760 1994.790
600.790 2001.327
600.830 2007.149
600.870 1974.828
600.910 1923.936
600.950 1884.901
600.990 1935.866
601.030 1943.973
601.060 1811.366
601.100 1779.187
601.140 1858.437
601.180 1898.972
601.220 1864.078
601.260 1808.327
601.300 1884.433
601.330 1980.682
601.370 1961.502
601.410 1878.893
601.450 1903.713
601.490 1948.961
601.530 1935.066
601.570 1829.743
601.600 1814.133
601.640 1846.524
601.680 1877.628
601.720 1902.875
601.760 1893.265
601.800 1878.083
601.840 1915.187
601.870 1908.862
601.910 1984.109
601.950 2012.641
601.990 1924.744
602.030 1937.561
602.070 2040.807
602.110 2042.767
602.140 2029.012
602.180 2012.971
602.220 2028.074
602.260 2058.604
602.300 2019.135
602.340 1971.665
602.380 2032.338
602.410 2033.154
602.450 1919.827
602.490 1871.928
602.530 1853.600
602.570 1832.272
602.610 1824.659
602.650 1845.759
602.680 1868.574
602.720 1879.817
602.760 1856.203
602.800 1896.588
602.840 1978.402
602.880 1970.645
602.920 1867.458
602.950 1816.415
602.990 1804.228
603.030 1793.184
603.070 1734.283
603.110 1665.096
603.150 1702.480
603.190 1759.436
603.220 1790.391
603.260 1825.203
603.300 1872.301
603.340 1905.685
603.380 1907.640
603.420 1863.594
603.450 1834.120
603.490 1833.503
603.530 1813.743
603.570 1811.840
603.610 1821.222
603.650 1801.462
603.690 1749.415
603.720 1748.512
603.760 1807.751
603.800 1846.704
603.840 1826.085
603.880 1864.752
603.920 1921.848
603.960 1944.229
603.990 1905.039
604.030 1846.562
604.070 1842.800
604.110 1877.895
604.150 1834.704
604.190 1883.799
604.230 1989.750
604.260 2070.559
604.300 2051.939
604.340 2018.318
604.380 2113.555
604.420 2182.077
604.460 2118.028
604.490 2067.264
604.530 2048.643
604.570 2087.022
604.610 2094.544
604.650 1957.208
604.690 1951.587
604.730 1978.108
604.760 1929.200
604.800 1883.007
604.840 1925.242
604.880 1952.048
604.920 1956.283
604.960 1899.089
604.990 1888.752
605.030 1908.272
605.070 1943.792
605.110 1946.169
605.150 1969.831
605.190 1976.637
605.230 1933.870
605.260 1877.675
605.300 1930.052
605.340 1938.285
605.380 1876.232
605.420 1862.322
605.460 1928.412
605.500 2006.931
605.530 2083.735
605.570 2085.539
605.610 2108.771
605.650 2124.717
605.690 2080.807
605.730 1999.324
605.760 1971.556
605.800 1944.645
605.840 1925.305
605.880 1917.108
605.920 1947.911
605.960 1990.999
606.000 1997.516
606.030 2000.746
606.070 2016.406
606.110 2009.065
606.150 1975.724
606.190 1926.669
606.230 1944.328
606.260 1973.701
606.300 1945.502
606.340 2005.017
606.380 2050.961
606.420 2036.191
606.460 2020.421
606.490 2001.936
606.530 2054.879
606.570 2084.680
606.610 1987.766
606.650 1993.852
606.690 2089.080
606.730 2151.023
606.760 2155.109
606.800 2165.194
606.840 2193.994
606.880 2192.079
606.920 2107.736
606.960 2019.249
606.990 2028.763
607.030 2077.562
607.070 2029.504
607.110 1992.588
607.150 2042.672
607.190 2113.042
607.230 2176.555
607.260 2223.782
607.300 2236.866
607.340 2299.378
607.380 2382.747
607.420 2512.831
607.460 2675.914
607.490 2793.998
607.530 2831.652
607.570 2977.307
607.610 3197.247
607.650 3360.615
607.690 3442.698
607.720 3579.923
607.760 3825.148
607.800 4057.802
607.840 4188.170
607.880 4354.109
607.920 4644.334
607.960 4920.130
607.990 5055.498
608.030 5157.865
608.070 5355.232
608.110 5555.742
608.150 5704.395
608.190 5804.333
608.220 5942.843
608.260 6143.209
608.300 6350.719
608.340 6542.799
608.380 6770.165
608.420 6950.960
608.450 7078.041
608.490 7204.835
608.530 7340.915
608.570 7388.566
608.610 7379.361
608.650 7436.726
608.680 7502.520
608.720 7519.457
608.760 7534.822
608.800 7571.901
608.840 7680.837
608.880 7740.059
608.910 7694.567
608.950 7684.788
608.990 7743.296
609.030 7713.517
609.070 7627.024
609.110 7588.388
609.150 7593.895
609.180 7574.259
609.220 7546.337
609.260 7578.129
609.300 7683.636
609.340 7735.428
609.380 7676.505
609.410 7672.583
609.450 7761.946
609.490 7757.738
609.530 7714.815
609.570 7687.892
609.610 7647.540
609.640 7618.188
609.680 7544.551
609.720 7435.056
609.760 7403.133
609.800 7305.495
609.840 7176.285
609.870 7156.362
609.910 7141.152
609.950 7091.228
609.990 6985.161
610.030 6841.808
610.070 6762.598
610.100 6606.816
610.140 6405.606
610.180 6166.253
610.220 5957.900
610.260 5777.118
610.300 5533.335
610.330 5278.125
610.370 5099.914
610.410 4858.417
610.450 4638.635
610.490 4499.852
610.530 4336.926
610.560 4153.143
610.600 3941.646
610.640 3804.292
610.680 3713.223
610.720 3581.725
610.760 3385.228
610.790 3245.873
610.830 3176.375
610.870 3072.305
610.910 2905.522
610.950 2790.166
610.990 2771.240
611.020 2740.313
611.060 2645.243
611.100 2600.887
611.140 2634.103
611.180 2624.175
611.220 2510.676
611.250 2394.892
611.290 2324.107
611.330 2254.179
611.370 2145.823
611.410 2110.609
611.450 2139.109
611.480 2163.896
611.520 2150.539
611.560 2142.182
611.600 2214.825
611.640 2210.039
611.680 2137.396
611.710 2116.039
611.750 2190.253
611.790 2213.324
611.830 2140.681
611.870 2036.751
611.910 2062.822
611.940 2039.179
611.980 1909.821
612.020 1804.034
612.060 1824.104
612.100 1878.746
612.140 1856.245
612.170 1873.029
612.210 1948.385
612.250 2017.312
612.290 2020.667
612.330 1988.880
612.370 2008.378
612.400 2077.876
612.440 2016.231
612.480 1957.015
612.520 2015.513
612.560 2050.153
612.600 2029.222
612.630 2060.434
612.670 2068.503
612.710 2058.857
612.750 2047.355
612.790 2056.566
612.820 2076.206
612.860 2071.560
612.900 1948.628
612.940 1936.411
612.980 2013.907
613.020 2014.833
613.050 1906.472
613.090 1861.254
613.130 1923.179
613.170 1977.675
613.210 1935.028
613.250 1934.667
613.280 2001.020
613.320 2018.088
613.360 1979.155
613.400 1943.365
613.440 1961.289
613.480 1987.641
613.510 1963.565
613.550 1951.918
613.590 1993.270
613.630 2010.194
613.670 1953.689
613.710 1909.612
613.740 1948.536
613.780 1977.031
613.820 1924.668
613.860 1925.448
613.900 1959.657
613.930 1962.009
613.970 1935.789
614.010 1918.426
614.050 1896.491
614.090 1915.985
614.130 1890.479
614.160 1886.830
614.200 2035.467
614.240 2103.389
614.280 2026.311
614.320 2033.233
614.360 2097.013
614.390 2072.792
614.430 1996.428
614.470 1868.921
614.510 1911.843
614.550 1952.764
614.580 1859.971
614.620 1832.321
614.660 1882.814
614.700 1906.021
614.740 1904.228
614.780 1826.006
614.810 1881.070
614.850 1957.419
614.890 1862.483
614.930 1815.118
614.970 1836.753
615.010 1822.388
615.040 1824.594
615.080 1753.086
615.120 1729.006
615.160 1735.212
615.200 1716.703
615.230 1799.195
615.270 1817.829
615.310 1795.178
615.350 1790.383
615.390 1759.160
615.430 1755.794
615.460 1749.713
615.500 1640.776
615.540 1624.552
615.580 1628.614
615.620 1614.676
615.650 1661.881
615.690 1731.086
615.730 1813.148
615.770 1881.781
615.810 1886.985
615.850 1915.047
615.880 1981.109
615.920 1961.884
615.960 1920.088
616.000 1870.864
616.040 1896.068
616.080 1943.558
616.110 1925.619
616.150 1917.251
616.190 1942.455
616.230 1936.944
616.270 1900.148
616.300 1885.065
616.340 1927.412
616.380 1954.615
616.420 1904.532
616.460 1931.593
616.500 1976.796
616.530 1987.999
616.570 1922.202
616.610 1824.690
616.650 1845.179
616.690 1884.096
616.720 1781.584
616.760 1785.929
616.800 1896.989
616.840 1939.763
616.880 1932.822
616.920 1893.881
616.950 1889.226
616.990 1933.286
617.030 1877.773
617.070 1777.547
617.110 1842.320
617.140 1906.379
617.180 1897.438
617.220 1900.782
617.260 1962.269
617.300 1998.328
617.340 1971.529
617.370 1899.873
617.410 1866.075
617.450 1847.847
617.490 1812.762
617.530 1807.678
617.560 1802.736
617.600 1858.937
617.640 1885.709
617.680 1934.910
617.720 2018.539
617.750 2065.453
617.790 2002.940
617.830 2038.997
617.870 2053.626
617.910 2019.255
617.950 1946.312
617.980 1862.227
618.020 1853.998
618.060 1874.484
618.100 1801.684
618.140 1835.740
618.170 1899.797
618.210 1911.711
618.250 1902.197
618.290 1919.682
618.330 1938.595
618.370 1927.366
618.400 1802.280
618.440 1733.336
618.480 1804.821
618.520 1859.020
618.560 1802.076
618.590 1850.989
618.630 1957.760
618.670 2011.530
618.710 2006.729
618.750 1961.642
618.780 1985.126
618.820 2014.896
618.860 1897.237
618.900 1830.721
618.940 1862.634
618.980 1847.546
619.010 1796.316
619.050 1798.228
619.090 1823.997
619.130 1846.195
619.170 1802.822
619.200 1818.305
619.240 1833.074
619.280 1816.844
619.320 1736.041
619.360 1677.667
619.390 1724.579
619.430 1776.348
619.470 1686.545
619.510 1674.314
619.550 1752.082
619.590 1789.565
619.620 1801.191
619.660 1833.388
619.700 1841.299
619.740 1878.496
619.780 1868.549
619.810 1881.460
619.850 1880.800
619.890 1859.425
619.930 1786.764
619.970 1816.104
620.000 1906.443
620.040 1937.068
620.080 1869.550
620.120 1952.603
620.160 1996.227
620.190 1970.281
620.230 1882.048
620.270 1817.244
620.310 1856.440
620.350 1878.921
620.390 1725.974
620.420 1730.741
620.460 1813.222
620.500 1848.846
620.540 1779.613
620.580 1759.523
620.610 1811.575
620.650 1913.770
620.690 1877.680
620.730 1863.732
620.770 1934.641
620.800 1983.265
620.840 1904.031
620.880 1811.369
620.920 1723.278
620.960 1744.187
620.990 1709.238
621.030 1699.004
621.070 1730.485
621.110 1751.822
621.150 1785.016
621.180 1834.496
621.220 1889.405
621.260 1904.313
621.300 1796.079
621.340 1781.701
621.380 1853.181
621.410 1841.804
621.450 1802.569
621.490 1801.191
621.530 1864.099
621.570 1927.007
621.600 1907.486
621.640 1925.966
621.680 1936.302
621.720 1931.924
621.760 1843.832
621.790 1798.882
621.830 1851.075
621.870 1871.411
621.910 1792.747
621.950 1844.369
621.980 1968.848
622.020 2003.326
622.060 1926.805
622.100 1832.569
622.140 1845.762
622.170 1879.097
622.210 1809.576
622.250 1752.482
622.290 1781.246
622.330 1873.439
622.360 1914.488
622.400 1885.966
622.440 1857.873
622.480 1862.065
622.520 1815.686
622.550 1818.020
622.590 1789.784
622.630 1758.119
622.670 1746.739
622.710 1812.217
622.740 1869.980
622.780 1864.743
622.820 1825.649
622.860 1816.983
622.900 1873.603
622.930 1894.652
622.970 1828.415
623.010 1789.320
623.050 1873.369
623.090 1893.417
623.130 1844.323
623.160 1834.656
623.200 1843.562
623.240 1834.467
623.280 1813.229
623.320 1720.135
623.350 1686.183
623.390 1709.373
623.430 1632.992
623.470 1613.469
623.510 1693.802
623.540 1726.278
623.580 1752.755
623.620 1789.088
623.660 1871.278
623.700 1915.897
623.730 1868.802
623.770 1816.277
623.810 1866.610
623.850 1901.943
623.890 1846.562
623.920 1821.323
623.960 1888.799
624.000 1952.131
624.040 1920.178
624.080 1864.511
624.110 1899.843
624.150 1946.462
624.190 1859.508
624.230 1809.698
624.270 1846.887
624.300 1884.077
624.340 1859.837
624.380 1819.455
624.420 1826.787
624.450 1872.691
624.490 1821.880
624.530 1745.354
624.570 1783.686
624.610 1856.018
624.640 1863.921
624.680 1882.110
624.720 1940.013
624.760 1989.345
624.800 1994.247
624.830 1985.722
624.870 1960.053
624.910 1897.384
624.950 1819.573
624.990 1768.761
625.020 1786.092
625.060 1783.424
625.100 1695.040
625.140 1718.943
625.180 1813.988
625.210 1846.176
625.250 1828.078
625.290 1837.981
625.330 1912.168
625.370 1950.213
625.400 1892.973
625.440 1905.875
625.480 2000.062
625.520 2056.964
625.560 2035.009
625.590 2027.482
625.630 2085.098
625.670 2099.000
625.710 2012.758
625.750 1950.803
625.780 1987.990
625.820 2033.320
625.860 1963.364
625.900 1933.409
625.940 1956.453
625.970 1966.068
626.010 1922.827
626.050 1922.585
626.090 1992.343
626.130 2048.959
626.160 2021.431
626.200 2029.475
626.240 2070.376
626.280 2081.562
626.310 1961.320
626.350 1819.792
626.390 1785.693
626.430 1797.165
626.470 1752.923
626.500 1764.395
626.540 1829.438
626.580 1866.053
626.620 1845.096
626.660 1888.854
626.690 1948.325
626.730 1964.368
626.770 1890.840
626.810 1883.312
626.850 1991.212
626.880 2063.540
626.920 2000.297
626.960 1965.197
627.000 2004.097
627.040 2057.283
627.070 2004.325
627.110 1912.796
627.150 1936.410
627.190 1982.596
627.230 1909.638
627.260 1821.109
627.300 1821.866
627.340 1838.337
627.380 1792.093
627.410 1695.421
627.450 1698.320
627.490 1793.791
627.530 1852.547
627.570 1817.732
627.600 1807.345
627.640 1848.959
627.680 1860.286
627.720 1873.471
627.760 1903.941
627.790 1923.983
627.830 1934.453
627.870 1951.209
627.910 1979.536
627.950 1991.863
627.980 1929.619
628.020 1918.375
628.060 1949.273
628.100 1940.457
628.130 1898.642
628.170 1890.540
628.210 1949.438
628.250 1943.479
628.290 1853.378
628.320 1844.561
628.360 1895.174
628.400 1932.929
628.440 1898.113
628.480 1895.868
628.510 1919.194
628.550 1888.949
628.590 1802.133
628.630 1835.031
628.660 1878.643
628.700 1882.398
628.740 1821.152
628.780 1869.193
628.820 1955.519
628.850 1980.416
628.890 1931.028
628.930 1928.783
628.970 1901.966
629.010 1845.720
629.040 1756.760
629.080 1700.086
629.120 1688.983
629.160 1612.737
629.200 1545.206
629.230 1596.246
629.270 1682.857
629.310 1729.897
629.350 1718.937
629.380 1865.834
629.420 2034.730
629.460 2080.199
629.500 2051.952
629.540 2024.992
629.570 2012.460
629.610 2023.071
629.650 1868.253
629.690 1800.292
629.720 1823.189
629.760 1830.657
629.800 1853.839
629.840 1946.449
629.880 2000.774
629.910 1968.813
629.950 1885.567
629.990 1859.034
630.030 1899.359
630.070 1884.826
630.100 1800.436
630.140 1840.047
630.180 1994.228
630.220 2042.124
630.250 2010.877
630.290 2021.630
630.330 2066.526
630.370 2070.279
630.410 1991.174
630.440 1925.784
630.480 1967.251
630.520 1967.290
630.560 1901.614
630.600 1889.509
630.630 1922.404
630.670 1909.014
630.710 1845.481
630.750 1817.662
630.780 1873.985
630.820 1885.309
630.860 1829.204
630.900 1840.671
630.940 1905.423
630.970 1952.032
631.010 1942.356
631.050 1924.251
631.090 1970.431
631.120 2036.326
631.160 1984.507
631.200 1888.830
631.240 1910.867
631.280 1939.476
631.310 1891.514
631.350 1936.551
631.390 1980.589
631.430 1986.912
631.460 1999.806
631.500 1916.700
631.540 1904.881
631.580 1937.489
631.620 1821.241
631.650 1747.420
631.690 1770.743
631.730 1815.209
631.770 1863.103
631.800 1839.140
631.840 1831.462
631.880 1885.214
631.920 1851.822
631.960 1825.430
631.990 1830.181
632.030 1806.646
632.070 1750.969
632.110 1744.862
632.150 1726.042
632.180 1719.935
632.220 1676.115
632.260 1650.580
632.300 1683.616
632.330 1716.224
632.370 1678.689
632.410 1687.439
632.450 1729.475
632.490 1742.226
632.520 1725.976
632.560 1743.012
632.600 1795.620
632.640 1828.513
632.670 1802.692
632.710 1796.871
632.750 1837.907
632.790 1853.657
632.820 1819.835
632.860 1878.871
632.900 1970.193
632.940 2017.371
632.980 2007.835
633.010 2027.871
633.050 2046.049
633.090 2067.371
633.130 1982.835
633.160 1921.299
633.200 1924.191
633.240 1928.941
633.280 1875.691
633.320 1886.440
633.350 1921.333
633.390 1958.368
633.430 1945.403
633.470 1952.010
633.500 1941.331
633.540 1962.508
633.580 1950.544
633.620 1916.293
633.660 1883.328
633.690 1842.791
633.730 1781.683
633.770 1801.575
633.810 1832.896
633.840 1814.931
633.880 1768.537
633.920 1728.857
633.960 1817.177
634.000 1879.498
634.030 1844.675
634.070 1809.138
634.110 1865.173
634.150 1894.493
634.180 1898.527
634.220 1874.705
634.260 1917.025
634.300 1953.059
634.330 1921.808
634.370 1936.842
634.410 2018.876
634.450 2086.196
634.490 2051.373
634.520 1957.693
634.560 1995.012
634.600 2036.904
634.640 1939.223
634.670 1888.829
634.710 1923.434
634.750 1940.039
634.790 1960.359
634.830 1942.964
634.860 1951.855
634.900 2005.746
634.940 1967.779
634.980 1940.813
635.010 1985.275
635.050 1971.452
635.090 1902.771
635.130 1874.519
635.160 1886.409
635.200 1874.728
635.240 1774.762
635.280 1728.938
635.320 1799.828
635.350 1815.719
635.390 1802.752
635.430 1818.785
635.470 1872.533
635.500 1952.994
635.540 1942.885
635.580 1867.489
635.620 1947.522
635.650 1993.698
635.690 1917.731
635.730 1886.764
635.770 1867.225
635.810 1841.972
635.840 1812.434
635.880 1749.752
635.920 1736.785
635.960 1725.532
635.990 1683.565
636.030 1703.740
636.070 1784.201
636.110 1908.091
636.140 1942.266
636.180 1947.299
636.220 2040.617
636.260 2096.649
636.300 2057.110
636.330 2029.571
636.370 2008.032
636.410 1980.922
636.450 1946.097
636.480 1930.272
636.520 1970.875
636.560 1964.908
636.600 1876.797
636.630 1817.115
636.670 1810.004
636.710 1811.750
636.750 1761.496
636.780 1697.385
636.820 1745.274
636.860 1789.735
636.900 1791.052
636.940 1879.799
636.970 1957.545
637.010 2011.291
637.050 2006.751
637.090 1978.354
637.120 2015.671
637.160 2039.560
637.200 1957.734
637.240 1926.052
637.270 1934.083
637.310 1942.258
637.350 1902.432
637.390 1855.463
637.420 1841.066
637.460 1843.812
637.500 1822.129
637.540 1817.731
637.580 1870.477
637.610 1903.794
637.650 1899.825
637.690 1933.427
637.730 1963.316
637.760 1954.775
637.800 1858.521
637.840 1775.837
637.880 1802.868
637.910 1829.613
637.950 1763.073
637.990 1754.961
638.030 1782.420
638.060 1832.308
638.100 1830.053
638.140 1827.941
638.180 1856.686
638.220 1879.574
638.250 1821.462
638.290 1786.635
638.330 1850.809
638.370 1914.839
638.400 1870.013
638.440 1834.900
638.480 1889.645
638.520 1943.532
638.550 1920.849
638.590 1895.879
638.630 1918.623
638.670 1903.511
638.700 1878.541
638.740 1797.000
638.780 1776.602
638.820 1845.060
638.850 1831.805
638.890 1826.406
638.930 1894.293
638.970 1921.752
639.010 1944.211
639.040 1927.955
639.080 1926.270
639.120 1939.300
639.160 1904.330
639.190 1899.789
639.230 1934.961
639.270 1931.277
639.310 1921.878
639.340 1913.622
639.380 1889.937
639.420 1857.681
639.460 1822.282
639.490 1784.883
639.530 1819.341
639.570 1869.371
639.610 1815.115
639.640 1781.287
639.680 1819.888
639.720 1798.775
639.760 1772.804
639.790 1773.262
639.830 1771.291
639.870 1771.035
639.910 1777.207
639.940 1772.379
639.980 1819.408
640.020 1821.580
640.060 1767.323
640.100 1751.781
640.130 1818.096
640.170 1863.696
640.210 1843.440
640.250 1880.754
640.280 1974.212
640.320 2009.384
640.360 1989.984
640.400 1994.299
640.430 2047.327
640.470 2058.499
640.510 1965.385
640.550 1966.271
640.580 1984.157
640.620 1986.042
640.660 1974.928
640.700 1892.100
640.730 1866.414
640.770 1891.014
640.810 1819.471
640.850 1816.214
640.880 1868.242
640.920 1822.414
640.960 1782.585
641.000 1785.756
641.030 1809.070
641.070 1793.241
641.110 1743.127
641.150 1747.727
641.180 1808.755
641.220 1847.640
641.260 1880.240
641.300 1907.982
641.330 1949.439
641.370 2002.324
641.410 1948.924
641.450 1935.809
641.480 2015.551
641.520 2042.293
641.560 2003.893
641.600 1988.492
641.630 1989.520
641.670 2021.262
641.710 2019.004
641.750 2032.032
641.780 2061.917
641.820 2098.373
641.860 2077.544
641.900 2065.714
641.940 2091.028
641.970 2101.770
642.010 2034.940
642.050 2006.682
642.090 2021.281
642.120 2055.166
642.160 2011.622
642.200 1994.935
642.240 2040.391
642.270 2054.275
642.310 2035.446
642.350 2001.616
642.390 1983.357
642.420 1965.956
642.460 1887.126
642.500 1842.868
642.540 1871.038
642.570 1878.637
642.610 1860.949
642.650 1917.548
642.690 2038.432
642.720 2087.888
642.760 2055.201
642.800 2032.370
642.840 2008.969
642.870 1992.996
642.910 1922.308
642.950 1843.193
642.990 1845.934
643.020 1851.246
643.060 1779.416
643.100 1754.157
643.140 1819.470
643.170 1826.353
643.210 1791.094
643.250 1780.407
643.290 1801.862
643.320 1845.032
643.360 1874.201
643.400 1839.656
643.440 1836.254
643.470 1864.852
643.510 1858.736
643.550 1828.905
643.590 1835.789
643.620 1810.815
643.660 1773.699
643.700 1796.582
643.740 1803.894
643.770 1796.063
643.810 1797.518
643.850 1825.402
643.890 1865.142
643.920 1908.311
643.960 1915.480
644.000 1943.221
644.040 2027.675
644.070 2062.987
644.110 2006.585
644.150 1988.754
644.180 1979.780
644.220 1959.663
644.260 1923.546
644.300 1859.286
644.330 1871.598
644.370 1905.481
644.410 1900.507
644.450 1916.818
644.480 1950.558
644.520 1967.870
644.560 1932.039
644.600 1865.921
644.630 1863.661
644.670 1867.544
644.710 1860.713
644.750 1848.167
644.780 1933.621
644.820 2034.504
644.860 2051.244
644.900 2064.269
644.930 2100.152
644.970 2092.606
645.010 2068.060
645.050 2019.085
645.080 2015.397
645.120 2021.279
645.160 1978.162
645.200 1960.044
645.230 1946.069
645.270 1931.523
645.310 1869.406
645.350 1832.288
645.380 1891.742
645.420 1906.767
645.460 1891.221
645.500 1897.532
645.530 1904.128
645.570 1905.153
645.610 1908.464
645.650 1905.918
645.680 1928.514
645.720 1924.968
645.760 1908.707
645.800 1895.446
645.830 1890.328
645.870 1860.210
645.910 1808.092
645.940 1812.117
645.980 1812.570
646.020 1803.595
646.060 1807.620
646.090 1819.787
646.130 1782.098
646.170 1749.408
646.210 1729.576
646.240 1772.886
646.280 1842.482
646.320 1865.221
646.360 1846.960
646.390 1904.270
646.430 1951.295
646.470 1923.605
646.510 1858.486
646.540 1819.797
646.580 1874.107
646.620 1905.845
646.660 1867.013
646.690 1889.180
646.730 1948.918
646.770 1973.229
646.810 1942.539
646.840 1856.134
646.880 1851.587
646.920 1866.754
646.950 1824.064
646.990 1823.374
647.030 1837.827
647.070 1852.565
647.100 1812.303
647.140 1829.042
647.180 1900.923
647.220 1923.947
647.250 1889.399
647.290 1895.852
647.330 1983.447
647.370 2070.043
647.400 2017.781
647.440 1961.376
647.480 1948.400
647.520 1919.138
647.550 1872.591
647.590 1803.329
647.630 1776.495
647.670 1759.233
647.700 1691.543
647.740 1696.281
647.780 1758.304
647.810 1798.756
647.850 1787.494
647.890 1836.375
647.930 1940.542
647.960 2001.137
648.000 1952.446
648.040 1907.898
648.080 1885.921
648.110 1870.516
648.150 1812.254
648.190 1773.706
648.230 1831.586
648.260 1885.038
648.300 1858.205
648.340 1845.799
648.380 1866.680
648.410 1881.275
648.450 1871.869
648.490 1853.607
648.520 1872.630
648.560 1892.796
648.600 1933.962
648.640 2046.985
648.670 2170.008
648.710 2221.317
648.750 2186.483
648.790 2172.649
648.820 2244.386
648.860 2234.266
648.900 2119.289
648.940 2038.884
648.970 2038.907
649.010 2044.358
649.050 1980.667
649.080 1942.690
649.120 1980.141
649.160 1996.878
649.200 1984.758
649.230 1931.067
649.270 1935.661
649.310 1999.112
649.350 1975.278
649.380 1925.443
649.420 1961.752
649.460 1966.917
649.500 1957.369
649.530 1970.963
649.570 1959.271
649.610 1957.008
649.640 1955.030
649.680 1921.053
649.720 1946.647
649.760 1935.383
649.790 1849.120
649.830 1810.571
649.870 1856.737
649.910 1858.330
649.940 1822.638
649.980 1795.232
650.020 1824.397
650.060 1869.705
650.090 1876.585
650.130 1842.036
650.170 1895.772
650.200 1936.652
650.240 1876.531
650.280 1848.125
650.320 1869.575
650.350 1896.026
650.390 1861.477
650.430 1785.927
650.470 1742.664
650.500 1767.114
650.540 1759.708
650.580 1810.873
650.610 1828.752
650.650 1815.917
650.690 1793.224
650.730 1824.818
650.760 1863.840
650.800 1895.576
650.840 1826.455
650.880 1829.905
650.910 1939.213
650.950 1998.235
650.990 1985.399
651.020 1943.850
651.060 1948.300
651.100 1966.607
651.140 1923.201
651.170 1831.508
651.210 1814.958
651.250 1813.551
651.290 1805.144
651.320 1816.737
651.360 1845.616
651.400 1829.923
651.440 1842.659
651.470 1855.824
651.510 1839.274
651.550 1826.866
651.580 1812.745
651.620 1801.767
651.660 1872.074
651.700 1928.095
651.730 1913.259
651.770 1952.281
651.810 1986.159
651.850 1975.038
651.880 1925.059
651.920 1904.080
651.960 1898.101
651.990 1886.266
652.030 1840.572
652.070 1845.165
652.110 1882.186
652.140 1915.350
652.180 1886.371
652.220 1857.535
652.250 1909.414
652.290 1947.006
652.330 1922.170
652.370 1876.334
652.400 1849.641
652.440 1839.233
652.480 1828.254
652.520 1749.704
652.550 1710.582
652.590 1698.031
652.630 1654.195
652.660 1614.359
652.700 1620.808
652.740 1603.115
652.780 1628.850
652.810 1643.871
652.850 1711.891
652.890 1783.055
652.930 1860.933
652.960 1914.668
653.000 1947.832
653.040 1951.281
653.070 2006.587
653.110 1966.751
653.150 1932.486
653.190 1916.363
653.220 1862.670
653.260 1903.833
653.300 1957.282
653.330 1893.731
653.370 1880.752
653.410 1937.487
653.450 1980.364
653.480 1991.242
653.520 1934.262
653.560 1932.568
653.600 2011.875
653.630 2038.895
653.670 1979.201
653.710 1973.650
653.740 2046.956
653.780 2057.691
653.820 2011.854
653.860 1978.588
653.890 1983.894
653.930 1989.486
653.970 1926.220
654.000 1848.098
654.040 1848.404
654.080 1890.281
654.120 1898.587
654.150 1937.321
654.190 2020.198
654.230 2081.790
654.270 2079.667
654.300 2097.259
654.340 2053.850
654.380 1991.584
654.410 1939.604
654.450 1893.910
654.490 1877.216
654.530 1887.521
654.560 1857.541
654.600 1906.133
654.640 1934.152
654.670 1923.172
654.710 1878.764
654.750 1839.212
654.790 1890.660
654.820 1943.680
654.860 1868.129
654.900 1851.720
654.930 1877.454
654.970 1902.616
655.010 1890.207
655.050 1834.799
655.080 1792.532
655.120 1812.409
655.160 1819.286
655.190 1825.734
655.230 1797.040
655.270 1781.773
655.310 1813.936
655.340 1858.384
655.380 1916.546
655.420 1944.280
655.460 1906.442
655.490 1950.462
655.530 2045.338
655.570 2031.786
655.600 1987.663
655.640 1962.397
655.680 1953.987
655.720 1950.578
655.750 1898.026
655.790 1831.617
655.830 1840.065
655.860 1830.656
655.900 1785.675
655.940 1763.123
655.980 1761.570
656.010 1801.590
656.050 1866.037
656.090 1903.342
656.120 1923.219
656.160 1945.809
656.200 1948.828
656.240 1983.562
656.270 2027.009
656.310 1971.028
656.350 1894.190
656.380 1920.495
656.420 1992.228
656.460 2080.676
656.500 2123.552
656.530 2125.714
656.570 2242.733
656.610 2310.752
656.640 2277.628
656.680 2212.075
656.720 2177.094
656.760 2146.542
656.790 2092.561
656.830 2042.294
656.870 2075.598
656.900 2079.189
656.940 2031.350
656.980 1999.940
657.020 2043.531
657.050 2054.978
657.090 1983.568
657.130 1905.301
657.160 1895.320
657.200 1923.053
657.240 1903.786
657.280 1810.661
657.310 1811.109
657.350 1836.841
657.390 1818.289
657.420 1853.736
657.460 1909.469
657.500 1897.487
657.540 1934.363
657.570 1934.524
657.610 1948.971
657.650 1967.704
657.680 1912.294
657.720 1831.455
657.760 1808.759
657.790 1802.492
657.830 1789.367
657.870 1742.671
657.910 1742.690
657.940 1761.280
657.980 1781.298
658.020 1808.459
658.050 1785.049
658.090 1765.210
658.130 1787.800
658.170 1793.818
658.200 1799.407
658.240 1809.997
658.280 1804.015
658.310 1861.033
658.350 1928.052
658.390 1917.927
658.430 1873.945
658.460 1870.249
658.500 1942.696
658.540 1988.285
658.570 1931.874
658.610 1857.750
658.650 1865.482
658.690 1907.214
658.720 1881.804
658.760 1862.250
658.800 1881.411
658.830 1902.143
658.870 1934.018
658.910 1940.751
658.940 1981.054
658.980 1997.929
659.020 1938.947
659.060 1888.536
659.090 1866.554
659.130 1871.858
659.170 1865.018
659.200 1858.465
659.240 1925.197
659.280 1964.929
659.320 1947.232
659.350 1934.679
659.390 1894.553
659.430 1845.428
659.460 1804.446
659.500 1791.321
659.540 1840.910
659.580 1878.785
659.610 1969.374
659.650 2039.248
659.690 2087.980
659.720 2074.141
659.760 2020.587
659.800 1995.033
659.830 2054.479
659.870 2015.068
659.910 1973.800
659.950 1952.531
659.980 1931.120
660.020 1935.852
660.060 1890.298
660.090 1847.030
660.130 1842.190
660.170 1858.207
660.200 1858.939
660.240 1893.671
660.280 1939.117
660.320 1931.705
660.350 1888.151
660.390 1872.454
660.430 1878.471
660.460 1889.917
660.500 1904.077
660.540 1874.809
660.580 1910.826
660.610 1936.558
660.650 1934.575
660.690 1943.735
660.720 2038.181
660.760 2071.341
660.800 2075.929
660.830 2081.803
660.870 2076.963
660.910 2100.695
660.950 2090.855
660.980 1967.443
661.020 1912.746
661.060 1902.477
661.090 1878.923
661.130 1848.511
661.170 1815.100
661.200 1809.688
661.240 1828.133
661.280 1828.865
661.320 1795.024
661.350 1774.184
661.390 1802.772
661.430 1821.504
661.460 1799.806
661.500 1812.966
661.540 1848.411
661.570 1932.428
661.610 1991.731
661.650 1982.605
661.690 1979.050
661.720 1999.495
661.760 2041.655
661.800 2052.100
661.830 1981.260
661.870 1955.848
661.910 2012.436
661.940 2029.738
661.980 2003.898
662.020 1958.343
662.060 1960.074
662.090 2003.376
662.130 1959.821
662.170 1867.838
662.200 1821.426
662.240 1820.443
662.280 1792.316
662.310 1729.333
662.350 1702.921
662.390 1702.223
662.430 1699.525
662.460 1722.113
662.500 1755.415
662.540 1772.432
662.570 1753.019
662.610 1760.607
662.650 1834.624
662.680 1868.069
662.720 1862.656
662.760 1900.387
662.800 1957.118
662.830 2002.563
662.870 1991.579
662.910 1953.024
662.940 1926.611
662.980 1904.342
663.020 1844.073
663.050 1808.089
663.090 1815.676
663.130 1825.978
663.170 1812.423
663.200 1898.725
663.240 1990.884
663.280 2008.043
663.310 1982.631
663.350 1974.790
663.390 1988.520
663.420 2020.965
663.460 1981.981
663.500 1966.711
663.530 1994.441
663.570 2063.172
663.610 2071.474
663.650 2067.775
663.680 2097.791
663.720 2120.379
663.760 2048.252
663.790 1947.839
663.830 1898.569
663.870 1902.871
663.900 1893.316
663.940 1809.760
663.980 1826.919
664.020 1904.506
664.050 1978.665
664.090 1967.109
664.130 1963.839
664.160 1928.998
664.200 1928.442
664.240 1888.887
664.270 1889.331
664.310 1918.633
664.350 1923.791
664.380 1898.807
664.420 1947.108
664.460 1964.838
664.500 1939.854
664.530 1929.870
664.570 1948.028
664.610 2001.330
664.640 2001.203
664.680 2020.647
664.720 2050.662
664.750 2063.821
664.790 2008.694
664.830 1981.281
664.860 1974.582
664.900 2031.597
664.940 2003.042
664.980 1966.628
665.010 1959.073
665.050 1955.660
665.090 1881.961
665.120 1857.262
665.160 1879.135
665.200 1896.436
665.230 1888.737
665.270 1886.467
665.310 1934.768
665.340 1995.926
665.380 1983.941
665.420 1914.100
665.460 1924.115
665.490 1997.702
665.530 1994.146
665.570 1956.875
665.600 1983.176
665.640 1996.049
665.680 1983.207
665.710 1987.508
665.750 1977.094
665.790 2008.253
665.820 2001.982
665.860 1968.140
665.900 1973.441
665.930 2022.313
665.970 2001.757
666.010 1935.915
666.050 1882.359
666.080 1858.945
666.120 1825.818
666.160 1764.261
666.190 1736.419
666.230 1719.292
666.270 1700.592
666.300 1770.322
666.340 1843.908
666.380 1845.638
666.410 1865.367
666.450 1858.382
666.490 1870.111
666.530 1895.983
666.560 1832.427
666.600 1786.728
666.640 1789.028
666.670 1788.186
666.710 1754.344
666.750 1723.359
666.780 1762.516
666.820 1796.103
666.860 1763.975
666.890 1788.990
666.930 1839.290
666.970 1866.877
667.000 1853.606
667.040 1846.478
667.080 1870.492
667.120 1925.793
667.150 1924.665
667.190 1909.108
667.230 1923.551
667.260 1941.423
667.300 1910.724
667.340 1869.453
667.370 1884.467
667.410 1893.482
667.450 1883.068
667.480 1888.512
667.520 1932.098
667.560 1950.827
667.590 1981.270
667.630 2020.141
667.670 2041.299
667.700 2050.742
667.740 2041.900
667.780 2043.486
667.820 2066.357
667.850 2000.086
667.890 1886.958
667.930 1874.544
667.960 1914.130
668.000 1932.430
668.040 1878.730
668.070 1846.173
668.110 1948.616
668.150 2016.059
668.180 1987.788
668.220 1909.374
668.260 1852.960
668.290 1861.403
668.330 1856.845
668.370 1809.717
668.400 1849.446
668.440 1897.317
668.480 1923.331
668.520 1981.774
668.550 2037.503
668.590 2089.946
668.630 2063.960
668.660 1932.546
668.700 1880.560
668.740 1868.860
668.770 1818.874
668.810 1747.746
668.850 1716.189
668.880 1735.203
668.920 1767.074
668.960 1789.374
668.990 1858.674
669.030 1891.259
669.070 1869.845
669.100 1881.859
669.140 1883.016
669.180 1908.173
669.210 1949.902
669.250 1923.344
669.290 1957.787
669.320 2068.944
669.360 2061.958
669.400 2056.972
669.440 2062.557
669.470 2005.429
669.510 1960.300
669.550 1924.028
669.580 1877.899
669.620 1859.913
669.660 1865.784
669.690 1870.227
669.730 1895.669
669.770 1970.969
669.800 2019.697
669.840 2078.568
669.880 2143.582
669.910 2187.739
669.950 2194.467
669.990 2187.481
670.020 2151.923
670.060 2098.937
670.100 2018.379
670.130 1956.536
670.170 1972.407
670.210 1986.849
670.240 1991.292
670.280 1961.448
670.320 1937.034
670.350 1923.047
670.390 1917.633
670.430 1851.932
670.470 1834.946
670.500 1791.388
670.540 1798.830
670.580 1863.273
670.610 1894.000
670.650 1915.014
670.690 1891.885
670.720 1925.899
670.760 1995.626
670.800 1987.212
670.830 1946.368
670.870 1936.096
670.910 1938.252
670.940 1951.266
670.980 1925.422
671.020 1878.864
671.050 1924.878
671.090 1952.891
671.130 1942.619
671.160 1903.490
671.200 1918.218
671.240 1917.517
671.270 1916.245
671.310 1883.830
671.350 1803.986
671.380 1760.999
671.420 1807.156
671.460 1830.598
671.490 1877.468
671.530 1931.196
671.570 1940.924
671.600 2046.508
671.640 2147.379
671.680 2132.821
671.710 2094.548
671.750 2078.990
671.790 2042.004
671.830 2019.588
671.860 1941.887
671.900 1859.186
671.940 1811.485
671.970 1811.499
672.010 1759.798
672.050 1792.097
672.080 1883.253
672.120 1926.552
672.160 1948.565
672.190 2000.007
672.230 2037.448
672.270 2049.890
672.300 2023.475
672.340 1976.488
672.380 1941.215
672.410 1959.657
672.450 1995.813
672.490 2001.398
672.520 2011.554
672.560 1946.424
672.600 1867.723
672.630 1856.593
672.670 1865.606
672.710 1819.905
672.740 1774.775
672.780 1774.788
672.820 1836.229
672.850 1859.242
672.890 1851.827
672.930 1833.697
672.960 1876.424
673.000 1903.294
673.040 1895.307
673.070 1909.749
673.110 1998.333
673.150 2060.918
673.180 2067.359
673.220 2036.229
673.260 2004.385
673.290 1981.969
673.330 1931.411
673.370 1902.281
673.400 1921.436
673.440 1920.878
673.480 1893.891
673.510 1938.618
673.550 1980.202
673.590 2010.358
673.620 1946.513
673.660 1899.240
673.700 1953.539
673.730 1991.552
673.770 1970.850
673.810 1976.006
673.840 2009.733
673.880 2058.745
673.920 2064.758
673.950 2051.342
673.990 2031.641
674.030 2001.653
674.060 2007.523
674.100 1986.822
674.140 1952.977
674.170 1938.418
674.210 1872.288
674.250 1853.586
674.280 1876.171
674.320 1805.040
674.360 1758.767
674.390 1805.780
674.430 1839.078
674.470 1878.662
674.500 1915.389
674.540 1907.544
674.580 1977.271
674.610 2016.855
674.650 1959.582
674.690 1958.023
674.720 1990.035
674.760 2010.905
674.800 2062.632
674.830 2084.644
674.870 2092.514
674.910 2083.241
674.940 2054.110
674.980 2083.123
675.020 2120.992
675.050 2090.290
675.090 2026.874
675.130 2026.029
675.160 2063.185
675.200 2037.054
675.240 1931.924
675.270 1827.222
675.310 1789.520
675.350 1756.389
675.380 1711.544
675.420 1761.271
675.460 1826.140
675.490 1881.153
675.530 1885.451
675.570 1938.177
675.600 2006.618
675.640 2040.345
675.680 1937.785
675.710 1855.226
675.750 1824.667
675.790 1843.965
675.820 1794.120
675.860 1787.704
675.900 1827.716
675.930 1892.157
675.970 1928.454
676.010 1937.467
676.040 1923.764
676.080 1930.205
676.120 1908.932
676.150 1849.372
676.190 1846.099
676.230 1875.825
676.260 1840.409
676.300 1889.421
676.340 1941.718
676.370 1923.016
676.410 1890.743
676.450 1885.183
676.480 1922.052
676.520 1920.350
676.560 1823.648
676.590 1791.803
676.630 1847.815
676.670 1912.398
676.700 1939.839
676.740 1952.708
676.780 2007.720
676.810 2033.446
676.850 1995.458
676.890 1961.898
676.920 1981.339
676.960 1936.494
676.990 1861.505
677.030 1841.232
677.070 1891.386
677.100 1900.970
677.140 1835.124
677.180 1802.136
677.210 1837.577
677.250 1683.874
677.290 1640.475
677.320 1565.315
677.360 1540.321
