165.028 -38.448
165.288 -48.440
165.547 -45.433
165.807 -8.425
166.067 -79.417
166.327 5.591
166.587 21.599
166.847 -26.393
167.107 -13.386
167.367 -19.378
167.627 34.630
167.886 -7.362
168.146 44.647
168.406 16.655
168.666 -31.337
168.926 17.671
169.186 -74.321
169.446 -61.313
169.706 22.696
169.966 8.704
170.225 -4.288
170.485 -51.279
170.745 12.729
171.005 28.738
171.265 -24.254
171.525 -72.245
171.785 26.763
172.045 11.772
172.305 -13.220
172.564 -11.211
172.824 -23.202
173.084 -28.194
173.344 -55.185
173.604 -6.176
173.864 115.833
174.124 80.841
174.384 53.850
174.644 -95.141
174.903 -44.132
175.163 58.877
175.423 -58.114
175.683 -23.105
175.943 0.904
176.203 -3.087
176.463 60.922
176.723 -22.069
176.983 22.940
177.242 44.949
177.502 66.958
177.762 -14.033
178.022 -12.024
178.282 18.986
178.542 8.995
178.802 43.004
179.062 -69.987
179.322 -77.977
179.581 -27.968
179.841 4.041
180.101 -51.950
180.361 -70.940
180.621 -94.931
180.881 -90.921
181.141 -46.912
181.401 -8.903
181.661 -10.893
181.920 27.116
182.180 23.126
182.440 20.135
182.700 41.145
182.960 23.154
183.220 -17.836
183.480 -17.826
183.740 1.183
184.000 22.193
184.259 16.202
184.519 105.212
184.779 28.222
185.039 62.231
185.299 -0.759
185.559 -88.749
185.819 12.260
186.079 3.270
186.339 19.280
186.598 -7.710
186.858 -58.701
187.118 -13.691
187.378 64.319
187.638 7.329
187.898 8.338
188.158 -69.652
188.418 -64.642
188.678 -23.632
188.937 -45.622
189.197 -32.613
189.457 -4.603
189.717 -12.593
189.977 85.417
190.237 83.427
190.497 -33.563
190.757 -32.553
191.017 -59.543
191.276 -12.534
191.536 -10.524
191.796 5.486
192.056 35.496
192.316 26.506
192.576 54.516
192.836 22.526
193.096 -8.464
193.356 -26.454
193.616 48.556
193.875 49.566
194.135 19.576
194.395 39.586
194.655 -11.404
194.915 -0.394
195.175 -25.384
195.435 55.626
195.695 22.636
195.955 -113.354
196.214 -5.344
196.474 -53.334
196.734 -30.324
196.994 89.686
197.254 39.696
197.514 107.706
197.774 34.716
198.034 -10.274
198.294 -47.264
198.553 15.746
198.813 24.756
199.073 -86.234
199.333 -61.224
199.593 27.786
199.853 -15.204
200.113 25.806
200.373 -5.184
200.633 -8.174
200.892 28.836
201.152 5.846
201.412 -22.144
201.672 -12.134
201.932 21.876
202.192 44.886
202.452 29.896
202.712 -14.094
202.972 -10.084
203.231 55.926
203.491 -84.064
203.751 13.945
204.011 76.955
204.271 75.965
204.531 -15.025
204.791 5.985
205.051 -120.005
205.311 18.005
205.570 47.015
205.830 -19.975
206.090 40.035
206.350 -19.955
206.610 2.055
206.870 41.065
207.130 61.075
207.390 -21.916
207.650 -32.906
207.909 -60.896
208.169 -26.886
208.429 -5.876
208.689 7.134
208.949 -40.856
209.209 11.154
209.469 79.163
209.729 23.173
209.989 -16.817
210.248 -9.807
210.508 -26.797
210.768 -34.788
211.028 15.222
211.288 -42.768
211.548 66.242
211.808 39.252
212.068 83.261
212.328 -13.729
212.587 28.281
212.847 9.291
213.107 -92.700
213.367 -49.690
213.627 0.320
213.887 44.329
214.147 -32.661
214.407 -28.651
214.667 -17.642
214.926 -2.632
215.186 -22.622
215.446 -47.613
215.706 -4.603
215.966 30.406
216.226 17.416
216.486 27.426
216.746 -19.565
217.006 47.445
217.265 -25.546
217.525 13.464
217.785 -66.527
218.045 -5.517
218.305 28.492
218.565 14.502
218.825 -67.489
219.085 76.521
219.345 145.530
219.604 48.540
219.864 35.549
220.124 -14.441
220.384 19.568
220.644 -19.423
220.904 1.587
221.164 33.596
221.424 25.605
221.684 25.615
221.943 18.624
222.203 -20.367
222.463 56.643
222.723 -24.348
222.983 25.661
223.243 47.671
223.503 -35.320
223.763 -47.311
224.023 65.698
224.282 48.708
224.542 73.717
224.802 -88.274
225.062 -35.265
225.322 3.744
225.582 -41.247
225.842 -35.238
226.102 -35.228
226.362 9.781
226.621 65.790
226.881 36.799
227.141 34.808
227.401 -25.183
227.661 45.826
227.921 -35.165
228.181 -62.156
228.441 -67.147
228.701 -0.138
228.960 41.871
229.220 -36.120
229.480 8.889
229.740 -72.103
230.000 -49.094
230.260 -38.085
230.520 -53.076
230.780 64.933
231.040 -50.058
231.299 3.951
231.559 31.959
231.819 -1.032
232.079 -43.023
232.339 41.986
232.599 -75.006
232.859 -45.997
233.119 -42.988
233.379 26.020
233.638 -48.971
233.898 -19.962
234.158 42.046
234.418 20.055
234.678 24.064
234.938 -80.928
235.198 -24.919
235.458 9.089
235.718 -28.902
235.978 50.106
236.237 7.115
236.497 27.123
236.757 -6.868
237.017 -27.860
237.277 -61.851
237.537 -11.843
237.797 18.166
238.057 14.174
238.317 -22.818
238.576 -76.809
238.836 17.199
239.096 37.207
239.356 8.216
239.616 40.224
239.876 42.232
240.136 21.240
240.396 14.249
240.656 -12.743
240.915 9.265
241.175 22.273
241.435 -9.719
241.695 -17.710
241.955 16.298
242.215 6.306
242.475 -25.686
242.735 6.322
242.995 13.330
243.254 61.338
243.514 35.346
243.774 76.354
244.034 74.362
244.294 92.370
244.554 7.378
244.814 59.386
245.074 19.394
245.334 -59.598
245.593 21.410
245.853 38.418
246.113 -16.574
246.373 76.434
246.633 5.441
246.893 13.449
247.153 -15.543
247.413 11.465
247.673 -3.527
247.932 10.480
248.192 -53.512
248.452 61.496
248.712 25.503
248.972 12.511
249.232 47.519
249.492 -27.474
249.752 -21.466
250.012 67.542
250.271 64.549
250.531 33.557
250.791 -47.436
251.051 15.572
251.311 -25.420
251.571 23.587
251.831 -59.405
252.091 -21.398
252.351 10.610
252.610 -21.383
252.870 -23.376
253.130 4.632
253.390 74.639
253.650 15.647
253.911 23.654
254.172 0.661
254.433 -42.331
254.694 46.676
254.955 48.683
255.216 -37.309
255.477 96.698
255.738 105.705
255.999 25.712
256.261 -94.281
256.522 -32.273
256.783 -15.266
257.044 -35.259
257.305 -28.252
257.566 -62.245
257.827 -17.238
258.088 9.769
258.349 -0.223
258.610 33.784
258.871 68.791
259.132 -3.202
259.393 37.805
259.654 16.812
259.915 4.819
260.176 -103.174
260.437 -76.167
260.698 -25.160
260.959 12.846
261.221 -4.147
261.482 -15.140
261.743 27.867
262.004 -27.126
262.265 -23.119
262.526 -25.112
262.787 -29.106
263.048 -68.099
263.309 -16.092
263.570 17.915
263.831 16.921
264.092 4.928
264.353 -6.065
264.614 49.941
264.875 -9.052
265.136 18.955
265.397 -87.039
265.658 2.968
265.919 -75.025
266.181 -37.019
266.442 19.988
266.703 -47.006
266.964 -36.999
267.225 -64.993
267.486 -24.986
267.747 12.020
268.008 -13.973
268.269 25.033
268.530 52.040
268.791 -27.954
269.052 8.053
269.313 -58.941
269.574 -33.935
269.835 2.072
270.096 30.078
270.357 0.084
270.618 -52.909
270.879 55.097
271.141 -25.897
271.402 -16.890
271.663 -74.884
271.924 -33.878
272.185 52.128
272.446 -69.865
272.707 -33.859
272.968 -49.853
273.229 4.153
273.490 -9.841
273.751 49.165
274.012 -9.829
274.273 -79.822
274.534 -65.816
274.795 -51.810
275.056 -0.804
275.317 23.202
275.578 -25.792
275.839 -11.786
276.101 19.220
276.362 5.226
276.623 55.232
276.884 5.238
277.145 53.244
277.406 -44.750
277.667 -20.745
277.928 38.261
278.189 55.267
278.450 -12.727
278.711 37.279
278.972 3.285
279.233 -31.709
279.494 -55.704
279.755 -45.698
280.016 -5.692
280.277 8.314
280.538 -8.681
280.799 15.325
281.061 -3.669
281.322 -27.663
281.583 15.342
281.844 -37.652
282.105 22.354
282.366 5.359
282.627 3.365
282.888 -43.630
283.149 3.376
283.410 -22.618
283.671 35.387
283.932 -31.607
284.193 -54.602
284.454 -38.596
284.715 -17.591
284.976 8.415
285.237 8.420
285.498 16.426
285.759 70.431
286.021 87.437
286.282 15.442
286.543 -10.553
286.804 -1.547
287.065 -38.542
287.326 -41.536
287.587 -37.531
287.848 16.474
288.109 46.480
288.370 -31.515
288.631 38.490
288.892 -36.504
289.153 -106.499
289.414 3.506
289.675 -33.489
289.936 -17.483
290.197 42.522
290.458 -46.473
290.719 -10.468
290.981 67.537
291.242 22.543
291.503 37.548
291.764 53.553
292.025 -59.442
292.286 -109.437
292.547 4.568
292.808 -17.427
293.069 -66.422
293.330 85.583
293.591 38.588
293.852 -40.406
294.113 44.599
294.374 -0.396
294.635 -34.391
294.896 -16.386
295.157 -75.381
295.418 -23.377
295.679 35.628
295.941 30.633
296.202 11.638
296.463 13.643
296.724 -32.352
296.985 47.653
297.246 43.658
297.507 41.663
297.768 50.668
298.029 -2.328
298.290 10.677
298.551 45.682
298.812 58.687
299.073 10.692
299.334 -63.304
299.595 -9.299
299.856 7.706
300.117 14.711
300.378 -11.285
300.639 17.720
300.901 61.725
301.162 6.729
301.423 11.734
301.684 -56.261
301.945 -35.257
302.206 -12.252
302.467 32.753
302.728 34.757
302.989 33.762
303.250 40.766
303.511 52.771
303.772 -28.224
304.033 -64.220
304.294 -4.215
304.555 8.789
304.816 -56.206
305.077 42.798
305.338 15.803
305.599 11.807
305.861 -5.188
306.122 -7.184
306.383 -21.179
306.644 6.825
306.905 -92.171
307.166 -74.166
307.427 -55.162
307.688 -16.157
307.949 -21.153
308.210 21.851
308.471 75.856
308.732 -46.140
308.993 -23.136
309.254 26.869
309.515 29.873
309.776 41.877
310.037 -9.118
310.298 30.886
310.559 -24.110
310.821 11.894
311.082 -9.101
311.343 -13.097
311.604 5.907
311.865 -81.089
312.126 -14.085
312.387 -66.080
312.648 39.924
312.909 11.928
313.170 46.932
313.434 40.936
313.698 22.940
313.963 -66.055
314.227 -74.051
314.491 79.953
314.755 10.957
315.019 65.961
315.284 96.965
315.548 61.969
315.812 54.973
316.076 8.977
316.340 -6.019
316.604 46.985
316.869 -79.011
317.133 -15.007
317.397 21.997
317.661 16.001
317.925 47.005
318.190 45.009
318.454 20.013
318.718 -114.983
318.982 -35.979
319.246 17.025
319.511 -5.971
319.775 50.033
320.039 -24.963
320.303 40.040
320.567 4.044
320.832 48.048
321.096 -33.948
321.360 41.056
321.624 72.060
321.888 -54.937
322.153 -97.933
322.417 56.071
322.681 26.075
322.945 -48.921
323.209 3.082
323.473 -21.914
323.738 -9.910
324.002 -80.906
324.266 -41.903
324.530 -34.899
324.794 -38.895
325.059 50.108
325.323 52.112
325.587 -2.884
325.851 50.120
326.115 21.123
326.380 -5.873
326.644 -46.869
326.908 -7.866
327.172 17.138
327.436 -26.859
327.701 -2.855
327.965 -28.851
328.229 42.152
328.493 76.156
328.757 -61.841
329.022 -38.837
329.286 -2.834
329.550 -1.830
329.814 -55.826
330.078 2.177
330.342 -8.819
330.607 61.184
330.871 33.188
331.135 -6.809
331.399 -49.805
331.663 -49.802
331.928 -35.799
332.192 50.205
332.456 7.208
332.720 -53.788
332.984 8.215
333.249 2.219
333.513 39.222
333.777 -29.775
334.041 -17.771
334.305 41.232
334.570 10.236
334.834 12.239
335.098 52.242
335.362 21.246
335.626 58.249
335.891 -12.748
336.155 -63.744
336.419 50.259
336.683 90.262
336.947 45.266
337.211 -33.731
337.476 22.272
337.740 -14.725
338.004 13.279
338.268 -29.718
338.532 -56.715
338.797 44.288
339.061 -66.708
339.325 -27.705
339.589 -5.702
339.853 -54.699
340.118 16.305
340.382 48.308
340.646 24.311
340.910 9.314
341.174 -30.683
341.439 12.320
341.703 -48.676
341.967 -68.673
342.231 10.330
342.495 18.333
342.759 0.336
343.024 69.339
343.288 56.342
343.552 -18.655
343.816 -35.652
344.080 -114.648
344.345 -31.645
344.609 -73.642
344.873 -56.639
345.137 -41.636
345.401 -10.633
345.666 63.370
345.930 -13.627
346.194 84.376
346.458 -24.621
346.722 -55.618
346.987 -59.615
347.251 15.388
347.515 -25.609
347.779 -0.606
348.043 -30.603
348.308 44.400
348.572 32.403
348.836 17.406
349.100 -30.591
349.364 -43.588
349.628 52.415
349.893 32.417
350.157 92.420
350.421 30.423
350.685 12.426
350.949 -3.571
351.214 -3.568
351.478 -57.565
351.742 -3.562
352.006 -70.559
352.270 59.443
352.535 -34.554
352.799 -77.551
353.063 -2.548
353.327 95.455
353.591 45.458
353.856 10.460
354.120 30.463
354.384 -39.534
354.648 29.469
354.912 20.472
355.177 49.474
355.441 22.477
355.705 -29.520
355.969 -7.517
356.233 -48.515
356.497 -25.512
356.762 -55.509
357.026 47.494
357.290 0.496
357.554 -9.501
357.818 -16.498
358.083 4.504
358.347 -33.493
358.611 -63.490
358.875 -61.488
359.139 -36.485
359.404 -35.482
359.668 -52.480
359.932 -37.477
360.196 -2.474
360.460 24.528
360.725 -98.469
360.989 -36.466
361.253 -58.464
361.517 -14.461
361.781 27.541
362.046 -15.456
362.310 -20.453
362.574 15.549
362.838 57.552
363.102 24.554
363.366 27.557
363.631 -75.440
363.895 -12.438
364.159 2.565
364.423 -75.433
364.687 10.570
364.952 -10.428
365.216 -8.425
365.480 58.577
365.747 -23.420
366.013 6.582
366.280 -0.415
366.546 -50.413
366.813 -29.410
367.079 -47.408
367.346 -7.405
367.612 21.597
367.879 37.600
368.145 -49.398
368.412 59.605
368.678 -66.393
368.945 12.610
369.211 60.612
369.478 -37.386
369.744 14.617
370.011 1.619
370.278 35.622
370.544 -35.376
370.811 -15.373
371.077 31.629
371.344 -12.369
371.610 -65.366
371.877 -11.364
372.143 -4.362
372.410 -88.359
372.676 18.643
372.943 10.646
373.209 -14.352
373.476 46.650
373.742 -39.347
374.009 -104.345
374.276 -0.343
374.542 -19.340
374.809 -2.338
375.075 32.664
375.342 9.667
375.608 65.669
375.875 2.671
376.141 -7.327
376.408 -28.324
376.674 -89.322
376.941 -69.320
377.207 -54.317
377.474 53.685
377.740 -53.313
378.007 16.689
378.273 -11.308
378.540 -20.306
378.807 -13.304
379.073 -70.302
379.340 78.700
379.606 29.703
379.873 -24.295
380.139 57.707
380.406 -35.291
380.672 51.712
380.939 -57.286
381.205 -1.284
381.472 -60.282
381.738 -79.280
382.005 -39.278
382.271 -32.275
382.538 18.727
382.804 72.729
383.071 17.731
383.338 -40.267
383.604 22.735
383.871 -24.262
384.137 2.740
384.404 -20.258
384.670 6.744
384.937 -19.254
385.203 116.748
385.470 58.750
385.736 -5.248
386.003 5.754
386.269 1.757
386.536 -62.241
386.802 -72.239
387.069 -30.237
387.336 -65.235
387.602 -34.233
387.869 94.769
388.135 16.771
388.402 48.773
388.668 -64.225
388.935 43.777
389.201 -82.221
389.468 8.781
389.734 -31.217
390.001 -9.215
390.267 -46.213
390.534 8.789
390.800 9.791
391.067 4.793
391.333 20.795
391.600 41.797
391.867 -79.201
392.133 -27.199
392.400 -115.197
392.666 -78.195
392.933 -61.193
393.199 55.809
393.466 2.811
393.732 18.813
393.999 4.815
394.265 -18.183
394.532 -56.181
394.798 6.821
395.065 2.823
395.331 -12.175
395.598 79.827
395.864 96.829
396.131 -11.169
396.398 34.833
396.664 39.834
396.931 -0.164
397.197 -63.162
397.464 41.840
397.730 33.842
397.997 52.844
398.263 36.846
398.530 54.848
398.796 -11.150
399.063 -16.148
399.329 -7.147
399.596 -103.145
399.862 -45.143
400.129 47.859
400.396 -19.139
400.662 30.863
400.929 -44.135
401.195 17.866
401.462 31.868
401.728 61.870
401.995 -18.128
402.261 70.874
402.528 50.875
402.794 39.877
403.061 135.879
403.327 98.881
403.594 166.883
403.860 132.885
404.127 145.886
404.393 160.888
404.660 163.890
404.931 154.892
405.202 142.893
405.473 217.895
405.745 214.897
406.016 249.899
406.287 257.901
406.558 265.902
406.829 157.904
407.100 169.906
407.371 251.908
407.642 257.909
407.914 233.911
408.185 265.913
408.456 297.914
408.727 365.916
408.998 254.918
409.269 296.920
409.540 239.921
409.811 221.923
410.083 178.925
410.354 328.926
410.625 282.928
410.896 270.930
411.167 306.932
411.438 301.933
411.709 283.935
411.981 258.937
412.252 211.938
412.523 181.940
412.794 156.942
413.065 233.943
413.336 140.945
413.607 200.947
413.878 172.948
414.150 188.950
414.421 192.952
414.692 67.953
414.963 118.955
415.234 123.957
415.505 79.958
415.776 107.960
416.047 77.961
416.319 115.963
416.590 157.965
416.861 2.966
417.132 -39.032
417.403 -1.031
417.674 26.971
417.945 50.973
418.217 71.974
418.488 98.976
418.759 56.977
419.030 114.979
419.301 -28.019
419.572 -38.018
419.843 -11.016
420.114 -60.015
420.386 -148.013
420.657 -13.011
420.928 -20.010
421.199 30.992
421.470 -1.007
421.741 19.995
422.012 -60.004
422.283 37.998
422.555 55.999
422.826 17.001
423.097 -24.998
423.368 38.004
423.639 46.006
423.910 80.007
424.181 52.009
424.453 -7.990
424.724 -28.988
424.995 -37.987
425.266 18.015
425.537 23.016
425.808 -43.982
426.079 -18.981
426.350 114.021
426.622 -14.978
426.893 -49.976
427.164 -81.975
427.435 -63.973
427.706 2.028
427.977 -120.970
428.248 18.031
428.519 -70.968
428.791 -37.966
429.062 49.035
429.333 -39.963
429.604 -30.962
429.875 5.040
430.146 -51.959
430.417 -27.957
430.689 -40.956
430.960 -27.954
431.231 -32.953
431.502 -14.952
431.773 35.050
432.044 -6.949
432.315 -2.947
432.586 -40.946
432.858 -112.944
433.129 -47.943
433.400 -35.942
433.671 17.060
433.942 -17.939
434.213 -31.937
434.484 18.064
434.755 11.065
435.027 -67.933
435.298 -42.932
435.569 -13.930
435.840 -37.929
436.116 13.072
436.391 20.074
436.667 31.075
436.942 16.077
437.218 -12.922
437.493 -4.921
437.769 26.081
438.045 -68.918
438.320 -94.917
438.596 19.085
438.871 -14.914
439.147 -20.913
439.422 9.089
439.698 58.090
439.974 7.091
440.249 -25.907
440.525 -61.906
440.800 37.096
441.076 -39.903
441.351 -16.902
441.627 17.100
441.903 60.101
442.178 23.102
442.454 10.103
442.729 5.105
443.005 -25.894
443.281 -56.893
443.556 -26.891
443.832 30.110
444.107 1.111
444.383 -21.887
444.658 54.114
444.934 47.115
445.210 -44.883
445.485 48.118
445.761 -17.881
446.036 -91.880
446.312 14.122
446.587 39.123
446.863 -18.876
447.139 31.125
447.414 -60.873
447.690 1.128
447.965 20.129
448.241 -63.869
448.516 -61.868
448.792 -16.867
449.068 93.134
449.343 93.136
449.619 -30.863
449.894 88.138
450.170 23.139
450.445 22.141
450.721 10.142
450.997 -13.857
451.272 30.144
451.548 -48.854
451.823 15.147
452.099 -2.852
452.375 50.149
452.650 -4.850
452.926 31.152
453.201 -5.847
453.477 -61.846
453.752 30.155
454.028 -13.844
454.304 15.158
454.579 77.159
454.855 36.160
455.130 81.161
455.406 51.162
455.681 70.164
455.957 14.165
456.233 34.166
456.508 -9.833
456.784 -15.832
457.059 91.170
457.335 70.171
457.610 32.172
457.886 28.173
458.162 27.174
458.437 60.176
458.713 14.177
458.988 -11.822
459.264 8.179
459.539 40.180
459.815 -49.819
460.091 84.182
460.366 -48.816
460.642 35.185
460.917 -29.814
461.193 28.187
461.468 34.188
461.744 5.189
462.020 -15.809
462.295 -28.808
462.571 37.193
462.846 -44.806
463.122 2.195
463.397 -58.804
463.673 -0.802
463.949 7.191
464.224 -42.758
464.500 6.194
464.775 -12.798
465.051 -39.718
465.327 1.203
465.602 32.141
465.878 3.203
466.153 34.139
466.429 7.201
466.704 9.191
466.980 45.211
467.256 -8.788
467.531 17.230
467.807 43.301
468.082 0.215
468.358 -39.824
468.633 -13.838
468.909 -14.841
469.185 23.336
469.460 -17.887
469.736 -25.960
470.011 12.309
470.287 10.285
470.562 -1.790
470.838 59.764
471.114 47.704
471.389 20.432
471.665 15.398
471.940 -73.654
472.216 -10.900
472.491 -20.028
472.767 63.117
473.043 -18.018
473.318 -7.875
473.594 41.907
473.869 -14.001
474.145 0.243
474.421 -11.964
474.696 33.815
474.972 -7.901
475.247 60.390
475.523 15.523
475.798 -29.312
476.074 9.415
476.350 12.471
476.625 -52.755
476.901 52.241
477.176 69.501
477.452 -31.281
477.727 -28.228
478.003 34.810
478.279 8.388
478.554 -28.196
478.830 84.696
479.105 -22.074
479.381 55.028
479.656 -4.808
479.932 -8.855
480.208 19.495
480.483 5.320
480.759 -31.079
481.034 42.691
481.310 72.995
481.585 61.760
481.861 14.382
482.137 30.481
482.412 29.446
482.688 -26.837
482.963 -59.909
483.239 -46.822
483.514 -11.751
483.790 13.274
484.066 3.271
484.341 5.265
484.617 7.255
484.892 25.152
485.168 27.143
485.443 -82.227
485.719 19.166
485.995 -18.570
486.270 -44.319
486.546 49.736
486.821 53.694
487.097 -28.346
487.373 112.708
487.648 10.125
487.924 -107.878
488.199 -17.398
488.475 96.552
488.750 38.521
489.026 59.168
489.302 48.374
489.577 6.170
489.853 48.281
490.128 9.105
490.404 -43.741
490.679 4.205
490.955 2.247
491.231 10.068
491.506 11.057
491.782 83.547
492.057 -42.757
492.333 -35.907
492.608 -4.595
492.884 -15.357
493.160 72.706
493.435 -0.680
493.711 76.772
493.986 -28.101
494.262 -10.481
494.537 -1.656
494.813 8.156
495.089 -33.092
495.364 66.123
495.640 -70.418
495.915 -27.196
496.191 27.870
496.467 -58.801
496.742 79.131
497.018 20.058
497.293 39.802
497.569 -35.257
497.844 -9.583
498.120 -40.275
498.396 17.185
498.671 -1.665
498.947 37.065
499.222 -31.486
499.498 12.265
499.773 22.216
500.049 66.130
500.325 42.245
500.600 7.330
500.876 -57.727
501.151 -24.743
501.427 53.547
501.702 41.541
501.978 -4.689
502.254 -3.691
502.529 2.350
502.805 20.480
503.080 36.631
503.356 19.514
503.631 46.807
503.907 48.927
504.183 65.122
504.458 1.358
504.734 93.370
505.009 82.248
505.285 66.138
505.560 119.662
505.836 -26.978
506.112 -96.815
506.387 -61.389
506.663 -17.848
506.938 46.865
507.214 68.099
507.490 6.415
507.765 -0.654
508.041 9.438
508.316 60.902
508.592 -2.664
508.867 44.623
509.143 25.483
509.419 27.494
509.694 50.509
509.970 -19.701
510.245 17.377
510.521 4.360
510.796 22.339
511.072 -1.637
511.348 17.311
511.623 -56.467
511.899 52.052
512.174 82.785
512.450 40.045
512.725 11.276
513.001 -34.324
513.277 37.988
513.552 22.104
513.828 0.365
514.103 27.951
514.379 18.118
514.654 26.941
514.930 28.854
515.206 35.695
515.481 74.950
515.757 -48.604
516.032 -33.879
516.308 41.384
516.583 54.027
516.859 33.475
517.135 95.793
517.410 41.186
517.686 101.439
517.961 56.736
518.237 50.807
518.513 19.732
518.788 37.122
519.064 50.564
519.339 104.720
519.615 145.160
519.890 60.161
520.166 149.699
520.442 78.333
520.717 104.321
520.993 44.692
521.268 115.872
521.544 107.210
521.819 96.438
522.095 70.435
522.371 117.348
522.646 80.915
522.922 156.509
523.197 176.624
523.473 161.145
523.748 100.859
524.024 44.400
524.300 117.128
524.575 25.263
524.851 107.560
525.126 159.083
525.402 151.581
525.677 102.778
525.953 111.284
526.229 178.207
526.504 155.411
526.780 95.034
527.055 89.384
527.331 151.586
527.606 227.402
527.882 163.070
528.158 118.208
528.433 117.476
528.709 85.807
528.984 91.566
529.260 122.512
529.535 158.898
529.811 93.577
530.087 17.723
530.362 95.775
530.638 103.384
530.913 121.906
531.189 90.171
531.465 67.971
531.740 95.090
532.016 99.051
532.291 -22.805
532.567 81.803
532.842 86.648
533.118 -11.230
533.394 107.206
533.669 78.233
533.945 68.506
534.220 129.791
534.496 45.205
534.771 9.187
535.047 -21.047
535.323 19.949
535.598 37.491
535.874 15.067
536.149 38.543
536.425 138.386
536.700 107.075
536.976 98.462
537.252 90.709
537.527 136.968
537.803 211.624
538.078 150.870
538.354 205.934
538.629 282.909
538.905 162.831
539.181 316.999
539.456 294.317
539.732 220.571
540.007 291.648
540.283 339.367
540.558 334.097
540.834 409.932
541.110 346.972
541.385 362.814
541.661 300.439
541.936 303.710
542.212 345.336
542.488 411.739
542.763 360.204
543.039 340.721
543.314 403.221
543.590 317.227
543.865 308.290
544.141 339.075
544.417 234.806
544.692 266.584
544.968 255.661
545.243 242.000
545.519 324.183
545.794 264.864
546.070 192.300
546.348 290.004
546.627 331.466
546.905 244.234
547.183 185.160
547.461 248.716
547.740 258.647
548.018 245.982
548.296 282.481
548.575 332.134
548.853 307.309
549.131 311.282
549.409 357.600
549.688 344.704
549.966 338.752
550.244 304.031
550.523 379.052
550.801 333.133
551.079 295.218
551.357 310.055
551.636 344.334
551.914 263.774
552.192 322.946
552.471 306.484
552.749 354.156
553.027 368.572
553.306 276.765
553.584 253.167
553.862 440.541
554.140 388.479
554.419 361.873
554.697 249.239
554.975 371.305
555.254 409.066
555.532 252.417
555.810 334.122
556.088 273.102
556.367 285.761
556.645 276.729
556.923 291.321
557.202 235.645
557.480 350.951
557.758 305.024
558.036 234.219
558.315 228.926
558.593 238.607
558.871 175.684
559.150 202.399
559.428 251.432
559.706 184.042
559.984 99.888
560.263 144.151
560.541 136.175
560.819 107.405
561.098 121.622
561.376 63.930
561.654 74.508
561.932 80.355
562.211 36.013
562.489 102.296
562.767 -24.481
563.046 128.233
563.324 82.046
563.602 -20.661
563.880 0.473
564.159 0.473
564.437 2.391
564.715 47.499
564.994 2.394
565.272 50.380
565.550 66.631
565.828 50.381
566.107 -31.163
566.385 -21.616
566.663 -48.466
566.942 46.589
567.220 -11.048
567.498 -30.288
567.776 6.251
568.055 53.367
568.333 97.598
568.611 28.422
568.890 24.569
569.168 -55.499
569.446 5.318
569.725 80.681
570.003 111.599
570.281 22.733
570.559 73.023
570.838 7.267
571.116 -1.446
571.394 47.973
571.673 58.689
571.951 -13.098
572.229 -71.350
572.507 25.763
572.786 17.034
573.064 4.393
573.342 -57.924
573.621 -8.281
573.899 -27.792
574.177 -3.405
574.455 -11.228
574.734 116.942
575.012 72.911
575.290 -8.310
575.569 2.467
575.847 -20.101
576.125 31.911
576.403 -78.077
576.682 -19.156
576.960 34.994
577.243 42.834
577.527 7.409
577.810 18.247
578.093 49.823
578.377 -29.129
578.660 33.124
578.944 -64.701
579.227 -87.601
579.510 41.153
579.794 -0.472
580.077 -15.337
580.360 28.299
580.644 52.161
580.927 -14.387
581.210 -21.345
581.494 -83.140
581.777 71.172
582.061 -29.354
582.344 17.476
582.627 2.522
582.911 10.498
583.194 46.437
583.477 16.498
583.761 35.460
584.044 -76.315
584.327 -56.411
584.611 -10.457
584.894 38.495
585.178 -57.409
585.461 -4.461
585.744 31.503
586.028 -20.464
586.311 -0.464
586.594 15.537
586.878 43.537
587.161 25.538
587.444 -28.462
587.728 -18.461
588.011 -11.461
588.295 -43.460
588.578 -52.408
588.861 78.462
589.145 15.541
589.428 15.557
589.711 -56.458
589.995 -70.387
590.278 -78.379
590.562 -14.456
590.845 38.506
591.128 27.490
591.412 -18.418
591.695 42.503
591.978 -45.363
592.262 -32.421
592.545 -36.344
592.828 -56.340
593.112 69.340
593.395 50.397
593.679 30.427
593.962 1.543
594.245 -5.423
594.529 47.314
594.812 -50.148
595.095 24.429
595.379 23.388
595.662 83.054
595.945 -0.444
596.229 -52.030
596.512 -54.897
596.796 9.469
597.079 -3.411
597.362 -53.906
597.646 22.310
597.929 -78.579
598.212 70.708
598.496 -8.343
598.779 2.525
599.062 -11.295
599.346 39.051
599.629 81.419
599.913 -7.331
600.196 -49.695
600.479 -27.007
600.763 -73.339
601.046 -51.562
601.329 18.270
601.613 -90.893
601.896 -5.346
602.179 21.182
602.463 76.192
602.746 15.289
603.030 50.653
603.313 27.051
603.596 6.443
603.880 -19.053
604.163 -67.092
604.446 -4.342
604.730 13.288
605.013 64.156
605.296 39.734
605.580 -30.785
605.863 -22.949
606.147 0.558
606.430 56.386
606.713 -31.731
606.997 -22.947
607.280 -77.719
607.563 13.280
607.847 -84.484
608.130 -43.513
608.414 -20.965
608.697 -36.621
608.980 -14.129
609.264 -2.378
609.547 70.103
609.830 26.029
610.114 32.885
610.397 15.256
610.680 -10.199
610.964 -34.728
611.247 -90.610
611.531 -60.277
611.814 -23.966
612.097 3.512
612.381 69.196
612.664 24.122
612.947 34.917
613.231 30.011
613.514 24.147
613.797 -18.093
614.081 -14.163
614.364 -31.844
614.648 47.724
614.931 -8.268
615.214 19.238
615.498 -14.175
615.781 129.513
616.064 55.694
616.348 9.435
616.631 -8.290
616.914 -5.328
617.198 -38.831
617.481 30.135
617.765 -31.965
618.048 -15.214
618.331 -13.239
618.615 -96.256
618.898 -4.358
619.181 20.346
619.465 -41.948
619.748 -12.274
620.031 -15.256
620.315 -23.200
620.598 22.413
620.882 7.540
621.165 -10.345
621.448 -46.130
621.732 -4.384
622.015 32.432
622.298 34.491
622.582 -5.394
622.865 44.551
623.148 23.572
623.432 -25.429
623.715 -55.459
623.999 -4.416
624.282 -22.493
624.565 17.704
624.849 5.632
625.132 15.724
625.415 1.612
625.699 26.841
625.982 -47.831
626.265 -7.482
626.549 49.092
626.832 -48.888
627.116 2.628
627.399 -28.685
627.682 -43.748
627.966 13.699
628.249 60.969
628.532 74.978
628.816 -25.473
629.099 41.688
629.383 45.650
629.666 -38.357
629.949 60.364
630.233 5.572
630.516 -34.087
630.799 5.546
631.083 -45.752
631.366 55.716
631.649 2.557
631.933 -54.252
632.216 3.521
632.500 -14.986
632.783 52.048
633.066 33.537
633.350 40.203
633.633 -26.438
633.916 13.088
634.200 45.649
634.483 143.306
634.766 31.148
635.050 -61.321
635.333 -4.174
635.617 17.677
635.900 -3.210
636.183 -84.566
636.467 26.101
636.750 29.825
637.033 19.448
637.317 -13.532
637.600 14.677
637.883 16.541
638.167 8.083
638.450 61.439
638.734 25.859
639.017 48.331
639.300 35.223
639.584 -33.097
639.867 95.995
640.150 40.804
640.434 80.093
640.717 144.505
641.000 90.300
641.284 44.506
641.567 109.094
641.851 -20.895
642.134 -5.966
642.417 138.900
642.701 114.708
642.984 73.480
643.267 103.580
643.551 40.846
643.834 105.552
644.117 83.918
644.401 165.534
644.684 235.825
644.968 148.006
645.251 193.833
645.534 287.642
645.818 243.553
646.101 263.500
646.384 280.402
646.668 312.327
646.951 446.600
647.235 504.350
647.518 468.636
647.801 540.065
648.085 554.582
648.368 608.675
648.651 712.999
648.935 665.378
649.218 833.928
649.501 853.564
649.785 894.192
650.068 1015.691
650.352 993.043
650.635 1020.447
650.918 1122.643
651.202 1171.379
651.485 1330.137
651.768 1357.067
652.052 1357.135
652.335 1460.015
652.618 1449.939
652.902 1485.255
653.185 1540.035
653.469 1598.105
653.752 1569.833
654.035 1674.405
654.319 1649.453
654.602 1652.967
654.885 1605.321
655.169 1744.243
655.452 1776.220
655.735 1825.731
656.019 1665.649
656.302 1701.135
656.586 1834.138
656.869 1715.641
657.152 1783.208
657.436 1768.484
657.719 1842.698
658.002 1927.994
658.286 2017.821
658.569 2007.744
658.852 1947.967
659.136 1971.212
659.419 1990.502
659.703 2054.461
659.986 1998.624
660.269 2104.420
660.553 2254.721
660.836 2265.900
661.119 2264.884
661.403 2198.214
661.686 2156.304
661.969 2071.869
662.253 2208.991
662.536 2157.162
662.820 2131.489
663.103 2134.532
663.386 2209.583
663.670 2181.186
663.953 2128.188
664.236 2072.594
664.520 1974.316
664.803 1947.974
665.086 1833.655
665.370 1822.342
665.653 1756.486
665.937 1725.813
666.220 1571.655
666.503 1508.775
666.787 1500.662
667.070 1407.168
667.353 1404.119
667.637 1206.546
667.920 1252.185
668.204 1153.260
668.487 1065.773
668.770 1022.052
669.054 910.036
669.337 820.240
669.620 874.267
669.904 778.673
670.187 762.137
670.470 723.120
670.754 672.099
671.037 614.170
671.321 549.191
671.604 492.493
671.887 492.998
672.171 440.797
672.454 331.963
672.737 335.717
673.021 337.087
673.304 222.444
673.587 271.726
673.871 281.544
674.154 341.541
674.438 324.421
674.721 207.258
675.004 163.233
675.288 112.822
675.571 235.492
675.854 38.788
676.138 114.086
676.421 143.100
676.704 189.736
676.988 104.917
677.271 165.976
677.555 61.701
677.838 158.909
678.121 66.804
678.405 113.526
678.688 102.139
678.971 87.829
679.255 51.522
679.538 38.037
679.821 91.979
680.105 128.419
680.388 98.306
680.672 7.972
680.955 2.774
681.238 61.050
681.522 53.711
681.805 34.067
682.088 27.781
682.372 93.504
682.655 83.164
682.938 34.103
683.222 50.805
683.505 -7.658
683.789 -19.152
684.072 34.140
684.355 -26.438
684.639 -37.920
684.922 66.465
685.205 18.448
685.489 36.194
685.772 -35.868
686.056 55.099
686.339 24.764
686.622 24.713
686.906 -18.084
687.189 -8.689
687.472 -8.689
687.756 85.168
688.039 156.239
688.322 51.855
688.606 -0.337
688.889 34.110
689.173 -21.213
689.456 -13.906
689.739 109.268
690.023 39.289
690.306 9.050
690.589 21.541
690.873 -37.795
691.156 38.168
691.439 49.615
691.723 -35.712
692.006 -24.291
692.290 9.024
692.573 69.243
692.856 43.193
693.140 115.732
693.423 72.135
693.706 -59.396
693.990 -2.396
694.273 -64.377
694.556 53.337
694.840 2.775
695.123 145.335
695.407 4.834
695.690 2.765
695.973 13.077
696.257 26.452
696.540 72.721
696.830 47.981
697.120 100.397
697.410 34.585
697.699 -29.040
697.989 52.958
698.279 -72.116
698.569 10.950
698.859 41.688
699.149 87.615
699.439 6.832
699.729 6.825
700.018 21.111
700.308 -62.498
700.598 -10.510
700.888 33.221
701.178 38.264
701.468 63.580
701.758 104.043
702.048 63.324
702.337 -18.513
702.627 -31.593
702.917 -0.311
703.207 -28.508
703.497 0.696
703.787 38.887
704.077 23.836
704.366 51.901
704.656 -42.434
704.946 -20.307
705.236 -20.286
705.526 36.621
705.816 -60.185
706.106 5.678
706.396 60.453
706.685 92.051
706.975 73.183
707.265 97.815
707.555 45.378
707.845 -57.784
708.135 -8.229
708.425 -83.304
708.715 -29.973
709.004 -50.694
709.294 29.345
709.584 24.357
709.874 41.122
710.164 -7.201
710.454 -36.859
710.744 -96.052
711.034 -18.048
711.323 -7.186
711.613 -13.091
711.903 -82.891
712.193 8.555
712.483 -17.994
712.773 14.455
713.063 -42.492
713.352 81.980
713.642 -4.202
713.932 5.563
714.222 58.133
714.512 11.384
714.802 64.634
715.092 24.906
715.382 33.562
715.671 -0.286
715.961 -89.881
716.251 -28.224
716.541 -62.845
716.831 30.485
717.121 37.109
717.411 -11.766
717.701 -5.067
717.990 10.245
718.280 -17.473
718.570 48.430
718.860 -5.051
719.150 -20.338
719.440 -18.410
719.730 -26.068
720.019 89.415
720.309 -6.010
720.599 19.778
720.889 28.429
721.179 -18.461
721.469 67.729
721.759 45.742
722.049 54.371
722.338 20.814
722.628 30.461
722.918 68.819
723.208 19.914
723.498 -5.086
723.788 -65.726
724.078 10.309
724.368 33.473
724.657 -80.239
724.947 -87.067
725.237 9.374
725.527 38.332
725.817 26.724
726.107 61.618
726.397 40.341
726.686 72.256
726.976 39.375
727.266 -5.113
727.556 1.658
727.846 35.541
728.136 -47.665
728.426 22.979
728.716 53.987
729.005 -24.501
729.295 55.926
729.585 -58.528
729.875 -17.717
730.165 -25.494
730.455 23.973
730.745 2.638
731.035 -49.789
731.324 8.480
731.614 5.551
731.904 90.105
732.194 -31.372
732.484 -4.165
732.774 -60.585
733.064 -5.138
733.354 -52.803
733.643 -41.250
733.933 -27.564
734.223 20.195
734.513 -2.222
734.803 3.629
735.093 -19.785
735.383 -64.726
735.672 49.532
735.962 -50.175
736.252 -20.800
736.542 60.452
736.832 -13.985
737.122 39.923
737.412 77.179
737.702 10.523
737.991 13.467
738.281 21.360
738.571 7.587
738.861 -15.036
739.151 14.492
739.441 -24.854
739.731 44.960
740.021 -25.887
740.310 71.720
740.600 17.497
740.890 -48.547
741.180 -67.399
741.470 21.447
741.760 45.139
742.050 26.383
742.339 -10.162
742.629 23.468
742.919 -5.216
743.209 -3.234
743.499 -27.965
743.789 -53.735
744.079 -73.537
744.369 -1.258
744.658 -33.966
744.948 -4.229
745.238 3.695
745.528 30.455
745.818 -33.007
746.108 -40.943
746.398 -26.088
746.688 -9.206
746.977 31.509
747.267 24.558
747.557 -41.023
747.847 47.446
748.137 64.409
748.427 13.663
748.717 -26.164
749.006 -36.088
749.296 38.577
749.586 -49.023
749.876 82.403
750.166 47.542
750.456 27.650
750.746 -7.253
751.036 -73.121
751.325 -72.122
751.615 -86.180
751.905 -54.212
752.195 -6.266
752.485 36.734
752.775 35.770
753.065 -18.284
753.355 32.768
753.644 -35.300
753.934 13.790
754.224 39.855
754.514 35.879
754.804 23.807
755.094 19.796
755.384 -37.376
755.674 42.865
755.963 -24.336
756.253 69.013
756.543 -13.303
756.833 -25.389
757.123 -43.436
757.413 -96.746
757.703 12.802
757.992 18.833
758.282 37.890
758.572 47.979
758.862 -42.473
759.152 7.778
759.442 18.815
759.732 -2.272
760.022 52.000
760.311 -80.744
760.601 -72.696
760.891 -13.339
761.181 -28.401
761.471 53.059
761.761 60.162
762.051 35.993
762.341 27.909
762.630 20.888
762.920 -56.654
763.210 61.232
763.500 -15.365
763.793 48.079
764.086 96.418
764.379 22.880
764.671 -9.313
764.964 -2.270
765.257 -5.288
765.550 33.008
765.843 -36.548
766.136 -15.379
766.429 60.226
766.722 6.792
767.014 53.063
767.307 -22.412
767.600 89.371
767.893 29.986
768.186 -40.579
768.479 -27.474
768.772 37.043
769.064 -43.602
769.357 -50.608
769.650 -6.303
769.943 4.781
770.236 -47.586
770.529 -66.787
770.822 -8.319
771.115 -17.391
771.407 14.882
771.700 -60.799
771.993 16.918
772.286 2.774
772.579 39.061
772.872 21.925
773.165 -24.446
773.457 -11.341
773.750 11.857
774.043 -12.361
774.336 -18.434
774.629 3.781
774.922 -59.787
775.215 -2.270
775.508 -14.349
775.800 24.901
776.093 46.074
776.386 -14.334
776.679 -30.461
776.972 -39.525
777.265 -33.482
777.558 -0.249
777.850 -37.435
778.143 20.857
778.436 64.138
778.729 -20.348
779.022 109.300
779.315 35.933
779.608 -6.278
779.900 -2.257
780.193 -19.342
780.486 -100.648
780.779 69.965
781.072 73.903
781.365 17.808
781.658 21.843
781.951 2.767
782.243 -39.323
782.536 -23.338
782.829 -36.390
783.122 -29.361
783.415 -49.392
783.708 7.780
784.001 49.907
784.293 -33.343
784.586 8.775
784.879 54.867
785.172 -21.264
785.465 -83.409
785.758 -22.287
786.051 -82.407
786.344 -82.242
786.636 -17.259
786.929 84.844
787.222 25.836
787.515 59.819
787.808 -49.191
788.101 -5.235
788.394 59.700
788.686 41.718
788.979 82.760
789.272 65.695
789.565 55.649
789.858 52.655
790.151 -52.187
790.444 -6.233
790.737 -88.239
791.029 -11.216
791.322 66.628
791.615 14.718
791.908 -2.236
792.201 46.669
792.494 40.640
792.787 37.612
793.079 -29.150
793.372 -67.965
793.665 -49.090
793.958 -47.095
794.251 -58.062
794.544 -38.084
794.837 -0.235
795.130 16.714
795.422 25.687
795.715 51.610
796.008 0.763
796.301 15.702
796.594 51.559
796.887 -37.086
797.180 -4.222
797.472 14.721
797.765 -27.153
798.058 0.763
798.351 28.680
798.644 45.629
798.937 -75.008
799.230 -68.957
799.523 -56.065
799.815 37.654
800.108 24.693
800.401 -40.112
800.694 0.766
800.987 8.742
801.280 41.726
801.573 30.737
801.865 17.751
802.158 -48.135
802.451 31.705
802.744 -46.139
803.037 -4.222
803.330 -7.224
803.623 64.640
803.915 -54.122
804.208 -42.188
804.501 -63.293
804.794 2.773
805.087 51.770
805.380 -28.286
805.673 18.789
805.966 -8.237
806.258 9.791
806.551 -36.374
806.844 -38.382
807.137 -3.245
807.430 -19.305
807.723 -18.301
808.016 -67.498
808.308 14.861
808.601 17.844
808.894 0.777
809.187 16.891
809.480 -26.385
809.773 -77.615
810.066 -23.367
810.359 -1.235
810.651 -4.265
810.944 -4.260
811.237 -25.455
811.530 23.990
811.825 -25.480
812.119 11.882
812.414 -14.354
812.709 -82.045
813.003 -7.313
813.298 -59.883
813.593 -77.228
813.887 -59.944
814.182 0.787
814.476 -17.486
814.771 -20.532
815.066 39.447
815.360 -40.878
815.655 -21.568
815.950 15.032
816.244 -18.538
816.539 -82.796
816.834 -4.304
817.128 -3.288
817.423 -32.846
817.718 79.528
818.012 -25.869
818.307 -22.768
818.602 -1.252
818.896 37.760
819.191 -58.809
819.486 -20.825
819.780 75.983
820.075 -15.708
820.369 -30.218
820.664 10.124
820.959 -41.636
821.253 -3.337
821.548 -66.549
821.843 -4.382
822.137 49.668
822.432 49.771
822.727 20.626
823.021 -15.886
823.316 30.074
823.611 -4.418
823.905 -76.830
824.200 18.717
824.495 6.099
824.789 -17.108
825.084 -5.498
825.379 36.690
825.673 17.722
825.968 4.003
826.262 -38.366
826.557 5.083
826.852 56.033
827.146 -64.986
827.441 -95.670
827.736 -38.446
828.030 70.971
828.325 64.526
828.620 12.510
828.914 31.652
829.209 -60.610
829.504 -55.372
829.798 -56.312
830.093 -15.027
830.388 15.629
830.682 37.788
830.977 -49.700
831.271 -61.150
831.566 -32.651
831.861 69.714
832.155 -40.763
832.450 -53.016
832.745 -29.086
833.039 -60.857
833.334 5.917
833.629 -33.753
833.923 -18.397
834.218 -4.234
834.513 -0.213
834.807 47.645
835.102 -14.086
835.397 -34.760
835.691 9.624
835.986 -66.023
836.281 -9.022
836.575 35.018
836.870 25.184
837.164 52.579
837.459 -38.292
837.754 -11.925
838.048 8.600
838.343 4.691
838.638 15.495
838.932 -33.705
839.227 -7.118
839.522 57.275
839.816 -0.209
840.111 34.790
840.406 50.995
840.700 -24.429
840.995 -57.007
841.290 13.065
841.584 -36.075
841.879 -40.463
842.174 52.743
842.468 91.736
842.763 37.557
843.057 43.166
843.352 15.720
843.647 -18.384
843.941 -19.578
844.236 11.680
844.531 30.209
844.825 13.981
845.120 -74.870
845.415 60.411
845.709 41.807
846.004 36.478
846.299 -22.552
846.593 -42.784
846.888 8.767
847.183 -6.997
847.477 41.528
847.772 56.520
848.066 77.039
848.361 -13.901
848.656 -16.197
848.950 -82.520
849.245 -62.019
849.540 10.063
849.834 10.075
850.129 -33.491
850.424 -31.233
850.718 96.317
851.013 -32.418
851.308 -16.307
851.602 -59.935
851.897 19.329
852.192 29.617
852.486 -44.906
852.781 -57.506
853.076 -42.615
853.370 -26.548
853.665 -37.989
853.959 -20.779
854.254 5.471
854.549 -44.649
854.843 48.745
855.138 -70.524
855.433 79.047
855.727 56.333
856.022 17.852
856.317 -13.771
856.611 -63.290
856.906 3.141
857.201 -11.436
857.495 10.961
857.790 22.122
858.085 -30.290
858.379 -84.573
858.674 -4.662
858.969 23.060
859.263 118.011
859.558 28.415
859.852 -37.582
860.147 14.036
860.442 -22.076
860.736 -14.378
861.031 9.556
861.326 -34.923
861.620 76.377
861.915 80.518
862.210 -28.110
862.504 -23.767
862.799 -36.458
863.094 59.364
863.388 -58.596
863.683 31.604
863.978 -30.799
864.272 36.634
864.567 -86.251
864.861 12.359
865.156 -50.257
865.451 -37.666
865.745 25.703
866.040 -20.843
866.335 -17.710
866.629 -0.202
866.924 26.466
867.219 40.741
867.513 23.293
867.808 -62.254
868.103 39.316
868.397 -3.234
868.692 -41.611
868.987 4.849
869.281 -24.316
869.576 -101.398
869.871 45.851
870.165 -37.083
870.460 49.607
870.754 -27.032
871.049 58.339
871.344 -96.232
871.638 -10.063
871.933 -55.363
872.228 -6.096
872.522 -48.324
872.817 -27.586
873.112 52.649
873.406 10.543
873.701 20.300
873.996 -81.979
874.290 -73.144
874.585 -32.226
874.880 34.731
875.174 -58.213
875.469 1.747
875.764 27.807
876.058 62.496
876.353 -4.982
876.647 -51.096
876.942 -31.853
877.237 2.688
877.531 -66.022
877.826 -65.006
878.121 -8.736
878.415 -38.168
878.710 59.479
879.005 35.737
879.299 -3.007
879.594 -32.164
879.889 -14.276
880.183 -15.187
880.478 -42.273
880.773 -42.194
881.067 21.259
881.362 53.777
881.656 85.089
881.951 5.381
882.246 27.526
882.540 -24.137
882.835 -65.431
883.130 26.457
883.424 27.300
883.719 55.587
884.014 -17.491
884.308 61.760
884.603 73.399
884.898 -6.511
885.192 22.414
885.487 -1.976
885.782 9.741
886.076 -1.068
886.371 17.786
886.666 -10.930
886.960 -4.648
887.255 -34.187
887.549 36.473
887.844 -4.635
888.139 -19.774
888.433 -22.407
888.728 15.821
889.023 10.492
889.317 79.623
889.612 77.781
889.907 -5.474
890.201 -20.518
890.496 -3.700
890.791 -35.499
891.085 -21.346
891.380 21.020
891.675 -47.866
891.969 73.159
892.264 -35.405
892.559 -31.908
892.853 0.720
893.148 -8.106
893.442 -36.285
893.737 39.521
894.032 -7.210
894.326 -36.285
894.621 -18.664
894.916 79.204
895.210 40.367
895.505 28.107
895.800 -67.359
896.094 -30.170
896.389 16.609
896.684 -27.546
896.978 -39.878
897.273 13.102
897.568 24.574
897.862 5.144
898.157 -22.265
898.451 -24.055
898.746 21.963
899.041 0.725
899.335 4.268
899.630 -40.941
899.925 37.041
900.219 45.898
900.514 44.205
900.809 64.786
901.103 30.923
901.398 -12.594
901.693 -33.998
901.987 -34.920
902.282 -40.232
902.577 24.817
902.871 59.555
903.166 -64.389
903.461 -58.196
903.755 -29.651
904.050 -11.809
904.344 -20.807
904.639 -14.510
904.934 -47.737
905.228 -35.233
905.523 -56.969
905.818 -28.089
906.112 81.821
906.407 -2.868
906.702 -27.286
906.996 -22.744
907.291 -8.328
907.586 -31.864
907.880 -61.923
908.175 -24.707
908.470 5.293
908.764 -17.418
909.059 -45.699
909.354 20.824
909.648 22.670
909.943 50.980
910.237 71.202
910.532 -45.991
910.827 -63.406
911.121 -30.437
911.416 23.735
911.711 9.029
912.005 -18.578
912.300 -20.457
912.599 -1.088
912.898 -31.615
913.196 -40.051
913.495 -28.920
913.794 9.131
914.093 -40.088
914.391 -6.674
914.690 14.762
914.989 16.644
915.288 -39.342
915.586 -47.827
915.885 -26.380
916.184 -26.430
916.483 -41.439
916.782 -26.479
917.080 15.814
917.379 -33.120
917.678 -26.554
917.977 -0.164
918.275 -8.679
918.574 -38.115
918.873 54.916
919.172 29.331
919.471 -12.522
919.769 9.368
920.068 51.411
920.367 -34.615
920.666 -4.008
920.964 -17.473
921.263 -1.129
921.562 -26.228
921.861 -66.962
922.159 -22.475
922.458 -2.106
922.757 -60.478
923.056 -17.746
923.355 42.927
923.653 51.742
923.952 49.979
924.251 54.950
924.550 -29.725
924.848 4.772
925.147 -19.991
925.446 -6.122
925.745 44.562
926.043 -137.620
926.342 -16.154
926.641 -39.170
926.940 -57.342
927.239 -61.539
927.537 -24.414
927.836 26.144
928.135 43.439
928.434 22.186
928.732 -3.234
929.031 -22.691
929.330 32.647
929.629 24.492
929.927 -18.712
930.226 -48.829
930.525 -80.217
930.824 -63.784
931.123 -2.268
931.421 -33.719
931.720 38.893
932.019 95.262
932.318 32.835
932.616 -60.137
932.915 26.759
933.214 -4.520
933.513 -33.989
933.812 -91.292
934.110 -78.725
934.409 26.569
934.708 -31.720
935.007 -70.404
935.305 28.446
935.604 24.197
935.903 -69.526
936.202 -129.498
936.500 -37.370
936.799 -35.439
937.098 86.108
937.397 91.156
937.696 114.980
937.994 -18.092
938.293 19.166
938.592 -27.667
938.891 -98.363
939.189 -73.948
939.488 -54.277
939.787 -150.705
940.086 9.467
940.384 40.160
940.683 92.595
940.982 91.835
941.281 16.836
941.580 31.238
941.878 -96.779
942.177 -59.572
942.476 23.051
942.775 10.009
943.073 39.407
943.372 -39.830
943.671 27.619
943.970 -10.488
944.268 11.474
944.567 71.399
944.866 56.779
945.165 12.900
945.464 -68.851
945.762 56.367
946.061 -30.582
946.360 50.126
946.659 9.796
946.957 32.578
947.256 -38.583
947.555 -34.176
947.854 -18.591
948.153 -14.273
948.451 100.332
948.750 139.859
949.049 -16.729
949.348 29.915
949.646 -31.555
949.945 43.083
950.244 42.967
950.543 -86.007
950.841 -96.215
951.140 -6.845
951.439 -27.807
951.738 87.144
952.037 -4.110
952.335 -2.788
952.634 37.069
952.933 31.764
953.232 -23.164
953.530 98.407
953.829 -17.767
954.128 43.605
954.427 33.342
954.725 -2.660
955.024 45.203
955.323 3.460
955.622 -37.815
955.921 55.363
956.219 -17.080
956.518 -24.085
956.817 -90.343
957.116 29.398
957.414 58.775
957.713 67.889
958.012 -35.273
958.311 -82.839
958.610 -37.350
958.908 7.891
959.207 -17.383
959.506 14.660
959.805 7.775
960.103 25.927
960.402 57.579
960.701 71.008
961.000 86.437
961.298 4.303
961.597 -94.241
961.896 -99.506
962.195 -6.834
962.494 7.570
962.792 25.130
963.091 29.595
963.390 53.674
963.689 -22.029
963.987 -7.787
964.286 70.482
964.585 42.267
964.884 -16.438
965.182 1.989
965.481 90.155
965.780 1.981
966.080 -9.845
966.380 34.204
966.680 -38.669
966.981 22.270
967.281 -28.950
967.581 -55.603
967.881 44.611
968.181 1.967
968.481 42.298
968.781 4.082
969.082 23.068
969.382 -29.730
969.682 -54.842
969.982 -31.708
970.282 -70.838
970.582 29.435
970.882 44.865
971.183 18.726
971.483 47.008
971.783 61.426
972.083 -19.952
972.383 -97.771
972.683 9.129
972.983 11.228
973.284 -11.498
973.584 -31.054
973.884 46.234
974.184 -73.053
974.484 16.337
974.784 -33.045
975.084 -95.346
975.385 -32.776
975.685 9.009
975.985 19.232
976.285 66.103
976.585 -37.756
976.885 43.500
977.185 53.653
977.486 29.228
977.786 34.363
978.086 -62.716
978.386 6.910
978.686 50.352
978.986 -9.152
979.286 -18.152
979.587 0.849
979.887 70.849
980.187 -14.151
980.487 121.849
980.787 63.849
981.087 -14.151
981.387 22.849
981.688 -4.151
981.988 10.849
982.288 4.849
982.588 11.850
982.888 -2.150
983.188 107.850
983.488 -31.150
983.789 2.850
984.089 -13.150
984.389 -41.150
984.689 7.850
984.989 0.850
985.289 -11.150
985.589 -27.149
985.890 48.851
986.190 67.851
986.490 38.851
986.790 51.851
987.090 47.851
987.390 -8.149
987.690 20.851
987.991 35.851
988.291 25.851
988.591 71.851
988.891 21.852
989.191 -40.148
989.491 -37.148
989.791 -3.148
990.092 -0.148
990.392 -33.148
990.692 -33.148
990.992 0.852
991.292 51.852
991.592 54.852
991.892 -6.148
992.193 12.853
992.493 21.853
992.793 13.853
993.093 -32.147
993.393 55.853
993.693 -22.147
993.993 22.853
994.294 63.853
994.594 53.853
994.894 5.853
995.194 -53.146
995.494 -83.146
995.794 -81.146
996.094 16.854
996.395 49.854
996.695 -7.146
996.995 -7.146
997.295 55.854
997.595 55.854
997.895 7.854
998.195 8.854
998.496 43.855
998.796 1.855
999.096 43.855
999.396 -14.145
999.696 44.855
999.996 -16.145
1000.296 33.855
1000.597 27.855
1000.897 -47.145
1001.197 -7.145
1001.497 -3.145
1001.797 -65.144
1002.097 -34.144
1002.397 47.856
1002.698 98.856
1002.998 -5.144
1003.298 26.856
1003.598 3.856
1003.898 -37.144
1004.198 -78.144
1004.498 -145.144
1004.799 -8.144
1005.099 -4.143
1005.399 6.857
1005.699 38.857
1005.999 8.857
1006.299 68.857
1006.599 62.857
1006.900 50.857
1007.200 21.857
1007.500 -8.143
1007.800 -4.143
1008.100 33.857
1008.400 24.857
1008.700 48.858
1009.001 21.858
1009.301 25.858
1009.601 18.858
1009.901 -17.142
1010.201 -75.142
1010.501 -14.142
1010.801 13.858
1011.102 27.858
1011.402 10.858
1011.702 -6.142
1012.002 -63.141
1012.302 -5.141
1012.602 -35.141
1012.902 37.859
1013.203 -38.141
1013.503 22.859
1013.803 65.859
1014.103 -70.141
1014.403 -13.141
1014.703 50.859
1015.003 -6.141
1015.304 2.859
1015.604 1.860
1015.904 -24.140
1016.204 -24.140
1016.504 -3.140
1016.804 45.860
1017.104 15.860
1017.405 -0.140
1017.705 4.860
1018.005 -16.140
1018.305 -29.140
1018.605 14.860
1018.905 -10.139
1019.205 -74.139
1019.506 -8.139
1019.806 39.861
1020.106 31.861
1020.406 -54.139
1020.706 -11.139
1021.006 -83.139
1021.306 -46.139
1021.607 60.861
1021.907 34.861
1022.207 -10.139
1022.507 30.862
1022.807 16.862
1023.107 -52.138
1023.407 -9.138
1023.708 24.862
1024.008 -28.138
1024.308 22.862
1024.608 2.862
1024.908 18.862
1025.208 86.862
1025.508 68.862
1025.809 -10.138
1026.109 35.863
1026.409 49.863
1026.709 43.863
1027.009 -15.137
1027.309 20.863
1027.609 -25.137
1027.910 -29.137
1028.210 -13.137
1028.510 22.863
1028.810 11.863
1029.110 -30.137
1029.410 -23.137
1029.710 -51.136
1030.011 10.864
1030.311 -30.136
1030.611 22.864
1030.911 -67.136
1031.211 5.864
1031.511 -0.136
1031.811 -17.136
1032.112 20.864
1032.412 5.864
1032.712 9.864
1033.012 -14.136
1033.312 -5.135
1033.612 36.865
1033.912 -3.135
1034.212 59.865
1034.513 26.865
1034.813 45.865
1035.113 -21.135
1035.413 -93.135
1035.713 11.865
1036.013 33.865
1036.313 54.865
1036.614 83.865
1036.914 -0.134
1037.214 -48.134
1037.514 0.866
1037.814 -63.134
1038.114 7.866
1038.414 -36.134
1038.715 -1.134
1039.015 4.866
1039.315 54.866
1039.615 96.866
1039.915 32.866
1040.215 58.866
1040.515 39.867
1040.816 -8.133
1041.116 22.867
1041.416 -43.133
1041.716 56.867
1042.016 111.867
1042.316 17.867
1042.616 23.867
1042.917 -12.133
1043.217 6.867
1043.517 -64.133
1043.817 -27.133
1044.117 19.867
1044.417 -44.132
1044.717 -50.132
1045.018 9.868
1045.318 40.868
1045.618 -17.132
1045.918 -42.132
1046.218 -8.132
1046.518 20.868
1046.818 32.868
1047.119 -46.132
1047.419 -93.132
1047.719 -22.132
1048.019 13.868
1048.319 -35.131
1048.619 52.869
1048.919 -63.131
1049.220 60.869
1049.520 31.869
1049.820 -59.131
1050.120 -38.131
1050.420 67.869
1050.720 -3.131
1051.020 49.869
1051.321 -26.131
1051.621 39.869
1051.921 -40.130
1052.221 17.870
1052.521 -28.130
1052.821 -53.130
1053.121 51.870
1053.422 -2.130
1053.722 67.870
1054.022 83.870
1054.322 22.870
1054.622 -56.130
1054.922 5.870
1055.222 -4.130
1055.523 32.870
1055.823 12.871
1056.123 -9.129
1056.423 24.871
1056.723 -27.129
1057.023 -55.129
1057.323 80.871
1057.624 -30.129
1057.924 -72.129
1058.224 8.871
1058.524 -34.129
1058.824 48.871
1059.124 84.871
1059.424 -40.129
1059.725 18.872
1060.025 -25.128
1060.325 -11.128
1060.625 17.872
1060.925 -88.128
1061.225 -33.128
1061.525 65.872
1061.826 118.872
1062.126 40.872
1062.426 -2.128
1062.726 -79.128
1063.026 5.872
1063.326 -22.128
1063.626 -13.128
1063.927 87.873
1064.227 -38.127
1064.527 -27.127
1064.827 32.873
1065.127 78.873
1065.427 13.873
1065.727 -55.127
1066.028 53.873
1066.328 5.873
1066.628 80.873
1066.928 -17.127
1067.228 -41.127
1067.528 45.873
1067.828 -0.126
1068.129 -4.126
1068.429 -9.126
1068.729 -3.126
1069.029 54.874
1069.329 54.874
1069.629 0.874
1069.929 -4.126
1070.230 -27.126
1070.530 54.874
1070.830 0.874
1071.130 54.874
1071.430 -24.126
1071.730 68.874
1072.030 -4.125
1072.331 -10.125
1072.631 8.875
1072.931 -9.125
1073.231 61.875
1073.531 16.875
1073.831 139.875
1074.131 -5.125
1074.432 -15.125
1074.732 -36.125
1075.032 -28.125
1075.332 93.875
1075.632 46.875
1075.932 -16.124
1076.232 71.876
1076.533 18.876
1076.833 20.876
1077.133 -50.124
1077.433 85.876
1077.733 25.876
1078.033 -37.124
1078.333 2.876
1078.634 21.876
1078.934 28.876
1079.234 -47.124
1079.534 -7.124
1079.834 -29.124
1080.134 -14.123
1080.434 16.877
1080.735 29.877
1081.035 -69.123
1081.335 -29.123
1081.635 -35.123
1081.935 5.877
1082.235 90.877
1082.535 99.877
1082.836 9.877
1083.136 -32.123
1083.436 24.877
1083.736 -10.123
1084.036 -26.123
1084.336 -34.122
1084.636 33.878
1084.937 3.878
1085.237 -7.122
1085.537 40.878
1085.837 -31.122
1086.137 -72.122
1086.437 -39.122
1086.737 -43.122
1087.038 -52.122
1087.338 -35.122
1087.638 -6.122
1087.938 -41.122
1088.238 -2.122
1088.538 37.878
1088.838 4.879
1089.139 -54.121
1089.439 -82.121
1089.739 -29.121
1090.039 -24.121
1090.339 31.879
1090.639 44.879
1090.939 -85.121
1091.240 -72.121
1091.540 -26.121
1091.840 21.879
1092.140 -20.121
1092.453 50.879
1092.766 8.879
1093.079 -3.120
1093.392 -57.120
1093.705 -49.120
1094.018 43.880
1094.330 -0.120
1094.643 -111.120
1094.956 -17.120
1095.269 -66.120
1095.582 28.880
1095.895 28.880
1096.208 -9.120
1096.521 48.880
1096.834 24.880
1097.147 44.880
1097.460 -16.120
1097.773 -28.119
1098.085 -5.119
1098.398 20.881
1098.711 52.881
1099.024 102.881
1099.337 66.881
1099.650 50.881
1099.963 15.881
1100.276 54.881
1100.589 -16.119
1100.902 -18.119
1101.215 46.881
1101.528 -31.119
1101.841 25.881
1102.153 6.882
1102.466 29.882
1102.779 53.882
1103.092 -19.118
1103.405 -18.118
1103.718 24.882
1104.031 40.882
1104.344 72.882
1104.657 -14.118
1104.970 39.882
1105.283 5.882
1105.596 93.882
1105.909 55.882
1106.221 34.882
1106.534 -12.118
1106.847 -9.117
1107.160 -116.117
1107.473 -30.117
1107.786 78.883
1108.099 8.883
1108.412 81.883
1108.725 53.883
1109.038 26.883
1109.351 32.883
1109.664 53.883
1109.977 60.883
1110.289 -28.117
1110.602 -9.117
1110.915 -40.117
1111.228 -79.117
1111.541 13.884
1111.854 67.884
1112.167 34.884
1112.480 -63.116
1112.793 -44.116
1113.106 -73.116
1113.419 39.884
1113.732 30.884
1114.044 9.884
1114.357 11.884
1114.670 2.884
1114.983 45.884
1115.296 19.884
1115.609 6.884
1115.922 27.884
1116.235 9.884
1116.548 -80.115
1116.861 -10.115
1117.174 2.885
1117.487 37.885
1117.800 41.885
1118.112 12.885
1118.425 -38.115
1118.738 -92.115
1119.051 23.885
1119.364 1.885
1119.677 22.885
1119.990 -3.115
1120.303 29.885
1120.616 74.885
1120.929 -9.115
1121.242 -27.114
1121.555 -4.114
1121.868 6.886
1122.180 11.886
1122.493 25.886
1122.806 65.886
1123.119 -17.114
1123.432 12.886
1123.745 71.886
1124.058 -14.114
1124.371 -76.114
1124.684 5.886
1124.997 -38.114
1125.310 -4.114
1125.623 -102.114
1125.935 -9.114
1126.248 37.887
1126.561 -17.113
1126.874 -17.113
1127.187 -33.113
1127.500 -14.113
1127.813 0.887
1128.126 74.887
1128.439 -21.113
1128.752 20.887
1129.065 30.887
1129.378 -0.113
1129.691 -0.113
1130.003 -11.113
1130.316 -57.113
1130.629 40.887
1130.942 47.887
1131.255 -10.112
1131.568 -28.112
1131.881 44.888
1132.194 33.888
1132.507 63.888
1132.820 71.888
1133.133 -81.112
1133.446 -99.112
1133.759 -41.112
1134.071 -61.112
1134.384 -43.112
1134.697 62.888
1135.010 31.888
1135.323 8.888
1135.636 -31.112
1135.949 -46.112
1136.262 -57.111
1136.575 18.889
1136.888 -3.111
1137.201 -49.111
1137.514 28.889
1137.826 -8.111
1138.139 -68.111
1138.452 37.889
1138.765 -45.111
1139.078 -39.111
1139.391 -19.111
1139.704 -24.111
1140.017 -79.111
1140.330 30.889
1140.643 -73.111
1140.956 55.889
1141.269 6.889
1141.582 74.890
1141.894 50.890
1142.207 -3.110
1142.520 -27.110
1142.833 15.890
1143.146 -15.110
1143.459 -34.110
1143.772 19.890
1144.085 -42.110
1144.398 -27.110
1144.711 -38.110
1145.024 22.890
1145.337 23.890
1145.650 -14.110
1145.962 28.890
1146.275 20.890
1146.588 -13.109
1146.901 18.891
1147.214 37.891
1147.527 75.891
1147.840 -9.109
1148.153 -52.109
1148.466 -52.109
1148.779 7.891
1149.092 45.891
1149.405 -60.109
1149.718 11.891
1150.030 -8.109
1150.343 -50.109
1150.656 -44.109
1150.969 -20.109
1151.282 -1.109
1151.595 57.891
1151.908 -32.108
1152.221 -88.108
1152.534 1.892
1152.847 16.892
1153.160 42.892
1153.473 -13.108
1153.785 74.892
1154.098 12.892
1154.411 -44.108
1154.724 -18.108
1155.037 -27.108
1155.350 39.892
1155.663 33.892
1155.976 -24.108
1156.289 20.892
1156.602 -13.108
1156.915 -27.108
1157.228 2.893
1157.541 -18.107
1157.853 31.893
1158.166 -57.107
1158.479 22.893
1158.792 27.893
1159.105 23.893
1159.418 75.893
1159.731 -24.107
1160.044 -47.107
1160.357 -109.107
1160.670 -31.107
1160.983 -50.107
1161.296 61.893
1161.609 19.893
1161.921 -29.107
1162.234 3.893
1162.547 -48.106
1162.860 -4.106
1163.173 -6.106
1163.486 -17.106
1163.799 -65.106
1164.112 -17.106
1164.425 19.894
1164.738 15.894
1165.051 -3.106
1165.364 34.894
1165.676 -30.106
1165.989 -27.106
1166.302 40.894
1166.615 29.894
1166.928 -8.106
1167.241 -41.106
1167.554 -30.106
1167.867 14.894
1168.180 9.895
1168.493 -10.105
1168.806 38.895
1169.119 -8.105
1169.432 -75.105
1169.744 -20.105
1170.057 11.895
1170.370 64.895
1170.683 26.895
1170.996 -44.105
1171.309 -24.105
1171.622 -21.105
1171.935 -59.105
1172.248 26.895
1172.561 -17.105
1172.874 -61.105
1173.187 39.895
1173.500 -21.105
1173.812 14.896
1174.125 -26.104
1174.438 -81.104
1174.751 -32.104
1175.064 64.896
1175.377 -39.104
1175.690 -6.104
1176.003 -50.104
1176.316 42.896
1176.629 46.896
1176.942 18.896
1177.255 29.896
1177.567 28.896
1177.880 59.896
1178.193 -57.104
1178.506 47.896
1178.819 3.896
1179.132 -51.104
1179.445 -27.103
1179.758 10.897
1180.071 -19.103
1180.384 -5.103
1180.697 -49.103
1181.010 -25.103
1181.323 70.897
1181.635 -41.103
1181.948 -3.103
1182.261 58.897
1182.574 -31.103
1182.887 9.897
1183.200 18.897
1183.513 -56.103
1183.826 -57.103
1184.139 -3.103
1184.452 30.897
1184.765 -11.103
1185.078 0.898
1185.391 28.898
1185.703 53.898
1186.016 -32.102
1186.329 34.898
1186.642 69.898
1186.955 -86.102
1187.268 11.898
1187.581 -13.102
1187.894 -1.102
1188.207 56.898
1188.520 -42.102
1188.833 25.898
1189.146 9.898
1189.459 32.898
1189.771 1.898
1190.084 8.898
1190.397 -139.102
1190.710 -56.102
1191.023 -12.101
1191.336 -3.101
1191.649 -20.101
1191.962 43.899
1192.275 107.899
1192.588 -91.101
1192.901 -29.101
1193.214 -32.101
1193.526 -112.101
1193.839 -64.101
1194.152 -2.101
1194.465 50.899
1194.778 84.899
1195.091 80.899
1195.404 44.899
1195.717 -47.101
1196.030 -19.101
1196.343 -47.101
1196.656 -41.101
1196.969 50.900
1197.282 25.900
1197.594 40.900
1197.907 -4.100
1198.220 -6.100
1198.533 21.900
1198.846 53.900
1199.159 -15.100
1199.472 -53.100
1199.785 54.900
1200.098 -19.100
1200.411 18.900
1200.724 54.900
1201.037 -13.100
1201.350 6.900
1201.662 -14.100
1201.975 -42.100
1202.288 -77.100
1202.601 41.900
