165.028 32.319
165.288 -3.719
165.547 -7.756
165.807 0.206
166.067 -23.831
166.327 1.131
166.587 -30.908
166.847 -20.946
167.107 -16.984
167.367 -52.023
167.627 1.938
167.886 -6.101
168.146 27.860
168.406 43.820
168.666 -87.219
168.926 -42.259
169.186 -56.299
169.446 -117.339
169.706 5.621
169.966 11.580
170.225 17.540
170.485 -28.501
170.745 29.458
171.005 -2.583
171.265 -47.624
171.525 -70.665
171.785 30.293
172.045 -17.748
172.305 -30.790
172.564 49.168
172.824 -42.874
173.084 -27.916
173.344 1.041
173.604 -15.001
173.864 26.956
174.124 90.914
174.384 68.871
174.644 -73.172
174.903 30.785
175.163 -10.259
175.423 -62.302
175.683 -45.345
175.943 -57.389
176.203 -52.433
176.463 -44.477
176.723 -43.521
176.983 -5.565
177.242 16.391
177.502 -4.653
177.762 -56.698
178.022 -47.742
178.282 38.213
178.542 -5.832
178.802 -46.877
179.062 -70.922
179.322 -15.967
179.581 -5.012
179.841 -11.057
180.101 -76.102
180.361 -36.148
180.621 -58.193
180.881 -53.239
181.141 17.715
181.401 -16.331
181.661 10.623
181.920 49.577
182.180 -8.469
182.440 0.485
182.700 90.439
182.960 32.393
183.220 -4.654
183.480 -5.700
183.740 -27.747
184.000 -1.793
184.259 -37.840
184.519 21.113
184.779 35.066
185.039 39.019
185.299 -30.028
185.559 -66.075
185.819 -77.122
186.079 -31.169
186.339 7.784
186.598 -7.263
186.858 -40.311
187.118 -7.358
187.378 33.594
187.638 48.547
187.898 12.499
188.158 -63.548
188.418 -26.596
188.678 -85.644
188.937 -54.691
189.197 8.261
189.457 -67.787
189.717 -40.835
189.977 -2.883
190.237 23.069
190.497 -18.979
190.757 9.973
191.017 -86.075
191.276 -11.123
191.536 -82.171
191.796 -79.219
192.056 22.733
192.316 -48.316
192.576 -15.364
192.836 8.588
193.096 7.539
193.356 -23.509
193.616 -30.557
193.875 1.394
194.135 -4.654
194.395 37.298
194.655 -37.751
194.915 -20.799
195.175 -35.848
195.435 58.104
195.695 -3.945
195.955 -57.993
196.214 -30.042
196.474 -101.090
196.734 -91.139
196.994 22.812
197.254 9.764
197.514 -2.285
197.774 -23.333
198.034 -84.382
198.294 -48.430
198.553 -70.479
198.813 -9.528
199.073 -59.576
199.333 -34.625
199.593 -26.673
199.853 -15.722
200.113 -1.770
200.373 17.181
200.633 -51.868
200.892 -58.916
201.152 -17.965
201.412 -24.013
201.672 -10.062
201.932 28.890
202.192 38.841
202.452 40.793
202.712 -14.256
202.972 -42.304
203.231 -15.353
203.491 -70.401
203.751 -46.449
204.011 -42.498
204.271 51.454
204.531 -40.595
204.791 -54.643
205.051 -29.691
205.311 -32.739
205.570 4.212
205.830 -35.836
206.090 -14.884
206.350 -93.932
206.610 30.020
206.870 -18.028
207.130 -33.077
207.390 -38.125
207.650 -38.173
207.909 -62.221
208.169 -42.269
208.429 -89.317
208.689 -85.364
208.949 -86.412
209.209 -58.460
209.469 93.492
209.729 -29.556
209.989 -86.603
210.248 -7.651
210.508 -101.699
210.768 -91.746
211.028 -70.794
211.288 -57.841
211.548 -8.889
211.808 -19.936
212.068 6.016
212.328 -88.031
212.587 50.922
212.847 -44.125
213.107 -136.173
213.367 -66.220
213.627 -23.267
213.887 -7.314
214.147 -45.361
214.407 -17.408
214.667 48.545
214.926 35.498
215.186 75.451
215.446 -17.595
215.706 -43.642
215.966 -45.689
216.226 28.265
216.486 115.218
216.746 -95.828
217.006 -2.875
217.265 -36.921
217.525 14.033
217.785 -47.014
218.045 -107.060
218.305 -53.106
218.565 -30.152
218.825 -29.198
219.085 -22.244
219.345 19.710
219.604 55.664
219.864 -3.382
220.124 -15.428
220.384 -12.473
220.644 -32.519
220.904 -25.564
221.164 31.390
221.424 17.345
221.684 15.299
221.943 -3.746
222.203 33.209
222.463 3.164
222.723 -21.881
222.983 -13.927
223.243 -23.971
223.503 -9.016
223.763 -45.061
224.023 -44.106
224.282 -60.151
224.542 -65.195
224.802 -58.240
225.062 60.716
225.322 -11.329
225.582 -71.373
225.842 6.582
226.102 -37.462
226.362 -11.506
226.621 13.450
226.881 11.406
227.141 11.362
227.401 3.318
227.661 -5.726
227.921 -87.769
228.181 -105.813
228.441 -76.857
228.701 63.100
228.960 16.056
229.220 -30.987
229.480 -45.030
229.740 19.926
230.000 -70.117
230.260 -89.160
230.520 -58.203
230.780 40.754
231.040 -74.289
231.299 -47.331
231.559 -17.374
231.819 -11.417
232.079 27.541
232.339 15.498
232.599 -87.544
232.859 -59.586
233.119 -65.629
233.379 -67.671
233.638 -63.713
233.898 -40.755
234.158 -1.797
234.418 -7.839
234.678 -17.880
234.938 -29.922
235.198 -44.964
235.458 -10.005
235.718 -144.047
235.978 -43.088
236.237 -99.129
236.497 -46.171
236.757 -14.212
237.017 4.747
237.277 -53.294
237.537 -41.335
237.797 -24.376
238.057 -28.416
238.317 -83.457
238.576 -69.498
238.836 -31.538
239.096 -37.578
239.356 -27.619
239.616 -26.659
239.876 21.301
240.136 -18.739
240.396 -55.779
240.656 -88.819
240.915 -53.859
241.175 14.101
241.435 -37.939
241.695 -44.978
241.955 13.982
242.215 -32.057
242.475 -16.097
242.735 -47.136
242.995 -91.175
243.254 -48.214
243.514 19.747
243.774 -5.292
244.034 -0.331
244.294 -20.370
244.554 5.591
244.814 47.553
245.074 16.514
245.334 -117.524
245.593 -34.563
245.853 -5.601
246.113 -7.639
246.373 7.323
246.633 36.285
246.893 -55.753
247.153 -72.791
247.413 -65.829
247.673 -78.867
247.932 -36.905
248.192 -33.942
248.452 57.020
248.712 16.983
248.972 -47.054
249.232 -35.092
249.492 -45.129
249.752 -6.166
250.012 102.797
250.271 50.760
250.531 -8.277
250.791 -58.313
251.051 1.650
251.311 -19.387
251.571 -58.423
251.831 -48.459
252.091 13.504
252.351 -2.532
252.610 -44.568
252.870 -47.604
253.130 3.360
253.390 0.324
253.650 -43.712
253.911 -27.748
254.172 -46.783
254.433 -38.819
254.694 -17.855
254.955 -61.890
255.216 -26.925
255.477 -0.961
255.738 -9.996
255.999 -28.031
256.261 -59.066
256.522 -29.101
256.783 -16.136
257.044 35.829
257.305 -11.205
257.566 -73.240
257.827 -64.274
258.088 -1.309
258.349 -52.343
258.610 -72.378
258.871 18.588
259.132 -85.446
259.393 -5.480
259.654 -24.514
259.915 -66.548
260.176 -77.582
260.437 -70.615
260.698 -35.649
260.959 -19.683
261.221 -7.716
261.482 -21.750
261.743 -19.783
262.004 -32.816
262.265 -33.849
262.526 10.118
262.787 -41.915
263.048 -52.948
263.309 -27.981
263.570 -107.014
263.831 -94.047
264.092 -53.079
264.353 -39.112
264.614 16.856
264.875 -83.177
265.136 -91.209
265.397 -77.241
265.658 -62.273
265.919 -130.305
266.181 -41.337
266.442 -30.369
266.703 -119.401
266.964 -101.433
267.225 -44.465
267.486 -28.496
267.747 -39.528
268.008 -60.559
268.269 7.409
268.530 6.378
268.791 -68.653
269.052 -36.684
269.313 -34.715
269.574 -70.746
269.835 -41.777
270.096 -38.808
270.357 -18.839
270.618 -23.869
270.879 -31.900
271.141 -45.931
271.402 -48.961
271.663 -52.991
271.924 -51.022
272.185 -66.052
272.446 -115.082
272.707 -62.112
272.968 -52.142
273.229 -49.172
273.490 -32.202
273.751 21.768
274.012 -23.261
274.273 -8.291
274.534 -47.321
274.795 -60.350
275.056 -78.379
275.317 -77.409
275.578 -74.438
275.839 -73.467
276.101 -87.496
276.362 -109.525
276.623 -27.554
276.884 -51.583
277.145 -28.612
277.406 -112.641
277.667 -63.669
277.928 -24.698
278.189 -17.727
278.450 -80.755
278.711 4.217
278.972 3.188
279.233 -74.840
279.494 -40.868
279.755 -63.896
280.016 -11.924
280.277 20.048
280.538 0.020
280.799 -27.008
281.061 -31.036
281.322 -8.063
281.583 -22.091
281.844 -92.118
282.105 -82.146
282.366 -53.173
282.627 -34.201
282.888 -57.228
283.149 -5.255
283.410 6.718
283.671 19.691
283.932 -37.336
284.193 -81.363
284.454 -96.390
284.715 -69.417
284.976 0.557
285.237 -38.470
285.498 -34.497
285.759 -9.523
286.021 -0.549
286.282 -15.576
286.543 -20.602
286.804 -46.628
287.065 -46.654
287.326 -63.681
287.587 -63.707
287.848 -60.733
288.109 17.242
288.370 -57.784
288.631 -5.810
288.892 -35.836
289.153 -144.861
289.414 -94.887
289.675 -34.912
289.936 -65.938
290.197 -13.963
290.458 6.012
290.719 -7.014
290.981 70.961
291.242 49.936
291.503 -13.089
291.764 20.886
292.025 -69.139
292.286 -137.164
292.547 -10.188
292.808 -61.213
293.069 -69.238
293.330 -10.262
293.591 -38.287
293.852 -53.311
294.113 -45.336
294.374 -50.360
294.635 -105.384
294.896 -114.409
295.157 33.567
295.418 -33.457
295.679 -10.481
295.941 -29.505
296.202 12.471
296.463 -27.553
296.724 -38.576
296.985 30.400
297.246 44.376
297.507 -29.647
297.768 -72.671
298.029 -20.694
298.290 -27.718
298.551 -5.741
298.812 -56.764
299.073 -3.788
299.334 -115.811
299.595 -23.834
299.856 -35.857
300.117 -53.880
300.378 -53.903
300.639 -34.926
300.901 10.052
301.162 13.029
301.423 16.006
301.684 -83.016
301.945 -16.039
302.206 -93.062
302.467 -9.084
302.728 -9.106
302.989 -32.129
303.250 12.849
303.511 -58.173
303.772 -74.195
304.033 -46.218
304.294 -42.240
304.555 -53.262
304.816 -83.283
305.077 -8.305
305.338 -53.327
305.599 -23.349
305.861 -32.371
306.122 -34.392
306.383 -44.414
306.644 -84.435
306.905 -122.457
307.166 -82.478
307.427 -63.500
307.688 21.479
307.949 -61.542
308.210 -112.564
308.471 32.415
308.732 -40.606
308.993 5.373
309.254 -20.648
309.515 -42.669
309.776 3.310
310.037 -15.710
310.298 14.269
310.559 -53.752
310.821 -10.773
311.082 50.207
311.343 -70.814
311.604 -74.834
311.865 -107.855
312.126 -73.875
312.387 -55.895
312.648 19.084
312.909 -29.936
313.170 14.044
313.434 -5.976
313.698 2.004
313.963 -113.016
314.227 -113.036
314.491 -75.056
314.755 -86.076
315.019 -22.096
315.284 61.884
315.548 52.864
315.812 12.845
316.076 -65.175
316.340 -34.194
316.604 -71.214
316.869 -64.233
317.133 -38.253
317.397 -51.272
317.661 -70.292
317.925 -48.311
318.190 -63.330
318.454 -34.349
318.718 -156.368
318.982 -0.387
319.246 -18.406
319.511 -50.425
319.775 -85.444
320.039 -54.463
320.303 -36.482
320.567 -43.501
320.832 45.481
321.096 -16.538
321.360 -5.557
321.624 34.425
321.888 -92.594
322.153 -129.612
322.417 -20.631
322.681 -31.649
322.945 -139.668
323.209 -56.686
323.473 -36.704
323.738 19.278
324.002 -16.741
324.266 -63.759
324.530 -35.777
324.794 -29.795
325.059 -15.813
325.323 63.169
325.587 -1.849
325.851 18.134
326.115 15.116
326.380 -41.902
326.644 -104.920
326.908 -29.937
327.172 -5.955
327.436 -40.972
327.701 -110.990
327.965 -58.007
328.229 -46.025
328.493 72.958
328.757 -34.060
329.022 -75.077
329.286 -72.094
329.550 -80.111
329.814 -96.128
330.078 -34.146
330.342 -51.163
330.607 1.820
330.871 69.803
331.135 -53.214
331.399 -41.231
331.663 -18.247
331.928 -61.264
332.192 -24.281
332.456 -55.298
332.720 -84.314
332.984 -7.331
333.249 -83.348
333.513 -24.364
333.777 -67.381
334.041 63.603
334.305 37.586
334.570 -0.430
334.834 -81.446
335.098 -8.463
335.362 -21.479
335.626 64.505
335.891 -14.511
336.155 -112.528
336.419 17.456
336.683 86.440
336.947 0.424
337.211 -29.592
337.476 -36.608
337.740 -6.624
338.004 -30.639
338.268 -9.655
338.532 -94.671
338.797 33.313
339.061 -56.702
339.325 -106.718
339.589 -1.734
339.853 -120.749
340.118 46.235
340.382 63.220
340.646 7.204
340.910 27.189
341.174 -33.827
341.439 2.158
341.703 -42.857
341.967 -116.873
342.231 13.112
342.495 -60.903
342.759 -32.918
343.024 1.067
343.288 -52.948
343.552 -50.963
343.816 -57.978
344.080 -118.993
344.345 -125.008
344.609 -147.023
344.873 -77.038
345.137 -101.053
345.401 -3.068
345.666 -55.082
345.930 -56.097
346.194 2.888
346.458 -12.126
346.722 -56.141
346.987 -35.156
347.251 -22.170
347.515 -60.185
347.779 -31.199
348.043 11.787
348.308 -39.228
348.572 -37.242
348.836 -20.256
349.100 -45.271
349.364 -69.285
349.628 12.701
349.893 -25.313
350.157 -42.327
350.421 -28.342
350.685 -37.356
350.949 -72.370
351.214 -60.384
351.478 -68.398
351.742 -41.411
352.006 -137.425
352.270 -34.439
352.535 -53.453
352.799 -40.467
353.063 -61.481
353.327 -44.494
353.591 -27.508
353.856 3.478
354.120 -25.535
354.384 -77.549
354.648 -71.562
354.912 -68.576
355.177 -55.589
355.441 -16.603
355.705 -73.616
355.969 -40.630
356.233 -93.643
356.497 -64.656
356.762 -116.670
357.026 8.317
357.290 -81.696
357.554 -51.709
357.818 -66.722
358.083 -63.735
358.347 -61.749
358.611 -62.762
358.875 -50.775
359.139 -73.788
359.404 -28.801
359.668 -116.813
359.932 -77.826
360.196 -66.839
360.460 -31.852
360.725 -48.865
360.989 -25.878
361.253 -31.890
361.517 -33.903
361.781 -16.916
362.046 -89.928
362.310 -60.941
362.574 35.046
362.838 -24.966
363.102 -11.979
363.366 -35.991
363.631 -59.004
363.895 31.984
364.159 -30.028
364.423 -147.041
364.687 -42.053
364.952 -45.065
365.216 -44.078
365.480 8.910
365.747 -27.102
366.013 -81.114
366.280 -8.127
366.546 -64.139
366.813 -30.151
367.079 -81.163
367.346 -38.175
367.612 -37.187
367.879 58.801
368.145 -42.211
368.412 12.777
368.678 -45.235
368.945 -28.247
369.211 -41.258
369.478 -52.270
369.744 -85.282
370.011 -56.294
370.278 -37.305
370.544 -14.317
370.811 -25.329
371.077 -54.340
371.344 -30.352
371.610 -80.364
371.877 -68.375
372.143 -39.387
372.410 -99.398
372.676 -24.410
372.943 -30.421
373.209 -47.433
373.476 9.556
373.742 -34.455
374.009 19.533
374.276 -8.478
374.542 -82.489
374.809 -30.501
375.075 -14.512
375.342 -44.523
375.608 7.466
375.875 -3.545
376.141 -17.556
376.408 -111.568
376.674 -53.579
376.941 -6.590
377.207 -106.601
377.474 -97.612
377.740 -49.623
378.007 20.366
378.273 1.355
378.540 -70.655
378.807 -94.666
379.073 -118.677
379.340 -71.688
379.606 -41.699
379.873 -61.709
380.139 -28.720
380.406 -75.731
380.672 -5.742
380.939 -54.752
381.205 -84.763
381.472 -44.774
381.738 -78.784
382.005 -91.795
382.271 -87.805
382.538 -87.816
382.804 -29.826
383.071 -51.837
383.338 -61.847
383.604 -15.857
383.871 -88.868
384.137 -56.878
384.404 -74.889
384.670 -58.899
384.937 -61.909
385.203 20.081
385.470 -4.930
385.736 -61.940
386.003 4.050
386.269 -16.960
386.536 -64.970
386.802 -150.981
387.069 -67.991
387.336 -109.001
387.602 -40.011
387.869 63.979
388.135 19.969
388.402 28.959
388.668 -74.051
388.935 16.939
389.201 -51.071
389.468 -58.080
389.734 -103.090
390.001 -20.100
390.267 -3.110
390.534 15.880
390.800 -27.130
391.067 -15.139
391.333 -84.149
391.600 -30.159
391.867 -139.168
392.133 -56.178
392.400 -136.188
392.666 -94.197
392.933 -94.207
393.199 -24.217
393.466 -19.226
393.732 -22.236
393.999 5.755
394.265 -33.255
394.532 -164.264
394.798 -114.273
395.065 -85.283
395.331 -66.292
395.598 -5.302
395.864 23.689
396.131 -43.320
396.398 22.670
396.664 -56.339
396.931 -121.348
397.197 -106.357
397.464 -26.367
397.730 -20.376
397.997 45.615
398.263 -18.394
398.530 -2.403
398.796 -67.413
399.063 -36.422
399.329 -84.431
399.596 -99.440
399.862 -88.449
400.129 -62.458
400.396 -59.467
400.662 29.524
400.929 -25.485
401.195 13.506
401.462 17.497
401.728 24.489
401.995 -65.520
402.261 -0.529
402.528 -27.538
402.794 4.453
403.061 70.444
403.327 27.436
403.594 131.427
403.860 110.418
404.127 100.409
404.393 70.401
404.660 82.392
404.931 78.383
405.202 70.375
405.473 79.366
405.745 76.357
406.016 151.349
406.287 180.340
406.558 170.332
406.829 199.323
407.100 125.315
407.371 133.306
407.642 160.298
407.914 151.289
408.185 248.281
408.456 208.273
408.727 261.264
408.998 232.256
409.269 166.247
409.540 101.239
409.811 106.231
410.083 129.223
410.354 270.214
410.625 218.206
410.896 231.198
411.167 307.190
411.438 183.181
411.709 175.173
411.981 88.165
412.252 133.157
412.523 109.149
412.794 148.141
413.065 133.132
413.336 76.124
413.607 165.116
413.878 78.108
414.150 103.100
414.421 162.092
414.692 97.084
414.963 49.076
415.234 118.068
415.505 18.060
415.776 53.053
416.047 26.045
416.319 -8.963
416.590 103.029
416.861 -46.979
417.132 -1.987
417.403 9.005
417.674 -48.002
417.945 6.990
418.217 10.982
418.488 10.974
418.759 -0.033
419.030 34.959
419.301 -48.049
419.572 -31.056
419.843 -30.064
420.114 -14.072
420.386 -167.079
420.657 -33.087
420.928 5.905
421.199 -35.102
421.470 0.890
421.741 -52.117
422.012 -127.125
422.283 25.868
422.555 19.860
422.826 -31.147
423.097 -51.155
423.368 -81.162
423.639 35.830
423.910 -29.177
424.181 -58.184
424.453 -25.192
424.724 -15.199
424.995 -31.207
425.266 -26.214
425.537 -21.221
425.808 -115.228
426.079 -64.236
426.350 14.757
426.622 -1.250
426.893 0.742
427.164 -67.265
427.435 -61.272
427.706 -28.279
427.977 -118.286
428.248 -49.293
428.519 -93.301
428.791 -47.308
429.062 -65.315
429.333 -70.322
429.604 -13.329
429.875 -31.336
430.146 -70.343
430.417 -87.350
430.689 -66.357
430.960 -53.364
431.231 -18.371
431.502 -68.378
431.773 -0.385
432.044 -23.392
432.315 -36.399
432.586 -34.406
432.858 -49.413
433.129 -51.420
433.400 -61.427
433.671 14.567
433.942 -2.440
434.213 -74.447
434.484 -31.454
434.755 -61.461
435.027 -65.468
435.298 -75.474
435.569 -116.481
435.840 -53.488
436.116 -58.495
436.391 -47.501
436.667 5.492
436.942 -64.515
437.218 -70.521
437.493 -31.528
437.769 -54.535
438.045 -131.541
438.320 -69.548
438.596 -36.554
438.871 -51.561
439.147 -43.568
439.422 -85.574
439.698 -16.581
439.974 5.413
440.249 1.406
440.525 -56.600
440.800 -9.607
441.076 -74.613
441.351 -77.620
441.627 -36.626
441.903 -46.633
442.178 5.361
442.454 -24.645
442.729 7.348
443.005 -88.658
443.281 -92.665
443.556 -14.671
443.832 -29.677
444.107 -38.684
444.383 -119.690
444.658 -40.696
444.934 3.297
445.210 -18.709
445.485 42.285
445.761 -53.721
446.036 -63.728
446.312 -131.734
446.587 -46.740
446.863 -77.746
447.139 -36.752
447.414 -85.759
447.690 -10.765
447.965 25.229
448.241 -21.777
448.516 -47.783
448.792 -121.789
449.068 20.205
449.343 15.199
449.619 -37.807
449.894 54.186
450.170 -14.820
450.445 -38.826
450.721 -20.832
450.997 -15.838
451.272 -72.844
451.548 -46.850
451.823 -67.856
452.099 -38.862
452.375 -22.868
452.650 -57.873
452.926 28.121
453.201 -31.885
453.477 -68.891
453.752 29.103
454.028 -53.903
454.304 -19.909
454.579 28.085
454.855 25.080
455.130 74.074
455.406 -57.932
455.681 -44.938
455.957 55.056
456.233 -34.950
456.508 -119.955
456.784 -82.961
457.059 -13.967
457.335 -16.973
457.610 -15.978
457.886 21.016
458.162 -9.990
458.437 6.005
458.713 -98.001
458.988 -95.007
459.264 -28.012
459.539 -69.018
459.815 -93.024
460.091 -27.029
460.366 -50.035
460.642 -20.040
460.917 -51.046
461.193 33.948
461.468 -27.057
461.744 -27.063
462.020 -53.068
462.295 -97.074
462.571 30.921
462.846 -36.085
463.122 -54.090
463.397 -79.096
463.673 -88.013
463.949 13.879
464.224 -78.034
464.500 -45.072
464.775 -90.123
465.051 -33.062
465.327 -30.104
465.602 -51.037
465.878 -34.110
466.153 26.796
466.429 1.843
466.704 -28.104
466.980 -17.166
467.256 -61.171
467.531 -51.228
467.807 1.822
468.082 -6.200
468.358 -19.212
468.633 53.014
468.909 -19.280
469.185 35.972
469.460 -83.716
469.736 -69.707
470.011 -32.451
470.287 -45.502
470.562 -51.648
470.838 2.785
471.114 -35.601
471.389 -105.303
471.665 17.942
471.940 -100.466
472.216 -39.742
472.491 -1.287
472.767 33.189
473.043 -66.208
473.318 -93.596
473.594 -3.345
473.869 -1.319
474.145 -5.393
474.421 -6.415
474.696 26.133
474.972 -65.495
475.247 -54.354
475.523 -35.974
475.798 -10.532
476.074 -7.471
476.350 -20.714
476.625 -89.038
476.901 19.010
477.176 58.700
477.452 -76.665
477.727 -111.258
478.003 16.899
478.279 -60.342
478.554 -79.656
478.830 -4.462
479.105 -61.310
479.381 13.797
479.656 -75.457
479.932 -69.306
480.208 -18.634
480.483 -40.865
480.759 -44.914
481.034 27.854
481.310 0.576
481.585 -18.583
481.861 20.727
482.137 0.560
482.412 12.627
482.688 -58.688
482.963 -27.541
483.239 21.580
483.514 -93.655
483.790 -66.473
484.066 -10.467
484.341 -52.377
484.617 -23.417
484.892 -5.464
485.168 -23.379
485.443 -51.194
485.719 -33.306
485.995 -88.800
486.270 -12.403
486.546 -14.362
486.821 -28.214
487.097 -19.278
487.373 70.480
487.648 -16.278
487.924 -131.310
488.199 -65.371
488.475 26.963
488.750 43.572
489.026 13.188
489.302 -11.350
489.577 -78.010
489.853 -20.151
490.128 12.165
490.404 -21.119
490.679 2.360
490.955 51.229
491.231 -14.269
491.506 -17.223
491.782 14.098
492.057 -27.016
492.333 -51.482
492.608 22.877
492.884 -6.481
493.160 -17.249
493.435 -22.189
493.711 -36.899
493.986 -133.831
494.262 -13.378
494.537 -44.755
494.813 -24.195
495.089 5.246
495.364 36.676
495.640 -23.249
495.915 -6.554
496.191 -10.509
496.467 -31.213
496.742 88.980
497.018 -68.795
497.293 -32.274
497.569 -44.168
497.844 -68.022
498.120 -51.195
498.396 -44.356
498.671 -77.175
498.947 -34.478
499.222 -67.320
499.498 -44.506
499.773 -37.545
500.049 18.209
500.325 -48.644
500.600 -49.745
500.876 -34.784
501.151 -68.960
501.427 -2.769
501.702 57.526
501.978 4.255
502.254 -12.860
502.529 -15.870
502.805 15.329
503.080 41.550
503.356 -22.994
503.631 -13.930
503.907 8.305
504.183 -27.125
504.458 -57.493
504.734 29.517
505.009 75.014
505.285 -10.947
505.560 26.472
505.836 -33.222
506.112 -116.222
506.387 -90.923
506.663 -32.190
506.938 -39.272
507.214 -4.898
507.490 2.174
507.765 -36.178
508.041 -27.100
508.316 -3.895
508.592 -10.941
508.867 -22.000
509.143 -68.213
509.419 -33.041
509.694 -0.883
509.970 -16.935
510.245 -9.898
510.521 51.108
510.796 56.048
511.072 -72.827
511.348 -79.665
511.623 -131.513
511.899 -49.614
512.174 43.778
512.450 29.842
512.725 1.068
513.001 -70.294
513.277 -69.238
513.552 -7.841
513.828 -57.139
514.103 -40.337
514.379 -74.898
514.654 -22.589
514.930 -8.796
515.206 -77.486
515.481 -8.795
515.757 -54.814
516.032 -51.829
516.308 -17.552
516.583 1.974
516.859 -34.061
517.135 30.200
517.410 -32.058
517.686 -7.767
517.961 12.638
518.237 63.046
518.513 -15.492
518.788 49.316
519.064 -60.821
519.339 -0.014
519.615 47.280
519.890 27.944
520.166 114.619
520.442 65.419
520.717 103.914
520.993 5.745
521.268 70.221
521.544 16.320
521.819 -1.006
522.095 22.984
522.371 91.990
522.646 123.626
522.922 170.439
523.197 151.278
523.473 48.737
523.748 92.753
524.024 39.161
524.300 76.478
524.575 -8.693
524.851 112.835
525.126 147.141
525.402 48.713
525.677 13.303
525.953 109.845
526.229 198.752
526.504 17.121
526.780 71.594
527.055 10.415
527.331 67.828
527.606 144.518
527.882 64.951
528.158 73.630
528.433 33.461
528.709 28.659
528.984 17.140
529.260 18.131
529.535 60.377
529.811 20.028
530.087 21.988
530.362 45.127
530.638 13.319
530.913 89.523
531.189 11.421
531.465 19.139
531.740 30.749
532.016 57.854
532.291 -33.058
532.567 3.696
532.842 54.081
533.118 -56.442
533.394 36.703
533.669 8.561
533.945 -13.815
534.220 74.703
534.496 26.087
534.771 -15.802
535.047 -0.211
535.323 24.200
535.598 46.612
535.874 36.889
536.149 -3.157
536.425 -10.991
536.700 79.026
536.976 81.138
537.252 115.562
537.527 105.849
537.803 106.828
538.078 40.066
538.354 85.294
538.629 132.619
538.905 159.191
539.181 236.425
539.456 324.193
539.732 167.550
540.007 250.469
540.283 261.582
540.558 241.578
540.834 293.487
541.110 302.685
541.385 342.286
541.661 284.857
541.936 269.279
542.212 299.999
542.488 350.541
542.763 314.859
543.039 217.946
543.314 261.593
543.590 223.121
543.865 237.021
544.141 278.725
544.417 75.147
544.692 154.588
544.968 211.189
545.243 291.912
545.519 261.828
545.794 169.640
546.070 154.726
546.348 204.628
546.627 255.117
546.905 201.637
547.183 158.532
547.461 146.613
547.740 212.151
548.018 220.311
548.296 174.409
548.575 303.502
548.853 239.944
549.131 275.690
549.409 320.057
549.688 268.466
549.966 229.773
550.244 267.468
550.523 279.093
550.801 295.645
551.079 181.601
551.357 196.435
551.636 250.586
551.914 220.503
552.192 278.685
552.471 302.649
552.749 272.493
553.027 221.041
553.306 257.202
553.584 293.581
553.862 296.236
554.140 335.526
554.419 269.895
554.697 243.447
554.975 310.721
555.254 323.122
555.532 167.530
555.810 211.266
556.088 179.693
556.367 176.769
556.645 100.719
556.923 303.051
557.202 199.741
557.480 238.379
557.758 198.378
558.036 124.660
558.315 122.480
558.593 62.458
558.871 102.145
559.150 46.872
559.428 64.199
559.706 149.282
559.984 116.317
560.263 106.559
560.541 45.716
560.819 -9.156
561.098 -15.872
561.376 -24.529
561.654 -9.147
561.932 75.538
562.211 -35.080
562.489 38.884
562.767 -46.568
563.046 4.297
563.324 -55.211
563.602 -54.306
563.880 -1.474
564.159 -65.776
564.437 -38.870
564.715 57.060
564.994 -73.461
565.272 -88.819
565.550 -4.365
565.828 35.936
566.107 -61.896
566.385 -97.561
566.663 -95.550
566.942 58.054
567.220 58.051
567.498 -37.088
567.776 -58.245
568.055 -5.363
568.333 28.288
568.611 -52.584
568.890 -75.709
569.168 -55.587
569.446 -5.402
569.725 28.412
570.003 -14.103
570.281 -16.053
570.559 -2.516
570.838 -22.850
571.116 -39.348
571.394 -62.606
571.673 -70.429
571.951 -36.520
572.229 -27.784
572.507 -9.349
572.786 -52.163
573.064 -68.769
573.342 -32.744
573.621 -40.616
573.899 -39.643
574.177 -40.661
574.455 -29.950
574.734 -11.391
575.012 54.164
575.290 -53.523
575.569 4.265
575.847 -2.603
576.125 -32.046
576.403 -44.850
576.682 -99.961
576.960 -0.653
577.243 -57.741
577.527 4.268
577.810 -22.335
578.093 25.963
578.377 36.882
578.660 -5.611
578.944 -72.807
579.227 -90.776
579.510 -9.600
579.794 -63.183
580.077 -31.408
580.360 15.185
580.644 -42.399
580.927 -50.396
581.210 -111.035
581.494 -39.546
581.777 7.257
582.061 -51.503
582.344 -25.634
582.627 7.264
582.911 -23.646
583.194 10.261
583.477 -34.652
583.761 35.206
584.044 -72.581
584.327 -15.713
584.611 -6.725
584.894 -49.684
585.178 -132.604
585.461 -43.695
585.744 -50.691
586.028 -34.744
586.311 -52.746
586.594 -55.749
586.878 16.249
587.161 -46.754
587.444 -94.756
587.728 -110.759
588.011 -42.761
588.295 -112.764
588.578 -122.643
588.861 -41.727
589.145 -5.771
589.428 -22.796
589.711 -39.776
589.995 -100.677
590.278 -110.670
590.562 -89.783
590.845 -13.772
591.128 -61.664
591.412 -1.787
591.695 32.175
591.978 -41.711
592.262 -75.722
592.545 -122.432
592.828 -12.776
593.112 -11.769
593.395 -5.789
593.679 26.086
593.962 -25.709
594.245 -44.591
594.529 -18.723
594.812 -63.438
595.095 -57.533
595.379 -26.637
595.662 -6.785
595.945 -43.523
596.229 -71.260
596.512 -52.310
596.796 -69.212
597.079 -13.700
597.362 -78.059
597.646 -57.213
597.929 -127.442
598.212 -57.161
598.496 -41.353
598.779 -65.006
599.062 -47.239
599.346 -53.165
599.629 23.809
599.913 -4.789
600.196 -17.599
600.479 -48.095
600.763 -95.436
601.046 -91.317
601.329 -83.535
601.613 -131.636
601.896 10.938
602.179 -25.421
602.463 -11.671
602.746 -29.355
603.030 -9.710
603.313 -29.330
603.596 -114.710
603.880 -77.345
604.163 -152.837
604.446 -40.055
604.730 -74.338
605.013 43.150
605.296 -29.288
605.580 -84.138
605.863 -37.128
606.147 -17.541
606.430 9.881
606.713 -97.763
606.997 -14.610
607.280 -103.639
607.563 -56.674
607.847 -29.250
608.130 -104.726
608.414 -24.391
608.697 -49.833
608.980 -83.185
609.264 -5.818
609.547 2.022
609.830 2.019
610.114 -34.222
610.397 21.604
610.680 -16.580
610.964 -23.477
611.247 -88.185
611.531 -104.957
611.814 -49.022
612.097 -96.129
612.381 29.453
612.664 -29.401
612.947 -33.329
613.231 52.047
613.514 35.397
613.797 -19.615
614.081 -64.804
614.364 15.744
614.648 24.583
614.931 38.333
615.214 -14.714
615.498 -97.326
615.781 9.859
616.064 -7.859
616.348 -44.279
616.631 -63.044
616.914 -37.393
617.198 37.445
617.481 -89.651
617.765 -76.921
618.048 -28.627
618.331 -70.091
618.615 -74.114
618.898 10.864
619.181 38.530
619.465 -77.161
619.748 -67.272
620.031 -38.628
620.315 -95.160
620.598 -52.597
620.882 -20.874
621.165 -112.348
621.448 -123.285
621.732 -7.986
622.015 -27.889
622.298 -50.878
622.582 -56.919
622.865 30.935
623.148 43.920
623.432 -33.071
623.715 -49.090
623.999 -13.082
624.282 -40.205
624.565 -51.355
624.849 -85.562
625.132 -73.640
625.415 -13.158
625.699 -37.391
625.982 -69.684
626.265 -89.038
626.549 4.990
626.832 -36.427
627.116 -12.186
627.399 -52.592
627.682 -81.722
627.966 -61.501
628.249 -25.224
628.532 47.162
628.816 -100.377
629.099 -16.110
629.383 -20.100
629.666 -33.049
629.949 -34.944
630.233 -60.722
630.516 -121.990
630.799 -9.980
631.083 -51.372
631.366 15.656
631.649 -44.211
631.933 -67.676
632.216 -90.829
632.500 5.744
632.783 -1.071
633.066 -4.947
633.350 -49.379
633.633 -60.916
633.916 -81.837
634.200 16.191
634.483 40.120
634.766 -37.361
635.050 -31.541
635.333 -65.766
635.617 -59.945
635.900 -64.573
636.183 -85.266
636.467 -33.202
636.750 -56.726
637.033 13.083
637.317 -20.822
637.600 -11.405
637.883 38.369
638.167 -21.706
638.450 53.239
638.734 61.664
639.017 -21.671
639.300 3.608
639.584 31.667
639.867 49.439
640.150 12.019
640.434 12.017
640.717 69.948
641.000 47.516
641.284 41.907
641.567 36.332
641.851 -58.042
642.134 16.684
642.417 24.143
642.701 38.196
642.984 29.747
643.267 71.000
643.551 -2.972
643.834 72.937
644.117 123.429
644.401 86.055
644.684 155.407
644.968 69.312
645.251 126.468
645.534 173.371
645.818 142.412
646.101 233.624
646.384 172.590
646.668 238.316
646.951 338.784
647.235 353.198
647.518 407.708
647.801 496.052
648.085 473.988
648.368 457.515
648.651 617.287
648.935 610.915
649.218 696.601
649.501 686.888
649.785 788.876
650.068 845.080
650.352 856.264
650.635 909.056
650.918 964.787
651.202 959.941
651.485 1132.741
651.768 1116.706
652.052 1036.008
652.335 1206.085
652.618 1303.795
652.902 1302.080
653.185 1264.198
653.469 1365.603
653.752 1400.545
654.035 1355.108
654.319 1293.540
654.602 1430.427
654.885 1378.430
655.169 1529.228
655.452 1539.126
655.735 1408.844
656.019 1381.317
656.302 1523.131
656.586 1558.071
656.869 1476.744
657.152 1521.786
657.436 1567.578
657.719 1481.628
658.002 1599.129
658.286 1655.288
658.569 1634.988
658.852 1690.711
659.136 1734.752
659.419 1646.425
659.703 1715.459
659.986 1776.371
660.269 1842.038
660.553 1924.514
660.836 1950.935
661.119 1899.104
661.403 1976.290
661.686 1878.652
661.969 1915.273
662.253 1836.089
662.536 1818.811
662.820 1852.646
663.103 1809.034
663.386 1980.431
663.670 1817.144
663.953 1883.302
664.236 1839.616
664.520 1793.008
664.803 1827.454
665.086 1517.911
665.370 1589.356
665.653 1555.919
665.937 1494.615
666.220 1381.023
666.503 1298.872
666.787 1298.870
667.070 1150.086
667.353 1162.279
667.637 1047.344
667.920 1006.774
668.204 1015.949
668.487 937.616
668.770 843.864
669.054 706.388
669.337 676.526
669.620 750.938
669.904 626.954
670.187 530.751
670.470 570.067
670.754 589.453
671.037 487.384
671.321 424.577
671.604 337.075
671.887 438.749
672.171 412.135
672.454 258.338
672.737 334.685
673.021 284.770
673.304 124.897
673.587 203.951
673.871 217.743
674.154 190.600
674.438 166.129
674.721 106.518
675.004 186.873
675.288 108.682
675.571 181.913
675.854 -19.943
676.138 48.076
676.421 46.060
676.704 89.495
676.988 69.793
677.271 51.268
677.555 48.218
677.838 86.479
678.121 -12.786
678.405 60.685
678.688 34.804
678.971 16.202
679.255 40.059
679.538 -31.519
679.821 40.056
680.105 111.747
680.388 89.939
680.672 -53.420
680.955 -12.881
681.238 -29.546
681.522 -77.334
681.805 -19.183
682.088 -10.831
682.372 51.721
682.655 17.327
682.938 -98.541
683.222 -43.219
683.505 -75.659
683.789 -61.031
684.072 -58.943
684.355 -101.680
684.639 -53.665
684.922 -26.527
685.205 -23.397
685.489 -1.478
685.772 -29.694
686.056 25.713
686.339 -27.636
686.622 -0.440
686.906 -16.099
687.189 -36.977
687.472 -65.163
687.756 16.238
688.039 38.175
688.322 -28.633
688.606 0.593
688.889 -9.847
689.173 -50.558
689.456 -51.603
689.739 19.376
690.023 -15.056
690.306 -76.580
690.589 -11.918
690.873 -100.357
691.156 -17.112
691.439 30.753
691.723 -26.480
692.006 -52.551
692.290 -13.982
692.573 1.608
692.856 19.220
693.140 13.000
693.423 3.669
693.706 -61.614
693.990 -81.136
694.273 -63.492
694.556 -32.468
694.840 -10.820
695.123 -11.843
695.407 -24.217
695.690 -20.049
695.973 -20.071
696.257 57.188
696.540 59.186
696.830 -10.763
697.120 2.596
697.410 -29.236
697.699 -137.925
697.989 -3.564
698.279 -91.774
698.569 -54.796
698.859 -5.617
699.149 69.035
699.439 -38.289
699.729 -47.435
700.018 -63.763
700.308 -76.951
700.598 -62.682
700.888 22.874
701.178 31.986
701.468 -0.502
701.758 8.616
702.048 -22.725
702.337 -59.150
702.627 14.631
702.917 -68.115
703.207 -49.852
703.497 -34.713
703.787 14.567
704.077 -61.878
704.366 -42.679
704.656 -86.770
704.946 -61.511
705.236 -45.467
705.526 -112.289
705.816 -96.322
706.106 0.482
706.396 34.345
706.685 -15.411
706.975 -35.273
707.265 -13.401
707.555 -37.262
707.845 -81.788
708.135 -64.941
708.425 -118.110
708.715 -83.609
709.004 -53.883
709.294 -72.659
709.584 -24.194
709.874 -67.587
710.164 -48.851
710.454 -42.032
710.744 -91.350
711.034 -64.634
711.323 -64.508
711.613 -106.832
711.903 -76.247
712.193 -37.900
712.483 -149.995
712.773 -32.986
713.063 -77.083
713.352 4.359
713.642 -89.492
713.932 -35.660
714.222 -46.303
714.512 -48.205
714.802 31.438
715.092 -67.400
715.382 -13.112
715.671 -40.115
715.961 -30.405
716.251 -27.516
716.541 4.270
716.831 -50.543
717.121 -22.594
717.411 -49.347
717.701 -31.166
717.990 32.948
718.280 -34.929
718.570 -13.918
718.860 -57.799
719.150 -3.414
719.440 -43.488
719.730 -61.678
720.019 -21.544
720.309 37.651
720.599 -5.330
720.889 -66.586
721.179 -57.018
721.469 9.019
721.759 15.737
722.049 -9.192
722.338 -70.555
722.628 -39.952
722.918 67.571
723.208 -31.339
723.498 -66.917
723.788 -100.669
724.078 -1.536
724.368 -54.578
724.657 -23.698
724.947 -111.475
725.237 -67.182
725.527 -44.017
725.817 -10.225
726.107 -18.960
726.397 -5.421
726.686 29.394
726.976 -81.826
727.266 -24.767
727.556 -38.308
727.846 -55.771
728.136 -72.159
728.426 -19.006
728.716 45.915
729.005 -20.946
729.295 3.277
729.585 -86.038
729.875 -96.531
730.165 -84.017
730.455 -16.123
730.745 -14.198
731.035 -84.102
731.324 1.337
731.614 -93.813
731.904 21.741
732.194 -94.878
732.484 -104.699
732.774 -94.973
733.064 -40.499
733.354 -17.154
733.643 -72.815
733.933 -50.328
734.223 -39.608
734.513 -30.837
734.803 -68.917
735.093 -75.748
735.383 -137.346
735.672 -73.871
735.962 -78.909
736.252 -72.968
736.542 -9.449
736.832 -36.874
737.122 25.834
737.412 2.303
737.702 -34.006
737.991 -51.671
738.281 6.240
738.571 -64.494
738.861 -43.953
739.151 -11.474
739.441 -111.759
739.731 12.134
740.021 -33.164
740.310 -46.018
740.600 -21.385
740.890 -47.945
741.180 -75.682
741.470 -29.286
741.760 11.187
742.050 -48.044
742.339 -51.108
742.629 -15.501
742.919 9.226
743.209 -19.440
743.499 -25.395
743.789 -30.372
744.079 -122.452
744.369 -29.355
744.658 -57.165
744.948 50.812
745.238 -7.613
745.528 -71.043
745.818 -109.805
746.108 14.202
746.398 -62.250
746.688 -91.050
746.977 23.150
747.267 -10.615
747.557 -92.138
747.847 4.283
748.137 -42.480
748.427 -50.442
748.717 -52.485
749.006 0.303
749.296 -22.607
749.586 -61.391
749.876 28.188
750.166 -38.546
750.456 -47.559
750.746 -73.555
751.036 -163.377
751.325 -70.564
751.615 -76.629
751.905 -40.666
752.195 -17.708
752.485 -6.709
752.775 18.308
753.065 -70.782
753.355 -2.715
753.644 -43.757
753.934 -43.890
754.224 39.403
754.514 32.413
754.804 -64.912
755.094 -24.793
755.384 -76.951
755.674 -33.822
755.963 -47.866
756.253 -39.883
756.543 -45.862
756.833 -40.930
757.123 -41.894
757.413 -6.761
757.703 -33.898
757.992 0.272
758.282 33.403
758.572 -0.735
758.862 -47.972
759.152 -96.215
759.442 -6.762
759.732 -92.197
760.022 -83.153
760.311 -153.660
760.601 -33.943
760.891 -60.101
761.181 -41.951
761.471 17.362
761.761 -46.066
762.051 -35.996
762.341 -81.233
762.630 -40.026
762.920 -83.331
763.210 -54.182
763.500 -11.832
763.793 -8.812
764.086 15.356
764.379 5.279
764.671 -38.987
764.964 -88.284
765.257 41.493
765.550 26.455
765.843 -41.086
766.136 -51.168
766.429 -36.048
766.722 -15.872
767.014 -6.802
767.307 -29.973
767.600 -39.037
767.893 -22.948
768.186 -10.853
768.479 -85.450
768.772 -64.282
769.064 -41.098
769.357 -52.135
769.650 -7.833
769.943 -4.805
770.236 -86.377
770.529 -135.861
770.822 -33.039
771.115 -24.976
771.407 -28.029
771.700 -106.739
771.993 -31.090
772.286 -58.305
772.579 46.592
772.872 -59.256
773.165 -62.281
773.457 -76.395
773.750 -55.282
774.043 -17.947
774.336 -106.855
774.629 0.214
774.922 -97.668
775.215 -35.106
775.508 -94.452
775.800 -60.153
776.093 9.272
776.386 -2.811
776.679 -65.251
776.972 -55.182
777.265 -86.401
777.558 20.324
777.850 -107.335
778.143 -46.030
778.436 -43.059
778.729 -17.891
779.022 -17.892
779.315 -35.983
779.608 -50.055
779.900 -44.026
780.193 -103.323
780.486 -175.509
780.779 -3.820
781.072 21.233
781.365 -3.822
781.658 -38.967
781.951 -67.080
782.243 -73.961
782.536 -56.038
782.829 -23.911
783.122 -50.016
783.415 -69.024
783.708 -12.856
784.001 33.281
784.293 -56.991
784.586 -17.856
784.879 -110.042
785.172 -56.880
785.465 -133.090
785.758 -98.021
786.051 -58.943
786.344 -106.826
786.636 -17.845
786.929 -9.838
787.222 -13.871
787.515 47.217
787.808 -64.766
788.101 -111.720
788.394 -0.832
788.686 14.152
788.979 -12.835
789.272 69.095
789.565 -52.731
789.858 -8.820
790.151 -64.774
790.444 -68.771
790.737 -122.840
791.029 -116.608
791.322 17.123
791.615 -113.503
791.908 -63.780
792.201 -67.710
792.494 -37.733
792.787 -35.704
793.079 -46.708
793.372 -109.411
793.665 -75.623
793.958 -67.648
794.251 -27.768
794.544 -53.638
794.837 -81.608
795.130 -5.837
795.422 -11.820
795.715 -5.839
796.008 -31.793
796.301 -65.595
796.594 -12.808
796.887 -93.486
797.180 14.097
797.472 -28.775
797.765 -63.671
798.058 -2.852
798.351 -16.814
798.644 -18.809
798.937 -86.606
799.230 -90.505
799.523 -66.668
799.815 -59.690
800.108 -48.723
800.401 -25.793
800.694 -73.724
800.987 -36.762
801.280 -54.818
801.573 -38.835
801.865 -19.855
802.158 -67.740
802.451 5.113
802.744 -62.752
803.037 -42.793
803.330 -60.818
803.623 -15.848
803.915 -52.775
804.208 48.070
804.501 -107.991
804.794 -63.948
805.087 -13.885
805.380 -78.041
805.673 -37.924
805.966 14.127
806.258 5.122
806.551 -34.025
806.844 -81.215
807.137 -33.056
807.430 -79.208
807.723 -42.061
808.016 -61.138
808.308 -70.316
808.601 32.234
808.894 -0.901
809.187 -77.439
809.480 -62.271
809.773 -93.365
810.066 -51.206
810.359 -46.224
810.651 -18.064
810.944 -42.240
811.237 -54.392
811.530 -92.738
811.825 -80.711
812.119 -32.195
812.414 -102.832
812.709 -57.482
813.003 -5.980
813.298 -71.697
813.593 -87.041
813.887 -125.415
814.182 -19.180
814.476 -55.748
814.771 -86.206
815.066 -10.085
815.360 -117.799
815.655 -6.012
815.950 -38.572
816.244 -88.420
816.539 -106.950
816.834 -82.486
817.128 -66.244
817.423 -134.475
817.718 35.868
818.012 -69.664
818.307 -67.544
818.602 10.324
818.896 -35.857
819.191 -85.226
819.486 -22.581
819.780 87.614
820.075 -105.189
820.369 -89.895
820.664 -27.877
820.959 -50.652
821.253 -17.545
821.548 -85.940
821.843 -70.543
822.137 -34.234
822.432 -12.432
822.727 -13.488
823.021 -39.599
823.316 4.246
823.611 -43.914
823.905 -93.325
824.200 -85.199
824.495 -88.544
824.789 -56.900
825.084 -38.927
825.379 -68.505
825.673 -79.138
825.968 -74.015
826.262 -120.704
826.557 75.509
826.852 34.027
827.146 -95.486
827.441 -126.138
827.736 -6.315
828.030 25.558
828.325 -44.533
828.620 -79.566
828.914 29.806
829.209 15.940
829.504 -33.885
829.798 -129.052
830.093 -53.864
830.388 -79.235
830.682 -113.999
830.977 -91.534
831.271 -74.536
831.566 -90.962
831.861 -30.230
832.155 -54.013
832.450 -40.333
832.745 -82.435
833.039 -153.097
833.334 -48.020
833.629 -114.802
833.923 -56.531
834.218 -59.263
834.513 10.043
834.807 -31.872
835.102 -25.737
835.397 -115.468
835.691 -87.483
835.986 -65.787
836.281 -46.006
836.575 -24.435
836.870 -61.497
837.164 14.688
837.459 -73.218
837.754 -31.226
838.048 -44.987
838.343 -65.600
838.638 -64.748
838.932 -54.166
839.227 -94.748
839.522 28.761
839.816 -13.898
840.111 -43.982
840.406 -116.448
840.700 -66.583
840.995 -38.523
841.290 -79.658
841.584 -154.698
841.879 -88.737
842.174 -33.216
842.468 31.361
842.763 -13.629
843.057 -76.179
843.352 -57.375
843.647 -60.888
843.941 -121.496
844.236 -30.295
844.531 -24.993
844.825 -75.403
845.120 -76.833
845.415 61.747
845.709 12.172
846.004 22.250
846.299 -56.917
846.593 -157.893
846.888 -113.610
847.183 -14.656
847.477 7.900
847.772 -15.893
848.066 -40.911
848.361 -7.976
848.656 10.258
848.950 -38.862
849.245 -45.772
849.540 21.732
849.834 -85.918
850.129 -188.082
850.424 -33.304
850.718 14.932
851.013 -41.390
851.308 -60.861
851.602 -120.564
851.897 -8.069
852.192 -66.604
852.486 -178.709
852.781 -168.401
853.076 -19.490
853.370 -61.802
853.665 -51.506
853.959 -140.430
854.254 -82.118
854.549 -37.606
854.843 11.368
855.138 -29.501
855.433 -90.623
855.727 -48.666
856.022 -73.471
856.317 -106.120
856.611 -69.846
856.906 -31.452
857.201 -69.534
857.495 -90.632
857.790 -80.476
858.085 -71.299
858.379 -137.655
858.674 28.825
858.969 -31.074
859.263 -14.397
859.558 5.473
859.852 -46.188
860.147 -137.096
860.442 -155.227
860.736 -62.128
861.031 -3.294
861.326 -27.153
861.620 -84.181
861.915 -61.395
862.210 -48.323
862.504 -87.835
862.799 -85.329
863.094 -27.701
863.388 -36.135
863.683 -40.340
863.978 -100.254
864.272 -18.991
864.567 -119.667
864.861 -35.647
865.156 -2.131
865.451 -55.197
865.745 -11.446
866.040 -28.943
866.335 -84.497
866.629 -56.633
866.924 -12.357
867.219 -50.203
867.513 13.229
867.808 -72.279
868.103 17.173
868.397 -4.101
868.692 -89.952
868.987 -62.616
869.281 -59.350
869.576 -109.273
869.871 3.949
870.165 -58.879
870.460 -37.905
870.754 -77.591
871.049 -65.533
871.344 -87.186
871.638 -94.826
871.933 -114.344
872.228 -129.981
872.522 -78.645
872.817 -87.144
873.112 -40.178
873.406 -17.622
873.701 10.670
873.996 -85.749
874.290 -73.993
874.585 -101.035
874.880 -66.990
875.174 -62.927
875.469 -51.273
875.764 -48.328
876.058 31.756
876.353 22.966
876.647 -27.925
876.942 -41.335
877.237 -103.418
877.531 -10.565
877.826 -60.127
878.121 -29.538
878.415 49.312
878.710 -29.427
879.005 -54.892
879.299 -36.830
879.594 -42.405
879.889 -48.945
880.183 -94.820
880.478 -78.652
880.773 -14.080
881.067 -11.258
881.362 15.739
881.656 -58.463
881.951 -38.965
882.246 -47.168
882.540 -94.086
882.835 -76.364
883.130 -16.607
883.424 -9.236
883.719 -26.587
884.014 -45.658
884.308 29.975
884.603 1.737
884.898 -66.204
885.192 -4.597
885.487 -10.018
885.782 -47.829
886.076 -26.161
886.371 -64.714
886.666 -76.316
886.960 -35.030
887.255 -103.934
887.549 -1.872
887.844 -118.941
888.139 -91.886
888.433 -32.114
888.728 -74.687
889.023 -12.520
889.317 -32.002
889.612 -28.431
889.907 -2.743
890.201 -72.655
890.496 -43.414
890.791 -19.524
891.085 -87.469
891.380 -51.282
891.675 -112.282
891.969 -7.159
892.264 -41.502
892.559 -65.349
892.853 -21.276
893.148 -21.277
893.442 -61.768
893.737 -36.250
894.032 -80.272
894.326 -80.272
894.621 -42.387
894.916 9.603
895.210 -1.860
895.505 -46.035
895.800 -69.065
896.094 -71.591
896.389 21.965
896.684 -73.422
896.978 -78.654
897.273 -31.932
897.568 -61.940
897.862 -37.238
898.157 -43.428
898.451 -48.777
898.746 14.054
899.041 39.753
899.335 -74.508
899.630 -92.305
899.925 -21.365
900.219 -66.538
900.514 -16.080
900.809 -61.497
901.103 -96.024
901.398 -98.689
901.693 -34.839
901.987 -52.696
902.282 -65.116
902.577 -60.773
902.871 -70.523
903.166 -122.326
903.461 -65.293
903.755 -106.460
904.050 -23.413
904.344 -109.632
904.639 -53.032
904.934 -100.656
905.228 -129.615
905.523 -102.915
905.818 -92.012
906.112 65.645
906.407 -43.442
906.702 -39.001
906.996 -11.866
907.291 -62.737
907.586 -55.377
907.880 -81.869
908.175 -51.943
908.470 20.783
908.764 -16.475
909.059 -46.575
909.354 -22.938
909.648 -113.371
909.943 -8.348
910.237 0.785
910.532 -34.961
910.827 -139.453
911.121 -18.481
911.416 -5.647
911.711 -1.971
912.005 -21.313
912.300 -64.710
912.599 -90.793
912.898 -69.516
913.196 -25.184
913.495 -84.553
913.794 -30.808
914.093 -78.133
914.391 24.046
914.690 -114.879
914.989 -112.186
915.288 -93.425
915.586 -74.909
915.885 -73.177
916.184 -21.720
916.483 -38.606
916.782 -69.694
917.080 -83.793
917.379 -121.616
917.678 -118.903
917.977 -54.024
918.275 -59.752
918.574 9.337
918.873 15.044
919.172 -9.666
919.471 -28.669
919.769 -90.716
920.068 -10.660
920.367 -90.107
920.666 -4.959
920.964 -41.503
921.263 -0.157
921.562 -17.533
921.861 -82.444
922.159 -122.372
922.458 -31.199
922.757 -95.493
923.056 -82.194
923.355 -70.683
923.653 -83.416
923.952 -12.948
924.251 5.739
924.550 -80.955
924.848 -106.888
925.147 -71.527
925.446 -87.472
925.745 60.465
926.043 -24.076
926.342 18.808
926.641 -13.174
926.940 -39.292
927.239 -89.713
927.537 -88.056
927.836 -59.895
928.135 -36.690
928.434 10.999
928.732 -68.549
929.031 -93.325
929.330 -19.670
929.629 -44.377
929.927 -68.156
930.226 -104.742
930.525 -54.242
930.824 -91.951
931.123 -136.174
931.421 -102.917
931.720 -26.592
932.019 -19.283
932.318 -65.159
932.616 -113.688
932.915 29.973
933.214 -3.455
933.513 -100.530
933.812 -77.044
934.110 -82.066
934.409 -12.473
934.708 -50.888
935.007 -91.947
935.305 -21.981
935.604 -49.001
935.903 -100.107
936.202 -99.871
936.500 -81.765
936.799 -51.267
937.098 -10.102
937.397 4.764
937.696 2.286
937.994 -124.131
938.293 16.544
938.592 -68.230
938.891 -187.263
939.189 -104.821
939.488 -39.456
939.787 -146.645
940.086 -41.826
940.384 35.935
940.683 70.043
940.982 83.286
941.281 -15.932
941.580 4.004
941.878 -141.501
942.177 -30.683
942.476 -9.028
942.775 -20.795
943.073 1.169
943.372 -60.417
943.671 -22.294
943.970 -82.292
944.268 39.230
944.567 -70.477
944.866 -25.156
945.165 -73.295
945.464 -77.676
945.762 -88.837
946.061 -204.059
946.360 -21.884
946.659 -104.885
946.957 -45.949
947.256 -14.504
947.555 -79.507
947.854 -162.729
948.153 -95.804
948.451 52.775
948.750 8.026
949.049 -108.960
949.348 -27.691
949.646 22.868
949.945 14.593
950.244 -70.467
950.543 -139.701
950.841 -168.290
951.140 -66.602
951.439 -33.138
951.738 -124.144
952.037 8.818
952.335 15.200
952.634 42.133
952.933 -30.973
953.232 -39.823
953.530 -81.191
953.829 -68.033
954.128 -82.882
954.427 -1.520
954.725 -22.443
955.024 38.988
955.323 -109.896
955.622 -73.089
955.921 -38.920
956.219 -116.075
956.518 -80.319
956.817 -118.894
957.116 -62.992
957.414 -82.817
957.713 -40.175
958.012 -28.339
958.311 -52.654
958.610 -38.595
958.908 -40.636
959.207 31.845
959.506 -1.406
959.805 -54.810
960.103 -67.234
960.402 -73.877
960.701 17.815
961.000 1.986
961.298 25.493
961.597 -69.693
961.896 -94.013
962.195 -84.613
962.494 -105.351
962.792 -16.763
963.091 1.943
963.390 -37.625
963.689 -81.135
963.987 -25.288
964.286 0.826
964.585 3.003
964.884 -49.068
965.182 -68.222
965.481 -18.540
965.780 -127.006
966.080 -119.616
966.380 -48.597
966.680 -2.400
966.981 7.218
967.281 -65.293
967.581 -58.897
967.881 25.324
968.181 -35.444
968.481 -53.341
968.781 -87.311
969.082 -16.101
969.382 -92.131
969.682 -93.847
969.982 -50.735
970.282 -85.706
970.582 -89.059
970.882 -51.571
971.183 -59.025
971.483 -32.759
971.783 -50.368
972.083 -91.930
972.383 -89.567
972.683 -74.565
972.983 -52.023
973.284 -52.840
973.584 -37.338
973.884 -38.408
974.184 15.138
974.484 -17.790
974.784 -56.790
975.084 -74.982
975.385 -29.825
975.685 -67.473
975.985 -50.264
976.285 -15.555
976.585 -43.963
976.885 -23.615
977.185 58.618
977.486 43.302
977.786 48.465
978.086 17.899
978.386 -25.492
978.686 -12.387
978.986 -45.264
979.286 -77.264
979.587 -58.265
979.887 13.735
980.187 -62.266
980.487 49.734
980.787 8.734
981.087 -62.267
981.387 11.733
981.688 9.732
981.988 10.732
982.288 -79.269
982.588 -41.269
982.888 -100.270
983.188 -4.270
983.488 -34.271
983.789 -83.271
984.089 -50.272
984.389 -50.272
984.689 -38.273
984.989 -20.273
985.289 -76.273
985.589 -46.274
985.890 35.726
986.190 -13.275
986.490 -28.275
986.790 -14.276
987.090 -12.276
987.390 -42.277
987.690 -35.277
987.991 -86.278
988.291 -21.278
988.591 8.722
988.891 -68.279
989.191 -54.279
989.491 12.720
989.791 -70.280
990.092 -75.281
990.392 -91.281
990.692 -87.282
990.992 -60.282
991.292 -22.283
991.592 41.717
991.892 -52.283
992.193 -42.284
992.493 0.716
992.793 -48.285
993.093 -93.285
993.393 -43.286
993.693 -122.286
993.993 -54.287
994.294 -65.287
994.594 -1.288
994.894 -21.288
995.194 10.712
995.494 -111.289
995.794 -37.289
996.094 29.710
996.395 -4.290
996.695 23.709
996.995 -65.291
997.295 -25.292
997.595 40.708
997.895 32.708
998.195 -13.293
998.496 -38.293
998.796 -28.294
999.096 28.706
999.396 -30.295
999.696 -45.295
999.996 -95.296
1000.296 -5.296
1000.597 -6.296
1000.897 -31.297
1001.197 -103.297
1001.497 -33.298
1001.797 -113.298
1002.097 -99.299
1002.397 4.701
1002.698 17.700
1002.998 -35.300
1003.298 -70.300
1003.598 -59.301
1003.898 -69.301
1004.198 -134.302
1004.498 -121.302
1004.799 -67.303
1005.099 -13.303
1005.399 26.697
1005.699 -15.304
1005.999 -28.304
1006.299 -7.305
1006.599 -71.305
1006.900 13.694
1007.200 46.694
1007.500 -6.306
1007.800 24.693
1008.100 -20.307
1008.400 4.692
1008.700 28.692
1009.001 -39.309
1009.301 -28.309
1009.601 -37.309
1009.901 -72.310
1010.201 -104.310
1010.501 -43.311
1010.801 -33.311
1011.102 -15.312
1011.402 -44.312
1011.702 -17.312
1012.002 -84.313
1012.302 -57.313
1012.602 -82.314
1012.902 -63.314
1013.203 -89.315
1013.503 -50.315
1013.803 -24.315
1014.103 -74.316
1014.403 -63.316
1014.703 -42.317
1015.003 -13.317
1015.304 -2.318
1015.604 15.682
1015.904 2.682
1016.204 -11.319
1016.504 -55.319
1016.804 -60.320
1017.104 -81.320
1017.405 9.680
1017.705 -17.321
1018.005 -103.321
1018.305 -33.322
1018.605 -43.322
1018.905 -67.323
1019.205 -59.323
1019.506 -47.323
1019.806 14.676
1020.106 -23.324
1020.406 -78.325
1020.706 -70.325
1021.006 -0.325
1021.306 -75.326
1021.607 -105.326
1021.907 -68.327
1022.207 6.673
1022.507 2.672
1022.807 -71.328
1023.107 -110.328
1023.407 -62.329
1023.708 -32.329
1024.008 -21.330
1024.308 39.670
1024.608 -117.330
1024.908 -88.331
1025.208 14.669
1025.508 -74.332
1025.809 -1.332
1026.109 5.668
1026.409 -0.333
1026.709 30.667
1027.009 -62.334
1027.309 -66.334
1027.609 -99.335
1027.910 -101.335
1028.210 -30.335
1028.510 11.664
1028.810 6.664
1029.110 -27.337
1029.410 -39.337
1029.710 -50.337
1030.011 -66.338
1030.311 -103.338
1030.611 -106.339
1030.911 -9.339
1031.211 -63.339
1031.511 -63.340
1031.811 -65.340
1032.112 36.659
1032.412 7.659
1032.712 -130.341
1033.012 -83.342
1033.312 -6.342
1033.612 -16.343
1033.912 -25.343
1034.212 -28.343
1034.513 -55.344
1034.813 40.656
1035.113 -106.345
1035.413 -93.345
1035.713 -18.345
1036.013 -16.346
1036.313 -22.346
1036.614 -15.347
1036.914 -61.347
1037.214 -73.347
1037.514 -33.348
1037.814 -57.348
1038.114 -59.348
1038.414 -100.349
1038.715 -106.349
1039.015 -87.350
1039.315 -29.350
1039.615 -26.350
1039.915 -51.351
1040.215 48.649
1040.515 27.648
1040.816 5.648
1041.116 -34.352
1041.416 -98.353
1041.716 -60.353
1042.016 16.646
1042.316 -18.354
1042.616 34.646
1042.917 -11.355
1043.217 -20.355
1043.517 -114.355
1043.817 -33.356
1044.117 -79.356
1044.417 -95.357
1044.717 -97.357
1045.018 -81.357
1045.318 -41.358
1045.618 -35.358
1045.918 -60.359
1046.218 -17.359
1046.518 -49.359
1046.818 -76.360
1047.119 -88.360
1047.419 -39.360
1047.719 -96.361
1048.019 -10.361
1048.319 -137.362
1048.619 -27.362
1048.919 -52.362
1049.220 15.637
1049.520 5.637
1049.820 -89.364
1050.120 -58.364
1050.420 -13.364
1050.720 -65.365
1051.020 49.635
1051.321 -44.365
1051.621 24.634
1051.921 -62.366
1052.221 -17.367
1052.521 -90.367
1052.821 -60.367
1053.121 4.632
1053.422 -49.368
1053.722 -65.368
1054.022 14.631
1054.322 -54.369
1054.622 -38.370
1054.922 24.630
1055.222 -28.370
1055.523 -69.371
1055.823 -84.371
1056.123 -105.371
1056.423 -20.372
1056.723 -72.372
1057.023 -63.373
1057.323 -39.373
1057.624 -83.373
1057.924 25.626
1058.224 -74.374
1058.524 -97.374
1058.824 -76.375
1059.124 -32.375
1059.424 -38.376
1059.725 -30.376
1060.025 -38.376
1060.325 15.623
1060.625 -34.377
1060.925 -78.377
1061.225 -79.378
1061.525 -27.378
1061.826 60.622
1062.126 8.621
1062.426 -56.379
1062.726 -87.380
1063.026 -16.380
1063.326 -48.380
1063.626 -33.381
1063.927 -36.381
1064.227 -51.381
1064.527 -111.382
1064.827 6.618
1065.127 -66.382
1065.427 -16.383
1065.727 -7.383
1066.028 9.616
1066.328 -54.384
1066.628 -54.384
1066.928 -116.385
1067.228 -80.385
1067.528 -19.385
1067.828 -28.386
1068.129 -3.386
1068.429 -0.386
1068.729 -35.387
1069.029 -2.387
1069.329 15.612
1069.629 -25.388
1069.929 42.612
1070.230 -109.389
1070.530 -57.389
1070.830 -56.389
1071.130 -80.390
1071.430 -110.390
1071.730 -23.390
1072.030 -36.391
1072.331 1.609
1072.631 -72.391
1072.931 -42.392
1073.231 -13.392
1073.531 -113.393
1073.831 -22.393
1074.131 -54.393
1074.432 -6.394
1074.732 -48.394
1075.032 -51.394
1075.332 -9.395
1075.632 -26.395
1075.932 -129.395
1076.232 -26.396
1076.533 -14.396
1076.833 20.604
1077.133 -104.397
1077.433 -3.397
1077.733 -26.397
1078.033 -65.398
1078.333 -37.398
1078.634 -46.398
1078.934 -82.399
1079.234 -36.399
1079.534 -28.400
1079.834 -47.400
1080.134 -13.400
1080.434 -40.401
1080.735 28.599
1081.035 -87.401
1081.335 -116.402
1081.635 -112.402
1081.935 50.598
1082.235 -45.403
1082.535 1.597
1082.836 -77.403
1083.136 -18.404
1083.436 -27.404
1083.736 -108.404
1084.036 -57.405
1084.336 -58.405
1084.636 -32.405
1084.937 -4.406
1085.237 -75.406
1085.537 -88.406
1085.837 -74.407
1086.137 -80.407
1086.437 -75.407
1086.737 -86.408
1087.038 -107.408
1087.338 -40.408
1087.638 -77.409
1087.938 -139.409
1088.238 -39.409
1088.538 14.590
1088.838 -65.410
1089.139 -56.411
1089.439 -59.411
1089.739 -97.411
1090.039 -50.412
1090.339 -23.412
1090.639 2.588
1090.939 -91.413
1091.240 -20.413
1091.540 -82.413
1091.840 -23.414
1092.140 -51.414
1092.453 -27.414
1092.766 -40.415
1093.079 -116.415
1093.392 -113.415
1093.705 -82.416
1094.018 -95.416
1094.330 -102.416
1094.643 -114.417
1094.956 -62.417
1095.269 -66.417
1095.582 -22.418
1095.895 48.582
1096.208 -82.418
1096.521 -101.419
1096.834 -17.419
1097.147 26.581
1097.460 -32.420
1097.773 -132.420
1098.085 -21.420
1098.398 -61.421
1098.711 -79.421
1099.024 21.579
1099.337 -48.422
1099.650 -31.422
1099.963 -49.422
1100.276 -74.423
1100.589 -119.423
1100.902 -28.423
1101.215 -50.423
1101.528 -114.424
1101.841 -10.424
1102.153 -53.424
1102.466 -30.425
1102.779 -21.425
1103.092 -48.425
1103.405 -28.426
1103.718 -14.426
1104.031 5.574
1104.344 -36.427
1104.657 -20.427
1104.970 -63.427
1105.283 -42.428
1105.596 16.572
1105.909 -61.428
1106.221 28.571
1106.534 29.571
1106.847 -31.429
1107.160 -87.430
1107.473 -94.430
1107.786 24.570
1108.099 -119.431
1108.412 -23.431
1108.725 -35.431
1109.038 -22.432
1109.351 -9.432
1109.664 -4.432
1109.977 25.567
1110.289 -110.433
1110.602 5.567
1110.915 -25.434
1111.228 -72.434
1111.541 -13.434
1111.854 40.566
1112.167 -44.435
1112.480 -90.435
1112.793 -58.435
1113.106 -38.436
1113.419 -24.436
1113.732 -73.436
1114.044 -29.437
1114.357 -50.437
1114.670 -0.437
1114.983 -38.438
1115.296 -60.438
1115.609 -29.438
1115.922 -32.439
1116.235 -97.439
1116.548 -132.439
1116.861 -91.440
1117.174 -98.440
1117.487 -19.440
1117.800 40.560
1118.112 46.559
1118.425 -24.441
1118.738 -108.441
1119.051 -85.442
1119.364 -99.442
1119.677 -30.442
1119.990 -69.443
1120.303 -103.443
1120.616 -13.443
1120.929 -18.444
1121.242 -104.444
1121.555 -72.444
1121.868 -77.445
1122.180 -22.445
1122.493 -77.445
1122.806 -43.445
1123.119 -84.446
1123.432 -0.446
1123.745 57.554
1124.058 9.553
1124.371 -37.447
1124.684 -14.447
1124.997 -58.448
1125.310 -79.448
1125.623 -103.448
1125.935 -43.449
1126.248 -88.449
1126.561 -53.449
1126.874 -10.449
1127.187 -69.450
1127.500 -5.450
1127.813 -36.450
1128.126 -22.451
1128.439 -53.451
1128.752 -26.451
1129.065 -53.452
1129.378 -68.452
1129.691 -43.452
1130.003 -42.452
1130.316 -7.453
1130.629 -73.453
1130.942 -91.453
1131.255 -80.454
1131.568 -28.454
1131.881 -23.454
1132.194 -32.455
1132.507 -0.455
1132.820 52.545
1133.133 -103.456
1133.446 -82.456
1133.759 -112.456
1134.071 -84.456
1134.384 -15.457
1134.697 -39.457
1135.010 -60.457
1135.323 -60.458
1135.636 -129.458
1135.949 -85.458
1136.262 -147.459
1136.575 -18.459
1136.888 -74.459
1137.201 -87.459
1137.514 -60.460
1137.826 -54.460
1138.139 1.540
1138.452 -15.461
1138.765 -68.461
1139.078 -44.461
1139.391 -41.461
1139.704 -58.462
1140.017 -88.462
1140.330 34.538
1140.643 -20.463
1140.956 -50.463
1141.269 -4.463
1141.582 10.536
1141.894 -5.464
1142.207 -135.464
1142.520 -86.464
1142.833 -75.465
1143.146 -50.465
1143.459 -86.465
1143.772 -49.466
1144.085 -143.466
1144.398 -110.466
1144.711 -66.466
1145.024 -20.467
1145.337 30.533
1145.650 -8.467
1145.962 -32.468
1146.275 4.532
1146.588 -84.468
1146.901 -34.469
1147.214 -64.469
1147.527 27.531
1147.840 -59.469
1148.153 1.530
1148.466 -57.470
1148.779 -32.470
1149.092 -45.471
1149.405 -78.471
1149.718 -107.471
1150.030 -47.471
1150.343 -68.472
1150.656 -5.472
1150.969 -66.472
1151.282 -74.473
1151.595 -15.473
1151.908 -101.473
1152.221 -126.473
1152.534 -76.474
1152.847 -30.474
1153.160 -33.474
1153.473 -42.475
1153.785 26.525
1154.098 -64.475
1154.411 -65.475
1154.724 -12.476
1155.037 -73.476
1155.350 -3.476
1155.663 -44.477
1155.976 -23.477
1156.289 2.523
1156.602 -6.477
1156.915 -10.478
1157.228 -37.478
1157.541 -56.478
1157.853 -137.479
1158.166 -70.479
1158.479 48.521
1158.792 31.521
1159.105 -35.480
1159.418 -6.480
1159.731 -99.480
1160.044 -136.480
1160.357 -147.481
1160.670 -38.481
1160.983 -111.481
1161.296 0.518
1161.609 -65.482
1161.921 -65.482
1162.234 -33.482
1162.547 -27.483
1162.860 15.517
1163.173 -38.483
1163.486 -24.484
1163.799 -73.484
1164.112 -136.484
1164.425 -90.484
1164.738 -26.485
1165.051 -40.485
1165.364 2.515
1165.676 -67.485
1165.989 -3.486
1166.302 -5.486
1166.615 -52.486
1166.928 -30.487
1167.241 -132.487
1167.554 -63.487
1167.867 -81.487
1168.180 -48.488
1168.493 -56.488
1168.806 -4.488
1169.119 -21.489
1169.432 -154.489
1169.744 -102.489
1170.057 -82.489
1170.370 -20.490
1170.683 -83.490
1170.996 -90.490
1171.309 -51.490
1171.622 -51.491
1171.935 -85.491
1172.248 -86.491
1172.561 -62.492
1172.874 -117.492
1173.187 -35.492
1173.500 -77.492
1173.812 26.507
1174.125 -63.493
1174.438 -68.493
1174.751 -131.493
1175.064 19.506
1175.377 -60.494
1175.690 -15.494
1176.003 -108.494
1176.316 -40.495
1176.629 13.505
1176.942 59.505
1177.255 -48.496
1177.567 -10.496
1177.880 33.504
1178.193 -112.496
1178.506 -81.497
1178.819 -75.497
1179.132 -64.497
1179.445 -60.497
1179.758 -34.498
1180.071 57.502
1180.384 -74.498
1180.697 -164.499
1181.010 -70.499
1181.323 -10.499
1181.635 -47.499
1181.948 -105.500
1182.261 -49.500
1182.574 -11.500
1182.887 -27.500
1183.200 -2.501
1183.513 -19.501
1183.826 40.499
1184.139 -67.501
1184.452 -56.502
1184.765 -29.502
1185.078 -8.502
1185.391 -39.502
1185.703 -2.503
1186.016 -2.503
1186.329 -21.503
1186.642 32.496
1186.955 -63.504
1187.268 -98.504
1187.581 -74.504
1187.894 -57.505
1188.207 5.495
1188.520 2.495
1188.833 38.495
1189.146 -41.506
1189.459 -2.506
1189.771 -33.506
1190.084 -101.506
1190.397 -125.507
1190.710 -71.507
1191.023 -85.507
1191.336 14.493
1191.649 -40.508
1191.962 19.492
1192.275 50.492
1192.588 -53.508
1192.901 -54.509
1193.214 2.491
1193.526 -133.509
1193.839 -69.509
1194.152 44.490
1194.465 -15.510
1194.778 -10.510
1195.091 26.489
1195.404 -36.511
1195.717 -102.511
1196.030 -80.511
1196.343 -41.512
1196.656 -66.512
1196.969 10.488
1197.282 -18.512
1197.594 -17.513
1197.907 19.487
1198.220 -0.513
1198.533 -27.513
1198.846 -28.514
1199.159 -16.514
1199.472 -38.514
1199.785 -67.514
1200.098 -119.515
1200.411 -54.515
1200.724 -21.515
1201.037 -7.515
1201.350 -16.516
1201.662 -2.516
1201.975 -60.516
1202.288 -176.516
1202.601 -81.517
