165.028 28.896
165.288 23.881
165.547 1.865
165.807 -31.150
166.067 21.834
166.327 49.818
166.587 -33.197
166.847 -52.213
167.107 9.771
167.367 -94.245
167.627 -12.261
167.886 31.723
168.146 52.707
168.406 91.691
168.666 -63.326
168.926 -11.342
169.186 -13.358
169.446 -44.375
169.706 86.609
169.966 36.592
170.225 -37.425
170.485 -48.442
170.745 -3.458
171.005 -35.475
171.265 -4.492
171.525 -108.509
171.785 11.474
172.045 -38.543
172.305 -73.561
172.564 13.422
172.824 -55.595
173.084 -48.613
173.344 -8.630
173.604 -16.647
173.864 -32.665
174.124 66.317
174.384 68.300
174.644 -51.718
174.903 18.264
175.163 17.246
175.423 -49.771
175.683 -69.789
175.943 4.193
176.203 30.175
176.463 58.157
176.723 67.139
176.983 65.120
177.242 12.102
177.502 23.084
177.762 -18.934
178.022 -22.953
178.282 0.029
178.542 24.010
178.802 1.992
179.062 16.973
179.322 -73.045
179.581 -10.064
179.841 -9.082
180.101 -32.101
180.361 -89.120
180.621 14.862
180.881 -6.157
181.141 -10.176
181.401 -58.195
181.661 -20.214
181.920 0.767
182.180 -12.252
182.440 63.729
182.700 28.710
182.960 119.691
183.220 -36.328
183.480 -12.347
183.740 31.634
184.000 10.614
184.259 14.595
184.519 14.576
184.779 1.557
185.039 25.537
185.299 -5.482
185.559 -70.501
185.819 -81.521
186.079 -28.540
186.339 -52.560
186.598 -31.579
186.858 -71.599
187.118 17.382
187.378 26.362
187.638 2.343
187.898 -7.677
188.158 -57.696
188.418 14.284
188.678 -68.736
188.937 -22.755
189.197 11.225
189.457 -39.795
189.717 7.186
189.977 65.166
190.237 47.146
190.497 -11.874
190.757 26.107
191.017 -97.913
191.276 -12.933
191.536 -64.953
191.796 -27.973
192.056 40.008
192.316 29.988
192.576 11.968
192.836 -60.052
193.096 -3.072
193.356 27.908
193.616 36.888
193.875 -40.132
194.135 -39.152
194.395 87.828
194.655 7.808
194.915 39.788
195.175 17.769
195.435 38.749
195.695 -60.271
195.955 -56.291
196.214 -20.311
196.474 -57.331
196.734 -89.351
196.994 8.629
197.254 42.609
197.514 21.589
197.774 5.569
198.034 -54.451
198.294 -12.471
198.553 8.509
198.813 71.489
199.073 -72.531
199.333 -10.551
199.593 -7.571
199.853 36.409
200.113 17.389
200.373 12.369
200.633 3.349
200.892 -45.671
201.152 -12.691
201.412 -35.711
201.672 -22.731
201.932 21.249
202.192 31.229
202.452 28.209
202.712 -33.811
202.972 28.169
203.231 62.149
203.491 -47.871
203.751 -61.891
204.011 22.089
204.271 63.069
204.531 38.049
204.791 -2.971
205.051 -73.990
205.311 16.990
205.570 66.970
205.830 2.950
206.090 -57.070
206.350 -105.090
206.610 -40.110
206.870 8.871
207.130 -19.149
207.390 -28.169
207.650 -31.189
207.909 -59.208
208.169 -29.228
208.429 -42.248
208.689 -58.268
208.949 -14.287
209.209 -59.307
209.469 38.673
209.729 12.654
209.989 -34.366
210.248 21.614
210.508 -60.405
210.768 -38.425
211.028 -57.444
211.288 -21.464
211.548 19.516
211.808 -10.503
212.068 92.477
212.328 -39.542
212.587 27.438
212.847 -62.581
213.107 -94.600
213.367 -22.620
213.627 44.361
213.887 -43.659
214.147 -61.678
214.407 2.303
214.667 -5.717
214.926 56.264
215.186 -4.755
215.446 -37.775
215.706 -52.794
215.966 -42.813
216.226 35.168
216.486 4.149
216.746 -108.870
217.006 8.110
217.265 -12.909
217.525 -49.928
217.785 -15.947
218.045 -57.966
218.305 1.015
218.565 -2.004
218.825 -19.023
219.085 -1.042
219.345 65.939
219.604 87.920
219.864 -37.098
220.124 -64.117
220.384 -31.136
220.644 -79.155
220.904 -52.174
221.164 -35.192
221.424 42.789
221.684 19.770
221.943 -26.248
222.203 -17.267
222.463 52.714
222.723 -21.304
222.983 1.677
223.243 11.659
223.503 -6.360
223.763 -40.378
224.023 -3.397
224.282 -64.415
224.542 3.567
224.802 -62.452
225.062 -31.470
225.322 -32.488
225.582 -7.507
225.842 -22.525
226.102 -14.543
226.362 -37.561
226.621 -22.579
226.881 54.402
227.141 35.384
227.401 -86.634
227.661 -13.652
227.921 8.330
228.181 -12.688
228.441 11.294
228.701 40.276
228.960 90.259
229.220 66.241
229.480 -1.777
229.740 -30.795
230.000 -64.813
230.260 -99.830
230.520 -57.848
230.780 41.134
231.040 31.116
231.299 8.099
231.559 25.081
231.819 29.064
232.079 20.046
232.339 -10.971
232.599 -2.989
232.859 -93.006
233.119 -41.024
233.379 5.959
233.638 -55.058
233.898 -54.076
234.158 -17.093
234.418 35.890
234.678 71.873
234.938 -41.144
235.198 -33.162
235.458 -22.179
235.718 -96.196
235.978 -28.213
236.237 -8.230
236.497 -27.247
236.757 -6.264
237.017 -32.281
237.277 -54.297
237.537 1.686
237.797 -22.331
238.057 18.652
238.317 -47.365
238.576 19.619
238.836 13.602
239.096 -15.415
239.356 -23.431
239.616 22.552
239.876 29.536
240.136 -34.481
240.396 -3.497
240.656 -90.514
240.915 5.470
241.175 8.453
241.435 -16.563
241.695 -132.579
241.955 -33.596
242.215 32.388
242.475 -49.628
242.735 -31.644
242.995 25.340
243.254 9.324
243.514 44.307
243.774 84.291
244.034 55.275
244.294 -33.741
244.554 -42.757
244.814 27.228
245.074 18.212
245.334 -102.804
245.593 -68.820
245.853 -5.836
246.113 25.149
246.373 20.133
246.633 29.117
246.893 -27.898
247.153 -46.914
247.413 -6.930
247.673 -6.945
247.932 -61.961
248.192 -35.976
248.452 29.008
248.712 -34.007
248.972 -36.022
249.232 56.962
249.492 -58.053
249.752 -30.068
250.012 22.917
250.271 10.901
250.531 -40.114
250.791 19.871
251.051 26.856
251.311 -14.159
251.571 19.826
251.831 -25.189
252.091 -28.204
252.351 -47.219
252.610 -24.234
252.870 -5.249
253.130 -44.264
253.390 -7.278
253.650 13.707
253.911 -52.308
254.172 25.677
254.433 -32.337
254.694 -5.352
254.955 -69.366
255.216 -29.381
255.477 -9.396
255.738 14.590
255.999 -8.425
256.261 -66.439
256.522 31.547
256.783 -11.468
257.044 -38.482
257.305 -30.496
257.566 -66.511
257.827 -28.525
258.088 38.461
258.349 -13.553
258.610 -2.567
258.871 -15.581
259.132 -35.595
259.393 -60.609
259.654 34.377
259.915 11.363
260.176 -35.651
260.437 -72.665
260.698 22.321
260.959 14.307
261.221 17.293
261.482 -0.720
261.743 66.266
262.004 9.252
262.265 -73.761
262.526 -49.775
262.787 12.211
263.048 -125.802
263.309 14.184
263.570 -27.829
263.831 0.157
264.092 -19.856
264.353 -50.870
264.614 -64.883
264.875 -30.896
265.136 -20.910
265.397 -70.923
265.658 -76.936
265.919 -92.949
266.181 -63.962
266.442 -11.976
266.703 -94.989
266.964 -24.002
267.225 -32.015
267.486 -58.028
267.747 -28.041
268.008 24.946
268.269 -28.067
268.530 -2.080
268.791 -46.092
269.052 -27.105
269.313 -55.118
269.574 -12.131
269.835 -60.144
270.096 -28.156
270.357 -40.169
270.618 -12.182
270.879 -26.194
271.141 -57.207
271.402 12.781
271.663 -19.232
271.924 -27.244
272.185 -46.257
272.446 -91.269
272.707 -44.281
272.968 -29.294
273.229 6.694
273.490 -38.318
273.751 -20.331
274.012 -38.343
274.273 -81.355
274.534 -79.367
274.795 -69.379
275.056 -27.392
275.317 -73.404
275.578 11.584
275.839 -15.428
276.101 -15.440
276.362 5.548
276.623 70.536
276.884 -50.475
277.145 34.513
277.406 -37.499
277.667 18.489
277.928 -73.523
278.189 68.466
278.450 27.454
278.711 -18.558
278.972 -41.570
279.233 -30.581
279.494 15.407
279.755 -18.604
280.016 -65.616
280.277 34.373
280.538 -32.639
280.799 -47.650
281.061 -56.662
281.322 3.327
281.583 54.316
281.844 -53.696
282.105 -2.707
282.366 9.282
282.627 1.270
282.888 19.259
283.149 6.248
283.410 -36.763
283.671 39.226
283.932 -77.785
284.193 4.203
284.454 16.192
284.715 -33.819
284.976 -49.830
285.237 1.159
285.498 25.148
285.759 50.138
286.021 52.127
286.282 40.116
286.543 -40.895
286.804 -58.906
287.065 -34.917
287.326 -68.927
287.587 -23.938
287.848 20.051
288.109 21.041
288.370 5.030
288.631 27.019
288.892 -23.991
289.153 -35.002
289.414 -37.012
289.675 -53.023
289.936 -69.033
290.197 -34.044
290.458 -66.054
290.719 -68.064
290.981 37.925
291.242 -5.085
291.503 -3.095
291.764 15.894
292.025 -58.116
292.286 -77.126
292.547 -22.136
292.808 -49.147
293.069 -78.157
293.330 -30.167
293.591 16.823
293.852 -83.187
294.113 10.803
294.374 -38.207
294.635 -86.217
294.896 19.773
295.157 22.763
295.418 -26.247
295.679 59.743
295.941 -5.267
296.202 -19.277
296.463 -85.286
296.724 -18.296
296.985 79.694
297.246 52.684
297.507 18.675
297.768 -54.335
298.029 -0.345
298.290 -70.354
298.551 -3.364
298.812 -6.374
299.073 -56.383
299.334 -113.393
299.595 -84.402
299.856 -55.412
300.117 -23.421
300.378 -36.431
300.639 18.560
300.901 49.551
301.162 27.541
301.423 -45.468
301.684 -78.477
301.945 -50.487
302.206 -65.496
302.467 -15.505
302.728 -27.514
302.989 -26.524
303.250 2.467
303.511 -5.542
303.772 19.449
304.033 -69.560
304.294 -61.569
304.555 -33.578
304.816 -71.587
305.077 23.404
305.338 36.395
305.599 3.386
305.861 9.377
306.122 -16.632
306.383 27.359
306.644 -59.650
306.905 -2.659
307.166 -95.668
307.427 -128.676
307.688 -7.685
307.949 20.306
308.210 -42.703
308.471 36.289
308.732 -80.720
308.993 -10.729
309.254 18.263
309.515 -11.746
309.776 -5.755
310.037 16.237
310.298 58.228
310.559 -47.780
310.821 -10.789
311.082 89.203
311.343 -13.806
311.604 -46.814
311.865 -116.823
312.126 -36.831
312.387 -0.839
312.648 15.152
312.909 -58.856
313.170 16.136
313.434 32.127
313.698 -25.881
313.963 -104.889
314.227 -62.897
314.491 -54.906
314.755 -48.914
315.019 5.078
315.284 62.070
315.548 92.062
315.812 30.054
316.076 -2.954
316.340 -22.962
316.604 -14.970
316.869 24.022
317.133 -15.986
317.397 29.006
317.661 -52.002
317.925 -64.010
318.190 -35.018
318.454 44.974
318.718 -65.034
318.982 -23.042
319.246 -98.050
319.511 -30.058
319.775 34.935
320.039 -39.073
320.303 -22.081
320.567 -70.089
320.832 28.904
321.096 -45.104
321.360 9.888
321.624 59.881
321.888 -76.127
322.153 -103.135
322.417 -11.142
322.681 -37.150
322.945 -55.157
323.209 -12.165
323.473 16.828
323.738 -54.180
324.002 -117.187
324.266 -68.195
324.530 -36.202
324.794 -86.210
325.059 2.783
325.323 42.776
325.587 -23.232
325.851 -21.239
326.115 40.754
326.380 -21.254
326.644 -0.261
326.908 -20.268
327.172 -49.276
327.436 1.717
327.701 -85.290
327.965 1.703
328.229 21.696
328.493 42.688
328.757 -29.319
329.022 -83.326
329.286 -117.333
329.550 -34.340
329.814 -120.347
330.078 -18.354
330.342 3.639
330.607 26.632
330.871 73.625
331.135 -51.382
331.399 -66.389
331.663 -0.396
331.928 -17.403
332.192 39.590
332.456 11.583
332.720 -3.424
332.984 27.570
333.249 3.563
333.513 16.556
333.777 -0.451
334.041 -19.458
334.305 63.536
334.570 3.529
334.834 -13.478
335.098 44.515
335.362 77.509
335.626 86.502
335.891 -16.505
336.155 -47.511
336.419 131.482
336.683 85.475
336.947 -78.531
337.211 -16.538
337.476 -24.544
337.740 -8.551
338.004 42.443
338.268 -26.564
338.532 -0.570
338.797 13.423
339.061 -87.583
339.325 -29.590
339.589 -5.596
339.853 -53.603
340.118 82.391
340.382 40.385
340.646 23.378
340.910 2.372
341.174 -55.635
341.439 -50.641
341.703 -90.647
341.967 -73.653
342.231 -17.660
342.495 36.334
342.759 -23.672
343.024 -11.678
343.288 -0.685
343.552 6.309
343.816 -56.697
344.080 -170.703
344.345 -87.709
344.609 -69.715
344.873 -1.722
345.137 -103.728
345.401 -33.734
345.666 26.260
345.930 18.254
346.194 14.248
346.458 -57.758
346.722 -25.764
346.987 -58.770
347.251 -62.776
347.515 -13.782
347.779 -43.788
348.043 4.206
348.308 43.200
348.572 9.194
348.836 -35.811
349.100 -28.817
349.364 -11.823
349.628 14.171
349.893 -20.835
350.157 18.159
350.421 -3.847
350.685 14.148
350.949 -1.858
351.214 -48.864
351.478 -49.870
351.742 30.125
352.006 -2.881
352.270 19.113
352.535 21.108
352.799 -96.898
353.063 -10.904
353.327 -21.909
353.591 -27.915
353.856 10.079
354.120 -14.926
354.384 -6.932
354.648 -97.937
354.912 -33.943
355.177 52.051
355.441 -15.954
355.705 -2.960
355.969 32.035
356.233 20.029
356.497 -80.976
356.762 -115.982
357.026 37.013
357.290 -43.992
357.554 -24.998
357.818 27.997
358.083 6.991
358.347 -44.014
358.611 -28.019
358.875 -35.025
359.139 -35.030
359.404 -58.036
359.668 -43.041
359.932 -36.046
360.196 -29.051
360.460 -15.057
360.725 -33.062
360.989 2.933
361.253 11.927
361.517 -23.078
361.781 -25.083
362.046 -20.088
362.310 -96.093
362.574 4.901
362.838 16.896
363.102 19.891
363.366 58.886
363.631 -64.119
363.895 -14.124
364.159 -13.129
364.423 -105.134
364.687 -26.140
364.952 -1.145
365.216 18.850
365.480 80.845
365.747 -46.160
366.013 -38.165
366.280 -51.170
366.546 -38.175
366.813 -22.180
367.079 -73.185
367.346 -19.190
367.612 8.805
367.879 28.800
368.145 -31.204
368.412 30.791
368.678 -66.214
368.945 -31.219
369.211 25.776
369.478 -48.229
369.744 -74.234
370.011 -11.239
370.278 -4.243
370.544 11.752
370.811 -2.253
371.077 -4.258
371.344 -59.263
371.610 -67.267
371.877 5.728
372.143 -0.277
372.410 -44.282
372.676 -31.286
372.943 -21.291
373.209 -4.296
373.476 5.700
373.742 -45.305
374.009 -45.310
374.276 -22.314
374.542 -53.319
374.809 -21.324
375.075 -20.328
375.342 -6.333
375.608 -11.338
375.875 17.658
376.141 -11.347
376.408 -11.351
376.674 -9.356
376.941 -30.360
377.207 -102.365
377.474 -19.370
377.740 -42.374
378.007 17.621
378.273 -49.383
378.540 -49.388
378.807 -58.392
379.073 -86.396
379.340 -11.401
379.606 -9.405
379.873 -87.410
380.139 -10.414
380.406 -24.419
380.672 21.577
380.939 -14.427
381.205 -44.432
381.472 -77.436
381.738 -33.441
382.005 -65.445
382.271 -72.449
382.538 -93.454
382.804 -8.458
383.071 55.538
383.338 7.534
383.604 44.529
383.871 -70.475
384.137 -58.479
384.404 -21.484
384.670 1.512
384.937 -24.492
385.203 77.504
385.470 42.500
385.736 -5.505
386.003 -34.509
386.269 3.487
386.536 -57.517
386.802 -124.521
387.069 -120.526
387.336 -46.530
387.602 12.466
387.869 55.462
388.135 35.458
388.402 11.454
388.668 -47.550
388.935 10.446
389.201 -81.558
389.468 -28.563
389.734 -64.567
390.001 -36.571
390.267 -78.575
390.534 17.421
390.800 41.417
391.067 5.413
391.333 -37.591
391.600 -29.595
391.867 -74.599
392.133 -37.603
392.400 -68.607
392.666 -77.611
392.933 -15.615
393.199 -27.619
393.466 -14.622
393.732 -23.626
393.999 -59.630
394.265 -72.634
394.532 -55.638
394.798 -29.642
395.065 0.354
395.331 23.350
395.598 0.346
395.864 15.343
396.131 -7.661
396.398 37.335
396.664 -41.669
396.931 -28.673
397.197 -14.677
397.464 21.320
397.730 46.316
397.997 96.312
398.263 50.308
398.530 37.304
398.796 -51.699
399.063 -6.703
399.329 -22.707
399.596 -51.710
399.862 -43.714
400.129 -26.718
400.396 -87.722
400.662 18.275
400.929 -17.729
401.195 -16.733
401.462 21.264
401.728 19.260
401.995 -49.744
402.261 -6.747
402.528 67.249
402.794 98.245
403.061 73.242
403.327 89.238
403.594 109.235
403.860 161.231
404.127 107.227
404.393 167.224
404.660 101.220
404.931 178.217
405.202 95.213
405.473 133.210
405.745 124.206
406.016 166.202
406.287 218.199
406.558 131.195
406.829 108.192
407.100 170.188
407.371 179.185
407.642 206.181
407.914 193.178
408.185 287.175
408.456 272.171
408.727 295.168
408.998 274.164
409.269 195.161
409.540 139.157
409.811 188.154
410.083 257.150
410.354 297.147
410.625 189.144
410.896 247.140
411.167 253.137
411.438 253.133
411.709 181.130
411.981 184.127
412.252 185.123
412.523 196.120
412.794 141.117
413.065 112.113
413.336 170.110
413.607 157.107
413.878 160.103
414.150 156.100
414.421 157.097
414.692 101.094
414.963 7.090
415.234 112.087
415.505 39.084
415.776 22.080
416.047 79.077
416.319 5.074
416.590 108.071
416.861 -18.933
417.132 -30.936
417.403 0.061
417.674 -34.942
417.945 -18.945
418.217 29.051
418.488 100.048
418.759 -48.955
419.030 41.042
419.301 -81.961
419.572 -87.964
419.843 -46.968
420.114 31.029
420.386 -82.974
420.657 -7.977
420.928 -42.980
421.199 -29.983
421.470 17.014
421.741 -0.989
422.012 -80.993
422.283 34.004
422.555 2.001
422.826 -3.002
423.097 -31.005
423.368 45.992
423.639 32.989
423.910 60.986
424.181 -16.017
424.453 9.980
424.724 32.977
424.995 -46.026
425.266 -5.029
425.537 46.968
425.808 -31.035
426.079 -37.038
426.350 46.959
426.622 45.956
426.893 -65.047
427.164 -38.050
427.435 -55.053
427.706 -32.056
427.977 -79.059
428.248 -27.062
428.519 -79.065
428.791 -82.068
429.062 10.929
429.333 -107.074
429.604 -25.077
429.875 -20.080
430.146 -36.082
430.417 -92.085
430.689 -42.088
430.960 -15.091
431.231 -19.094
431.502 3.903
431.773 15.900
432.044 -33.103
432.315 -52.105
432.586 -27.108
432.858 -75.111
433.129 6.886
433.400 -37.117
433.671 -9.120
433.942 37.878
434.213 -23.125
434.484 24.872
434.755 -11.131
435.027 -48.134
435.298 -46.136
435.569 -95.139
435.840 -1.142
436.116 -30.145
436.391 -47.148
436.667 25.850
436.942 19.847
437.218 -39.156
437.493 -78.159
437.769 -22.161
438.045 -99.164
438.320 -47.167
438.596 -19.169
438.871 -18.172
439.147 -16.175
439.422 -67.178
439.698 53.820
439.974 -18.183
440.249 -75.186
440.525 -25.188
440.800 23.809
441.076 -40.194
441.351 -27.196
441.627 -4.199
441.903 -34.202
442.178 36.796
442.454 -92.207
442.729 -33.210
443.005 -7.212
443.281 -48.215
443.556 -68.217
443.832 -48.220
444.107 30.777
444.383 -55.225
444.658 20.772
444.934 57.770
445.210 -43.233
445.485 73.764
445.761 -12.238
446.036 -36.241
446.312 -28.243
446.587 -20.246
446.863 -9.248
447.139 -1.251
447.414 -43.254
447.690 -46.256
447.965 -8.259
448.241 -33.261
448.516 -6.264
448.792 -30.266
449.068 -13.269
449.343 35.729
449.619 22.726
449.894 32.724
450.170 48.721
450.445 -35.281
450.721 1.716
450.997 33.714
451.272 -55.289
451.548 -83.291
451.823 -41.293
452.099 -38.296
452.375 12.702
452.650 -16.301
452.926 3.697
453.201 -30.306
453.477 -60.308
453.752 -25.311
454.028 -33.313
454.304 35.685
454.579 1.682
454.855 19.680
455.130 77.677
455.406 -9.325
455.681 -41.327
455.957 10.670
456.233 -68.332
456.508 -69.335
456.784 -99.337
457.059 42.661
457.335 10.658
457.610 49.656
457.886 12.654
458.162 -4.349
458.437 -4.351
458.713 -41.353
458.988 -50.356
459.264 66.642
459.539 20.640
459.815 -20.363
460.091 -19.365
460.366 -9.367
460.642 62.630
460.917 -66.372
461.193 -0.374
461.468 53.624
461.744 -24.379
462.020 -61.381
462.295 -10.383
462.571 5.614
462.846 -75.388
463.122 -55.390
463.397 -64.392
463.673 -42.352
463.949 107.496
464.224 -55.344
464.500 -120.281
464.775 -91.404
465.051 17.559
465.327 40.551
465.602 69.451
465.878 -18.394
466.153 -2.410
466.429 -54.363
466.704 -7.404
466.980 -2.421
467.256 -47.423
467.531 23.598
467.807 26.625
468.082 5.581
468.358 -43.476
468.633 10.608
468.909 -39.595
469.185 18.655
469.460 -48.733
469.736 -78.996
470.011 -12.533
470.287 -58.800
470.562 -34.727
470.838 7.617
471.114 22.774
471.389 -24.703
471.665 5.604
471.940 12.692
472.216 -14.638
472.491 40.056
472.767 40.095
473.043 -19.745
473.318 -3.520
473.594 -23.854
473.869 4.603
474.145 9.688
474.421 -56.439
474.696 -28.974
474.972 -48.354
475.247 1.544
475.523 -10.680
475.798 -5.596
476.074 42.269
476.350 2.552
476.625 10.708
476.901 38.229
477.176 63.646
477.452 -23.908
477.727 -4.582
478.003 30.990
478.279 -63.524
478.554 -36.087
478.830 59.500
479.105 31.966
479.381 60.329
479.656 -48.193
479.932 -41.054
480.208 -61.257
480.483 -11.652
480.759 -23.788
481.034 23.709
481.310 43.909
481.585 64.988
481.861 -62.030
482.137 -47.871
482.412 10.525
482.688 -1.546
482.963 -1.546
483.239 -11.567
483.514 4.463
483.790 16.452
484.066 46.404
484.341 23.402
484.617 -17.501
484.892 -25.428
485.168 28.301
485.443 -12.484
485.719 -52.248
485.995 -70.995
486.270 -40.203
486.546 -9.463
486.821 -1.552
487.097 -17.345
487.373 20.145
487.648 -39.936
487.924 -65.463
488.199 -57.542
488.475 59.352
488.750 15.116
489.026 30.830
489.302 44.567
489.577 13.149
489.853 -45.631
490.128 -13.312
490.404 -35.806
490.679 -39.721
490.955 40.472
491.231 21.898
491.506 -40.705
491.782 20.957
492.057 -32.881
492.333 -79.850
492.608 35.609
492.884 -20.166
493.160 -48.544
493.435 -68.249
493.711 16.063
493.986 -94.630
494.262 -43.744
494.537 12.136
494.813 -22.201
495.089 -40.888
495.364 27.872
495.640 4.295
495.915 23.939
496.191 26.937
496.467 -29.195
496.742 91.000
497.018 -23.334
497.293 -11.489
497.569 58.656
497.844 -82.814
498.120 -43.212
498.396 -37.347
498.671 -32.421
498.947 30.140
499.222 -55.319
499.498 -47.416
499.773 -7.616
500.049 1.340
500.325 -9.639
500.600 -21.660
500.876 -98.760
501.151 23.407
501.427 26.441
501.702 5.360
501.978 20.434
502.254 30.544
502.529 -64.056
502.805 27.519
503.080 64.844
503.356 41.698
503.631 81.133
503.907 -4.737
504.183 16.516
504.458 -13.850
504.734 59.974
505.009 137.829
505.285 34.728
505.560 72.103
505.836 24.603
506.112 -68.516
506.387 -81.676
506.663 42.773
506.938 73.105
507.214 33.670
507.490 2.321
507.765 -4.747
508.041 -33.002
508.316 73.959
508.592 93.949
508.867 -31.902
509.143 -44.937
509.419 16.368
509.694 10.316
509.970 -41.842
510.245 40.322
510.521 38.280
510.796 -9.712
511.072 1.275
511.348 -54.561
511.623 -62.539
511.899 69.853
512.174 15.164
512.450 61.774
512.725 -9.656
513.001 -87.943
513.277 -27.462
513.552 -23.456
513.828 -41.163
514.103 -37.183
514.379 17.019
514.654 29.779
514.930 -2.697
515.206 -70.410
515.481 12.023
515.757 4.162
516.032 -30.090
516.308 21.725
516.583 30.483
516.859 36.264
517.135 87.869
517.410 63.402
517.686 65.344
517.961 78.948
518.237 55.515
518.513 -27.847
518.788 36.975
519.064 -21.978
519.339 18.579
519.615 104.467
519.890 66.756
520.166 132.201
520.442 88.762
520.717 118.597
520.993 -8.458
521.268 122.443
521.544 96.455
521.819 -5.556
522.095 20.359
522.371 66.359
522.646 90.327
522.922 120.891
523.197 126.636
523.473 118.858
523.748 44.216
524.024 71.965
524.300 77.706
524.575 28.900
524.851 58.564
525.126 150.285
525.402 163.824
525.677 45.163
525.953 106.303
526.229 144.543
526.504 63.340
526.780 116.816
527.055 94.916
527.331 101.614
527.606 132.361
527.882 94.912
528.158 84.465
528.433 53.916
528.709 98.060
528.984 1.130
529.260 70.362
529.535 92.387
529.811 126.967
530.087 41.551
530.362 88.796
530.638 26.149
530.913 80.200
531.189 72.554
531.465 133.364
531.740 76.486
532.016 85.263
532.291 -7.582
532.567 31.162
532.842 78.641
533.118 -12.458
533.394 29.276
533.669 9.877
533.945 -1.798
534.220 48.785
534.496 -1.802
534.771 -35.918
535.047 -29.125
535.323 71.431
535.598 6.969
535.874 37.248
536.149 19.688
536.425 100.919
536.700 81.349
536.976 44.252
537.252 58.033
537.527 98.364
537.803 192.665
538.078 187.936
538.354 146.637
538.629 156.623
538.905 179.259
539.181 279.217
539.456 274.285
539.732 137.338
540.007 306.142
540.283 239.250
540.558 298.242
540.834 374.993
541.110 323.878
541.385 355.560
541.661 325.855
541.936 189.408
542.212 231.032
542.488 375.728
542.763 372.754
543.039 312.606
543.314 392.962
543.590 281.137
543.865 299.010
544.141 280.141
544.417 206.654
544.692 262.264
544.968 204.666
545.243 220.772
545.519 238.427
545.794 174.050
546.070 160.132
546.348 274.718
546.627 200.885
546.905 161.283
547.183 173.871
547.461 233.452
547.740 253.312
548.018 262.509
548.296 244.372
548.575 340.697
548.853 200.675
549.131 291.042
549.409 347.299
549.688 327.457
549.966 319.519
550.244 263.962
550.523 327.128
550.801 300.071
551.079 242.404
551.357 251.305
551.636 255.996
551.914 248.586
552.192 306.770
552.471 285.354
552.749 255.234
553.027 190.021
553.306 308.810
553.584 306.843
553.862 304.575
554.140 306.539
554.419 324.246
554.697 288.985
554.975 301.422
555.254 315.788
555.532 199.268
555.810 321.999
556.088 303.844
556.367 223.999
556.645 224.752
556.923 296.736
557.202 186.631
557.480 313.633
557.758 250.282
558.036 151.348
558.315 227.530
558.593 148.148
558.871 193.646
559.150 171.048
559.428 114.897
559.706 125.635
559.984 105.242
560.263 123.462
560.541 96.274
560.819 79.025
561.098 53.872
561.376 46.178
561.654 56.754
561.932 31.783
562.211 28.839
562.489 110.490
562.767 0.978
563.046 68.221
563.324 12.492
563.602 -33.606
563.880 32.644
564.159 -65.246
564.437 12.476
564.715 25.923
564.994 -3.829
565.272 17.283
565.550 3.843
565.828 28.797
566.107 -90.119
566.385 -1.917
566.663 -5.755
566.942 65.324
567.220 52.835
567.498 -35.577
567.776 -5.770
568.055 24.036
568.333 8.650
568.611 -46.247
568.890 11.555
569.168 -86.879
569.446 4.823
569.725 56.030
570.003 52.164
570.281 -26.123
570.559 5.791
570.838 -21.310
571.116 -1.952
571.394 -70.752
571.673 -57.242
571.951 -46.619
572.229 24.253
572.507 5.811
572.786 -75.896
573.064 1.926
573.342 -109.078
573.621 -92.707
573.899 37.048
574.177 7.786
574.455 19.523
574.734 94.884
575.012 18.562
575.290 21.517
575.569 38.204
575.847 -22.604
576.125 -45.176
576.403 -8.876
576.682 -74.766
576.960 26.564
577.243 -23.660
577.527 11.784
577.810 33.457
578.093 -6.945
578.377 -31.663
578.660 -10.913
578.944 -67.238
579.227 -59.452
579.510 -8.966
579.794 -12.945
580.077 -66.451
580.360 17.807
580.644 -7.995
580.927 -30.867
581.210 -15.958
581.494 -87.704
581.777 -27.916
582.061 -28.941
582.344 -15.013
582.627 -26.978
582.911 -2.054
583.194 21.895
583.477 32.872
583.761 1.933
584.044 -91.880
584.327 -24.041
584.611 -59.007
584.894 55.877
585.178 -71.996
585.461 -27.042
585.744 1.928
586.028 -34.071
586.311 29.928
586.594 9.927
586.878 101.926
587.161 -32.075
587.444 -51.076
587.728 -37.077
588.011 -72.078
588.295 -61.079
588.578 -70.010
588.861 23.895
589.145 -37.082
589.428 17.935
589.711 -59.084
589.995 -84.001
590.278 -76.010
590.562 -27.087
590.845 -2.086
591.128 -0.089
591.412 -6.078
591.695 20.888
591.978 -61.968
592.262 -79.014
592.545 -67.890
592.828 -41.013
593.112 73.683
593.395 7.879
593.679 109.464
593.962 -44.919
594.245 -51.841
594.529 11.840
594.812 -30.916
595.095 0.893
595.379 -53.728
595.662 -0.104
595.945 -35.855
596.229 -86.415
596.512 -51.592
596.796 -7.045
597.079 46.426
597.362 -59.515
597.646 54.291
597.929 -47.589
598.212 -9.993
598.496 -64.342
598.779 25.553
599.062 8.770
599.346 12.718
599.629 74.834
599.913 12.691
600.196 -55.291
600.479 -62.127
600.763 -87.805
601.046 -70.917
601.329 -34.571
601.613 -21.755
601.896 2.826
602.179 26.398
602.463 -3.072
602.746 24.432
603.030 35.237
603.313 34.220
603.596 -0.129
603.880 21.439
604.163 -113.856
604.446 -39.308
604.730 -2.091
605.013 49.769
605.296 -3.072
605.580 -108.852
605.863 11.618
606.147 54.712
606.430 19.451
606.713 -41.234
606.997 7.696
607.280 -22.645
607.563 -70.591
607.847 -53.905
608.130 -36.382
608.414 -20.691
608.697 -26.563
608.980 -49.117
609.264 18.481
609.547 61.557
609.830 -13.860
610.114 70.370
610.397 87.020
610.680 -29.505
610.964 -32.504
611.247 -124.662
611.531 -80.624
611.814 -65.905
612.097 -28.614
612.381 20.432
612.664 47.929
612.947 11.618
613.231 120.548
613.514 12.611
613.797 -55.170
614.081 -95.446
614.364 -56.154
614.648 -20.792
614.931 -14.899
615.214 11.623
615.498 -30.648
615.781 30.345
616.064 -65.128
616.348 -11.980
616.631 -95.736
616.914 -14.934
617.198 -45.491
617.481 9.680
617.765 -120.489
618.048 7.723
618.331 -32.751
618.615 -14.010
618.898 -42.667
619.181 -20.929
619.465 -47.656
619.748 -40.733
620.031 -100.180
620.315 -90.370
620.598 -32.921
620.882 -11.107
621.165 -21.059
621.448 -55.851
621.732 -45.958
622.015 -45.958
622.298 -23.120
622.582 -12.165
622.865 -7.183
623.148 -2.189
623.432 -50.243
623.715 12.820
623.999 18.863
624.282 -47.384
624.565 -42.450
624.849 -53.518
625.132 -1.207
625.415 15.929
625.699 -10.292
625.982 -95.055
626.265 -80.081
626.549 2.827
626.832 -17.376
627.116 1.815
627.399 -24.448
627.682 -79.843
627.966 60.216
628.249 3.817
628.532 61.098
628.816 -53.368
629.099 -24.257
629.383 -80.290
629.666 -33.177
629.949 -28.099
630.233 -43.948
630.516 -34.899
630.799 -3.178
631.083 -13.032
631.366 43.095
631.649 -45.310
631.933 -92.279
632.216 -2.163
632.500 -23.581
632.783 -22.543
633.066 -44.787
633.350 22.009
633.633 -33.997
633.916 -63.675
634.200 -21.307
634.483 120.475
634.766 -13.586
635.050 -57.357
635.333 -67.770
635.617 -7.813
635.900 -58.983
636.183 -34.275
636.467 17.742
636.750 -23.802
637.033 -26.633
637.317 -5.862
637.600 38.316
637.883 95.556
638.167 -57.443
638.450 -0.220
638.734 23.188
639.017 -22.693
639.300 14.760
639.584 8.197
639.867 78.355
640.150 28.775
640.434 27.839
640.717 30.616
641.000 70.802
641.284 17.531
641.567 -45.129
641.851 -34.775
642.134 3.513
642.417 155.846
642.701 59.639
642.984 61.452
643.267 122.428
643.551 21.303
643.834 37.255
644.117 59.691
644.401 95.360
644.684 184.394
644.968 123.707
645.251 228.656
645.534 238.036
645.818 175.184
646.101 242.953
646.384 214.784
646.668 270.182
646.951 339.665
647.235 420.810
647.518 471.562
647.801 508.215
648.085 487.080
648.368 548.627
648.651 659.529
648.935 607.098
649.218 784.122
649.501 766.952
649.785 854.742
650.068 888.429
650.352 864.716
650.635 909.011
650.918 1031.914
651.202 1076.596
651.485 1219.118
651.768 1180.352
652.052 1209.466
652.335 1293.915
652.618 1340.085
652.902 1391.294
653.185 1386.276
653.469 1427.342
653.752 1442.135
654.035 1437.597
654.319 1456.930
654.602 1456.761
654.885 1454.719
655.169 1576.348
655.452 1564.687
655.735 1585.692
656.019 1592.389
656.302 1635.542
656.586 1663.728
656.869 1615.718
657.152 1613.945
657.436 1536.399
657.719 1652.632
658.002 1585.989
658.286 1618.904
658.569 1709.943
658.852 1830.510
659.136 1708.338
659.419 1677.880
659.703 1785.493
659.986 1789.554
660.269 1912.217
660.553 1942.794
660.836 1978.362
661.119 1913.321
661.403 2014.977
661.686 2005.805
661.969 1985.458
662.253 1876.733
662.536 1947.870
662.820 1996.657
663.103 1938.847
663.386 2061.564
663.670 1895.235
663.953 1898.483
664.236 1863.931
664.520 1748.429
664.803 1819.350
665.086 1673.784
665.370 1668.387
665.653 1652.175
665.937 1557.501
666.220 1388.129
666.503 1282.652
666.787 1345.532
667.070 1320.827
667.353 1125.704
667.637 1099.079
667.920 1027.071
668.204 1026.135
668.487 972.218
668.770 885.631
669.054 770.559
669.337 726.492
669.620 866.144
669.904 679.926
670.187 642.901
670.470 621.108
670.754 540.495
671.037 538.532
671.321 481.802
671.604 445.484
671.887 502.234
672.171 439.797
672.454 342.210
672.737 283.484
673.021 242.749
673.304 222.463
673.587 199.875
673.871 246.582
674.154 261.476
674.438 277.160
674.721 133.274
675.004 231.147
675.288 222.916
675.571 200.488
675.854 2.753
676.138 86.261
676.421 105.957
676.704 148.421
676.988 138.979
677.271 128.792
677.555 62.740
677.838 46.193
678.121 -62.326
678.405 84.542
678.688 18.289
678.971 -29.392
679.255 68.118
679.538 -49.102
679.821 63.967
680.105 121.146
680.388 49.495
680.672 -8.667
680.955 -16.983
681.238 -27.407
681.522 6.924
681.805 -6.611
682.088 -11.813
682.372 30.927
682.655 -7.663
682.938 -22.278
683.222 46.615
683.505 -50.516
683.789 -9.764
684.072 -17.079
684.355 -95.350
684.639 -21.238
684.922 23.647
685.205 -44.204
685.489 1.725
685.772 6.951
686.056 -2.457
686.339 -85.094
686.622 -6.628
686.906 -2.454
687.189 -31.682
687.472 -7.674
687.756 62.198
688.039 143.682
688.322 85.226
688.606 42.428
688.889 -33.773
689.173 -90.141
689.456 -75.528
689.739 52.864
690.023 6.927
690.306 -30.613
690.589 19.418
690.873 -21.185
691.156 58.939
691.439 -8.699
691.723 -35.755
692.006 -67.043
692.290 -3.495
692.573 61.929
692.856 -5.558
693.140 60.763
693.423 46.207
693.706 -107.114
693.990 -52.084
694.273 -2.444
694.556 -3.474
694.840 19.269
695.123 104.992
695.407 -71.587
695.690 -13.768
695.973 -62.237
696.257 88.187
696.540 68.549
696.830 -28.131
697.120 43.811
697.410 12.965
697.699 -99.870
697.989 29.330
698.279 -28.076
698.569 -17.802
698.859 72.362
699.149 56.876
699.439 -42.264
699.729 -40.180
700.018 23.084
700.308 -41.160
700.598 -20.773
700.888 51.444
701.178 115.351
701.468 79.736
701.758 32.036
702.048 28.908
702.337 8.714
702.627 -42.767
702.917 -34.695
703.207 2.635
703.497 10.680
703.787 -8.427
704.077 -43.647
704.366 -42.556
704.656 -74.610
704.946 -33.387
705.236 -10.377
705.526 -73.242
705.816 -55.278
706.106 -30.298
706.396 50.409
706.685 67.140
706.975 51.250
707.265 -5.343
707.555 -21.243
707.845 -25.166
708.135 -67.783
708.425 -84.381
708.715 -90.400
709.004 -17.188
709.294 5.538
709.584 -13.211
709.874 52.864
710.164 -39.839
710.454 -30.037
710.744 -54.687
711.034 -38.854
711.323 -57.479
711.613 -81.102
711.903 -41.691
712.193 -2.360
712.483 -59.391
712.773 4.522
713.063 -13.152
713.352 14.297
713.642 -35.585
713.932 3.509
714.222 16.159
714.512 -12.067
714.802 48.057
715.092 -41.091
715.382 17.982
715.671 9.260
715.961 -37.965
716.251 0.570
716.541 -46.591
716.831 -28.278
717.121 30.288
717.411 10.134
717.701 -37.713
717.990 -29.101
718.280 -7.079
718.570 -4.214
718.860 -45.241
719.150 -43.374
719.440 -56.692
719.730 1.515
720.019 -7.075
720.309 23.481
720.599 -12.813
720.889 34.051
721.179 -66.427
721.469 20.673
721.759 7.270
722.049 -9.989
722.338 -77.103
722.628 -80.134
722.918 52.380
723.208 2.481
723.498 -21.558
723.788 -97.614
724.078 12.106
724.368 26.594
724.657 -9.078
724.947 -75.625
725.237 -2.340
725.527 31.444
725.817 37.199
726.107 36.339
726.397 38.273
726.686 27.634
726.976 -41.032
727.266 34.403
727.556 -30.394
727.846 -30.424
728.136 -41.034
728.426 -13.982
728.716 20.901
729.005 -21.735
729.295 -27.549
729.585 4.436
729.875 -51.775
730.165 10.250
730.455 -1.390
730.745 6.375
731.035 5.404
731.324 -23.769
731.614 -19.840
731.904 28.732
732.194 -72.338
732.484 -21.825
732.774 -72.409
733.064 32.649
733.354 -110.348
733.643 -72.623
733.933 -5.301
734.223 -4.327
734.513 2.496
734.803 3.473
735.093 -58.966
735.383 -39.493
735.672 -3.361
735.962 -50.335
736.252 -44.421
736.542 17.196
736.832 44.620
737.122 46.624
737.412 -65.142
737.702 -51.467
737.991 -28.896
738.281 -70.252
738.571 -43.660
738.861 -53.589
739.151 -33.905
739.441 -58.454
739.731 16.275
740.021 1.528
740.310 -21.153
740.600 -15.251
740.890 -60.542
741.180 -62.636
741.470 -12.291
741.760 -26.112
742.050 -10.318
742.339 -66.719
742.629 -12.317
742.919 -41.002
743.209 -15.271
743.499 25.268
743.789 -67.777
744.079 -76.688
744.369 -31.113
744.658 -115.417
744.948 -13.323
745.238 9.458
745.528 -47.034
745.818 -19.304
746.108 -68.907
746.398 -78.907
746.688 -53.088
746.977 1.529
747.267 -2.443
747.557 -122.724
747.847 -8.411
748.137 33.371
748.427 -17.375
748.717 -15.401
749.006 12.475
749.296 -37.314
749.586 -65.138
749.876 35.394
750.166 -7.435
750.456 -42.338
750.746 -33.399
751.036 -89.288
751.325 -52.362
751.615 -76.391
751.905 -49.418
752.195 47.532
752.485 10.532
752.775 32.564
753.065 -38.508
753.355 -30.500
753.644 -14.485
753.934 -12.521
754.224 25.606
754.514 -55.694
754.804 -6.491
755.094 28.613
755.384 -38.589
755.674 0.528
755.963 1.531
756.253 33.660
756.543 -27.557
756.833 -50.729
757.123 -57.706
757.413 -63.795
757.703 -39.675
757.992 -10.529
758.282 70.806
758.572 57.811
758.862 -37.666
759.152 -49.727
759.442 18.595
759.732 11.578
760.022 -18.573
760.311 -69.900
760.601 -103.099
760.891 30.703
761.181 -42.695
761.471 50.823
761.761 24.690
762.051 72.021
762.341 14.604
762.630 -41.776
762.920 -28.685
763.210 54.955
763.500 -4.517
763.793 31.737
764.086 51.877
764.379 12.589
764.671 -24.635
764.964 -59.846
765.257 -27.653
765.550 33.782
765.843 -64.000
766.136 -79.122
766.429 7.571
766.722 -60.916
767.014 0.513
767.307 -37.755
767.600 16.625
767.893 -32.753
768.186 -30.738
768.479 -125.496
768.772 -49.892
769.064 -14.610
769.357 50.863
769.650 -26.708
769.943 -5.533
770.236 18.636
770.529 -55.943
770.822 -55.943
771.115 15.629
771.407 0.508
771.700 -129.664
771.993 -29.795
772.286 46.925
772.579 71.071
772.872 35.788
773.165 -77.116
773.457 -97.277
773.750 -79.213
774.043 6.559
774.336 -32.829
774.629 19.656
774.922 11.603
775.215 -42.888
775.508 -52.872
775.800 -20.626
776.093 24.670
776.386 -44.772
776.679 -65.965
776.972 -39.783
777.265 -38.776
777.558 -27.671
777.850 -67.845
778.143 6.527
778.436 20.618
778.729 -39.705
779.022 44.717
779.315 3.510
779.608 -22.621
779.900 18.585
780.193 -40.712
780.486 -78.824
780.779 51.646
781.072 47.585
781.365 20.552
781.658 20.572
781.951 71.776
782.243 -10.532
782.536 -2.522
782.829 16.554
783.122 -38.667
783.415 -18.569
783.708 15.533
784.001 7.509
784.293 -72.732
784.586 -69.654
784.879 -69.654
785.172 -56.572
785.465 -81.679
785.758 -41.599
786.051 -15.547
786.344 32.483
786.636 -68.586
786.929 -7.525
787.222 44.616
787.515 11.493
787.808 -54.464
788.101 -54.465
788.394 22.458
788.686 40.440
788.979 -36.520
789.272 -14.506
789.565 3.472
789.858 -33.454
790.151 14.464
790.444 -30.492
790.737 -67.523
791.029 -48.426
791.322 37.402
791.615 -14.480
791.908 -25.499
792.201 -9.505
792.494 31.381
792.787 60.234
793.079 -42.398
793.372 -85.185
793.665 -62.339
793.958 -47.385
794.251 -73.307
794.544 -32.398
794.837 21.408
795.130 -33.428
795.422 53.311
795.715 75.245
796.008 -38.452
796.301 -37.380
796.594 2.460
796.887 -101.126
797.180 -4.517
797.472 56.300
797.765 -45.395
798.058 -18.458
798.351 -96.244
798.644 -56.364
798.937 -63.343
799.230 -82.205
799.523 -3.523
799.815 -16.485
800.108 62.279
800.401 22.398
800.694 -9.516
800.987 20.403
801.280 -8.527
801.573 20.443
801.865 45.418
802.158 -63.410
802.451 -26.484
802.744 -9.519
803.037 22.417
803.330 -10.528
803.623 19.422
803.915 -1.536
804.208 8.452
804.501 -79.620
804.794 -81.622
805.087 16.459
805.380 -56.654
805.673 -32.574
805.966 -12.554
806.258 -32.607
806.551 -42.713
806.844 -46.730
807.137 5.484
807.430 -53.759
807.723 -31.671
808.016 -37.695
808.308 0.458
808.601 -43.720
808.894 16.554
809.187 -30.761
809.480 2.469
809.773 -92.006
810.066 -60.912
810.359 -72.051
810.651 -26.789
810.944 -78.173
811.237 -25.780
811.530 -47.980
811.825 11.567
812.119 16.600
812.414 -42.936
812.709 17.626
813.003 1.467
813.298 -47.068
813.593 -66.414
813.887 -73.432
814.182 -57.355
814.476 -66.550
814.771 -82.794
815.066 55.389
815.360 -53.408
815.655 0.454
815.950 9.610
816.244 -3.616
816.539 -68.863
816.834 47.345
817.128 -77.097
817.423 -31.147
817.718 26.017
818.012 -19.032
818.307 -122.496
818.602 13.774
818.896 -23.159
819.191 -103.348
819.486 -44.859
819.780 4.574
820.075 8.712
820.369 8.729
820.664 -24.388
820.959 -40.952
821.253 -16.124
821.548 -113.534
821.843 -44.196
822.137 33.720
822.432 -11.001
822.727 5.671
823.021 -20.420
823.316 8.817
823.611 -30.956
823.905 -141.199
824.200 -20.593
824.495 -64.940
824.789 -44.899
825.084 -46.959
825.379 -57.558
825.673 -20.660
825.968 17.391
826.262 -11.192
826.557 70.599
826.852 48.231
827.146 -67.480
827.441 -35.596
827.736 -31.388
828.030 -20.794
828.325 -15.465
828.620 -16.527
828.914 -9.106
829.209 8.931
829.504 -83.318
829.798 -82.084
830.093 -17.516
830.388 -40.772
830.682 6.789
830.977 18.347
831.271 -52.071
831.566 5.678
831.861 -17.298
832.155 -44.254
832.450 -40.965
832.745 -48.013
833.039 -69.448
833.334 15.774
833.629 -12.778
833.923 -50.075
834.218 -30.728
834.513 22.448
834.807 15.379
835.102 7.358
835.397 19.175
835.691 16.149
835.986 -43.788
836.281 -29.948
836.575 19.983
836.870 5.296
837.164 0.413
837.459 -35.721
837.754 -22.049
838.048 18.025
838.343 11.186
838.638 -33.934
838.932 -62.640
839.227 2.389
839.522 64.836
839.816 -37.356
840.111 -5.581
840.406 -47.772
840.700 -62.141
840.995 -27.973
841.290 -18.981
841.584 -52.851
841.879 14.879
842.174 68.969
842.468 79.850
842.763 34.015
843.057 -23.898
843.352 -11.248
843.647 6.854
843.941 -39.338
844.236 -1.715
844.531 -0.636
844.825 -9.383
845.120 16.920
845.415 52.275
845.709 -30.516
846.004 -88.528
846.299 -95.522
846.593 -123.838
846.888 -27.658
847.183 -28.848
847.477 61.413
847.772 36.789
848.066 33.421
848.361 -56.480
848.656 -51.984
848.950 -15.531
849.245 -95.641
849.540 8.478
849.834 -20.150
850.129 -1.825
850.424 -1.827
850.718 -4.129
851.013 -24.819
851.308 -6.421
851.602 -33.976
851.897 5.071
852.192 -21.347
852.486 -61.390
852.781 -85.446
853.076 34.829
853.370 -43.014
853.665 -28.141
853.959 -57.757
854.254 -49.710
854.549 -79.266
854.843 44.879
855.138 -0.676
855.433 -28.988
855.727 -30.087
856.022 -48.132
856.317 -90.968
856.611 -5.178
856.906 17.286
857.201 20.630
857.495 -67.784
857.790 8.269
858.085 -55.233
858.379 -91.675
858.674 -0.666
858.969 -45.011
859.263 75.580
859.558 21.365
859.852 21.318
860.147 -97.151
860.442 -62.953
860.736 -57.301
861.031 -51.685
861.326 -40.784
861.620 -34.091
861.915 -6.031
862.210 -116.527
862.504 -13.494
862.799 -34.759
863.094 -13.409
863.388 -63.274
863.683 -38.817
863.978 -101.904
864.272 -8.006
864.567 -33.164
864.861 -21.577
865.156 -43.385
865.451 17.059
865.745 44.967
866.040 22.077
866.335 -78.895
866.629 13.778
866.924 65.017
867.219 14.731
867.513 -25.136
867.808 -98.280
868.103 -6.696
868.397 -6.690
868.692 -78.394
868.987 38.739
869.281 -35.789
869.576 -99.810
869.871 17.407
870.165 -67.409
870.460 75.088
870.754 5.356
871.049 42.052
871.344 -85.755
871.638 -46.014
871.933 -28.190
872.228 -78.359
872.522 -87.046
872.817 -45.610
873.112 19.947
873.406 -49.380
873.701 -19.136
873.996 -53.179
874.290 -74.528
874.585 -79.238
874.880 -94.680
875.174 -71.195
875.469 -9.291
875.764 29.328
876.058 8.084
876.353 -14.987
876.647 -46.702
876.942 -35.142
877.237 26.203
877.531 -66.429
877.826 -55.880
878.121 -16.748
878.415 15.557
878.710 9.830
879.005 -33.667
879.299 -50.537
879.594 -39.153
879.889 8.816
880.183 -24.034
880.478 -72.611
880.773 -2.447
881.067 -12.695
881.362 58.957
881.656 90.249
881.951 -7.983
882.246 5.889
882.540 -43.892
882.835 -54.800
883.130 -17.101
883.424 -4.234
883.719 -2.398
884.014 -49.794
884.308 34.951
884.603 13.965
884.898 -77.559
885.192 -32.182
885.487 21.115
885.782 -65.428
886.076 -49.124
886.371 16.494
886.666 -17.602
886.960 -30.131
887.255 -18.466
887.549 14.632
887.844 -35.413
888.139 -38.884
888.433 -36.146
888.728 -53.844
889.023 -36.082
889.317 -9.423
889.612 42.844
889.907 31.302
890.201 -35.070
890.496 -29.735
890.791 -31.475
891.085 9.152
891.380 -26.152
891.675 -110.098
891.969 26.828
892.264 -34.036
892.559 -17.312
892.853 -10.266
893.148 -17.328
893.442 -87.782
893.737 5.615
894.032 -24.346
894.326 -59.589
894.621 -21.703
894.916 50.588
895.210 -20.823
895.505 31.242
895.800 -20.897
896.094 -23.508
896.389 -3.208
896.684 -76.533
896.978 -21.744
897.273 -1.446
897.568 -41.198
897.862 -25.319
898.157 -37.698
898.451 -30.652
898.746 -28.882
899.041 -28.908
899.335 -112.168
899.630 -79.466
899.925 -2.337
900.219 -11.194
900.514 -5.003
900.809 -67.294
901.103 -32.539
901.398 -52.078
901.693 -14.817
901.987 2.995
902.282 -85.165
902.577 -17.520
902.871 -3.245
903.166 -68.368
903.461 -99.679
903.755 -8.616
904.050 -20.288
904.344 -6.860
904.639 -33.760
904.934 -84.059
905.228 -68.024
905.523 -93.456
905.818 -86.165
906.112 94.916
906.407 -15.924
906.702 12.076
906.996 -54.782
907.291 -97.681
907.586 -60.366
907.880 -50.540
908.175 21.232
908.470 -1.496
908.764 -16.027
909.059 -38.839
909.354 13.097
909.648 -19.768
909.943 -17.942
910.237 -41.763
910.532 -54.672
910.827 -72.087
911.121 28.764
911.416 21.464
911.711 107.860
912.005 33.473
912.300 -12.591
912.599 -80.156
912.898 -101.433
913.196 -24.721
913.495 -112.847
913.794 8.690
914.093 -87.883
914.391 -22.000
914.690 -65.905
914.989 -47.293
915.288 26.445
915.586 0.326
915.885 -51.172
916.184 -47.516
916.483 36.912
916.782 -65.462
917.080 -75.801
917.379 -91.951
917.678 -27.005
917.977 -83.793
918.275 -42.245
918.574 -36.673
918.873 -5.369
919.172 2.232
919.471 -84.272
919.769 -76.887
920.068 66.232
920.367 -80.052
920.666 -69.794
920.964 -67.938
921.263 -28.570
921.562 -68.201
921.861 -38.389
922.159 -59.802
922.458 -51.073
922.757 -43.440
923.056 -40.681
923.355 -17.294
923.653 -25.130
923.952 -9.496
924.251 -18.364
924.550 -43.013
924.848 9.231
925.147 3.312
925.446 8.275
925.745 32.148
926.043 -77.350
926.342 -18.641
926.641 -60.660
926.940 -46.800
927.239 -84.165
927.537 -50.162
927.836 -12.814
928.135 -29.068
928.434 -25.062
928.732 -22.103
929.031 -64.137
929.330 -22.217
929.629 41.457
929.927 -21.279
930.226 -2.756
930.525 -59.940
930.824 -0.691
931.123 -103.204
931.421 -101.324
931.720 -54.555
932.019 16.263
932.318 34.437
932.616 1.430
932.915 40.232
933.214 28.563
933.513 -36.712
933.812 -39.150
934.110 -64.895
934.409 -15.235
934.708 -77.326
935.007 -99.282
935.305 -48.873
935.604 -34.456
935.903 -67.764
936.202 -63.662
936.500 -64.349
936.799 -33.618
937.098 47.266
937.397 75.510
937.696 2.952
937.994 -2.131
938.293 -0.864
938.592 -57.083
938.891 -182.585
939.189 -94.731
939.488 -56.310
939.787 -121.299
940.086 43.394
940.384 45.028
940.683 87.665
940.982 59.957
941.281 -37.938
941.580 -31.003
941.878 -90.169
942.177 -22.543
942.476 51.561
942.775 -56.483
943.073 -44.902
943.372 -43.370
943.671 54.870
943.970 92.856
944.268 98.712
944.567 -95.877
944.866 81.023
945.165 -18.365
945.464 -0.848
945.762 -87.926
946.061 -81.765
946.360 -2.275
946.659 26.387
946.957 -25.081
947.256 -70.429
947.555 -33.356
947.854 -12.123
948.153 3.395
948.451 34.101
948.750 -0.810
949.049 28.083
949.348 66.323
949.646 8.740
949.945 -17.029
950.244 34.298
950.543 -7.487
950.841 -75.447
951.140 -47.196
951.439 -3.398
951.738 25.311
952.037 -21.569
952.335 35.372
952.634 -17.464
952.933 45.285
953.232 -55.597
953.530 -58.898
953.829 40.667
954.128 23.043
954.427 30.324
954.725 12.821
955.024 16.455
955.323 -37.259
955.622 -14.065
955.921 -27.283
956.219 22.207
956.518 14.826
956.817 -112.208
957.116 12.318
957.414 78.312
957.713 100.244
958.012 -5.371
958.311 -11.167
958.610 2.796
958.908 0.470
959.207 -0.680
959.506 -24.650
959.805 -51.811
960.103 36.783
960.402 -9.733
960.701 14.018
961.000 57.824
961.298 50.845
961.597 -91.372
961.896 -73.209
962.195 -42.837
962.494 10.403
962.792 -18.258
963.091 -1.760
963.390 4.839
963.689 -73.877
963.987 -70.291
964.286 -13.693
964.585 49.404
964.884 -67.894
965.182 -4.961
965.481 101.507
965.780 20.839
966.080 -12.472
966.380 33.728
966.680 -32.727
966.981 -12.393
967.281 -35.821
967.581 -51.813
967.881 -7.037
968.181 -10.236
968.481 53.502
968.781 17.408
969.082 54.275
969.382 -94.617
969.682 -72.137
969.982 -38.488
970.282 -55.488
970.582 35.303
970.882 36.017
971.183 35.043
971.483 9.849
971.783 33.816
972.083 -46.463
972.383 12.872
972.683 -27.456
972.983 -21.330
973.284 -67.634
973.584 -67.565
973.884 -1.656
974.184 -3.702
974.484 8.653
974.784 53.847
975.084 -54.869
975.385 -103.575
975.685 -40.333
975.985 -9.804
976.285 18.748
976.585 -46.350
976.885 59.281
977.185 92.783
977.486 1.409
977.786 16.640
978.086 21.585
978.386 -45.015
978.686 13.525
978.986 -23.610
979.286 -28.610
979.587 -29.611
979.887 -19.611
980.187 -21.611
980.487 62.389
980.787 40.388
981.087 -18.612
981.387 -10.612
981.688 22.388
981.988 12.387
982.288 -33.613
982.588 -0.613
982.888 -25.613
983.188 69.386
983.488 -54.614
983.789 -94.614
984.089 -23.614
984.389 -54.615
984.689 5.385
984.989 -14.615
985.289 41.385
985.589 -36.616
985.890 7.384
986.190 12.384
986.490 -36.616
986.790 28.383
987.090 20.383
987.390 -61.617
987.690 -22.617
987.991 -40.618
988.291 17.382
988.591 53.382
988.891 -41.618
989.191 -56.619
989.491 33.381
989.791 25.381
990.092 32.381
990.392 -35.619
990.692 -53.620
990.992 -22.620
991.292 0.380
991.592 62.380
991.892 -55.621
992.193 -13.621
992.493 3.379
992.793 -22.621
993.093 -33.622
993.393 4.378
993.693 -57.622
993.993 40.378
994.294 27.377
994.594 20.377
994.894 40.377
995.194 23.377
995.494 -37.624
995.794 -3.624
996.094 16.376
996.395 27.376
996.695 71.376
996.995 -30.625
997.295 30.375
997.595 65.375
997.895 13.375
998.195 2.374
998.496 -32.626
998.796 26.374
999.096 46.374
999.396 -16.627
999.696 5.373
999.996 -29.627
1000.296 -20.627
1000.597 -21.628
1000.897 -48.628
1001.197 -72.628
1001.497 -41.628
1001.797 -59.628
1002.097 -53.629
1002.397 -10.629
1002.698 53.371
1002.998 16.371
1003.298 20.370
1003.598 40.370
1003.898 -3.630
1004.198 -69.630
1004.498 -83.631
1004.799 1.369
1005.099 -2.631
1005.399 39.369
1005.699 10.369
1005.999 -17.632
1006.299 30.368
1006.599 25.368
1006.900 34.368
1007.200 16.367
1007.500 53.367
1007.800 11.367
1008.100 112.367
1008.400 5.366
1008.700 0.366
1009.001 -9.634
1009.301 36.366
1009.601 19.366
1009.901 1.365
1010.201 -68.635
1010.501 -39.635
1010.801 -106.635
1011.102 -4.636
1011.402 5.364
1011.702 65.364
1012.002 -51.636
1012.302 -42.636
1012.602 -61.637
1012.902 -13.637
1013.203 -54.637
1013.503 -19.637
1013.803 20.362
1014.103 -43.638
1014.403 11.362
1014.703 59.362
1015.003 -10.638
1015.304 -87.639
1015.604 -30.639
1015.904 -20.639
1016.204 -8.639
1016.504 -20.640
1016.804 20.360
1017.104 -37.640
1017.405 8.360
1017.705 -37.640
1018.005 -35.641
1018.305 -20.641
1018.605 2.359
1018.905 -24.641
1019.205 -35.642
1019.506 -26.642
1019.806 0.358
1020.106 -34.642
1020.406 -28.642
1020.706 28.357
1021.006 -24.643
1021.306 -103.643
1021.607 -69.643
1021.907 -26.644
1022.207 14.356
1022.507 39.356
1022.807 60.356
1023.107 -40.644
1023.407 1.355
1023.708 7.355
1024.008 -55.645
1024.308 83.355
1024.608 -81.646
1024.908 1.354
1025.208 26.354
1025.508 -87.646
1025.809 -33.646
1026.109 43.353
1026.409 -13.647
1026.709 28.353
1027.009 -30.647
1027.309 -77.647
1027.609 3.352
1027.910 -26.648
1028.210 -5.648
1028.510 46.352
1028.810 -29.649
1029.110 -53.649
1029.410 -58.649
1029.710 -45.649
1030.011 -25.649
1030.311 -74.650
1030.611 -17.650
1030.911 -12.650
1031.211 50.350
1031.511 -36.650
1031.811 -63.651
1032.112 0.349
1032.412 38.349
1032.712 -45.651
1033.012 -33.652
1033.312 19.348
1033.612 -9.652
1033.912 68.348
1034.212 40.348
1034.513 59.347
1034.813 -3.653
1035.113 -27.653
1035.413 -110.653
1035.713 5.347
1036.013 -1.654
1036.313 50.346
1036.614 45.346
1036.914 -35.654
1037.214 -36.654
1037.514 -28.655
1037.814 -57.655
1038.114 18.345
1038.414 -19.655
1038.715 -37.655
1039.015 -14.656
1039.315 64.344
1039.615 84.344
1039.915 -55.656
1040.215 52.343
1040.515 43.343
1040.816 16.343
1041.116 9.343
1041.416 -111.657
1041.716 -29.658
1042.016 12.342
1042.316 49.342
1042.616 63.342
1042.917 1.342
1043.217 9.341
1043.517 -69.659
1043.817 -23.659
1044.117 -22.659
1044.417 -13.659
1044.717 -48.660
1045.018 -85.660
1045.318 28.340
1045.618 10.340
1045.918 -29.660
1046.218 21.339
1046.518 -21.661
1046.818 6.339
1047.119 -54.661
1047.419 -63.661
1047.719 19.338
1048.019 28.338
1048.319 -35.662
1048.619 5.338
1048.919 -65.662
1049.220 -43.663
1049.520 -3.663
1049.820 -32.663
1050.120 -38.663
1050.420 -2.663
1050.720 -23.664
1051.020 29.336
1051.321 -3.664
1051.621 15.336
1051.921 -34.664
1052.221 -0.665
1052.521 -14.665
1052.821 -18.665
1053.121 96.335
1053.422 35.335
1053.722 4.334
1054.022 94.334
1054.322 -1.666
1054.622 -65.666
1054.922 7.334
1055.222 7.333
1055.523 34.333
1055.823 -16.667
1056.123 -51.667
1056.423 -11.667
1056.723 -63.668
1057.023 -56.668
1057.323 -13.668
1057.624 -18.668
1057.924 25.332
1058.224 -49.669
1058.524 -5.669
1058.824 15.331
1059.124 -24.669
1059.424 -28.669
1059.725 -34.670
1060.025 18.330
1060.325 -39.670
1060.625 -24.670
1060.925 -19.670
1061.225 -87.671
1061.525 3.329
1061.826 57.329
1062.126 -6.671
1062.426 16.329
1062.726 -23.672
1063.026 -25.672
1063.326 -21.672
1063.626 14.328
1063.927 18.328
1064.227 -73.672
1064.527 -72.673
1064.827 26.327
1065.127 57.327
1065.427 15.327
1065.727 -1.673
1066.028 -29.674
1066.328 -10.674
1066.628 33.326
1066.928 -51.674
1067.228 -50.674
1067.528 -9.675
1067.828 73.325
1068.129 89.325
1068.429 -10.675
1068.729 -81.675
1069.029 10.324
1069.329 50.324
1069.629 -49.676
1069.929 5.324
1070.230 -59.676
1070.530 10.323
1070.830 23.323
1071.130 -1.677
1071.430 -66.677
1071.730 -26.677
1072.030 4.323
1072.331 -21.678
1072.631 -24.678
1072.931 -45.678
1073.231 54.322
1073.531 -7.678
1073.831 28.321
1074.131 -27.679
1074.432 -16.679
1074.732 -13.679
1075.032 -38.679
1075.332 2.320
1075.632 -13.680
1075.932 -42.680
1076.232 8.320
1076.533 -0.680
1076.833 22.320
1077.133 -32.681
1077.433 18.319
1077.733 -41.681
1078.033 -42.681
1078.333 -30.681
1078.634 -68.682
1078.934 17.318
1079.234 25.318
1079.534 -5.682
1079.834 -0.682
1080.134 -18.682
1080.434 -17.683
1080.735 13.317
1081.035 -37.683
1081.335 -97.683
1081.635 -80.683
1081.935 -16.684
1082.235 16.316
1082.535 39.316
1082.836 -5.684
1083.136 57.316
1083.436 8.316
1083.736 -73.685
1084.036 -48.685
1084.336 -55.685
1084.636 46.315
1084.937 -3.685
1085.237 -54.686
1085.537 -55.686
1085.837 -54.686
1086.137 -124.686
1086.437 -0.686
1086.737 -35.686
1087.038 -78.687
1087.338 -40.687
1087.638 -38.687
1087.938 -65.687
1088.238 7.313
1088.538 1.312
1088.838 -86.688
1089.139 -19.688
1089.439 -60.688
1089.739 -19.688
1090.039 46.312
1090.339 0.311
1090.639 85.311
1090.939 -23.689
1091.240 8.311
1091.540 -6.689
1091.840 -52.690
1092.140 -25.690
1092.453 -113.690
1092.766 -61.690
1093.079 -39.690
1093.392 -7.690
1093.705 11.309
1094.018 10.309
1094.330 -13.691
1094.643 -165.691
1094.956 -54.691
1095.269 -74.691
1095.582 13.308
1095.895 76.308
1096.208 -32.692
1096.521 -17.692
1096.834 -3.692
1097.147 90.307
1097.460 -37.693
1097.773 -24.693
1098.085 18.307
1098.398 19.307
1098.711 40.307
1099.024 83.306
1099.337 2.306
1099.650 -50.694
1099.963 12.306
1100.276 33.306
1100.589 -21.694
1100.902 -16.695
1101.215 8.305
1101.528 -19.695
1101.841 -0.695
1102.153 -52.695
1102.466 -22.695
1102.779 45.304
1103.092 15.304
1103.405 -51.696
1103.718 -32.696
1104.031 34.304
1104.344 46.303
1104.657 11.303
1104.970 -17.697
1105.283 6.303
1105.596 72.303
1105.909 -16.697
1106.221 -21.698
1106.534 -5.698
1106.847 -15.698
1107.160 -24.698
1107.473 -46.698
1107.786 -5.698
1108.099 -34.699
1108.412 51.301
1108.725 -13.699
1109.038 4.301
1109.351 20.301
1109.664 18.301
1109.977 33.300
1110.289 -50.700
1110.602 -55.700
1110.915 -39.700
1111.228 -47.700
1111.541 33.300
1111.854 94.299
1112.167 23.299
1112.480 -25.701
1112.793 -69.701
1113.106 -70.701
1113.419 9.299
1113.732 -72.702
1114.044 41.298
1114.357 -49.702
1114.670 10.298
1114.983 -7.702
1115.296 -46.702
1115.609 -43.703
1115.922 -15.703
1116.235 -0.703
1116.548 5.297
1116.861 -43.703
1117.174 -94.703
1117.487 -30.704
1117.800 5.296
1118.112 23.296
1118.425 -41.704
1118.738 -4.704
1119.051 22.296
1119.364 -26.705
1119.677 76.295
1119.990 4.295
1120.303 -15.705
1120.616 99.295
1120.929 7.295
1121.242 -71.706
1121.555 -29.706
1121.868 -48.706
1122.180 -8.706
1122.493 2.294
1122.806 94.294
1123.119 26.293
1123.432 -36.707
1123.745 32.293
1124.058 -21.707
1124.371 -66.707
1124.684 17.293
1124.997 -75.708
1125.310 -39.708
1125.623 -41.708
1125.935 23.292
1126.248 -3.708
1126.561 14.292
1126.874 47.291
1127.187 -36.709
1127.500 -2.709
1127.813 48.291
1128.126 29.291
1128.439 -85.709
1128.752 5.291
1129.065 90.290
1129.378 14.290
1129.691 8.290
1130.003 -103.710
1130.316 -88.710
1130.629 -44.710
1130.942 -95.711
1131.255 7.289
1131.568 4.289
1131.881 33.289
1132.194 32.289
1132.507 49.289
1132.820 67.288
1133.133 -105.712
1133.446 -71.712
1133.759 6.288
1134.071 11.288
1134.384 -47.712
1134.697 -28.713
1135.010 35.287
1135.323 59.287
1135.636 -4.713
1135.949 -85.713
1136.262 -81.713
1136.575 16.287
1136.888 24.286
1137.201 -21.714
1137.514 -15.714
1137.826 -12.714
1138.139 -4.714
1138.452 17.286
1138.765 -74.715
1139.078 -30.715
1139.391 -48.715
1139.704 5.285
1140.017 -18.715
1140.330 -30.715
1140.643 -84.716
1140.956 -58.716
1141.269 11.284
1141.582 19.284
1141.894 21.284
1142.207 -29.716
1142.520 38.284
1142.833 -75.717
1143.146 -19.717
1143.459 -30.717
1143.772 12.283
1144.085 -20.717
1144.398 -38.717
1144.711 -28.718
1145.024 6.282
1145.337 52.282
1145.650 -40.718
1145.962 50.282
1146.275 31.282
1146.588 57.282
1146.901 -6.719
1147.214 19.281
1147.527 -39.719
1147.840 -64.719
1148.153 -64.719
1148.466 -30.719
1148.779 -50.720
1149.092 0.280
1149.405 -26.720
1149.718 -53.720
1150.030 8.280
1150.343 4.280
1150.656 -43.720
1150.969 -70.721
1151.282 -39.721
1151.595 36.279
1151.908 -102.721
1152.221 -56.721
1152.534 -37.721
1152.847 -12.722
1153.160 57.278
1153.473 20.278
1153.785 60.278
1154.098 78.278
1154.411 27.278
1154.724 17.278
1155.037 -67.723
1155.350 -17.723
1155.663 6.277
1155.976 23.277
1156.289 5.277
1156.602 9.277
1156.915 30.277
1157.228 11.276
1157.541 -26.724
1157.853 -45.724
1158.166 2.276
1158.479 9.276
1158.792 -11.724
1159.105 -47.725
1159.418 -39.725
1159.731 -55.725
1160.044 -46.725
1160.357 -92.725
1160.670 17.275
1160.983 -56.725
1161.296 19.274
1161.609 20.274
1161.921 -20.726
1162.234 14.274
1162.547 -6.726
1162.860 24.274
1163.173 -65.726
1163.486 6.273
1163.799 -47.727
1164.112 -57.727
1164.425 0.273
1164.738 -11.727
1165.051 6.273
1165.364 53.273
1165.676 -47.728
1165.989 60.272
1166.302 3.272
1166.615 -79.728
1166.928 17.272
1167.241 -76.728
1167.554 -45.728
1167.867 -75.729
1168.180 -27.729
1168.493 -17.729
1168.806 30.271
1169.119 29.271
1169.432 -55.729
1169.744 -89.730
1170.057 0.270
1170.370 -33.730
1170.683 0.270
1170.996 -58.730
1171.309 -20.730
1171.622 -142.730
1171.935 -78.731
1172.248 14.269
1172.561 -1.731
1172.874 -53.731
1173.187 90.269
1173.500 55.269
1173.812 99.269
1174.125 -21.732
1174.438 -26.732
1174.751 -39.732
1175.064 16.268
1175.377 -23.732
1175.690 -7.732
1176.003 -39.732
1176.316 20.267
1176.629 64.267
1176.942 38.267
1177.255 -30.733
1177.567 -34.733
1177.880 -28.733
1178.193 -93.733
1178.506 19.266
1178.819 -56.734
1179.132 -48.734
1179.445 -22.734
1179.758 -19.734
1180.071 33.266
1180.384 40.266
1180.697 8.265
1181.010 2.265
1181.323 51.265
1181.635 -6.735
1181.948 -16.735
1182.261 -15.735
1182.574 -46.735
1182.887 -4.735
1183.200 -27.736
1183.513 -11.736
1183.826 -4.736
1184.139 -33.736
1184.452 -18.736
1184.765 -8.736
1185.078 -53.736
1185.391 43.263
1185.703 -10.737
1186.016 -51.737
1186.329 16.263
1186.642 41.263
1186.955 -78.737
1187.268 -76.737
1187.581 -6.738
1187.894 -10.738
1188.207 60.262
1188.520 32.262
1188.833 1.262
1189.146 42.262
1189.459 -17.738
1189.771 3.261
1190.084 -70.739
1190.397 -14.739
1190.710 -13.739
1191.023 -76.739
1191.336 -45.739
1191.649 -31.739
1191.962 44.260
1192.275 40.260
1192.588 -62.740
1192.901 -31.740
1193.214 4.260
1193.526 -71.740
1193.839 -66.740
1194.152 -47.740
1194.465 -1.741
1194.778 71.259
1195.091 8.259
1195.404 -10.741
1195.717 -49.741
1196.030 -55.741
1196.343 14.259
1196.656 -34.742
1196.969 22.258
1197.282 -41.742
1197.594 -28.742
1197.907 31.258
1198.220 -27.742
1198.533 -41.742
1198.846 -38.742
1199.159 -0.743
1199.472 -68.743
1199.785 5.257
1200.098 -38.743
1200.411 8.257
1200.724 61.257
1201.037 -8.743
1201.350 -12.744
1201.662 -32.744
1201.975 -37.744
1202.288 -81.744
1202.601 -38.744
