165.028 10.950
165.288 88.921
165.547 2.892
165.807 -9.136
166.067 61.835
166.327 22.806
166.587 -0.223
166.847 -50.253
167.107 -60.282
167.367 -70.312
167.627 -0.342
167.886 -31.371
168.146 39.599
168.406 31.568
168.666 2.538
168.926 -15.492
169.186 -53.523
169.446 -56.553
169.706 -9.584
169.966 45.385
170.225 20.354
170.485 -48.677
170.745 21.292
171.005 -25.740
171.265 13.229
171.525 -80.803
171.785 -42.835
172.045 -34.866
172.305 -32.898
172.564 -7.930
172.824 11.038
173.084 -33.995
173.344 -35.027
173.604 -20.060
173.864 -22.092
174.124 37.875
174.384 61.842
174.644 -81.191
174.903 -16.223
175.163 38.743
175.423 -76.290
175.683 20.677
175.943 18.644
176.203 8.610
176.463 -6.423
176.723 -14.457
176.983 10.509
177.242 19.475
177.502 23.442
177.762 -58.592
178.022 -94.626
178.282 14.339
178.542 17.305
178.802 -46.729
179.062 -75.764
179.322 -19.798
179.581 -54.833
179.841 7.133
180.101 -47.902
180.361 -45.937
180.621 -39.971
180.881 -55.006
181.141 -5.041
181.401 13.924
181.661 -36.111
181.920 78.853
182.180 -12.182
182.440 54.783
182.700 50.747
182.960 56.712
183.220 -3.323
183.480 24.641
183.740 -22.395
184.000 10.570
184.259 12.534
184.519 51.498
184.779 -2.538
185.039 29.427
185.299 7.391
185.559 -15.645
185.819 -22.681
186.079 -34.717
186.339 -9.753
186.598 14.210
186.858 -50.826
187.118 -38.862
187.378 4.102
187.638 -3.935
187.898 11.029
188.158 -53.007
188.418 -40.044
188.678 -89.080
188.937 -72.117
189.197 21.847
189.457 -89.190
189.717 -5.227
189.977 1.737
190.237 46.700
190.497 5.663
190.757 35.627
191.017 -49.410
191.276 33.553
191.536 -56.484
191.796 -84.521
192.056 32.443
192.316 -54.594
192.576 -48.631
192.836 17.332
193.096 55.295
193.356 12.258
193.616 -0.779
193.875 4.184
194.135 25.147
194.395 77.110
194.655 -21.927
194.915 23.036
195.175 -41.001
195.435 31.962
195.695 43.925
195.955 -11.113
196.214 -11.150
196.474 2.813
196.734 -13.224
196.994 82.739
197.254 52.702
197.514 30.665
197.774 -10.373
198.034 -29.410
198.294 24.553
198.553 12.516
198.813 26.479
199.073 24.442
199.333 -105.595
199.593 -23.633
199.853 4.330
200.113 7.293
200.373 68.256
200.633 23.219
200.892 -0.818
201.152 1.145
201.412 -56.892
201.672 -22.930
201.932 25.033
202.192 -33.004
202.452 5.959
202.712 -13.078
202.972 39.885
203.231 -53.152
203.491 -112.189
203.751 -25.226
204.011 -8.263
204.271 -8.300
204.531 -50.337
204.791 -40.374
205.051 -70.411
205.311 -21.448
205.570 47.515
205.830 7.478
206.090 -14.558
206.350 -49.595
206.610 30.368
206.870 18.331
207.130 23.294
207.390 -50.742
207.650 8.221
207.909 14.184
208.169 9.148
208.429 -12.889
208.689 -51.926
208.949 40.038
209.209 -42.999
209.469 21.965
209.729 -18.072
209.989 -50.108
210.248 -18.145
210.508 -60.181
210.768 -20.218
211.028 -80.254
211.288 22.710
211.548 52.673
211.808 -1.363
212.068 27.601
212.328 4.565
212.587 19.528
212.847 16.492
213.107 -39.544
213.367 -4.580
213.627 24.384
213.887 9.348
214.147 -59.688
214.407 10.276
214.667 40.240
214.926 32.205
215.186 88.169
215.446 10.133
215.706 -30.903
215.966 -28.938
216.226 67.026
216.486 -14.010
216.746 -125.045
217.006 -19.081
217.265 -69.116
217.525 -13.152
217.785 -35.187
218.045 -71.222
218.305 -11.258
218.565 52.707
218.825 -17.328
219.085 11.637
219.345 29.602
219.604 51.567
219.864 39.532
220.124 -56.503
220.384 45.462
220.644 -6.573
220.904 -91.608
221.164 -44.643
221.424 78.322
221.684 -8.712
221.943 -50.747
222.203 10.219
222.463 66.184
222.723 7.149
222.983 -33.885
223.243 18.081
223.503 -80.954
223.763 -54.988
224.023 49.978
224.282 -38.056
224.542 6.909
224.802 -103.125
225.062 19.841
225.322 -7.193
225.582 13.773
225.842 31.740
226.102 32.706
226.362 -29.328
226.621 -36.362
226.881 42.605
227.141 61.571
227.401 -11.463
227.661 5.504
227.921 -21.530
228.181 5.437
228.441 -23.596
228.701 61.370
228.960 15.337
229.220 -0.696
229.480 -27.729
229.740 -80.762
230.000 -69.795
230.260 -4.828
230.520 -9.861
230.780 87.106
231.040 -29.927
231.299 33.041
231.559 -22.992
231.819 -58.024
232.079 -2.057
232.339 6.911
232.599 -71.122
232.859 -90.154
233.119 -24.187
233.379 -6.219
233.638 -70.251
233.898 -65.283
234.158 -12.315
234.418 -56.347
234.678 76.621
234.938 4.589
235.198 -68.443
235.458 21.525
235.718 -75.506
235.978 -5.538
236.237 -37.570
236.497 -91.601
236.757 -20.633
237.017 9.336
237.277 -65.695
237.537 -45.727
237.797 -16.758
238.057 -11.789
238.317 -86.820
238.576 -83.851
238.836 11.118
239.096 -11.913
239.356 -4.944
239.616 67.025
239.876 27.995
240.136 41.964
240.396 2.933
240.656 -89.097
240.915 22.872
241.175 -2.158
241.435 -88.188
241.695 -126.219
241.955 67.751
242.215 -21.279
242.475 -46.309
242.735 3.661
242.995 75.631
243.254 22.601
243.514 -7.429
243.774 45.541
244.034 67.511
244.294 37.482
244.554 41.452
244.814 63.423
245.074 -24.607
245.334 -84.636
245.593 -32.666
245.853 32.305
246.113 1.276
246.373 -8.753
246.633 -13.782
246.893 -16.811
247.153 -47.840
247.413 -11.869
247.673 -80.898
247.932 -38.927
248.192 -46.956
248.452 91.016
248.712 -14.013
248.972 -29.042
249.232 2.930
249.492 -60.098
249.752 -4.127
250.012 102.845
250.271 60.817
250.531 2.789
250.791 -31.240
251.051 22.732
251.311 -28.296
251.571 33.677
251.831 5.649
252.091 -35.379
252.351 32.593
252.610 15.566
252.870 -4.462
253.130 -24.490
253.390 -28.517
253.650 4.455
253.911 43.428
254.172 -37.599
254.433 -4.626
254.694 -73.654
254.955 -28.681
255.216 -34.708
255.477 -11.735
255.738 -31.762
255.999 -41.788
256.261 -24.815
256.522 -30.842
256.783 4.131
257.044 62.105
257.305 -5.922
257.566 -42.948
257.827 -5.975
258.088 -2.001
258.349 -26.027
258.610 -5.053
258.871 10.920
259.132 -59.106
259.393 13.868
259.654 15.842
259.915 2.816
260.176 -9.209
260.437 -80.235
260.698 -42.261
260.959 4.713
261.221 -18.312
261.482 -34.338
261.743 20.637
262.004 -3.389
262.265 -15.414
262.526 22.561
262.787 -64.465
263.048 -79.490
263.309 -5.515
263.570 -63.540
263.831 -65.565
264.092 17.410
264.353 -22.615
264.614 -40.640
264.875 -14.664
265.136 -53.689
265.397 -49.714
265.658 -17.738
265.919 -46.763
266.181 -5.787
266.442 -42.812
266.703 -91.836
266.964 40.140
267.225 -37.885
267.486 -40.909
267.747 -35.933
268.008 -35.957
268.269 20.019
268.530 28.995
268.791 -41.029
269.052 -64.053
269.313 -105.076
269.574 7.900
269.835 48.876
270.096 13.853
270.357 -64.171
270.618 -90.194
270.879 2.782
271.141 -36.241
271.402 -56.264
271.663 -56.287
271.924 -58.311
272.185 -85.334
272.446 -62.357
272.707 -61.380
272.968 -73.403
273.229 -17.426
273.490 -37.448
273.751 18.529
274.012 -48.494
274.273 -71.517
274.534 -5.539
274.795 1.438
275.056 -81.584
275.317 -26.607
275.578 27.371
275.839 -57.651
276.101 -30.674
276.362 -3.696
276.623 -0.718
276.884 -19.740
277.145 -44.762
277.406 -12.784
277.667 0.194
277.928 -10.828
278.189 29.150
278.450 -6.871
278.711 -5.893
278.972 -37.915
279.233 3.064
279.494 16.042
279.755 42.021
280.016 -26.001
280.277 -19.022
280.538 13.956
280.799 -75.065
281.061 5.914
281.322 -5.107
281.583 38.872
281.844 -100.149
282.105 15.830
282.366 -46.191
282.627 36.788
282.888 -24.233
283.149 -13.254
283.410 -53.275
283.671 18.705
283.932 -19.316
284.193 -86.336
284.454 -19.357
284.715 16.623
284.976 -41.398
285.237 -19.418
285.498 19.561
285.759 39.541
286.021 51.521
286.282 -18.499
286.543 30.481
286.804 27.461
287.065 -18.559
287.326 -38.579
287.587 -80.599
287.848 -9.619
288.109 -0.639
288.370 23.341
288.631 9.322
288.892 -59.698
289.153 -101.717
289.414 2.263
289.675 -37.757
289.936 -90.776
290.197 -38.795
290.458 -11.815
290.719 -58.834
290.981 18.147
291.242 16.128
291.503 1.108
291.764 49.089
292.025 -64.930
292.286 -103.949
292.547 -5.968
292.808 -42.987
293.069 -57.005
293.330 12.976
293.591 -43.043
293.852 -76.062
294.113 47.920
294.374 -6.099
294.635 -49.117
294.896 -19.136
295.157 40.846
295.418 -79.173
295.679 -16.191
295.941 -11.210
296.202 -15.228
296.463 -21.246
296.724 -40.264
296.985 26.718
297.246 48.700
297.507 -76.318
297.768 -53.336
298.029 -9.354
298.290 -21.372
298.551 38.610
298.812 -11.408
299.073 40.574
299.334 -58.443
299.595 -86.461
299.856 -8.479
300.117 -15.496
300.378 -13.514
300.639 4.469
300.901 25.451
301.162 -26.566
301.423 5.416
301.684 -27.601
301.945 -4.618
302.206 -30.635
302.467 16.348
302.728 15.330
302.989 -10.687
303.250 58.296
303.511 4.279
303.772 -20.738
304.033 -62.755
304.294 -11.771
304.555 -119.788
304.816 -145.805
305.077 -15.822
305.338 48.162
305.599 40.145
305.861 -46.872
306.122 -37.888
306.383 -0.905
306.644 -125.921
306.905 -61.938
307.166 -116.954
307.427 -106.970
307.688 -45.987
307.949 -72.003
308.210 -77.019
308.471 45.965
308.732 -0.051
308.993 52.932
309.254 51.916
309.515 42.900
309.776 33.884
310.037 -46.132
310.298 57.853
310.559 -53.163
310.821 -1.179
311.082 59.805
311.343 4.789
311.604 22.774
311.865 -96.242
312.126 -50.257
312.387 -31.273
312.648 23.711
312.909 -44.304
313.170 49.681
313.434 9.665
313.698 31.650
313.963 -35.366
314.227 -1.381
314.491 9.604
314.755 -79.411
315.019 -29.426
315.284 70.558
315.548 67.543
315.812 29.528
316.076 -60.487
316.340 -67.502
316.604 -29.517
316.869 -12.531
317.133 -16.546
317.397 18.439
317.661 -74.576
317.925 -67.591
318.190 -2.605
318.454 -20.620
318.718 -118.635
318.982 -12.649
319.246 -3.664
319.511 23.322
319.775 1.307
320.039 -56.707
320.303 28.278
320.567 -64.736
320.832 89.250
321.096 -28.764
321.360 38.221
321.624 41.207
321.888 -80.807
322.153 -161.821
322.417 -8.835
322.681 -62.849
322.945 -83.863
323.209 -8.877
323.473 -75.891
323.738 -28.905
324.002 -70.919
324.266 -32.933
324.530 -32.947
324.794 -62.961
325.059 19.026
325.323 80.012
325.587 11.998
325.851 -42.015
326.115 18.971
326.380 16.957
326.644 -29.056
326.908 -2.070
327.172 -24.083
327.436 -10.097
327.701 -110.110
327.965 22.877
328.229 -44.137
328.493 68.850
328.757 -3.163
329.022 -79.176
329.286 -53.190
329.550 -68.203
329.814 -108.216
330.078 -48.229
330.342 -41.242
330.607 -62.255
330.871 19.732
331.135 -7.281
331.399 -41.294
331.663 -18.307
331.928 -18.320
332.192 76.667
332.456 21.655
332.720 -22.358
332.984 48.629
333.249 -36.384
333.513 -42.396
333.777 28.591
334.041 18.579
334.305 75.566
334.570 27.553
334.834 -45.459
335.098 47.529
335.362 49.516
335.626 3.504
335.891 -12.509
336.155 -40.521
336.419 56.467
336.683 47.454
336.947 0.442
337.211 17.430
337.476 25.418
337.740 -10.594
338.004 -36.607
338.268 -31.619
338.532 -17.631
338.797 -8.643
339.061 -97.655
339.325 -36.667
339.589 23.321
339.853 -46.691
340.118 68.297
340.382 57.286
340.646 19.274
340.910 29.262
341.174 21.250
341.439 52.238
341.703 -25.773
341.967 45.215
342.231 51.203
342.495 -119.808
342.759 -17.820
343.024 16.169
343.288 -14.843
343.552 -54.854
343.816 -47.866
344.080 -72.877
344.345 -73.889
344.609 -54.900
344.873 -34.911
345.137 -68.923
345.401 -23.934
345.666 -29.945
345.930 -36.957
346.194 44.032
346.458 -1.979
346.722 -60.990
346.987 -42.001
347.251 36.988
347.515 -57.023
347.779 -14.035
348.043 -3.046
348.308 -32.057
348.572 -41.068
348.836 -48.078
349.100 -98.089
349.364 -80.100
349.628 -3.111
349.893 -41.122
350.157 29.867
350.421 -28.144
350.685 -2.154
350.949 -6.165
351.214 42.824
351.478 -22.186
351.742 1.803
352.006 -50.208
352.270 -12.218
352.535 30.771
352.799 -70.239
353.063 -6.250
353.327 -47.260
353.591 12.729
353.856 -46.281
354.120 -54.292
354.384 -27.302
354.648 -42.312
354.912 -19.323
355.177 -39.333
355.441 0.657
355.705 -43.354
355.969 20.636
356.233 -28.374
356.497 -86.384
356.762 -73.394
357.026 53.596
357.290 -65.415
357.554 -39.425
357.818 -61.435
358.083 -6.445
358.347 -32.455
358.611 -9.465
358.875 -63.475
359.139 1.515
359.404 7.505
359.668 -53.504
359.932 -116.514
360.196 -79.524
360.460 -36.534
360.725 -67.544
360.989 -51.553
361.253 -11.563
361.517 1.427
361.781 82.417
362.046 -10.592
362.310 -77.602
362.574 -18.612
362.838 -11.621
363.102 -5.631
363.366 44.360
363.631 -14.650
363.895 -3.659
364.159 -23.669
364.423 -84.678
364.687 -85.688
364.952 -63.697
365.216 -40.707
365.480 45.284
365.747 -5.725
366.013 -53.735
366.280 25.256
366.546 -17.753
366.813 -17.762
367.079 -66.772
367.346 -88.781
367.612 -59.790
367.879 -45.799
368.145 -46.808
368.412 -21.817
368.678 -90.827
368.945 -38.836
369.211 29.155
369.478 -11.854
369.744 -12.863
370.011 -22.872
370.278 -43.881
370.544 33.110
370.811 -35.899
371.077 -62.907
371.344 -30.916
371.610 43.075
371.877 28.066
372.143 4.057
372.410 -16.952
372.676 -18.960
372.943 -43.969
373.209 -28.978
373.476 39.013
373.742 2.005
374.009 2.996
374.276 18.987
374.542 -43.021
374.809 -35.030
375.075 36.962
375.342 14.953
375.608 30.944
375.875 28.936
376.141 9.927
376.408 -25.081
376.674 -71.090
376.941 -8.098
377.207 -50.106
377.474 -70.115
377.740 -15.123
378.007 57.868
378.273 -56.140
378.540 -103.148
378.807 -65.157
379.073 -44.165
379.340 -14.173
379.606 11.819
379.873 -6.190
380.139 21.802
380.406 12.794
380.672 10.786
380.939 -48.222
381.205 -75.230
381.472 -52.239
381.738 -40.247
382.005 -75.255
382.271 -31.263
382.538 -62.271
382.804 -12.279
383.071 -13.287
383.338 -32.295
383.604 32.697
383.871 -56.311
384.137 -12.319
384.404 -68.327
384.670 -63.334
384.937 -31.342
385.203 27.650
385.470 -9.358
385.736 -72.366
386.003 -53.374
386.269 -29.381
386.536 -85.389
386.802 -61.397
387.069 -111.405
387.336 -52.412
387.602 -80.420
387.869 62.572
388.135 -32.435
388.402 28.557
388.668 -56.451
388.935 8.542
389.201 -14.466
389.468 -61.473
389.734 -26.481
390.001 -31.488
390.267 -19.496
390.534 -30.503
390.800 20.489
391.067 -19.518
391.333 53.474
391.600 15.467
391.867 -72.541
392.133 -10.548
392.400 -88.555
392.666 -108.563
392.933 -30.570
393.199 -50.577
393.466 26.415
393.732 -56.592
393.999 9.401
394.265 -69.606
394.532 -91.614
394.798 -47.621
395.065 -52.628
395.331 39.365
395.598 84.358
395.864 55.350
396.131 -65.657
396.398 48.336
396.664 18.329
396.931 -75.678
397.197 -35.685
397.464 -52.692
397.730 -54.699
397.997 48.294
398.263 -18.713
398.530 22.280
398.796 -42.727
399.063 15.266
399.329 -48.741
399.596 -58.748
399.862 -70.755
400.129 37.238
400.396 -31.769
400.662 24.224
400.929 -52.782
401.195 15.211
401.462 -6.796
401.728 37.197
401.995 13.190
402.261 27.184
402.528 13.177
402.794 69.170
403.061 84.163
403.327 18.157
403.594 74.150
403.860 111.143
404.127 199.137
404.393 153.130
404.660 218.123
404.931 222.117
405.202 136.110
405.473 190.103
405.745 213.097
406.016 240.090
406.287 296.084
406.558 222.077
406.829 225.071
407.100 296.064
407.371 315.058
407.642 298.051
407.914 313.045
408.185 327.038
408.456 366.032
408.727 317.026
408.998 248.019
409.269 330.013
409.540 283.006
409.811 315.000
410.083 324.994
410.354 358.987
410.625 295.981
410.896 249.975
411.167 322.968
411.438 238.962
411.709 255.956
411.981 221.950
412.252 219.943
412.523 225.937
412.794 171.931
413.065 206.925
413.336 208.919
413.607 216.912
413.878 145.906
414.150 187.900
414.421 257.894
414.692 136.888
414.963 73.882
415.234 175.876
415.505 59.870
415.776 78.864
416.047 44.858
416.319 4.852
416.590 115.846
416.861 -37.160
417.132 11.834
417.403 23.828
417.674 -11.178
417.945 25.816
418.217 50.810
418.488 57.804
418.759 -39.202
419.030 51.792
419.301 -84.214
419.572 -59.220
419.843 -21.226
420.114 73.769
420.386 -95.237
420.657 -36.243
420.928 -24.249
421.199 -27.255
421.470 82.740
421.741 -5.266
422.012 -19.272
422.283 24.722
422.555 58.717
422.826 27.711
423.097 -49.295
423.368 -26.301
423.639 30.694
423.910 -11.312
424.181 -35.318
424.453 -56.323
424.724 14.671
424.995 -77.334
425.266 -38.340
425.537 33.654
425.808 -21.351
426.079 -35.357
426.350 32.638
426.622 3.632
426.893 -31.373
427.164 -14.379
427.435 -69.384
427.706 7.610
427.977 -111.395
428.248 -49.401
428.519 -98.406
428.791 -79.412
429.062 -1.417
429.333 11.577
429.604 35.572
429.875 -34.434
430.146 -17.439
430.417 -85.444
430.689 -61.450
430.960 -17.455
431.231 -53.460
431.502 -101.466
431.773 -7.471
432.044 -16.476
432.315 -19.482
432.586 21.513
432.858 -10.492
433.129 -47.497
433.400 -46.503
433.671 -56.508
433.942 -22.513
434.213 -47.518
434.484 2.476
434.755 -12.529
435.027 35.466
435.298 -3.539
435.569 -54.544
435.840 -65.550
436.116 -75.555
436.391 8.440
436.667 -4.565
436.942 4.430
437.218 21.425
437.493 -3.580
437.769 8.415
438.045 -111.590
438.320 -15.595
438.596 -21.600
438.871 -5.606
439.147 -100.611
439.422 -105.616
439.698 32.379
439.974 6.374
440.249 -85.631
440.525 -38.636
440.800 15.360
441.076 -89.645
441.351 -55.650
441.627 -39.655
441.903 -18.660
442.178 -28.665
442.454 -115.670
442.729 -15.675
443.005 -43.680
443.281 -44.685
443.556 9.310
443.832 -21.694
444.107 21.301
444.383 -85.704
444.658 -37.709
444.934 17.286
445.210 -38.719
445.485 85.277
445.761 2.272
446.036 10.267
446.312 -26.738
446.587 -9.742
446.863 -48.747
447.139 -23.752
447.414 -104.757
447.690 -103.761
447.965 9.234
448.241 -16.771
448.516 -5.775
448.792 -42.780
449.068 15.215
449.343 105.211
449.619 13.206
449.894 60.201
450.170 -38.803
450.445 -33.808
450.721 -24.812
450.997 16.183
451.272 -4.822
451.548 -46.826
451.823 -12.831
452.099 11.165
452.375 -9.840
452.650 15.156
452.926 17.151
453.201 -22.853
453.477 -66.858
453.752 40.138
454.028 1.133
454.304 27.129
454.579 16.124
454.855 61.120
455.130 91.115
455.406 31.111
455.681 9.106
455.957 73.102
456.233 28.097
456.508 -8.907
456.784 -43.911
457.059 20.084
457.335 37.080
457.610 -16.925
457.886 2.071
458.162 9.067
458.437 13.062
458.713 -37.942
458.988 -25.946
459.264 29.049
459.539 13.045
459.815 -102.959
460.091 20.036
460.366 -66.968
460.642 8.028
460.917 -54.976
461.193 10.019
461.468 79.015
461.744 23.011
462.020 -0.993
462.295 -57.998
462.571 -39.002
462.846 -37.006
463.122 -33.010
463.397 -44.014
463.673 -47.971
463.949 43.933
464.224 -63.963
464.500 -40.990
464.775 -42.035
465.051 -80.878
465.327 -42.001
465.602 -73.900
465.878 -41.011
466.153 65.813
466.429 -18.042
466.704 -7.050
466.980 8.932
467.256 21.928
467.531 -50.126
467.807 47.014
468.082 8.933
468.358 -93.182
468.633 50.108
468.909 1.911
469.185 0.904
469.460 -90.648
469.736 -8.166
470.011 -9.177
470.287 -27.280
470.562 -60.605
470.838 -38.471
471.114 -47.604
471.389 -12.255
471.665 -19.349
471.940 -24.433
472.216 2.890
472.491 60.640
472.767 6.945
473.043 -53.911
473.318 -48.844
473.594 25.240
473.869 -36.793
474.145 -42.901
474.421 -20.524
474.696 -11.373
474.972 -33.791
475.247 65.049
475.523 3.879
475.798 -7.334
476.074 19.146
476.350 -8.353
476.625 -82.779
476.901 32.406
477.176 43.571
477.452 -26.671
477.727 -63.297
478.003 3.836
478.279 -50.029
478.554 10.943
478.830 50.624
479.105 -15.472
479.381 -13.432
479.656 9.891
479.932 -28.623
480.208 -69.084
480.483 -16.439
480.759 -29.588
481.034 20.943
481.310 73.465
481.585 -14.389
481.861 -9.352
482.137 63.161
482.412 -0.286
482.688 -49.486
482.963 -72.509
483.239 -26.348
483.514 -81.462
483.790 -34.303
484.066 19.674
484.341 8.673
484.617 -28.229
484.892 -20.216
485.168 -2.309
485.443 -18.215
485.719 -76.867
485.995 -76.718
486.270 -14.207
486.546 12.524
486.821 -45.838
487.097 -0.341
487.373 84.468
487.648 -29.875
487.924 -87.862
488.199 -69.116
488.475 25.184
488.750 -39.575
489.026 48.705
489.302 2.577
489.577 18.258
489.853 4.524
490.128 8.439
490.404 -35.604
490.679 -48.328
490.955 17.210
491.231 48.487
491.506 -1.371
491.782 2.542
492.057 -73.785
492.333 -45.412
492.608 46.561
492.884 50.471
493.160 -14.111
493.435 -66.103
493.711 -17.087
493.986 -38.621
494.262 -47.486
494.537 -50.430
494.813 -17.117
495.089 -52.500
495.364 15.276
495.640 -73.136
495.915 -29.917
496.191 -4.388
496.467 -43.805
496.742 42.891
497.018 -20.206
497.293 37.047
497.569 6.447
497.844 -43.048
498.120 -30.180
498.396 17.376
498.671 -74.964
498.947 34.269
499.222 -61.128
499.498 -0.496
499.773 -32.340
500.049 7.473
500.325 27.437
500.600 -38.511
500.876 -37.552
501.151 -42.645
501.427 2.489
501.702 -29.672
501.978 -17.615
502.254 60.896
502.529 24.614
502.805 1.474
503.080 75.061
503.356 46.879
503.631 131.772
503.907 60.173
504.183 27.781
504.458 -26.878
504.734 61.114
505.009 106.611
505.285 75.339
505.560 95.482
505.836 35.859
506.112 -64.346
506.387 -48.155
506.663 -44.065
506.938 -2.612
507.214 40.863
507.490 33.748
507.765 -18.762
508.041 27.653
508.316 52.877
508.592 109.162
508.867 8.446
509.143 -87.043
509.419 11.446
509.694 -18.670
509.970 10.414
510.245 0.380
510.521 35.377
510.796 77.297
511.072 -8.621
511.348 -57.460
511.623 -83.385
511.899 -12.563
512.174 28.162
512.450 -70.083
512.725 -28.420
513.001 -64.073
513.277 20.146
513.552 16.150
513.828 -37.139
514.103 -81.440
514.379 -20.380
514.654 -3.610
514.930 -25.217
515.206 -29.120
515.481 25.833
515.757 -52.575
516.032 -12.409
516.308 10.073
516.583 25.670
516.859 -3.594
517.135 18.799
517.410 18.759
517.686 52.770
517.961 48.880
518.237 69.151
518.513 -21.015
518.788 40.898
519.064 24.407
519.339 57.278
519.615 151.815
519.890 124.665
520.166 156.334
520.442 62.822
520.717 132.116
520.993 46.499
521.268 104.200
521.544 148.470
521.819 104.955
522.095 49.189
522.371 61.603
522.646 75.982
522.922 172.650
523.197 130.502
523.473 139.944
523.748 133.242
524.024 86.350
524.300 81.562
524.575 96.871
524.851 83.471
525.126 156.046
525.402 140.882
525.677 49.013
525.953 189.499
526.229 162.728
526.504 138.001
526.780 174.195
527.055 90.149
527.331 127.467
527.606 144.828
527.882 128.419
528.158 108.424
528.433 101.912
528.709 141.257
528.984 128.778
529.260 165.562
529.535 149.070
529.811 127.933
530.087 50.218
530.362 99.396
530.638 72.349
530.913 145.774
531.189 45.527
531.465 23.323
531.740 16.580
532.016 167.464
532.291 6.920
532.567 23.403
532.842 12.742
533.118 -27.985
533.394 7.907
533.669 45.858
533.945 -17.374
534.220 20.561
534.496 59.527
534.771 -32.035
535.047 -15.484
535.323 35.280
535.598 -1.830
535.874 123.165
536.149 -5.749
536.425 52.951
536.700 139.055
536.976 122.658
537.252 142.403
537.527 206.391
537.803 211.300
538.078 156.442
538.354 185.938
538.629 237.299
538.905 226.470
539.181 290.031
539.456 417.247
539.732 305.120
540.007 359.411
540.283 385.456
540.558 390.996
540.834 444.190
541.110 387.202
541.385 387.199
541.661 421.850
541.936 380.640
542.212 506.505
542.488 482.717
542.763 456.946
543.039 337.358
543.314 399.855
543.590 333.716
543.865 337.685
544.141 431.030
544.417 329.736
544.692 356.546
544.968 301.926
545.243 344.967
545.519 340.650
545.794 250.529
546.070 231.640
546.348 235.848
546.627 191.874
546.905 258.729
547.183 276.088
547.461 273.106
547.740 346.589
548.018 359.854
548.296 248.273
548.575 396.235
548.853 342.608
549.131 365.446
549.409 425.597
549.688 428.570
549.966 305.552
550.244 322.415
550.523 416.246
550.801 373.257
551.079 312.549
551.357 374.862
551.636 331.011
551.914 331.342
552.192 421.083
552.471 414.586
552.749 402.930
553.027 343.476
553.306 342.152
553.584 284.136
553.862 394.857
554.140 354.580
554.419 517.101
554.697 396.628
554.975 448.097
555.254 505.330
555.532 339.796
555.810 402.877
556.088 301.798
556.367 358.271
556.645 351.111
556.923 354.027
557.202 254.555
557.480 314.500
557.758 363.659
558.036 280.243
558.315 265.177
558.593 209.996
558.871 181.920
559.150 174.804
559.428 200.694
559.706 157.408
559.984 99.339
560.263 140.707
560.541 119.259
560.819 69.276
561.098 127.794
561.376 65.292
561.654 17.213
561.932 117.324
562.211 15.271
562.489 123.819
562.767 27.729
563.046 113.248
563.324 28.684
563.602 -29.888
563.880 15.244
564.159 -1.073
564.437 -29.837
564.715 29.634
564.994 -2.998
565.272 -57.703
565.550 2.753
565.828 -3.964
566.107 -18.344
566.385 -83.703
566.663 -97.060
566.942 25.803
567.220 84.399
567.498 -25.138
567.776 -23.217
568.055 36.397
568.333 29.664
568.611 22.012
568.890 13.340
569.168 -77.370
569.446 14.340
569.725 14.338
570.003 42.356
570.281 -80.429
570.559 9.511
570.838 33.719
571.116 9.525
571.394 -22.454
571.673 -19.568
571.951 -19.589
572.229 48.371
572.507 41.613
572.786 -18.660
573.064 -20.628
573.342 -85.868
573.621 -2.135
573.899 -11.893
574.177 5.671
574.455 -13.875
574.734 55.581
575.012 3.720
575.290 -0.197
575.569 5.684
575.847 -10.996
576.125 80.268
576.403 -34.586
576.682 -101.485
576.960 -17.944
577.243 -50.408
577.527 40.181
577.810 -8.097
578.093 0.769
578.377 -69.390
578.660 -27.890
578.944 -39.750
579.227 -19.038
579.510 -28.970
579.794 -54.794
580.077 -45.822
580.360 12.662
580.644 8.701
580.927 -13.161
581.210 -39.008
581.494 -64.984
581.777 56.472
582.061 -48.056
582.344 15.703
582.627 -30.161
582.911 -62.068
583.194 10.723
583.477 -60.137
583.761 -9.241
584.044 -2.257
584.327 0.736
584.611 8.726
584.894 22.710
585.178 -39.230
585.461 -31.240
585.744 -34.239
586.028 -55.275
586.311 -27.277
586.594 -52.278
586.878 33.720
587.161 -7.282
587.444 -36.284
587.728 12.714
588.011 -70.288
588.295 -69.290
588.578 -86.205
588.861 14.692
589.145 -0.295
589.428 -6.303
589.711 -84.299
589.995 -60.241
590.278 -76.226
590.562 18.695
590.845 4.689
591.128 -64.180
591.412 -79.152
591.695 -53.259
591.978 -71.171
592.262 -37.278
592.545 -82.071
592.828 -73.173
593.112 68.474
593.395 22.609
593.679 78.362
593.962 37.523
594.245 8.629
594.529 41.463
594.812 -25.181
595.095 32.504
595.379 1.653
595.662 64.277
595.945 -26.156
596.229 -72.759
596.512 -106.280
596.796 7.587
597.079 24.410
597.362 -124.107
597.646 -15.183
597.929 -70.575
598.212 -6.278
598.496 -41.853
598.779 8.532
599.062 -25.033
599.346 -43.791
599.629 14.436
599.913 -0.358
600.196 -7.257
600.479 -22.015
600.763 -52.580
601.046 -51.495
601.329 -93.871
601.613 -75.098
601.896 -56.417
602.179 -62.257
602.463 46.779
602.746 2.573
603.030 34.005
603.313 15.324
603.596 -41.596
603.880 -44.498
604.163 -178.813
604.446 -21.931
604.730 6.471
605.013 -31.697
605.296 -19.977
605.580 13.322
605.863 41.724
606.147 9.401
606.430 7.440
606.713 -31.707
606.997 19.190
607.280 -72.807
607.563 -28.777
607.847 -12.133
608.130 -16.076
608.414 0.572
608.697 -48.353
608.980 -0.410
609.264 -54.333
609.547 62.271
609.830 9.380
610.114 16.234
610.397 -42.533
610.680 -92.396
610.964 -15.127
611.247 -73.953
611.531 -107.393
611.814 -36.737
612.097 -108.377
612.381 12.316
612.664 -25.947
612.947 -4.359
613.231 16.248
613.514 11.351
613.797 2.509
614.081 -44.644
614.364 -9.282
614.648 47.690
614.931 -23.038
615.214 -1.429
615.498 -25.030
615.781 28.093
616.064 -49.665
616.348 -28.013
616.631 -39.864
616.914 -1.441
617.198 -25.089
617.481 -39.869
617.765 -114.861
618.048 -81.412
618.331 -103.131
618.615 -74.579
618.898 -41.971
619.181 65.735
619.465 1.505
619.748 -12.344
620.031 -35.130
620.315 -27.238
620.598 -39.171
620.882 -95.815
621.165 -70.067
621.448 -43.230
621.732 -5.463
622.015 -19.395
622.298 -10.462
622.582 -43.409
622.865 -16.480
623.148 -23.475
623.432 -53.554
623.715 -30.532
623.999 13.538
624.282 -50.707
624.565 -11.576
624.849 -1.517
625.132 -43.860
625.415 -15.636
625.699 -20.698
625.982 -68.127
626.265 -31.866
626.549 19.680
626.832 -25.776
627.116 29.778
627.399 40.888
627.682 -31.777
627.966 11.557
628.249 -0.529
628.532 -25.656
628.816 -61.714
629.099 17.505
629.383 -26.558
629.666 -22.511
629.949 38.312
630.233 -18.426
630.516 1.449
630.799 39.031
631.083 -51.815
631.366 -31.045
631.649 -16.219
631.933 -35.793
632.216 -43.460
632.500 -88.168
632.783 -19.951
633.066 63.420
633.350 -13.094
633.633 -35.284
633.916 -21.688
634.200 -30.256
634.483 43.527
634.766 23.343
635.050 -8.153
635.333 10.882
635.617 10.860
635.900 -57.408
636.183 -71.492
636.467 -24.167
636.750 -21.292
637.033 -36.388
637.317 -24.057
637.600 42.694
637.883 28.568
638.167 -54.950
638.450 15.376
638.734 36.910
639.017 27.546
639.300 -34.253
639.584 -32.352
639.867 79.901
640.150 -29.548
640.434 100.479
640.717 88.234
641.000 106.924
641.284 100.381
641.567 8.799
641.851 33.058
642.134 19.086
642.417 115.329
642.701 53.696
642.984 94.766
643.267 124.904
643.551 45.315
643.834 93.154
644.117 103.365
644.401 166.253
644.684 189.682
644.968 84.873
645.251 191.734
645.534 285.541
645.818 263.026
646.101 335.572
646.384 313.035
646.668 362.799
646.951 448.244
647.235 528.551
647.518 606.557
647.801 703.361
648.085 698.004
648.368 760.689
648.651 922.342
648.935 947.618
649.218 994.698
649.501 991.864
649.785 1132.172
650.068 1147.514
650.352 1203.365
650.635 1316.032
650.918 1417.560
651.202 1392.182
651.485 1563.493
651.768 1583.039
652.052 1574.219
652.335 1716.671
652.618 1725.959
652.902 1763.293
653.185 1867.645
653.469 1870.028
653.752 1878.362
654.035 1933.346
654.319 1908.896
654.602 2045.258
654.885 2004.249
655.169 2048.469
655.452 2086.949
655.735 2152.509
656.019 2054.844
656.302 2029.190
656.586 2184.780
656.869 2064.333
657.152 2217.768
657.436 2202.343
657.719 2154.255
658.002 2308.101
658.286 2204.371
658.569 2289.084
658.852 2305.293
659.136 2376.978
659.419 2418.601
659.703 2408.447
659.986 2567.837
660.269 2468.279
660.553 2559.265
660.836 2662.922
661.119 2646.661
661.403 2633.720
661.686 2557.794
661.969 2590.346
662.253 2606.005
662.536 2573.484
662.820 2512.481
663.103 2513.494
663.386 2638.239
663.670 2533.776
663.953 2544.840
664.236 2341.743
664.520 2355.926
664.803 2310.332
665.086 2204.754
665.370 2253.592
665.653 2199.893
665.937 1958.715
666.220 1742.689
666.503 1858.307
666.787 1858.306
667.070 1785.862
667.353 1680.169
667.637 1460.736
667.920 1544.913
668.204 1377.704
668.487 1253.593
668.770 1189.695
669.054 1089.898
669.337 998.245
669.620 992.127
669.904 952.419
670.187 902.421
670.470 853.340
670.754 750.278
671.037 679.214
671.321 597.824
671.604 571.849
671.887 521.256
672.171 535.585
672.454 408.246
672.737 425.475
673.021 335.654
673.304 235.381
673.587 310.329
673.871 337.715
674.154 347.287
674.438 302.422
674.721 228.423
675.004 233.801
675.288 222.483
675.571 174.307
675.854 139.290
676.138 148.711
676.421 136.479
676.704 189.305
676.988 104.485
677.271 95.294
677.555 62.300
677.838 125.380
678.121 8.514
678.405 121.367
678.688 47.866
678.971 -11.164
679.255 54.187
679.538 -2.868
679.821 15.803
680.105 82.277
680.388 75.007
680.672 16.872
680.955 60.530
681.238 49.145
681.522 39.738
681.805 11.706
682.088 -71.640
682.372 -34.177
682.655 2.320
682.938 27.371
683.222 -13.340
683.505 -43.658
683.789 5.453
684.072 63.968
684.355 -44.660
684.639 -68.669
684.922 6.486
685.205 13.792
685.489 24.229
685.772 -61.431
686.056 -2.919
686.339 -80.326
686.622 -13.354
686.906 -20.662
687.189 -36.321
687.472 -18.576
687.756 -5.002
688.039 62.841
688.322 28.393
688.606 -9.187
688.889 2.295
689.173 -39.460
689.456 -74.952
689.739 23.168
690.023 -9.183
690.306 -18.569
690.589 47.075
690.873 -13.329
691.156 -29.980
691.439 34.535
691.723 -59.118
692.006 7.486
692.290 -17.479
692.573 -9.155
692.856 7.443
693.140 16.769
693.423 3.293
693.706 -82.715
693.990 -10.157
694.273 -11.180
694.556 19.790
694.840 17.761
695.123 -2.919
695.407 -60.709
695.690 -6.002
695.973 39.352
696.257 48.579
696.540 57.787
696.830 24.838
697.120 80.336
697.410 28.918
697.699 -44.959
697.989 -11.103
698.279 -91.115
698.569 -52.089
698.859 32.951
699.149 -13.129
699.439 -79.511
699.729 -12.084
700.018 17.506
700.308 -12.074
700.598 -31.443
700.888 57.066
701.178 55.992
701.468 86.360
701.758 35.613
702.048 -75.607
702.337 66.884
702.627 4.185
702.917 -14.989
703.207 -46.178
703.497 -26.012
703.787 -11.917
704.077 -36.075
704.366 -19.939
704.656 -90.131
704.946 3.139
705.236 -24.838
705.526 -36.790
705.816 -83.697
706.106 -51.710
706.396 65.870
706.685 4.104
706.975 16.019
707.265 43.737
707.555 1.122
707.845 1.118
708.135 -0.865
708.425 -80.903
708.715 -54.278
709.004 -51.260
709.294 -23.594
709.584 -33.410
709.874 -29.466
710.164 -58.067
710.454 13.952
710.744 -19.626
711.034 -8.760
711.323 -55.004
711.613 -64.847
711.903 -84.450
712.193 -23.487
712.483 -34.304
712.773 -78.553
713.063 -38.164
713.352 -8.708
713.642 -53.657
713.932 8.885
714.222 1.077
714.512 -26.162
714.802 -6.682
715.092 4.945
715.382 21.376
715.671 17.473
715.961 -45.182
716.251 25.144
716.541 -22.042
716.831 -14.329
717.121 2.010
717.411 -20.004
717.701 -4.694
717.990 26.884
718.280 7.730
718.570 -46.713
718.860 -78.158
719.150 -9.465
719.440 -68.617
719.730 -1.826
720.019 -19.955
720.309 -26.661
720.599 -10.425
720.889 -6.618
721.179 -88.916
721.469 15.405
721.759 0.078
722.049 6.789
722.338 -31.563
722.628 -85.419
722.918 29.825
723.208 -60.503
723.498 -42.235
723.788 -73.075
724.078 -34.578
724.368 -64.539
724.657 -52.917
724.947 -59.719
725.237 -13.446
725.527 -67.501
725.817 -33.685
726.107 -20.244
726.397 41.650
726.686 59.057
726.976 -60.866
727.266 -32.821
727.556 -76.342
727.846 -86.097
728.136 -99.554
728.426 -33.857
728.716 -19.323
729.005 -17.386
729.295 7.807
729.585 -27.130
729.875 -51.303
730.165 -4.797
730.455 26.240
730.745 -25.192
731.035 -52.377
731.324 -27.188
731.614 8.786
731.904 -11.614
732.194 -83.530
732.484 42.847
732.774 16.582
733.064 105.102
733.354 -4.821
733.643 -78.006
733.933 -42.844
734.223 -66.236
734.513 -32.124
734.803 8.819
735.093 -63.377
735.383 -65.393
735.672 21.521
735.962 -8.771
736.252 -120.200
736.542 11.787
736.832 24.519
737.122 15.718
737.412 -49.969
737.702 9.844
737.991 7.880
738.281 -53.069
738.571 -98.204
738.861 -10.800
739.151 -19.659
739.441 -37.340
739.731 -26.524
740.021 -30.518
740.310 -1.950
740.600 53.329
740.890 -2.935
741.180 -71.056
741.470 -44.403
741.760 -51.314
742.050 -76.981
742.339 -20.755
742.629 33.646
742.919 -27.680
743.209 -2.950
743.499 16.828
743.789 -18.799
744.079 -54.444
744.369 -1.968
744.658 -64.410
744.948 -36.625
745.238 -10.894
745.528 -28.734
745.818 -55.549
746.108 -7.931
746.398 -82.418
746.688 -88.377
746.977 -27.802
747.267 -31.775
747.557 -68.587
747.847 18.887
748.137 -61.692
748.427 20.894
748.717 -21.914
749.006 -60.699
749.296 13.941
749.586 -35.825
749.876 46.807
750.166 -40.843
750.456 -87.744
750.746 -52.902
751.036 -54.899
751.325 -24.960
751.615 -36.973
751.905 -3.008
752.195 15.988
752.485 71.987
752.775 40.026
753.065 -17.031
753.355 -79.094
753.644 -51.067
753.934 -50.218
754.224 12.018
754.514 12.030
754.804 -13.059
755.094 -0.020
755.384 -40.141
755.674 -30.112
755.963 -62.209
756.253 -64.281
756.543 -60.205
756.833 -27.161
757.123 19.050
757.413 11.028
757.703 -28.168
757.992 -61.335
758.282 -19.106
758.572 -19.126
758.862 -1.036
759.152 -5.057
759.442 28.080
759.732 -54.305
760.022 13.031
760.311 -94.602
760.601 -27.199
760.891 2.981
761.181 -86.470
761.471 4.992
761.761 -26.222
762.051 -1.047
762.341 -70.463
762.630 -20.183
762.920 -54.423
763.210 34.231
763.500 -9.107
763.793 -49.390
764.086 18.081
764.379 9.008
764.671 -71.476
764.964 -63.428
765.257 -7.091
765.550 45.313
765.843 21.119
766.136 -19.204
766.429 -28.278
766.722 -24.222
767.014 -14.138
767.307 -50.407
767.600 -1.062
767.893 -64.572
768.186 5.992
768.479 -34.332
768.772 -52.478
769.064 -45.422
769.357 52.307
769.650 -13.165
769.943 12.023
770.236 -87.675
770.529 -103.893
770.822 -45.427
771.115 -47.443
771.407 -31.347
771.700 -129.228
771.993 -63.703
772.286 -2.086
772.579 35.214
772.872 -29.303
773.165 -72.650
773.457 -37.369
773.750 -65.662
774.043 -64.653
774.336 -76.841
774.629 8.999
774.922 -16.220
775.215 -15.211
775.508 -39.351
775.800 -49.372
776.093 26.106
776.386 -35.289
776.679 -40.361
776.972 -77.622
777.265 -35.327
777.558 9.979
777.850 -113.650
778.143 -104.605
778.436 -52.397
778.729 -1.089
779.022 21.021
779.315 -16.166
779.608 23.029
779.900 -27.223
780.193 -8.128
780.486 -76.394
780.779 12.950
781.072 2.916
781.365 36.018
781.658 -36.236
781.951 -7.120
782.243 -75.243
782.536 28.019
782.829 -8.126
783.122 -73.388
783.415 -21.159
783.708 -3.105
784.001 -45.232
784.293 -45.233
784.586 -30.159
784.879 33.969
785.172 -19.119
785.465 -14.129
785.758 1.903
786.051 -55.212
786.344 -54.103
786.636 -0.103
786.929 2.899
787.222 -22.171
787.515 16.911
787.808 -64.042
788.101 -29.078
788.394 76.816
788.686 -0.108
788.979 -6.109
789.272 -29.081
789.565 -15.080
789.858 -96.917
790.151 -22.090
790.444 -43.070
790.737 -69.113
791.029 -36.042
791.322 79.726
791.615 -35.010
791.908 -52.064
792.201 -37.043
792.494 5.865
792.787 -41.950
793.079 -52.960
793.372 -108.685
793.665 -19.063
793.958 -45.983
794.251 -42.993
794.544 -77.811
794.837 -43.991
795.130 -11.091
795.422 -27.043
795.715 68.669
796.008 0.872
796.301 -7.098
796.594 64.614
796.887 -29.012
797.180 -36.021
797.472 -16.081
797.765 -11.097
798.058 1.862
798.351 -20.071
798.644 38.752
798.937 -0.132
799.230 -41.966
799.523 -4.122
799.815 -72.916
800.108 -48.989
800.401 -37.025
800.694 21.819
800.987 -2.131
801.280 -47.091
801.573 -37.102
801.865 66.794
802.158 -69.002
802.451 -27.087
802.744 -91.958
803.037 -113.914
803.330 -52.091
803.623 0.855
803.915 -50.044
804.208 -1.144
804.501 -73.219
804.794 -55.202
805.087 -24.147
805.380 -92.332
805.673 -73.222
805.966 -31.180
806.258 -36.222
806.551 -68.424
806.844 -48.344
807.137 -42.363
807.430 -30.273
807.723 -13.206
808.016 -49.351
808.308 -47.439
808.601 4.864
808.894 -1.163
809.187 -59.573
809.480 -84.665
809.773 -71.515
810.066 -21.286
810.359 3.868
810.651 20.021
810.944 -86.855
811.237 -76.853
811.530 -31.445
811.825 -21.376
812.119 -13.282
812.414 -83.919
812.709 59.430
813.003 5.906
813.298 -88.135
813.593 -79.196
813.887 -92.274
814.182 -82.320
814.476 -3.216
814.771 -91.542
815.066 -25.605
815.360 -91.636
815.655 -32.694
815.950 -64.264
816.244 -47.988
816.539 -115.364
816.834 -62.358
817.128 -54.259
817.423 -31.778
817.718 14.136
818.012 24.435
818.307 -55.509
818.602 -31.944
818.896 33.699
819.191 -65.959
819.486 15.264
819.780 20.412
820.075 -25.986
820.369 -21.904
820.664 14.305
820.959 -47.807
821.253 -14.697
821.548 -54.076
821.843 41.346
822.137 -8.508
822.432 10.224
822.727 -46.075
823.021 -83.702
823.316 -1.240
823.611 18.652
823.905 -56.861
824.200 -31.778
824.495 -62.436
824.789 -67.711
825.084 -34.974
825.379 -52.944
825.673 -21.322
825.968 -46.765
826.262 -7.620
826.557 -5.519
826.852 52.872
827.146 -22.500
827.441 -56.411
827.736 -90.442
828.030 -19.338
828.325 -45.857
828.620 -135.030
828.914 -19.340
829.209 61.230
829.504 -5.514
829.798 -33.016
830.093 -5.498
830.388 32.556
830.682 -42.452
830.977 -63.372
831.271 11.341
831.566 -62.975
831.861 -12.740
832.155 -80.255
832.450 -43.691
832.745 -34.234
833.039 -88.599
833.334 -29.865
833.629 -22.569
833.923 -38.595
834.218 -77.598
834.513 -70.280
834.807 -2.204
835.102 -46.790
835.397 -3.171
835.691 0.774
835.986 -56.202
836.281 -72.687
836.575 -19.779
836.870 -22.671
837.164 -9.008
837.459 -84.195
837.754 -18.766
838.048 13.486
838.343 -45.267
838.638 -58.114
838.932 -74.107
839.227 -62.408
839.522 -5.174
839.816 18.667
840.111 13.779
840.406 -72.512
840.700 -16.370
840.995 -13.411
841.290 -11.464
841.584 -110.886
841.879 -13.648
842.174 17.419
842.468 76.044
842.763 -30.668
843.057 -49.976
843.352 12.510
843.647 35.012
843.941 -67.988
844.236 -50.032
844.531 -3.511
844.825 -60.361
845.120 -68.311
845.415 -1.358
845.709 17.442
846.004 6.415
846.299 -80.618
846.593 -118.963
846.888 -117.249
847.183 -50.998
847.477 -2.523
847.772 7.677
848.066 6.549
848.361 -108.471
848.656 -68.686
848.950 -59.701
849.245 -74.644
849.540 -28.878
849.834 -70.149
850.129 -56.469
850.424 -37.017
850.718 58.343
851.013 -81.888
851.308 -78.350
851.602 -71.462
851.897 23.885
852.192 -58.834
852.486 -41.518
852.781 -123.993
853.076 -132.012
853.370 -67.788
853.665 -15.157
853.959 -51.653
854.254 -50.455
854.549 -80.011
854.843 13.383
855.138 -3.685
855.433 -20.669
855.727 -90.782
856.022 -2.545
856.317 -93.964
856.611 -1.411
856.906 -27.221
857.201 -48.491
857.495 -100.956
857.790 -2.520
858.085 -63.759
858.379 -121.261
858.674 19.693
858.969 -24.676
859.263 -16.860
859.558 6.323
859.852 9.605
860.147 -64.978
860.442 -80.066
860.736 -58.018
861.031 -56.744
861.326 36.592
861.620 -54.220
861.915 -29.346
862.210 -126.892
862.504 -38.826
862.799 23.172
863.094 -26.878
863.388 -100.070
863.683 0.778
863.978 -118.425
864.272 -24.492
864.567 -107.311
864.861 -67.297
865.156 -36.777
865.451 60.074
865.745 46.353
866.040 -7.503
866.335 -2.339
866.629 -14.683
866.924 15.106
867.219 7.909
867.513 -13.558
867.808 -76.575
868.103 46.328
868.397 23.001
868.692 -52.803
868.987 -28.532
869.281 -48.519
869.576 -75.428
869.871 -50.328
870.165 -73.059
870.460 -51.074
870.754 -13.200
871.049 -50.872
871.344 -149.782
871.638 0.710
871.933 -29.833
872.228 -35.710
872.522 -63.145
872.817 -39.415
873.112 -2.234
873.406 -19.789
873.701 17.284
873.996 -70.384
874.290 -109.227
874.585 -55.617
874.880 -25.496
875.174 -109.561
875.469 -26.364
875.764 32.541
876.058 10.330
876.353 -37.705
876.647 -48.308
876.942 6.440
877.237 26.517
877.531 24.532
877.826 -137.551
878.121 40.597
878.415 -24.969
878.710 -58.989
879.005 -73.056
879.299 -48.345
879.594 -33.202
879.889 -10.615
880.183 -75.324
880.478 -20.857
880.773 13.729
881.067 21.159
881.362 9.956
881.656 28.454
881.951 -32.683
882.246 -18.743
882.540 -21.474
882.835 -8.547
883.130 -7.622
883.424 -54.305
883.719 -17.643
884.014 -36.738
884.308 1.546
884.603 -12.082
884.898 -41.941
885.192 -16.534
885.487 27.729
885.782 -75.049
886.076 -55.131
886.371 0.623
886.666 -60.364
886.960 -25.364
887.255 8.678
887.549 19.386
887.844 -37.809
888.139 -49.295
888.433 -10.061
888.728 -56.225
889.023 -14.485
889.317 35.186
889.612 40.469
889.907 -9.125
890.201 -2.046
890.496 -25.917
890.791 16.508
891.085 -52.351
891.380 -35.582
891.675 -90.384
891.969 -10.879
892.264 -61.071
892.559 -58.480
892.853 -28.523
893.148 -11.754
893.442 -13.495
893.737 17.356
894.032 -68.122
894.326 -44.334
894.621 -46.096
894.916 65.856
895.210 16.458
895.505 -64.771
895.800 -43.608
896.094 -9.110
896.389 24.429
896.684 -55.939
896.978 -17.937
897.273 -33.000
897.568 -7.353
897.862 -56.874
898.157 -59.527
898.451 -2.943
898.746 5.021
899.041 -10.032
899.335 -31.290
899.630 -33.092
899.925 1.481
900.219 -77.350
900.514 -5.616
900.809 6.825
901.103 5.036
901.398 -78.446
901.693 -5.637
901.987 12.183
902.282 -18.105
902.577 -16.353
902.871 6.834
903.166 -134.998
903.461 -120.833
903.755 -75.365
904.050 -24.493
904.344 -75.704
904.639 3.287
904.934 -58.650
905.228 -50.662
905.523 -75.146
905.818 -78.682
906.112 38.435
906.407 -42.724
906.702 -32.856
906.996 -77.090
907.291 -13.012
907.586 -105.380
907.880 -122.017
908.175 -12.128
908.470 27.872
908.764 -25.742
909.059 -32.188
909.354 -4.875
909.648 -46.889
909.943 5.166
910.237 -33.251
910.532 -9.482
910.827 -26.897
911.121 -9.491
911.416 -14.104
911.711 66.777
912.005 -91.479
912.300 -69.508
912.599 -108.555
912.898 -103.005
913.196 -9.600
913.495 -98.654
913.794 15.475
914.093 -107.103
914.391 -5.907
914.690 -31.111
914.989 -49.814
915.288 -73.089
915.586 -18.086
915.885 -38.719
916.184 -34.102
916.483 3.421
916.782 -61.423
917.080 -67.062
917.379 -45.532
917.678 -64.425
917.977 -93.909
918.275 -41.964
918.574 3.457
918.873 78.484
919.172 -1.291
919.471 12.017
919.769 -45.146
920.068 -3.208
920.367 -61.588
920.666 -34.927
920.964 -48.423
921.263 -4.201
921.562 -25.445
921.861 -78.762
922.159 -66.306
922.458 -39.148
922.757 -53.855
923.056 -47.229
923.355 30.007
923.653 -54.225
923.952 -4.291
924.251 45.901
924.550 -26.961
924.848 -20.124
925.147 -66.765
925.446 -63.856
925.745 23.492
926.043 -74.071
926.342 -76.291
926.641 -14.368
926.940 -52.526
927.239 -29.546
927.537 -88.252
927.836 -34.787
928.135 -24.716
928.434 -38.995
928.732 12.887
929.031 -126.276
929.330 -47.561
929.629 -63.075
929.927 7.855
930.226 -69.745
930.525 -114.733
930.824 -84.853
931.123 -60.015
931.421 -24.502
931.720 -39.467
932.019 -9.942
932.318 -2.531
932.616 -73.208
932.915 -23.036
933.214 -16.678
933.513 -53.847
933.812 -111.282
934.110 -82.277
934.409 -4.882
934.708 -110.788
935.007 -85.368
935.305 0.710
935.604 -15.541
935.903 -85.054
936.202 -77.558
936.500 10.333
936.799 57.859
937.098 40.218
937.397 19.545
937.696 -15.976
937.994 -54.433
938.293 34.081
938.592 17.488
938.891 -59.180
939.189 -42.389
939.488 -54.895
939.787 -102.083
940.086 32.378
940.384 8.882
940.683 39.911
940.982 111.015
941.281 16.182
941.580 102.112
941.878 -38.363
942.177 -31.294
942.476 61.682
942.775 -27.269
943.073 68.098
943.372 46.004
943.671 59.200
943.970 0.548
944.268 81.074
944.567 -52.085
944.866 15.166
945.165 -53.470
945.464 -14.054
945.762 -8.168
946.061 -6.687
946.360 -32.558
946.659 -42.447
946.957 -33.707
947.256 -114.529
947.555 -24.935
947.854 -81.397
948.153 -131.502
948.451 -58.142
948.750 86.505
949.049 -24.251
949.348 -47.439
949.646 -70.341
949.945 31.623
950.244 -52.134
950.543 -0.846
950.841 -28.842
951.140 -88.371
951.439 -15.285
951.738 -7.343
952.037 60.296
952.335 -33.075
952.634 86.590
952.933 26.044
953.232 32.355
953.530 11.841
953.829 11.752
954.128 -79.642
954.427 41.448
954.725 -2.013
955.024 4.129
955.323 -81.164
955.622 8.938
955.921 88.604
956.219 64.372
956.518 11.187
956.817 -54.136
957.116 60.785
957.414 18.117
957.713 25.074
958.012 27.325
958.311 0.422
958.610 -32.100
958.908 77.695
959.207 81.837
959.506 -25.843
959.805 -21.180
960.103 -44.993
960.402 -10.917
960.701 -18.802
961.000 37.526
961.298 -36.551
961.597 -33.192
961.896 -48.706
962.195 -26.238
962.494 -47.169
962.792 -22.708
963.091 -22.758
963.390 12.482
963.689 -65.182
963.987 -21.373
964.286 122.128
964.585 55.884
964.884 -13.712
965.182 -42.765
965.481 40.169
965.780 -23.248
966.080 -16.821
966.380 11.124
966.680 -52.026
966.981 70.893
967.281 -2.819
967.581 -26.274
967.881 59.014
968.181 0.378
968.481 47.085
968.781 -32.533
969.082 44.724
969.382 -136.902
969.682 -78.493
969.982 35.072
970.282 -35.493
970.582 46.885
970.882 20.265
971.183 16.110
971.483 58.021
971.783 30.639
972.083 -40.259
972.383 -70.248
972.683 -22.341
972.983 49.018
973.284 33.351
973.584 -30.535
973.884 17.887
974.184 -54.055
974.484 -27.474
974.784 -10.946
975.084 -28.301
975.385 -23.089
975.685 0.355
975.985 64.642
976.285 42.149
976.585 -27.085
976.885 4.414
977.185 17.612
977.486 17.576
977.786 72.434
978.086 54.841
978.386 33.650
978.686 29.643
978.986 -56.653
979.286 -54.654
979.587 -24.654
979.887 -16.654
980.187 -40.654
980.487 89.345
980.787 -21.655
981.087 26.345
981.387 -15.655
981.688 -61.655
981.988 -34.656
982.288 15.344
982.588 8.344
982.888 -77.656
983.188 17.343
983.488 -1.657
983.789 -47.657
984.089 10.343
984.389 37.343
984.689 20.342
984.989 -33.658
985.289 34.342
985.589 -23.658
985.890 46.341
986.190 14.341
986.490 -22.659
986.790 61.341
987.090 23.341
987.390 -33.660
987.690 -38.660
987.991 -17.660
988.291 20.340
988.591 27.340
988.891 25.339
989.191 8.339
989.491 20.339
989.791 -38.661
990.092 25.338
990.392 19.338
990.692 6.338
990.992 -64.662
991.292 -0.662
991.592 92.337
991.892 -10.663
992.193 -42.663
992.493 14.337
992.793 23.337
993.093 37.336
993.393 47.336
993.693 -9.664
993.993 21.336
994.294 41.335
994.594 7.335
994.894 -50.665
995.194 9.335
995.494 39.335
995.794 -0.666
996.094 -11.666
996.395 8.334
996.695 55.334
996.995 8.334
997.295 -12.667
997.595 10.333
997.895 -0.667
998.195 14.333
998.496 42.333
998.796 100.332
999.096 -3.668
999.396 21.332
999.696 4.332
999.996 -55.669
1000.296 50.331
1000.597 40.331
1000.897 -10.669
1001.197 -31.669
1001.497 -50.670
1001.797 -41.670
1002.097 -28.670
1002.397 -0.670
1002.698 76.330
1002.998 -16.671
1003.298 -39.671
1003.598 -32.671
1003.898 -7.671
1004.198 -51.671
1004.498 -81.672
1004.799 3.328
1005.099 19.328
1005.399 14.328
1005.699 -2.672
1005.999 -42.673
1006.299 28.327
1006.599 -14.673
1006.900 14.327
1007.200 28.327
1007.500 -10.674
1007.800 33.326
1008.100 -2.674
1008.400 25.326
1008.700 27.326
1009.001 19.325
1009.301 25.325
1009.601 6.325
1009.901 -7.675
1010.201 -19.675
1010.501 -28.676
1010.801 -46.676
1011.102 -35.676
1011.402 -28.676
1011.702 -21.676
1012.002 -40.677
1012.302 -18.677
1012.602 -89.677
1012.902 94.323
1013.203 -50.677
1013.503 -19.678
1013.803 28.322
1014.103 -149.678
1014.403 -48.678
1014.703 24.322
1015.003 -28.679
1015.304 64.321
1015.604 19.321
1015.904 59.321
1016.204 8.321
1016.504 13.320
1016.804 -26.680
1017.104 3.320
1017.405 6.320
1017.705 2.320
1018.005 -98.681
1018.305 -13.681
1018.605 33.319
1018.905 -29.681
1019.205 -40.681
1019.506 -19.682
1019.806 -5.682
1020.106 27.318
1020.406 -38.682
1020.706 -68.682
1021.006 7.317
1021.306 -60.683
1021.607 52.317
1021.907 39.317
1022.207 -4.683
1022.507 -9.684
1022.807 60.316
1023.107 -55.684
1023.407 -26.684
1023.708 39.316
1024.008 7.315
1024.308 94.315
1024.608 2.315
1024.908 0.315
1025.208 18.315
1025.508 -37.685
1025.809 15.314
1026.109 49.314
1026.409 -16.686
1026.709 2.314
1027.009 -77.686
1027.309 50.313
1027.609 -61.687
1027.910 -5.687
1028.210 -48.687
1028.510 -10.687
1028.810 16.312
1029.110 -60.688
1029.410 8.312
1029.710 -21.688
1030.011 -19.688
1030.311 -38.689
1030.611 28.311
1030.911 -44.689
1031.211 2.311
1031.511 30.311
1031.811 -14.689
1032.112 13.310
1032.412 37.310
1032.712 -39.690
1033.012 -25.690
1033.312 8.310
1033.612 -28.691
1033.912 -75.691
1034.212 23.309
1034.513 -14.691
1034.813 45.309
1035.113 -28.692
1035.413 -80.692
1035.713 -30.692
1036.013 16.308
1036.313 88.308
1036.614 24.308
1036.914 0.307
1037.214 -35.693
1037.514 13.307
1037.814 -22.693
1038.114 36.307
1038.414 -11.694
1038.715 19.306
1039.015 58.306
1039.315 24.306
1039.615 26.306
1039.915 -4.695
1040.215 45.305
1040.515 33.305
1040.816 -18.695
1041.116 33.305
1041.416 -24.695
1041.716 -14.696
1042.016 -10.696
1042.316 -0.696
1042.616 0.304
1042.917 37.304
1043.217 6.303
1043.517 -94.697
1043.817 35.303
1044.117 22.303
1044.417 -20.697
1044.717 -77.697
1045.018 -78.698
1045.318 -4.698
1045.618 -11.698
1045.918 -10.698
1046.218 76.302
1046.518 20.301
1046.818 -8.699
1047.119 -49.699
1047.419 -60.699
1047.719 -38.699
1048.019 -14.699
1048.319 -13.700
1048.619 -17.700
1048.919 11.300
1049.220 5.300
1049.520 28.300
1049.820 -33.700
1050.120 -10.701
1050.420 -41.701
1050.720 6.299
1051.020 98.299
1051.321 -65.701
1051.621 -16.702
1051.921 -7.702
1052.221 30.298
1052.521 -2.702
1052.821 -90.702
1053.121 33.298
1053.422 -5.703
1053.722 12.297
1054.022 74.297
1054.322 22.297
1054.622 -7.703
1054.922 32.296
1055.222 22.296
1055.523 28.296
1055.823 9.296
1056.123 -54.704
1056.423 7.296
1056.723 -54.705
1057.023 -88.705
1057.323 21.295
1057.624 13.295
1057.924 61.295
1058.224 14.295
1058.524 -45.706
1058.824 14.294
1059.124 6.294
1059.424 -58.706
1059.725 -46.706
1060.025 -54.706
1060.325 -8.707
1060.625 -50.707
1060.925 -4.707
1061.225 26.293
1061.525 27.293
1061.826 45.292
1062.126 19.292
1062.426 5.292
1062.726 -44.708
1063.026 0.292
1063.326 -14.708
1063.626 0.291
1063.927 18.291
1064.227 -73.709
1064.527 -80.709
1064.827 23.291
1065.127 -36.709
1065.427 3.290
1065.727 -25.710
1066.028 47.290
1066.328 -73.710
1066.628 68.290
1066.928 11.290
1067.228 -28.711
1067.528 -47.711
1067.828 -4.711
1068.129 17.289
1068.429 -12.711
1068.729 -69.711
1069.029 3.288
1069.329 34.288
1069.629 19.288
1069.929 -31.712
1070.230 -108.712
1070.530 -21.712
1070.830 -32.713
1071.130 -51.713
1071.430 -82.713
1071.730 49.287
1072.030 -7.713
1072.331 27.287
1072.631 24.286
1072.931 -84.714
1073.231 18.286
1073.531 -82.714
1073.831 56.286
1074.131 -4.714
1074.432 13.285
1074.732 -11.715
1075.032 27.285
1075.332 8.285
1075.632 13.285
1075.932 -118.715
1076.232 -68.716
1076.533 -73.716
1076.833 -19.716
1077.133 -6.716
1077.433 -12.716
1077.733 -39.716
1078.033 -51.717
1078.333 1.283
1078.634 -47.717
1078.934 22.283
1079.234 -57.717
1079.534 -57.717
1079.834 -25.718
1080.134 36.282
1080.434 14.282
1080.735 25.282
1081.035 -63.718
1081.335 -23.718
1081.635 -27.719
1081.935 69.281
1082.235 18.281
1082.535 60.281
1082.836 -14.719
1083.136 25.281
1083.436 95.280
1083.736 -24.720
1084.036 -16.720
1084.336 -83.720
1084.636 5.280
1084.937 -70.720
1085.237 -73.721
1085.537 -67.721
1085.837 6.279
1086.137 3.279
1086.437 77.279
1086.737 -21.721
1087.038 -128.721
1087.338 -32.722
1087.638 0.278
1087.938 -54.722
1088.238 2.278
1088.538 22.278
1088.838 -2.722
1089.139 -34.723
1089.439 -7.723
1089.739 -67.723
1090.039 -60.723
1090.339 -9.723
1090.639 40.277
1090.939 -78.724
1091.240 -59.724
1091.540 -17.724
1091.840 -39.724
1092.140 -37.724
1092.453 5.276
1092.766 4.276
1093.079 -17.725
1093.392 -5.725
1093.705 -1.725
1094.018 6.275
1094.330 31.275
1094.643 -3.725
1094.956 -14.726
1095.269 -63.726
1095.582 8.274
1095.895 79.274
1096.208 -1.726
1096.521 -51.726
1096.834 -6.727
1097.147 20.273
1097.460 12.273
1097.773 -46.727
1098.085 -2.727
1098.398 12.273
1098.711 18.273
1099.024 26.272
1099.337 54.272
1099.650 0.272
1099.963 -64.728
1100.276 -41.728
1100.589 13.272
1100.902 -32.729
1101.215 86.271
1101.528 -10.729
1101.841 -37.729
1102.153 -25.729
1102.466 -39.729
1102.779 31.271
1103.092 18.270
1103.405 -31.730
1103.718 -23.730
1104.031 53.270
1104.344 68.270
1104.657 58.270
1104.970 14.269
1105.283 -10.731
1105.596 29.269
1105.909 -57.731
1106.221 -18.731
1106.534 -38.731
1106.847 47.269
1107.160 -56.732
1107.473 -74.732
1107.786 17.268
1108.099 -29.732
1108.412 27.268
1108.725 -6.732
1109.038 -31.733
1109.351 1.267
1109.664 30.267
1109.977 59.267
1110.289 -23.733
1110.602 -59.733
1110.915 -53.733
1111.228 -50.734
1111.541 15.266
1111.854 19.266
1112.167 21.266
1112.480 11.266
1112.793 -15.734
1113.106 -3.734
1113.419 55.265
1113.732 -3.735
1114.044 31.265
1114.357 -49.735
1114.670 6.265
1114.983 -25.735
1115.296 -32.736
1115.609 -18.736
1115.922 -16.736
1116.235 27.264
1116.548 -42.736
1116.861 -28.736
1117.174 -14.736
1117.487 35.263
1117.800 -27.737
1118.112 28.263
1118.425 -54.737
1118.738 -20.737
1119.051 -29.737
1119.364 -23.737
1119.677 7.262
1119.990 -30.738
1120.303 -16.738
1120.616 16.262
1120.929 59.262
1121.242 1.262
1121.555 13.262
1121.868 0.261
1122.180 13.261
1122.493 -5.739
1122.806 -0.739
1123.119 -51.739
1123.432 -10.739
1123.745 40.261
1124.058 0.260
1124.371 -90.740
1124.684 32.260
1124.997 -68.740
1125.310 -28.740
1125.623 -5.740
1125.935 -17.740
1126.248 2.259
1126.561 10.259
1126.874 -6.741
1127.187 22.259
1127.500 11.259
1127.813 -15.741
1128.126 15.259
1128.439 9.258
1128.752 1.258
1129.065 36.258
1129.378 -18.742
1129.691 -48.742
1130.003 -62.742
1130.316 -95.742
1130.629 20.257
1130.942 -43.743
1131.255 24.257
1131.568 -51.743
1131.881 -5.743
1132.194 -13.743
1132.507 79.257
1132.820 71.256
1133.133 -112.744
1133.446 -60.744
1133.759 -38.744
1134.071 -26.744
1134.384 -51.744
1134.697 21.256
1135.010 29.255
1135.323 39.255
1135.636 -50.745
1135.949 -59.745
1136.262 -118.745
1136.575 -23.745
1136.888 37.255
1137.201 15.254
1137.514 29.254
1137.826 18.254
1138.139 -1.746
1138.452 50.254
1138.765 -48.746
1139.078 -35.746
1139.391 28.253
1139.704 14.253
1140.017 -69.747
1140.330 -41.747
1140.643 8.253
1140.956 -62.747
1141.269 -26.747
1141.582 8.252
1141.894 7.252
1142.207 -65.748
1142.520 17.252
1142.833 -37.748
1143.146 -34.748
1143.459 -68.748
1143.772 -38.749
1144.085 -68.749
1144.398 -57.749
1144.711 -43.749
1145.024 1.251
1145.337 83.251
1145.650 19.251
1145.962 21.251
1146.275 22.250
1146.588 -42.750
1146.901 21.250
1147.214 3.250
1147.527 -97.750
1147.840 -56.750
1148.153 -23.750
1148.466 -22.751
1148.779 -26.751
1149.092 -16.751
1149.405 -9.751
1149.718 -50.751
1150.030 -5.751
1150.343 -11.751
1150.656 -18.752
1150.969 -61.752
1151.282 -16.752
1151.595 7.248
1151.908 -9.752
1152.221 -87.752
1152.534 -10.752
1152.847 12.248
1153.160 65.247
1153.473 -8.753
1153.785 39.247
1154.098 4.247
1154.411 -12.753
1154.724 3.247
1155.037 -41.753
1155.350 34.246
1155.663 30.246
1155.976 -0.754
1156.289 31.246
1156.602 32.246
1156.915 53.246
1157.228 4.246
1157.541 19.246
1157.853 -27.755
1158.166 -79.755
1158.479 -10.755
1158.792 33.245
1159.105 -7.755
1159.418 72.245
1159.731 -46.755
1160.044 -14.756
1160.357 -74.756
1160.670 -17.756
1160.983 -61.756
1161.296 85.244
1161.609 -11.756
1161.921 -21.756
1162.234 -71.756
1162.547 -5.757
1162.860 13.243
1163.173 -29.757
1163.486 6.243
1163.799 -48.757
1164.112 -54.757
1164.425 -0.757
1164.738 -5.757
1165.051 -47.758
1165.364 2.242
1165.676 -53.758
1165.989 10.242
1166.302 55.242
1166.615 34.242
1166.928 8.242
1167.241 -31.759
1167.554 -26.759
1167.867 16.241
1168.180 -28.759
1168.493 -32.759
1168.806 67.241
1169.119 97.241
1169.432 -36.759
1169.744 -45.760
1170.057 11.240
1170.370 -17.760
1170.683 -1.760
1170.996 -65.760
1171.309 8.240
1171.622 -51.760
1171.935 -66.760
1172.248 17.239
1172.561 26.239
1172.874 -68.761
1173.187 -4.761
1173.500 -71.761
1173.812 -40.761
1174.125 -43.761
1174.438 -33.761
1174.751 2.238
1175.064 60.238
1175.377 0.238
1175.690 64.238
1176.003 -76.762
1176.316 -22.762
1176.629 -10.762
1176.942 66.238
1177.255 8.237
1177.567 40.237
1177.880 47.237
1178.193 -14.763
1178.506 -9.763
1178.819 -74.763
1179.132 -75.763
1179.445 -42.764
1179.758 -25.764
1180.071 46.236
1180.384 17.236
1180.697 2.236
1181.010 -36.764
1181.323 70.236
1181.635 -21.764
1181.948 -34.765
1182.261 28.235
1182.574 -41.765
1182.887 -12.765
1183.200 17.235
1183.513 26.235
1183.826 22.235
1184.139 -1.765
1184.452 -0.765
1184.765 -25.766
1185.078 2.234
1185.391 -18.766
1185.703 14.234
1186.016 27.234
1186.329 8.234
1186.642 33.234
1186.955 -67.766
1187.268 24.233
1187.581 -59.767
1187.894 -38.767
1188.207 52.233
1188.520 -17.767
1188.833 -19.767
1189.146 14.233
1189.459 34.233
1189.771 17.232
1190.084 -20.768
1190.397 -68.768
1190.710 -31.768
1191.023 -50.768
1191.336 -3.768
1191.649 -51.768
1191.962 5.232
1192.275 66.231
1192.588 -102.769
1192.901 -10.769
1193.214 25.231
1193.526 -11.769
1193.839 -62.769
1194.152 -32.769
1194.465 12.231
1194.778 16.230
1195.091 18.230
1195.404 1.230
1195.717 -9.770
1196.030 -14.770
1196.343 -108.770
1196.656 -35.770
1196.969 -3.770
1197.282 -5.771
1197.594 -25.771
1197.907 26.229
1198.220 -27.771
1198.533 30.229
1198.846 -2.771
1199.159 -39.771
1199.472 4.229
1199.785 18.229
1200.098 -20.772
1200.411 14.228
1200.724 23.228
1201.037 0.228
1201.350 -16.772
1201.662 27.228
1201.975 50.228
1202.288 -51.772
1202.601 60.227
