165.028 0.909
165.288 14.637
165.547 -18.535
165.807 2.050
166.067 34.834
166.327 39.819
166.587 -10.797
166.847 -11.013
167.107 -6.229
167.367 -18.445
167.627 21.139
167.886 30.123
168.146 44.107
168.406 73.491
168.666 -12.926
168.926 22.858
169.186 -52.558
169.446 -69.175
169.706 -9.991
169.966 6.392
170.225 -6.225
170.485 -46.841
170.745 4.742
171.005 -1.875
171.265 18.508
171.525 -74.909
171.785 15.874
172.045 11.457
172.305 -41.761
172.564 14.422
172.824 0.005
173.084 -55.813
173.344 -39.030
173.604 -29.047
173.864 3.335
174.124 33.517
174.384 12.100
174.644 -49.118
174.903 -1.936
175.163 24.447
175.423 -43.971
175.683 -28.189
175.943 -16.807
176.203 -0.625
176.463 10.157
176.723 -26.261
176.983 40.920
177.242 17.102
177.502 -5.116
177.762 -41.934
178.022 -16.353
178.282 3.429
178.542 -2.389
178.802 -8.808
179.062 -24.626
179.322 -22.645
179.581 5.736
179.841 9.118
180.101 -7.301
180.361 -35.120
180.621 -3.338
180.881 -15.757
181.141 11.024
181.401 -7.995
181.661 0.186
181.920 56.567
182.180 -0.252
182.440 21.329
182.700 -1.090
182.960 49.491
183.220 -3.128
183.480 33.853
183.740 -4.566
184.000 13.215
184.259 4.395
184.519 9.176
184.779 -10.243
185.039 0.937
185.299 -27.882
185.559 -52.101
185.819 -28.921
186.079 -44.540
186.339 -2.960
186.598 3.821
186.858 -21.799
187.118 -21.418
187.378 4.562
187.638 13.343
187.898 -5.677
188.158 -61.096
188.418 -46.116
188.678 -58.936
188.937 -56.155
189.197 -23.575
189.457 -63.795
189.717 1.386
189.977 51.966
190.237 37.946
190.497 12.326
190.757 39.907
191.017 -51.113
191.276 33.267
191.536 -1.353
191.796 -23.573
192.056 26.208
192.316 -20.012
192.576 -3.832
192.836 -17.252
193.096 -1.672
193.356 -3.892
193.616 6.288
193.875 -0.532
194.135 -9.552
194.395 23.628
194.655 -12.192
194.915 6.788
195.175 -5.031
195.435 69.949
195.695 11.529
195.955 -49.691
196.214 -39.911
196.474 -66.731
196.734 -83.751
196.994 26.229
197.254 2.009
197.514 -0.211
197.774 -23.831
198.034 -21.251
198.294 -21.271
198.553 -14.891
198.813 14.689
199.073 -28.931
199.333 -57.951
199.593 25.229
199.853 33.609
200.113 18.589
200.373 17.969
200.633 41.349
200.892 -5.871
201.152 7.309
201.412 3.689
201.672 -2.731
201.932 11.449
202.192 4.429
202.452 -18.991
202.712 -24.211
202.972 -30.831
203.231 0.149
203.491 -60.271
203.751 -17.891
204.011 24.889
204.271 44.269
204.531 -13.351
204.791 -32.771
205.051 -68.790
205.311 3.990
205.570 70.170
205.830 45.150
206.090 30.530
206.350 -41.690
206.610 17.690
206.870 48.871
207.130 8.851
207.390 -37.969
207.650 -31.189
207.909 -50.609
208.169 -51.628
208.429 -58.848
208.689 -69.468
208.949 -76.287
209.209 -32.507
209.469 38.073
209.729 8.854
209.989 -39.166
210.248 10.014
210.508 -33.605
210.768 -32.825
211.028 -55.845
211.288 -50.864
211.548 0.916
211.808 -0.103
212.068 25.477
212.328 -50.742
212.587 27.638
212.847 -28.181
213.107 -59.601
213.367 -13.820
213.627 8.561
213.887 28.141
214.147 -12.678
214.407 -12.897
214.667 2.283
214.926 25.664
215.186 34.645
215.446 -26.375
215.706 -20.394
215.966 -9.413
216.226 29.768
216.486 10.949
216.746 -75.670
217.006 -15.490
217.265 -24.509
217.525 -0.128
217.785 -40.347
218.045 -49.966
218.305 -16.385
218.565 -1.604
218.825 -29.623
219.085 -27.442
219.345 58.539
219.604 25.720
219.864 19.102
220.124 -11.317
220.384 10.464
220.644 -43.355
220.904 -17.174
221.164 11.008
221.424 5.389
221.684 11.570
221.943 12.152
222.203 38.933
222.463 95.714
222.723 33.096
222.983 17.077
223.243 29.059
223.503 -7.760
223.763 -35.778
224.023 1.603
224.282 -20.215
224.542 -7.033
224.802 -40.852
225.062 36.330
225.322 5.512
225.582 -5.307
225.842 5.075
226.102 3.257
226.362 -14.161
226.621 -13.579
226.881 16.202
227.141 57.184
227.401 -27.234
227.661 24.548
227.921 -20.670
228.181 -64.888
228.441 -59.306
228.701 33.476
228.960 -7.742
229.220 0.641
229.480 14.423
229.740 -10.995
230.000 -36.213
230.260 -22.831
230.520 -34.448
230.780 43.734
231.040 -27.684
231.299 -46.301
231.559 -25.119
231.819 -23.336
232.079 -15.154
232.339 0.829
232.599 -60.589
232.859 -21.206
233.119 -33.824
233.379 21.159
233.638 -53.258
233.898 -29.476
234.158 -44.493
234.418 -37.510
234.678 18.673
234.938 -15.544
235.198 -12.762
235.458 7.021
235.718 -56.396
235.978 9.387
236.237 -28.030
236.497 -23.647
236.757 -7.064
237.017 13.119
237.277 -12.297
237.537 9.486
237.797 -1.531
238.057 -1.948
238.317 -54.565
238.576 -46.581
238.836 3.202
239.096 -6.215
239.356 -22.231
239.616 17.952
239.876 24.136
240.136 26.319
240.396 -1.897
240.656 -78.914
240.915 9.270
241.175 3.653
241.435 -55.363
241.695 -93.779
241.955 -2.596
242.215 -6.012
242.475 -42.628
242.735 -10.244
242.995 -12.260
243.254 16.924
243.514 -22.693
243.774 2.091
244.034 15.275
244.294 -7.541
244.554 -2.557
244.814 53.428
245.074 6.212
245.334 -72.804
245.593 -16.820
245.853 29.364
246.113 12.149
246.373 -25.867
246.633 7.317
246.893 4.701
247.153 4.886
247.413 4.670
247.673 -23.345
247.932 17.639
248.192 -32.576
248.452 55.808
248.712 15.193
248.972 -20.422
249.232 25.962
249.492 -12.253
249.752 16.932
250.012 78.316
250.271 41.901
250.531 -0.114
250.791 -56.129
251.051 -12.744
251.311 11.241
251.571 5.626
251.831 -8.389
252.091 2.796
252.351 -7.019
252.610 -48.434
252.870 -33.449
253.130 -36.864
253.390 -11.078
253.650 -40.893
253.911 7.092
254.172 -7.123
254.433 -18.737
254.694 -11.552
254.955 -1.567
255.216 -10.581
255.477 1.404
255.738 9.390
255.999 -60.425
256.261 -34.039
256.522 -38.053
256.783 -16.468
257.044 -3.482
257.305 -20.096
257.566 -40.511
257.827 -30.925
258.088 25.661
258.349 -14.553
258.610 -13.767
258.871 18.219
259.132 -75.795
259.393 -45.209
259.654 -28.623
259.915 -27.837
260.176 -88.251
260.437 -71.065
260.698 -14.879
260.959 -6.493
261.221 -20.307
261.482 -39.720
261.743 -9.334
262.004 -16.348
262.265 -50.761
262.526 -9.375
262.787 -6.789
263.048 -84.802
263.309 -32.216
263.570 -67.229
263.831 -62.843
264.092 -23.856
264.353 -56.670
264.614 -14.883
264.875 -13.696
265.136 -12.510
265.397 -63.723
265.658 -8.336
265.919 -80.749
266.181 -35.762
266.442 -37.776
266.703 -94.789
266.964 -11.202
267.225 -38.215
267.486 -51.228
267.747 -17.041
268.008 -38.854
268.269 1.133
268.530 1.320
268.791 -47.492
269.052 -26.105
269.313 -55.518
269.574 -16.931
269.835 23.056
270.096 -20.156
270.357 -24.769
270.618 -38.982
270.879 -26.394
271.141 -60.007
271.402 -37.019
271.663 -51.832
271.924 -29.244
272.185 -27.257
272.446 -63.869
272.707 -38.481
272.968 -38.494
273.229 -8.506
273.490 -25.118
273.751 35.669
274.012 7.457
274.273 -8.155
274.534 1.433
274.795 -0.979
275.056 -30.592
275.317 -14.604
275.578 -38.216
275.839 -70.828
276.101 -55.440
276.362 -41.452
276.623 3.136
276.884 -24.475
277.145 -9.487
277.406 -17.699
277.667 8.689
277.928 -7.723
278.189 34.266
278.450 -17.146
278.711 -11.358
278.972 -15.370
279.233 0.619
279.494 4.407
279.755 -11.004
280.016 -14.016
280.277 -20.627
280.538 -32.439
280.799 -37.450
281.061 -36.262
281.322 -7.673
281.583 5.515
281.844 -61.896
282.105 -54.507
282.366 -3.718
282.627 18.870
282.888 -18.741
283.149 2.448
283.410 -5.163
283.671 12.026
283.932 -44.985
284.193 -13.397
284.454 -13.008
284.715 -3.619
284.976 -13.630
285.237 -22.441
285.498 -5.852
285.759 15.338
286.021 55.127
286.282 5.716
286.543 -3.695
286.804 -18.506
287.065 -33.517
287.326 -14.527
287.587 -48.938
287.848 -7.749
288.109 6.241
288.370 -19.570
288.631 44.219
288.892 -5.791
289.153 -57.002
289.414 -15.612
289.675 -64.223
289.936 -57.233
290.197 -31.844
290.458 -54.454
290.719 -27.064
290.981 30.925
291.242 40.515
291.503 16.105
291.764 49.094
292.025 -14.716
292.286 -40.526
292.547 9.464
292.808 -18.747
293.069 -38.557
293.330 12.633
293.591 -9.377
293.852 -29.187
294.113 12.603
294.374 -3.607
294.635 -43.217
294.896 -13.027
295.157 22.963
295.418 -38.247
295.679 -11.857
295.941 14.733
296.202 -8.677
296.463 2.114
296.724 7.504
296.985 86.694
297.246 75.884
297.507 31.075
297.768 28.065
298.029 19.655
298.290 -35.154
298.551 29.636
298.812 39.226
299.073 24.817
299.334 -52.593
299.595 -28.002
299.856 16.988
300.117 -42.621
300.378 -48.831
300.639 -3.640
300.901 11.151
301.162 10.341
301.423 -10.868
301.684 -60.677
301.945 -41.487
302.206 -31.896
302.467 -2.705
302.728 -14.314
302.989 -23.924
303.250 4.867
303.511 13.458
303.772 -9.351
304.033 -48.960
304.294 13.831
304.555 -19.978
304.816 -48.987
305.077 28.204
305.338 28.795
305.599 -25.414
305.861 -66.223
306.122 -54.832
306.383 -17.241
306.644 -36.450
306.905 -20.859
307.166 -50.468
307.427 -62.476
307.688 -24.085
307.949 -34.294
308.210 -32.103
308.471 28.689
308.732 -38.920
308.993 24.471
309.254 10.663
309.515 4.454
309.776 24.245
310.037 -1.763
310.298 42.628
310.559 -27.980
310.821 -12.989
311.082 49.203
311.343 -15.606
311.604 -23.614
311.865 -89.823
312.126 -37.631
312.387 -62.039
312.648 34.352
312.909 -38.456
313.170 43.136
313.434 7.927
313.698 31.919
313.963 -56.089
314.227 -39.897
314.491 0.094
314.755 -18.514
315.019 11.878
315.284 59.670
315.548 59.262
315.812 15.454
316.076 -33.354
316.340 -25.362
316.604 2.830
316.869 -28.778
317.133 -25.586
317.397 -21.394
317.661 -63.202
317.925 -31.610
318.190 -38.618
318.454 -22.626
318.718 -108.034
318.982 -30.442
319.246 -39.450
319.511 -13.258
319.775 -7.865
320.039 -22.673
320.303 41.719
320.567 -3.289
320.832 52.704
321.096 -10.904
321.360 31.488
321.624 73.281
321.888 -60.527
322.153 -103.935
322.417 7.458
322.681 -6.150
322.945 -105.957
323.209 -18.965
323.473 -23.372
323.738 -1.180
324.002 -56.387
324.266 -46.195
324.530 -28.602
324.794 -44.410
325.059 -14.417
325.323 32.576
325.587 -50.632
325.851 9.161
326.115 9.954
326.380 8.546
326.644 -30.461
326.908 -0.268
327.172 -9.876
327.436 4.317
327.701 -90.290
327.965 -44.297
328.229 -29.704
328.493 50.488
328.757 -28.319
329.022 -76.726
329.286 -42.733
329.550 -17.540
329.814 -41.147
330.078 30.646
330.342 -1.561
330.607 17.432
330.871 26.625
331.135 -24.982
331.399 -55.189
331.663 5.404
331.928 -16.403
332.192 22.390
332.456 -16.217
332.720 -55.024
332.984 -8.630
333.249 -54.237
333.513 -56.244
333.777 -42.851
334.041 -10.258
334.305 47.936
334.570 34.729
334.834 -14.878
335.098 71.115
335.362 37.909
335.626 63.302
335.891 24.895
336.155 -10.111
336.419 101.282
336.683 130.875
336.947 7.669
337.211 -1.738
337.476 -28.744
337.740 -42.151
338.004 -60.157
338.268 -80.564
338.532 -60.770
338.797 -19.377
339.061 -110.983
339.325 -66.390
339.589 -17.196
339.853 -76.403
340.118 32.191
340.382 21.585
340.646 -16.822
340.910 -10.028
341.174 -48.635
341.439 -33.841
341.703 -48.047
341.967 -24.053
342.231 22.740
342.495 -33.066
342.759 -17.272
343.024 -2.678
343.288 -12.485
343.552 -32.091
343.816 -48.297
344.080 -77.303
344.345 -68.909
344.609 -61.915
344.873 -27.922
345.137 -72.928
345.401 -3.734
345.666 32.460
345.930 11.854
346.194 44.448
346.458 -14.958
346.722 -38.564
346.987 -50.970
347.251 -5.576
347.515 -23.582
347.779 -10.988
348.043 5.606
348.308 -12.200
348.572 6.594
348.836 -7.811
349.100 -36.217
349.364 -54.423
349.628 0.171
349.893 -42.835
350.157 12.559
350.421 -16.647
350.685 -32.252
350.949 -17.858
351.214 -14.864
351.478 -67.270
351.742 21.725
352.006 -86.681
352.270 -36.087
352.535 -37.092
352.799 -74.898
353.063 -42.304
353.327 -0.509
353.591 -5.315
353.856 -1.121
354.120 -15.526
354.384 -33.932
354.648 -13.137
354.912 -29.543
355.177 2.851
355.441 -22.754
355.705 -53.560
355.969 -9.565
356.233 -19.771
356.497 -27.376
356.762 -71.382
357.026 22.013
357.290 -27.392
357.554 -38.798
357.818 -24.603
358.083 -44.209
358.347 -42.214
358.611 -42.219
358.875 -30.425
359.139 -6.430
359.404 3.564
359.668 -33.441
359.932 -35.446
360.196 -25.051
360.460 -18.057
360.725 -22.062
360.989 -27.067
361.253 -10.473
361.517 -41.678
361.781 21.917
362.046 -39.288
362.310 -56.093
362.574 2.301
362.838 -19.704
363.102 -6.909
363.366 0.686
363.631 -9.319
363.895 39.476
364.159 22.271
364.423 -27.934
364.687 1.860
364.952 26.055
365.216 8.250
365.480 41.245
365.747 -34.960
366.013 -32.165
366.280 -31.170
366.546 -62.575
366.813 -9.580
367.079 -73.385
367.346 -29.190
367.612 -3.795
367.879 22.200
368.145 -23.804
368.412 62.591
368.678 -39.414
368.945 2.781
369.211 17.976
369.478 -6.629
369.744 0.766
370.011 -16.639
370.278 -6.043
370.544 -13.648
370.811 -32.253
371.077 -0.658
371.344 -35.263
371.610 -31.667
371.877 3.328
372.143 -20.477
372.410 -50.682
372.676 15.114
372.943 -17.091
373.209 -3.496
373.476 37.100
373.742 -45.705
374.009 -38.110
374.276 15.485
374.542 -42.119
374.809 -46.924
375.075 14.872
375.342 -10.733
375.608 16.062
375.875 10.258
376.141 0.453
376.408 -31.951
376.674 -46.956
376.941 -20.160
377.207 -63.165
377.474 -50.770
377.740 -45.774
378.007 7.621
378.273 -31.983
378.540 -54.588
378.807 -66.192
379.073 -50.196
379.340 -25.401
379.606 -0.205
379.873 -18.010
380.139 14.586
380.406 -18.819
380.672 6.577
380.939 -57.427
381.205 -68.832
381.472 -62.236
381.738 -60.041
382.005 -38.445
382.271 -40.849
382.538 -44.054
382.804 -10.258
383.071 -4.262
383.338 0.934
383.604 26.729
383.871 -15.675
384.137 1.121
384.404 3.116
384.670 -10.288
384.937 -16.692
385.203 57.104
385.470 5.300
385.736 -28.305
386.003 -16.309
386.269 1.087
386.536 -32.717
386.802 -40.321
387.069 -34.926
387.336 -1.330
387.602 -1.734
387.869 90.662
388.135 19.058
388.402 46.254
388.668 -33.750
388.935 46.046
389.201 -24.958
389.468 -17.963
389.734 -24.567
390.001 -7.571
390.267 25.625
390.534 11.421
390.800 -15.783
391.067 -14.387
391.333 -5.591
391.600 9.405
391.867 -66.599
392.133 -18.803
392.400 -74.007
392.666 -47.411
392.933 -44.015
393.199 -9.419
393.466 -14.623
393.732 -3.426
393.999 3.770
394.265 2.766
394.532 -26.838
394.798 18.758
395.065 -0.246
395.331 27.350
395.598 30.346
395.864 58.143
396.131 21.739
396.398 79.935
396.664 75.731
396.931 38.527
397.197 44.923
397.464 88.920
397.730 94.716
397.997 194.512
398.263 160.308
398.530 189.104
398.796 105.301
399.063 194.097
399.329 145.093
399.596 164.490
399.862 166.686
400.129 215.882
400.396 189.478
400.662 272.675
400.929 203.471
401.195 276.867
401.462 253.064
401.728 326.860
401.995 317.656
402.261 408.853
402.528 435.249
402.794 479.845
403.061 535.042
403.327 526.438
403.594 592.835
403.860 620.231
404.127 643.027
404.393 678.624
404.660 720.020
404.931 788.017
405.202 777.813
405.473 893.410
405.745 937.806
406.016 1016.402
406.287 1037.199
406.558 1031.395
406.829 1025.592
407.100 1109.588
407.371 1156.385
407.642 1173.181
407.914 1225.178
408.185 1250.975
408.456 1225.771
408.727 1280.968
408.998 1266.164
409.269 1262.561
409.540 1204.757
409.811 1256.954
410.083 1273.550
410.354 1297.747
410.625 1227.344
410.896 1203.940
411.167 1219.737
411.438 1130.733
411.709 1111.930
411.981 1034.127
412.252 972.723
412.523 930.720
412.794 863.317
413.065 800.313
413.336 759.110
413.607 741.307
413.878 702.303
414.150 678.500
414.421 689.897
414.692 563.694
414.963 480.090
415.234 487.087
415.505 366.484
415.776 330.880
416.047 280.877
416.319 233.274
416.590 304.071
416.861 160.467
417.132 163.264
417.403 181.061
417.674 134.058
417.945 124.055
418.217 118.851
418.488 139.448
418.759 57.645
419.030 102.442
419.301 22.639
419.572 6.036
419.843 15.432
420.114 37.629
420.386 -54.774
420.657 21.223
420.928 24.620
421.199 18.217
421.470 34.614
421.741 28.011
422.012 -10.793
422.283 76.004
422.555 60.801
422.826 38.998
423.097 -3.205
423.368 23.392
423.639 50.989
423.910 21.186
424.181 2.183
424.453 -1.020
424.724 2.177
424.995 -27.426
425.266 -8.429
425.537 21.168
425.808 -40.835
426.079 -22.838
426.350 56.559
426.622 47.756
426.893 -13.447
427.164 -23.850
427.435 -25.653
427.706 23.944
427.977 -51.859
428.248 15.538
428.519 -15.665
428.791 -16.868
429.062 -16.671
429.333 -38.274
429.604 -9.477
429.875 -31.080
430.146 -14.682
430.417 -21.885
430.689 -26.088
430.960 -25.491
431.231 -12.094
431.502 -13.497
431.773 15.300
432.044 14.097
432.315 -19.505
432.586 22.492
432.858 -54.111
433.129 -10.314
433.400 -29.317
433.671 -7.520
433.942 -8.522
434.213 -64.125
434.484 -18.528
434.755 -27.331
435.027 -21.734
435.298 -30.736
435.569 -36.539
435.840 -25.542
436.116 -55.345
436.391 -38.348
436.667 5.250
436.942 -12.153
437.218 -4.356
437.493 29.641
437.769 18.239
438.045 -54.364
438.320 -24.167
438.596 39.631
438.871 20.628
439.147 -16.975
439.422 -55.178
439.698 24.620
439.974 41.217
440.249 -6.186
440.525 2.612
440.800 69.009
441.076 -2.194
441.351 -16.596
441.627 -1.999
441.903 5.798
442.178 21.196
442.454 -27.207
442.729 19.190
443.005 1.588
443.281 -29.615
443.556 5.383
443.832 23.980
444.107 53.977
444.383 -21.825
444.658 33.372
444.934 86.170
445.210 21.367
445.485 103.564
445.761 65.362
446.036 31.959
446.312 65.957
446.587 103.354
446.863 72.952
447.139 90.349
447.414 22.746
447.690 79.544
447.965 131.941
448.241 78.539
448.516 81.536
448.792 56.534
449.068 143.531
449.343 168.329
449.619 95.926
449.894 171.924
450.170 177.921
450.445 165.119
450.721 204.716
450.997 198.514
451.272 168.511
451.548 164.509
451.823 184.707
452.099 170.104
452.375 164.302
452.650 160.499
452.926 223.497
453.201 167.094
453.477 142.292
453.752 212.289
454.028 143.287
454.304 187.485
454.579 194.882
454.855 219.280
455.130 276.077
455.406 209.875
455.681 208.473
455.957 196.470
456.233 139.668
456.508 109.465
456.784 79.463
457.059 156.461
457.335 136.858
457.610 116.856
457.886 118.254
458.162 63.851
458.437 89.449
458.713 39.447
458.988 22.644
459.264 72.042
459.539 53.840
459.815 -31.963
460.091 52.835
460.366 23.633
460.642 81.630
460.917 7.828
461.193 77.426
461.468 64.824
461.744 55.421
462.020 24.819
462.295 -36.183
462.571 1.414
462.846 -33.988
463.122 -26.816
463.397 -32.233
463.673 31.796
463.949 72.941
464.224 19.804
464.500 24.382
464.775 2.511
465.051 28.027
465.327 37.537
465.602 35.157
465.878 31.112
466.153 91.640
466.429 61.723
466.704 95.785
466.980 140.926
467.256 103.007
467.531 123.667
467.807 130.295
468.082 102.192
468.358 73.923
468.633 144.629
468.909 132.504
469.185 144.503
469.460 91.861
469.736 102.718
470.011 91.750
470.287 104.789
470.562 79.957
470.838 82.000
471.114 78.675
471.389 69.507
471.665 108.762
471.940 74.981
472.216 93.271
472.491 100.193
472.767 92.739
473.043 -4.926
473.318 22.718
473.594 52.522
473.869 25.492
474.145 27.984
474.421 3.393
474.696 38.007
474.972 -0.308
475.247 63.048
475.523 25.196
475.798 17.803
476.074 67.757
476.350 31.515
476.625 -7.275
476.901 58.348
477.176 77.493
477.452 -15.748
477.727 -29.212
478.003 48.701
478.279 -18.791
478.554 -1.945
478.830 50.663
479.105 5.978
479.381 49.810
479.656 18.716
479.932 36.931
480.208 -1.531
480.483 25.784
480.759 7.954
481.034 63.890
481.310 71.522
481.585 49.105
481.861 43.207
482.137 85.455
482.412 51.945
482.688 17.142
482.963 6.309
483.239 24.729
483.514 -14.167
483.790 -3.289
484.066 3.873
484.341 -17.952
484.617 4.385
484.892 9.034
485.168 35.878
485.443 -8.105
485.719 -8.931
485.995 -35.468
486.270 -7.490
486.546 27.745
486.821 25.688
487.097 46.974
487.373 113.010
487.648 18.383
487.924 -55.766
488.199 -7.020
488.475 63.852
488.750 18.664
489.026 30.024
489.302 62.974
489.577 6.469
489.853 34.491
490.128 37.420
490.404 -8.589
490.679 18.784
490.955 50.459
491.231 5.685
491.506 2.720
491.782 38.528
492.057 -27.594
492.333 -27.204
492.608 37.566
492.884 -10.558
493.160 24.297
493.435 -30.241
493.711 41.148
493.986 -31.902
494.262 -3.745
494.537 3.315
494.813 -0.820
495.089 -11.061
495.364 39.851
495.640 -34.597
495.915 -3.735
496.191 -6.547
496.467 -17.776
496.742 38.814
497.018 -21.171
497.293 18.184
497.569 35.381
497.844 -6.569
498.120 16.624
498.396 20.345
498.671 18.776
498.947 64.554
499.222 -3.787
499.498 57.103
499.773 87.679
500.049 161.535
500.325 166.949
500.600 181.352
500.876 176.804
501.151 205.046
501.427 253.452
501.702 247.948
501.978 233.838
502.254 284.018
502.529 302.575
502.805 301.017
503.080 367.321
503.356 357.872
503.631 392.964
503.907 378.233
504.183 379.623
504.458 331.940
504.734 393.698
505.009 438.508
505.285 374.366
505.560 421.179
505.836 348.006
506.112 224.253
506.387 251.384
506.663 284.580
506.938 293.742
507.214 283.651
507.490 255.078
507.765 201.503
508.041 230.755
508.316 241.875
508.592 227.793
508.867 138.864
509.143 56.057
509.419 96.725
509.694 59.949
509.970 23.308
510.245 87.164
510.521 99.318
510.796 100.999
511.072 19.046
511.348 17.126
511.623 -75.329
511.899 28.304
512.174 38.003
512.450 52.269
512.725 22.457
513.001 -16.043
513.277 14.278
513.552 34.851
513.828 -5.751
514.103 5.037
514.379 9.228
514.654 65.754
514.930 18.366
515.206 6.534
515.481 77.030
515.757 74.825
516.032 81.554
516.308 119.415
516.583 126.907
516.859 114.822
517.135 172.659
517.410 163.796
517.686 212.989
517.961 246.523
518.237 287.407
518.513 272.104
518.788 291.704
519.064 325.731
519.339 359.565
519.615 430.937
519.890 382.482
520.166 450.763
520.442 437.738
520.717 474.510
520.993 436.044
521.268 493.661
521.544 490.587
521.819 450.015
522.095 469.316
522.371 521.803
522.646 557.723
522.922 624.820
523.197 629.362
523.473 602.913
523.748 593.233
524.024 576.272
524.300 588.519
524.575 572.704
524.851 566.770
525.126 611.175
525.402 569.138
525.677 522.131
525.953 582.561
526.229 655.102
526.504 607.478
526.780 592.138
527.055 561.121
527.331 596.144
527.606 612.058
527.882 600.591
528.158 571.224
528.433 559.042
528.709 566.386
528.984 510.880
529.260 515.870
529.535 519.124
529.811 480.670
530.087 423.311
530.362 418.817
530.638 370.841
530.913 397.756
531.189 376.726
531.465 402.054
531.740 367.867
532.016 397.701
532.291 299.370
532.567 264.829
532.842 302.315
533.118 178.317
533.394 230.075
533.669 249.261
533.945 214.096
534.220 230.463
534.496 190.839
534.771 152.574
535.047 141.100
535.323 176.517
535.598 185.508
535.874 209.241
536.149 193.105
536.425 291.569
536.700 369.739
536.976 416.174
537.252 516.099
537.527 629.248
537.803 713.891
538.078 756.573
538.354 829.878
538.629 910.475
538.905 940.624
539.181 1093.080
539.456 1168.078
539.732 1140.504
540.007 1262.938
540.283 1327.674
540.558 1366.119
540.834 1433.133
541.110 1432.047
541.385 1467.649
541.661 1488.858
541.936 1444.095
542.212 1516.758
542.488 1637.711
542.763 1666.014
543.039 1612.877
543.314 1668.480
543.590 1564.255
543.865 1536.787
544.141 1538.731
544.417 1408.243
544.692 1422.219
544.968 1386.865
545.243 1359.098
545.519 1340.325
545.794 1245.213
546.070 1191.932
546.348 1236.321
546.627 1195.166
546.905 1139.960
547.183 1144.218
547.461 1141.046
547.740 1165.982
548.018 1218.938
548.296 1211.859
548.575 1387.627
548.853 1283.621
549.131 1328.236
549.409 1356.581
549.688 1376.753
549.966 1355.335
550.244 1362.720
550.523 1420.650
550.801 1398.418
551.079 1300.960
551.357 1308.206
551.636 1345.107
551.914 1328.354
552.192 1390.141
552.471 1431.361
552.749 1450.421
553.027 1427.329
553.306 1489.907
553.584 1516.554
553.862 1585.948
554.140 1558.940
554.419 1558.515
554.697 1487.638
554.975 1557.313
555.254 1575.048
555.532 1454.037
555.810 1464.004
556.088 1403.053
556.367 1388.424
556.645 1330.319
556.923 1336.688
557.202 1242.021
557.480 1296.483
557.758 1220.186
558.036 1126.874
558.315 1086.190
558.593 1003.451
558.871 930.217
559.150 894.817
559.428 829.744
559.706 780.660
559.984 739.227
560.263 692.493
560.541 640.639
560.819 584.968
561.098 534.464
561.376 443.639
561.654 419.067
561.932 393.204
562.211 274.942
562.489 358.226
562.767 220.947
563.046 281.162
563.324 248.510
563.602 174.328
563.880 162.227
564.159 112.898
564.437 116.359
564.715 148.923
564.994 94.381
565.272 82.896
565.550 126.455
565.828 139.521
566.107 65.510
566.385 50.618
566.663 44.405
566.942 140.049
567.220 106.639
567.498 55.325
567.776 20.735
568.055 93.898
568.333 98.743
568.611 36.338
568.890 35.277
569.168 -22.841
569.446 57.708
569.725 74.211
570.003 79.259
570.281 39.231
570.559 109.900
570.838 72.982
571.116 56.931
571.394 52.944
571.673 40.904
571.951 58.375
572.229 67.587
572.507 90.782
572.786 46.475
573.064 34.237
573.342 -4.458
573.621 30.752
573.899 63.442
574.177 58.973
574.455 71.112
574.734 106.169
575.012 66.116
575.290 9.386
575.569 30.150
575.847 22.328
576.125 58.894
576.403 15.937
576.682 -3.559
576.960 68.999
577.243 38.008
577.527 65.179
577.810 69.745
578.093 83.613
578.377 41.157
578.660 46.395
578.944 21.770
579.227 14.569
579.510 53.404
579.794 29.051
580.077 3.968
580.360 19.601
580.644 45.602
580.927 13.251
581.210 -14.545
581.494 -45.325
581.777 20.667
582.061 -2.425
582.344 63.908
582.627 22.072
582.911 11.922
583.194 48.592
583.477 -3.277
583.761 25.506
584.044 -29.568
584.327 -0.481
584.611 45.879
584.894 58.874
585.178 -17.051
585.461 34.909
585.744 23.929
586.028 0.693
586.311 31.510
586.594 20.927
586.878 71.326
587.161 15.325
587.444 14.724
587.728 -6.477
588.011 -20.898
588.295 -31.118
588.578 -22.823
588.861 50.716
589.145 66.291
589.428 47.443
589.711 4.292
589.995 12.565
590.278 7.744
590.562 2.449
590.845 54.441
591.128 -5.827
591.412 4.918
591.695 54.601
591.978 19.688
592.262 1.240
592.545 10.362
592.828 25.836
593.112 67.118
593.395 47.362
593.679 69.835
593.962 48.888
594.245 32.146
594.529 69.150
594.812 19.221
595.095 53.163
595.379 44.661
595.662 51.358
595.945 9.591
596.229 -11.809
596.512 -28.146
596.796 -7.071
597.079 26.235
597.362 -40.705
597.646 26.205
597.929 -16.153
598.212 47.330
598.496 -25.026
598.779 8.805
599.062 1.072
599.346 38.136
599.629 76.389
599.913 13.286
600.196 38.698
600.479 16.066
600.763 -17.728
601.046 11.564
601.329 48.277
601.613 16.605
601.896 60.838
602.179 41.951
602.463 34.660
602.746 49.960
603.030 64.285
603.313 30.330
603.596 -7.786
603.880 3.806
604.163 -68.968
604.446 -4.628
604.730 -2.474
605.013 53.741
605.296 -6.211
605.580 -16.790
605.863 20.041
606.147 34.921
606.430 19.641
606.713 -16.350
606.997 0.617
607.280 -56.118
607.563 -3.657
607.847 10.677
608.130 -11.384
608.414 19.629
608.697 2.057
608.980 4.145
609.264 36.448
609.547 70.971
609.830 31.597
610.114 51.756
610.397 59.804
610.680 13.648
610.964 22.579
611.247 -53.665
611.531 -29.240
611.814 24.153
612.097 -9.586
612.381 64.422
612.664 48.116
612.947 28.102
613.231 88.180
613.514 48.149
613.797 21.053
614.081 8.680
614.364 53.079
614.648 86.084
614.931 26.757
615.214 37.764
615.498 -1.758
615.781 48.025
616.064 29.373
616.348 35.283
616.631 25.787
616.914 63.677
617.198 55.990
617.481 45.182
617.765 -2.764
618.048 29.783
618.331 21.753
618.615 11.462
618.898 38.962
619.181 66.651
619.465 -12.659
619.748 12.899
620.031 -8.296
620.315 -9.316
620.598 -15.865
620.882 -14.113
621.165 -55.466
621.448 -48.872
621.732 -11.725
622.015 6.238
622.298 34.315
622.582 9.181
622.865 78.939
623.148 61.383
623.432 15.966
623.715 24.658
623.999 32.524
624.282 27.564
624.565 24.342
624.849 40.698
625.132 44.498
625.415 67.732
625.699 56.515
625.982 27.295
626.265 18.109
626.549 61.020
626.832 29.514
627.116 58.136
627.399 38.881
627.682 1.427
627.966 64.887
628.249 54.168
628.532 65.340
628.816 -36.917
629.099 -2.631
629.383 -6.710
629.666 -11.474
629.949 57.305
630.233 55.593
630.516 9.171
630.799 72.200
631.083 28.028
631.366 51.529
631.649 30.025
631.933 1.896
632.216 8.154
632.500 52.064
632.783 92.543
633.066 102.482
633.350 103.440
633.633 52.441
633.916 68.544
634.200 70.057
634.483 139.332
634.766 49.989
635.050 34.904
635.333 40.863
635.617 85.196
635.900 36.366
636.183 40.307
636.467 97.889
636.750 79.794
637.033 92.616
637.317 105.588
637.600 152.264
637.883 170.247
638.167 125.791
638.450 210.633
638.734 211.847
639.017 197.480
639.300 207.733
639.584 184.342
639.867 255.010
640.150 232.642
640.434 312.462
640.717 343.442
641.000 331.664
641.284 285.014
641.567 304.314
641.851 258.971
642.134 277.237
642.417 378.921
642.701 401.581
642.984 418.169
643.267 459.575
643.551 467.137
643.834 510.990
644.117 557.983
644.401 638.175
644.684 721.735
644.968 663.752
645.251 800.896
645.534 897.124
645.818 955.557
646.101 1048.804
646.384 1147.184
646.668 1344.511
646.951 1537.362
647.235 1700.913
647.518 1899.610
647.801 2079.408
648.085 2232.106
648.368 2408.698
648.651 2679.955
648.935 2803.069
649.218 3069.169
649.501 3193.022
649.785 3438.420
650.068 3670.403
650.352 3876.707
650.635 4157.486
650.918 4484.460
651.202 4766.592
651.485 5103.107
651.768 5331.310
652.052 5577.368
652.335 5877.625
652.618 6101.999
652.902 6276.803
653.185 6439.794
653.469 6630.962
653.752 6726.045
654.035 6834.407
654.319 6894.686
654.602 7010.774
654.885 7098.951
655.169 7229.381
655.452 7351.377
655.735 7464.690
656.019 7505.101
656.302 7627.574
656.586 7789.454
656.869 7827.769
657.152 7866.326
657.436 7950.442
657.719 8015.500
658.002 8068.439
658.286 8120.126
658.569 8157.235
658.852 8219.646
659.136 8185.571
659.419 8210.994
659.703 8282.144
659.986 8378.500
660.269 8429.073
660.553 8500.735
660.836 8513.473
661.119 8551.499
661.403 8514.368
661.686 8500.961
661.969 8513.573
662.253 8418.865
662.536 8447.640
662.820 8412.858
663.103 8322.171
663.386 8291.013
663.670 8144.811
663.953 8005.513
664.236 7800.161
664.520 7577.579
664.803 7511.096
665.086 7232.545
665.370 7029.101
665.653 6778.089
665.937 6500.490
666.220 6179.834
666.503 5880.160
666.787 5719.396
667.070 5424.670
667.353 5139.236
667.637 4851.296
667.920 4667.524
668.204 4419.665
668.487 4188.414
668.770 3946.078
669.054 3687.782
669.337 3452.123
669.620 3341.822
669.904 3103.192
670.187 2928.993
670.470 2762.700
670.754 2618.906
671.037 2412.363
671.321 2274.629
671.604 2097.943
671.887 1997.339
672.171 1848.548
672.454 1619.771
672.737 1564.796
673.021 1424.470
673.304 1267.597
673.587 1211.574
673.871 1174.074
674.154 1116.587
674.438 1072.838
674.721 904.401
675.004 872.255
675.288 801.228
675.571 793.698
675.854 613.691
676.138 627.542
676.421 563.833
676.704 564.448
676.988 492.744
677.271 473.923
677.555 428.216
677.838 440.294
678.121 347.048
678.405 383.559
678.688 335.356
678.971 266.577
679.255 283.546
679.538 230.634
679.821 290.025
680.105 321.705
680.388 276.333
680.672 201.239
680.955 217.523
681.238 185.199
681.522 173.050
681.805 156.623
682.088 134.902
682.372 159.004
682.655 127.922
682.938 96.510
683.222 126.433
683.505 82.124
683.789 98.429
684.072 119.129
684.355 49.389
684.639 67.731
684.922 85.025
685.205 62.074
685.489 73.596
685.772 28.051
686.056 79.031
686.339 38.209
686.622 86.987
686.906 86.111
687.189 78.103
687.472 87.288
687.756 142.785
688.039 128.832
688.322 84.781
688.606 76.457
688.889 58.085
689.173 7.980
689.456 33.014
689.739 102.933
690.023 58.258
690.306 32.752
690.589 70.238
690.873 28.601
691.156 67.067
691.439 93.509
691.723 60.609
692.006 41.165
692.290 84.857
692.573 85.014
692.856 50.676
693.140 106.376
693.423 82.481
693.706 -19.093
693.990 40.622
694.273 10.660
694.556 33.126
694.840 37.649
695.123 70.913
695.407 -15.617
695.690 0.059
695.973 16.488
696.257 55.015
696.540 89.555
696.830 51.464
697.120 87.950
697.410 59.522
697.699 11.323
697.989 76.105
698.279 0.788
698.569 37.490
698.859 68.767
699.149 101.664
699.439 60.110
699.729 87.609
700.018 121.198
700.308 98.272
700.598 98.168
700.888 142.273
701.178 140.849
701.468 105.115
701.758 72.768
702.048 43.559
702.337 37.980
702.627 30.705
702.917 44.160
703.207 64.526
703.497 8.148
703.787 18.358
704.077 -8.253
704.366 -11.457
704.656 -69.205
704.946 -1.786
705.236 9.799
705.526 -8.360
705.816 -33.537
706.106 27.330
706.396 57.184
706.685 66.978
706.975 41.702
707.265 42.676
707.555 18.838
707.845 -18.424
708.135 -16.848
708.425 -47.197
708.715 -34.429
709.004 -42.479
709.294 -19.764
709.584 -11.799
709.874 3.581
710.164 -42.788
710.454 -28.278
710.744 -75.024
711.034 -14.990
711.323 -20.857
711.613 -29.529
711.903 -31.656
712.193 -17.694
712.483 -50.734
712.773 -27.937
713.063 -51.637
713.352 16.004
713.642 -28.992
713.932 -5.689
714.222 13.240
714.512 0.016
714.802 46.953
715.092 -4.251
715.382 -6.178
715.671 -9.067
715.961 -19.068
716.251 -1.182
716.541 -6.762
716.831 28.749
717.121 48.307
717.411 -3.606
717.701 18.560
717.990 5.342
718.280 2.104
718.570 -1.160
718.860 -10.319
719.150 -0.218
719.440 -10.134
719.730 -14.355
720.019 36.057
720.309 -4.025
720.599 -3.443
720.889 -6.147
721.179 -44.225
721.469 18.368
721.759 26.820
722.049 12.067
722.338 -22.646
722.628 -34.992
722.918 45.651
723.208 -54.053
723.498 -50.788
723.788 -85.101
724.078 -18.485
724.368 -8.699
724.657 -5.762
724.947 -25.470
725.237 20.015
725.527 31.456
725.817 35.694
726.107 18.133
726.397 16.414
726.686 47.944
726.976 -18.401
727.266 -6.207
727.556 -35.221
727.846 -31.974
728.136 -52.430
728.426 -1.200
728.716 36.986
729.005 -19.779
729.295 14.523
729.585 -17.893
729.875 -46.524
730.165 -25.803
730.455 18.030
730.745 11.796
731.035 -47.044
731.324 -36.620
731.614 -30.929
731.904 -28.809
732.194 -89.042
732.484 2.694
732.774 -15.405
733.064 57.761
733.354 7.582
733.643 -42.854
733.933 9.485
734.223 -37.848
734.513 -8.216
734.803 -20.905
735.093 -50.765
735.383 -41.434
735.672 9.746
735.962 -30.570
736.252 -62.995
736.542 3.258
736.832 -25.919
737.122 -2.777
737.412 -45.513
737.702 -2.176
737.991 -18.472
738.281 -4.572
738.571 -2.752
738.861 -0.647
739.151 19.838
739.441 -12.396
739.731 33.836
740.021 10.026
740.310 -5.173
740.600 1.506
740.890 -3.163
741.180 -54.930
741.470 -43.479
741.760 3.135
742.050 0.189
742.339 -29.724
742.629 -10.921
742.919 12.803
743.209 3.710
743.499 -1.447
743.789 -44.221
744.079 -101.832
744.369 -33.880
744.658 -62.093
744.948 -6.005
745.238 -22.643
745.528 -41.872
745.818 -60.357
746.108 -24.445
746.398 -43.951
746.688 -37.793
746.977 27.554
747.267 -7.806
747.557 -57.531
747.847 18.012
748.137 -10.007
748.427 -25.324
748.717 -45.076
749.006 -26.517
749.296 16.669
749.586 -36.858
749.876 32.202
750.166 -13.224
750.456 -44.349
750.746 -37.402
751.036 -99.270
751.325 -45.788
751.615 -68.004
751.905 -38.426
752.195 2.145
752.485 34.547
752.775 33.155
753.065 0.524
753.355 0.152
753.644 10.983
753.934 5.289
754.224 36.628
754.514 27.222
754.804 -4.281
755.094 12.368
755.384 -59.251
755.674 -3.287
755.963 -32.375
756.253 -17.956
756.543 -27.152
756.833 -69.829
757.123 -21.362
757.413 -28.824
757.703 4.334
757.992 3.936
758.282 50.134
758.572 45.342
758.862 -28.829
759.152 -60.782
759.442 -11.319
759.732 -29.625
760.022 -32.639
760.311 -85.195
760.601 -18.396
760.891 9.366
761.181 -31.225
761.471 39.953
761.761 22.653
762.051 11.794
762.341 -32.065
762.630 -27.266
762.920 -44.185
763.210 11.804
763.500 -25.457
763.793 -1.289
764.086 26.494
764.379 5.145
764.671 -37.110
764.964 -72.928
765.257 -16.383
765.550 27.750
765.843 2.948
766.136 -6.549
766.429 5.961
766.722 -24.433
767.014 18.046
767.307 -47.614
767.600 26.503
767.893 -36.175
768.186 -53.111
768.479 -65.416
768.772 -19.451
769.064 -54.331
769.357 42.821
769.650 41.209
769.943 27.101
770.236 -18.613
770.529 -49.111
770.822 -20.253
771.115 4.353
771.407 -1.307
771.700 -68.102
771.993 -5.991
772.286 -20.076
772.579 41.045
772.872 -8.357
773.165 -82.761
773.457 -52.913
773.750 -52.762
774.043 -32.175
774.336 -54.062
774.629 38.850
774.922 -6.578
775.215 18.657
775.508 -21.597
775.800 -22.979
776.093 24.477
776.386 0.917
776.679 -15.608
776.972 -6.547
777.265 -25.282
777.558 -1.089
777.850 -50.322
778.143 -77.491
778.436 -48.388
778.729 -23.624
779.022 14.969
779.315 -28.852
779.608 -0.711
779.900 -10.573
780.193 -22.030
780.486 -80.816
780.779 48.457
781.072 53.052
781.365 44.656
781.658 22.980
781.951 11.726
782.243 -12.874
782.536 8.117
782.829 -22.806
783.122 -27.822
783.415 -39.625
783.708 -11.545
784.001 -17.372
784.293 -46.668
784.586 -14.545
784.879 -9.536
785.172 -22.716
785.465 -22.761
785.758 -22.142
786.051 -67.230
786.344 -50.688
786.636 -54.350
786.929 -19.727
787.222 -12.019
787.515 27.278
787.808 -30.669
788.101 -11.690
788.394 48.038
788.686 26.060
788.979 19.451
789.272 50.032
789.565 -10.481
789.858 -19.673
790.151 -13.115
790.444 -44.875
790.737 -88.934
791.029 -70.196
791.322 40.382
791.615 -29.831
791.908 -28.110
792.201 -32.450
792.494 -11.083
792.787 -9.085
793.079 -52.767
793.372 -79.009
793.665 -21.468
793.958 -51.179
794.251 -56.358
794.544 -43.535
794.837 -25.452
795.130 -6.708
795.422 18.021
795.715 39.558
796.008 3.846
796.301 5.259
796.594 55.264
796.887 -16.261
797.180 37.531
797.472 50.095
797.765 -28.252
798.058 -13.686
798.351 -39.618
798.644 3.649
798.937 -58.959
799.230 -51.524
799.523 -15.889
799.815 18.208
800.108 -1.930
800.401 -24.463
800.694 -8.920
800.987 0.292
801.280 7.245
801.573 8.834
801.865 40.608
802.158 -48.630
802.451 20.026
802.744 -38.067
803.037 -37.069
803.330 -41.504
803.623 -2.135
803.915 -36.843
804.208 27.465
804.501 -35.214
804.794 -11.770
805.087 9.872
805.380 -52.274
805.673 -23.570
805.966 -17.945
806.258 -29.790
806.551 -56.586
806.844 -33.881
807.137 7.082
807.430 -9.376
807.723 -48.339
808.016 -34.690
808.308 -22.891
808.601 -26.663
808.894 5.892
809.187 -38.009
809.480 -45.821
809.773 -57.203
810.066 2.105
810.359 -14.028
810.651 11.320
810.944 -19.511
811.237 -28.405
811.530 -41.524
811.825 -28.240
812.119 7.120
812.414 -57.672
812.709 1.052
813.003 42.699
813.298 -41.805
813.593 -54.472
813.887 -71.001
814.182 -21.677
814.476 -2.608
814.771 -69.794
815.066 -19.478
815.360 -71.893
815.655 -8.069
815.950 -25.182
816.244 -33.529
816.539 -91.717
816.834 -43.594
817.128 -69.332
817.423 -65.419
817.718 4.984
818.012 -10.402
818.307 -35.182
818.602 30.418
818.896 22.448
819.191 -37.596
819.486 8.043
819.780 57.524
820.075 -44.766
820.369 -46.888
820.664 -27.730
820.959 -57.937
821.253 -26.672
821.548 -48.830
821.843 -51.457
822.137 0.849
822.432 -3.964
822.727 -16.457
823.021 -62.789
823.316 -24.197
823.611 -19.882
823.905 -98.753
824.200 -25.414
824.495 -45.531
824.789 -14.525
825.084 -10.897
825.379 -11.103
825.673 -19.174
825.968 -11.425
826.262 -34.295
826.557 51.603
826.852 87.906
827.146 -11.880
827.441 2.416
827.736 13.181
828.030 33.119
828.325 22.145
828.620 2.404
828.914 31.888
829.209 56.249
829.504 7.017
829.798 -50.746
830.093 0.498
830.388 1.932
830.682 -41.581
830.977 -62.957
831.271 -33.644
831.566 -60.001
831.861 -11.897
832.155 -51.767
832.450 -18.774
832.745 -32.792
833.039 -56.614
833.334 -12.582
833.629 -42.241
833.923 -72.214
834.218 -57.336
834.513 -18.411
834.807 -16.785
835.102 -3.414
835.397 -12.777
835.691 -18.042
835.986 -38.656
836.281 -22.457
836.575 -6.407
836.870 -37.676
837.164 -21.083
837.459 -44.710
837.754 -32.411
838.048 -12.703
838.343 -25.821
838.638 -64.568
838.932 -101.311
839.227 -73.740
839.522 -14.858
839.816 -40.144
840.111 -1.663
840.406 -39.660
840.700 -8.373
840.995 -5.526
841.290 -11.653
841.584 -56.626
841.879 -32.035
842.174 38.210
842.468 31.756
842.763 24.673
843.057 13.025
843.352 -1.665
843.647 -28.212
843.941 -27.431
844.236 -36.009
844.531 -35.284
844.825 -24.246
845.120 -19.034
845.415 51.781
845.709 0.495
846.004 -31.382
846.299 -44.370
846.593 -87.536
846.888 -38.939
847.183 -15.806
847.477 43.894
847.772 34.742
848.066 30.281
848.361 -19.619
848.656 -18.470
848.950 -48.676
849.245 -29.053
849.540 2.321
849.834 -22.676
850.129 -30.515
850.424 -20.920
850.718 31.030
851.013 -17.709
851.308 -27.522
851.602 -46.355
851.897 39.776
852.192 3.256
852.486 -70.267
852.781 -110.860
853.076 -40.775
853.370 -50.341
853.665 -37.089
853.959 -28.335
854.254 -1.607
854.549 -20.979
854.843 37.750
855.138 -7.442
855.433 -0.664
855.727 17.438
856.022 19.892
856.317 -57.495
856.611 -71.129
856.906 -38.830
857.201 -8.978
857.495 -64.495
857.790 -20.958
858.085 -56.469
858.379 -81.212
858.674 19.738
858.969 -14.264
859.263 33.144
859.558 33.075
859.852 2.900
860.147 -52.569
860.442 -51.128
860.736 -28.800
861.031 -9.006
861.326 16.153
861.620 9.979
861.915 32.398
862.210 -45.839
862.504 -11.554
862.799 -8.721
863.094 14.018
863.388 -61.552
863.683 -7.795
863.978 -88.356
864.272 -8.412
864.567 -82.091
864.861 -27.671
865.156 -3.725
865.451 0.571
865.745 11.364
866.040 9.694
866.335 -34.004
866.629 -3.324
866.924 38.515
867.219 8.996
867.513 22.306
867.808 -44.406
868.103 17.735
868.397 2.773
868.692 -33.792
868.987 -6.358
869.281 -13.214
869.576 -53.624
869.871 12.189
870.165 -40.078
870.460 29.999
870.754 -11.944
871.049 4.349
871.344 -78.616
871.638 3.776
871.933 -25.236
872.228 -53.726
872.522 -56.181
872.817 -44.054
873.112 11.467
873.406 -0.213
873.701 21.458
873.996 -32.085
874.290 -75.050
874.585 -47.408
874.880 -44.689
875.174 -78.378
875.469 -18.396
875.764 27.425
876.058 22.372
876.353 -0.721
876.647 -45.954
876.942 -4.327
877.237 28.315
877.531 -24.019
877.826 -72.052
878.121 13.878
878.415 -19.007
878.710 -10.440
879.005 -23.302
879.299 -3.412
879.594 -30.872
879.889 -20.060
880.183 -54.049
880.478 -44.978
880.773 -16.871
881.067 3.522
881.362 15.493
881.656 40.769
881.951 -11.569
882.246 9.711
882.540 -44.613
882.835 -52.132
883.130 7.327
883.424 -12.865
883.719 5.250
884.014 -22.433
884.308 19.380
884.603 4.564
884.898 -72.862
885.192 -24.081
885.487 -23.118
885.782 -57.289
886.076 -63.488
886.371 -31.106
886.666 -48.305
886.960 -43.764
887.255 -48.758
887.549 15.688
887.844 -50.610
888.139 -65.039
888.433 -20.617
888.728 -31.277
889.023 -33.424
889.317 15.223
889.612 40.729
889.907 21.566
890.201 -35.796
890.496 4.732
890.791 -12.381
891.085 -37.434
891.380 -12.733
891.675 -71.423
891.969 7.736
892.264 -23.458
892.559 -35.303
892.853 2.069
893.148 15.662
893.442 -18.149
893.737 22.889
894.032 -23.457
894.326 -45.664
894.621 -32.809
894.916 21.302
895.210 -6.204
895.505 -41.356
895.800 -58.744
896.094 -44.872
896.389 2.971
896.684 -32.187
896.978 -46.799
897.273 -29.904
897.568 -7.089
897.862 -11.171
898.157 -32.742
898.451 -58.969
898.746 -15.789
899.041 2.977
899.335 -43.786
899.630 -48.088
899.925 23.007
900.219 -20.936
900.514 12.719
900.809 -19.631
901.103 -43.751
901.398 -84.408
901.693 -41.692
901.987 -6.621
902.282 -33.506
902.577 -17.529
902.871 -3.601
903.166 -89.789
903.461 -65.626
903.755 -69.619
904.050 -66.328
904.344 -29.992
904.639 2.166
904.934 -27.276
905.228 -29.008
905.523 -22.701
905.818 -39.862
906.112 72.950
906.407 3.021
906.702 16.226
906.996 -30.189
907.291 -16.042
907.586 -25.723
907.880 -53.993
908.175 -6.787
908.470 21.954
908.764 1.072
909.059 -45.051
909.354 -15.394
909.648 -28.168
909.943 12.247
910.237 22.885
910.532 -25.342
910.827 -63.306
911.121 15.886
911.416 2.131
911.711 13.763
912.005 -29.639
912.300 -55.923
912.599 -32.267
912.898 -62.030
913.196 -18.788
913.495 -51.795
913.794 -8.969
914.093 -79.005
914.391 -16.839
914.690 -68.324
914.989 -38.141
915.288 -44.980
915.586 -33.864
915.885 -8.503
916.184 -12.643
916.483 7.629
916.782 -60.405
917.080 -41.049
917.379 -57.856
917.678 -48.247
917.977 -29.693
918.275 -50.574
918.574 -7.683
918.873 38.475
919.172 5.287
919.471 -34.420
919.769 -47.742
920.068 38.678
920.367 -77.591
920.666 -13.094
920.964 -48.685
921.263 -11.780
921.562 -0.785
921.861 -37.827
922.159 -47.182
922.458 -23.515
922.757 -46.957
923.056 -51.825
923.355 -21.789
923.653 -3.166
923.952 26.125
924.251 56.287
924.550 -16.201
924.848 -29.690
925.147 -13.614
925.446 -34.457
925.745 -1.315
926.043 -69.769
926.342 -50.398
926.641 -39.810
926.940 -39.953
927.239 -58.288
927.537 -41.455
927.836 -5.337
928.135 -12.333
928.434 9.005
928.732 5.188
929.031 -57.897
929.330 -15.093
929.629 -19.530
929.927 2.429
930.226 -24.187
930.525 -22.141
930.824 -28.706
931.123 -40.642
931.421 -50.510
931.720 -41.421
932.019 21.162
932.318 13.104
932.616 -35.443
932.915 43.402
933.214 25.295
933.513 -58.632
933.812 -88.273
934.110 -67.453
934.409 -15.616
934.708 -99.573
935.007 -85.457
935.305 -1.210
935.604 19.491
935.903 -37.952
936.202 -6.970
936.500 6.936
936.799 -11.940
937.098 41.960
937.397 35.009
937.696 9.087
937.994 -52.096
938.293 25.857
938.592 -11.707
938.891 -81.832
939.189 -21.179
939.488 -22.478
939.787 -112.206
940.086 -11.000
940.384 14.882
940.683 54.270
940.982 39.106
941.281 -7.475
941.580 35.368
941.878 -52.961
942.177 -12.847
942.476 71.021
942.775 7.846
943.073 8.859
943.372 1.339
943.671 -1.873
943.970 -39.665
944.268 40.254
944.567 -2.452
944.866 70.338
945.165 -2.361
945.464 -49.034
945.762 -44.722
946.061 -113.158
946.360 -33.668
946.659 -26.229
946.957 -21.194
947.256 -47.225
947.555 -37.424
947.854 -51.513
948.153 -75.765
948.451 30.048
948.750 11.745
949.049 -36.498
949.348 -3.082
949.646 35.875
949.945 62.291
950.244 7.480
950.543 -4.615
950.841 -44.551
951.140 -16.803
951.439 2.363
951.738 28.122
952.037 -41.862
952.335 13.278
952.634 33.869
952.933 20.910
953.232 1.676
953.530 -19.734
953.829 -40.025
954.128 -35.582
954.427 -9.254
954.725 -28.855
955.024 -9.768
955.323 -40.712
955.622 -44.796
955.921 8.625
956.219 -5.760
956.518 -13.694
956.817 -50.926
957.116 -9.361
957.414 -26.167
957.713 13.935
958.012 -24.395
958.311 -71.101
958.610 -40.161
958.908 -1.553
959.207 17.778
959.506 -34.036
959.805 -51.623
960.103 -51.816
960.402 -71.146
960.701 -14.932
961.000 -15.632
961.298 -44.519
961.597 -84.797
961.896 -70.699
962.195 -39.824
962.494 -28.807
962.792 -49.590
963.091 -51.721
963.390 -36.639
963.689 -104.046
963.987 -29.088
964.286 39.506
964.585 20.677
964.884 -17.975
965.182 0.621
965.481 50.323
965.780 -33.336
966.080 -50.996
966.380 -17.869
966.680 -49.955
966.981 -20.243
967.281 -45.554
967.581 -25.892
967.881 22.051
968.181 3.277
968.481 53.254
968.781 -30.882
969.082 1.220
969.382 -130.384
969.682 -103.100
969.982 -55.794
970.282 -71.629
970.582 -10.217
970.882 3.486
971.183 -17.316
971.483 6.405
971.783 -17.429
972.083 -94.200
972.383 -87.085
972.683 -68.892
972.983 -2.630
973.284 -9.187
973.584 -19.657
973.884 8.353
974.184 -55.902
974.484 -48.544
974.784 -55.202
975.084 -55.598
975.385 -46.188
975.685 -34.302
975.985 -30.300
976.285 -2.320
976.585 -53.734
976.885 -13.912
977.185 13.897
977.486 -9.012
977.786 23.229
978.086 5.607
978.386 -33.368
978.686 -1.884
978.986 -15.323
979.286 -27.970
979.587 -40.297
979.887 9.303
980.187 -34.898
980.487 30.102
980.787 9.102
981.087 -4.298
981.387 -2.698
981.688 11.301
981.988 0.501
982.288 10.701
982.588 -13.899
982.888 -54.099
983.188 53.301
983.488 -21.100
983.789 -51.700
984.089 -17.100
984.389 -48.100
984.689 -11.500
984.989 -25.701
985.289 -14.301
985.589 -44.901
985.890 4.699
986.190 -21.701
986.490 18.898
986.790 41.298
987.090 55.898
987.390 -29.902
987.690 1.698
987.991 -29.303
988.291 -1.303
988.591 20.897
988.891 -14.503
989.191 -7.903
989.491 13.297
989.791 -23.904
990.092 10.496
990.392 -21.104
990.692 -38.704
990.992 -48.904
991.292 -30.105
991.592 22.695
991.892 -22.105
992.193 -25.105
992.493 10.095
992.793 -21.106
993.093 -15.906
993.393 5.894
993.693 -32.306
993.993 -9.706
994.294 2.894
994.594 -31.507
994.894 -7.107
995.194 -17.507
995.494 -58.507
995.794 -54.907
996.094 -4.308
996.395 13.892
996.695 11.092
996.995 -45.708
997.295 38.292
997.595 -6.508
997.895 16.891
998.195 -0.709
998.496 15.891
998.796 5.491
999.096 -17.309
999.396 -2.110
999.696 19.090
999.996 -70.310
1000.296 -20.710
1000.597 -32.710
1000.897 -86.910
1001.197 -72.511
1001.497 -40.311
1001.797 -47.311
1002.097 -36.311
1002.397 0.889
1002.698 29.088
1002.998 -50.512
1003.298 -44.512
1003.598 -24.712
1003.898 -13.712
1004.198 -82.912
1004.498 -79.313
1004.799 -8.313
1005.099 -0.313
1005.399 23.887
1005.699 16.487
1005.999 -6.314
1006.299 16.286
1006.599 -12.314
1006.900 4.886
1007.200 -1.114
1007.500 -43.914
1007.800 -8.515
1008.100 27.685
1008.400 11.685
1008.700 2.485
1009.001 14.885
1009.301 33.285
1009.601 -12.316
1009.901 -18.716
1010.201 -50.916
1010.501 -44.916
1010.801 -40.516
1011.102 7.083
1011.402 -45.317
1011.702 -10.317
1012.002 -55.717
1012.302 -40.517
1012.602 -65.917
1012.902 0.682
1013.203 -53.318
1013.503 3.282
1013.803 23.682
1014.103 -62.718
1014.403 -22.518
1014.703 11.281
1015.003 -34.119
1015.304 -19.919
1015.604 -11.319
1015.904 13.481
1016.204 -8.320
1016.504 -39.920
1016.804 -19.720
1017.104 -44.720
1017.405 -1.520
1017.705 8.280
1018.005 -23.921
1018.305 0.679
1018.605 22.279
1018.905 1.079
1019.205 5.679
1019.506 25.479
1019.806 16.878
1020.106 2.678
1020.406 -73.522
1020.706 -33.722
1021.006 -37.722
1021.306 -49.322
1021.607 -10.323
1021.907 5.477
1022.207 -9.923
1022.507 -17.923
1022.807 -21.523
1023.107 -97.123
1023.407 -52.324
1023.708 -0.524
1024.008 -25.324
1024.308 52.876
1024.608 -39.924
1024.908 6.276
1025.208 24.475
1025.508 -15.925
1025.809 2.075
1026.109 34.675
1026.409 13.875
1026.709 46.275
1027.009 -18.926
1027.309 -20.326
1027.609 -37.526
1027.910 -60.326
1028.210 -17.726
1028.510 -6.526
1028.810 -44.527
1029.110 -45.927
1029.410 -37.327
1029.710 -52.327
1030.011 -55.727
1030.311 -46.127
1030.611 7.072
1030.911 -12.528
1031.211 9.872
1031.511 -3.928
1031.811 -22.728
1032.112 -0.728
1032.412 11.471
1032.712 -49.729
1033.012 -42.129
1033.312 10.271
1033.612 -9.329
1033.912 -16.529
1034.212 -1.330
1034.513 -3.530
1034.813 0.870
1035.113 -75.330
1035.413 -94.530
1035.713 -9.930
1036.013 5.069
1036.313 10.869
1036.614 0.669
1036.914 -8.931
1037.214 -52.331
1037.514 -8.131
1037.814 -44.132
1038.114 10.668
1038.414 -24.132
1038.715 6.068
1039.015 -1.332
1039.315 15.068
1039.615 9.467
1039.915 -50.733
1040.215 23.067
1040.515 26.067
1040.816 -4.533
1041.116 5.467
1041.416 -58.533
1041.716 -5.534
1042.016 15.266
1042.316 -22.734
1042.616 -15.134
1042.917 -41.334
1043.217 -50.134
1043.517 -125.935
1043.817 -55.935
1044.117 -21.735
1044.417 -29.135
1044.717 -46.335
1045.018 -38.335
1045.318 8.464
1045.618 -49.136
1045.918 -81.336
1046.218 11.464
1046.518 -25.936
1046.818 -36.336
1047.119 -58.937
1047.419 -60.737
1047.719 -44.337
1048.019 -35.737
1048.319 -62.737
1048.619 -7.537
1048.919 -57.537
1049.220 12.262
1049.520 15.062
1049.820 -47.338
1050.120 -19.738
1050.420 4.262
1050.720 -25.538
1051.020 43.461
1051.321 -16.339
1051.621 33.661
1051.921 -4.939
1052.221 5.061
1052.521 -29.539
1052.821 -44.939
1053.121 44.060
1053.422 -16.740
1053.722 -22.540
1054.022 9.260
1054.322 -50.940
1054.622 -76.940
1054.922 19.459
1055.222 -15.141
1055.523 32.059
1055.823 13.659
1056.123 -25.141
1056.423 5.059
1056.723 -55.541
1057.023 -52.942
1057.323 1.658
1057.624 -26.142
1057.924 13.458
1058.224 -36.342
1058.524 -45.342
1058.824 -10.543
1059.124 -7.143
1059.424 -45.943
1059.725 -42.743
1060.025 -42.743
1060.325 -9.943
1060.625 -26.143
1060.925 -61.744
1061.225 -40.544
1061.525 -25.344
1061.826 23.256
1062.126 11.656
1062.426 -6.144
1062.726 -57.345
1063.026 5.855
1063.326 -25.945
1063.626 -10.745
1063.927 22.255
1064.227 -34.145
1064.527 -22.545
1064.827 11.454
1065.127 11.054
1065.427 -13.346
1065.727 -26.746
1066.028 43.454
1066.328 3.454
1066.628 21.054
1066.928 -28.347
1067.228 -41.747
1067.528 -6.947
1067.828 -16.547
1068.129 2.253
1068.429 -21.747
1068.729 -53.548
1069.029 7.652
1069.329 1.652
1069.629 -8.548
1069.929 7.652
1070.230 -56.748
1070.530 -5.548
1070.830 -28.749
1071.130 -34.949
1071.430 -80.949
1071.730 -20.549
1072.030 -46.749
1072.331 -26.149
1072.631 -45.349
1072.931 -54.550
1073.231 18.650
1073.531 -59.750
1073.831 -10.950
1074.131 -53.350
1074.432 -42.550
1074.732 -23.550
1075.032 -22.551
1075.332 33.049
1075.632 -1.151
1075.932 -89.751
1076.232 -0.751
1076.533 -40.351
1076.833 -20.551
1077.133 -99.752
1077.433 6.048
1077.733 -27.952
1078.033 -36.752
1078.333 -7.552
1078.634 -19.552
1078.934 -23.352
1079.234 -28.553
1079.534 -28.953
1079.834 -35.553
1080.134 -7.753
1080.434 -1.153
1080.735 -13.353
1081.035 -61.353
1081.335 -77.754
1081.635 -51.954
1081.935 9.846
1082.235 -7.154
1082.535 28.646
1082.836 -11.554
1083.136 15.646
1083.436 36.045
1083.736 -25.955
1084.036 -33.955
1084.336 -34.555
1084.636 1.045
1084.937 -46.555
1085.237 -72.355
1085.537 -44.356
1085.837 -46.756
1086.137 -57.556
1086.437 -43.156
1086.737 -58.556
1087.038 -90.956
1087.338 -61.356
1087.638 -21.157
1087.938 -69.157
1088.238 -17.957
1088.538 -10.157
1088.838 -44.157
1089.139 -55.957
1089.439 -34.357
1089.739 -31.158
1090.039 -53.358
1090.339 9.442
1090.639 -4.758
1090.939 -93.958
1091.240 -63.558
1091.540 -39.558
1091.840 -14.959
1092.140 -11.759
1092.453 -41.159
1092.766 24.441
1093.079 -12.359
1093.392 -41.159
1093.705 -38.159
1094.018 -23.559
1094.330 -61.560
1094.643 -83.160
1094.956 -35.560
1095.269 -60.960
1095.582 -5.560
1095.895 33.040
1096.208 -66.360
1096.521 -23.961
1096.834 -30.561
1097.147 22.239
1097.460 -38.161
1097.773 -51.161
1098.085 -17.561
1098.398 -7.961
1098.711 1.238
1099.024 5.238
1099.337 -1.962
1099.650 -26.562
1099.963 -40.562
1100.276 -13.162
1100.589 -40.762
1100.902 -33.562
1101.215 6.237
1101.528 -75.563
1101.841 -10.763
1102.153 -3.363
1102.466 -2.763
1102.779 39.837
1103.092 6.437
1103.405 -70.764
1103.718 -29.364
1104.031 10.036
1104.344 24.236
1104.657 -9.164
1104.970 -6.564
1105.283 -26.564
1105.596 45.236
1105.909 -47.365
1106.221 9.235
1106.534 18.435
1106.847 10.635
1107.160 -53.165
1107.473 -75.965
1107.786 27.235
1108.099 -33.166
1108.412 18.634
1108.725 0.434
1109.038 -12.766
1109.351 27.434
1109.664 34.034
1109.977 63.034
1110.289 -34.166
1110.602 7.033
1110.915 -31.967
1111.228 -61.567
1111.541 14.633
1111.854 22.233
1112.167 11.433
1112.480 -25.567
1112.793 -19.768
1113.106 -18.768
1113.419 24.432
1113.732 -3.568
1114.044 20.032
1114.357 -31.168
1114.670 13.032
1114.983 6.032
1115.296 -9.569
1115.609 3.231
1115.922 -6.969
1116.235 -2.169
1116.548 -61.369
1116.861 -47.369
1117.174 -46.769
1117.487 -45.169
1117.800 -29.770
1118.112 5.830
1118.425 -60.370
1118.738 -55.770
1119.051 -32.370
1119.364 -29.170
1119.677 5.430
1119.990 -34.971
1120.303 -22.571
1120.616 30.429
1120.929 -1.171
1121.242 -69.371
1121.555 -20.971
1121.868 -17.771
1122.180 2.829
1122.493 -26.772
1122.806 8.628
1123.119 -86.372
1123.432 -23.372
1123.745 35.428
1124.058 -40.572
1124.371 -84.172
1124.684 8.628
1124.997 -48.373
1125.310 -30.173
1125.623 -27.573
1125.935 -12.973
1126.248 -35.373
1126.561 -15.573
1126.874 11.427
1127.187 -23.173
1127.500 14.026
1127.813 1.026
1128.126 26.626
1128.439 -16.174
1128.752 -9.174
1129.065 10.626
1129.378 -20.574
1129.691 -22.574
1130.003 -46.575
1130.316 -59.175
1130.629 5.625
1130.942 -27.975
1131.255 -30.975
1131.568 -40.975
1131.881 -12.175
1132.194 -20.375
1132.507 14.424
1132.820 39.624
1133.133 -76.376
1133.446 -49.376
1133.759 -20.576
1134.071 -32.376
1134.384 2.424
1134.697 25.624
1135.010 -8.577
1135.323 0.623
1135.636 -53.577
1135.949 -71.977
1136.262 -78.977
1136.575 11.423
1136.888 -4.577
1137.201 -0.577
1137.514 -8.778
1137.826 -15.378
1138.139 -5.778
1138.452 -4.378
1138.765 -67.378
1139.078 -48.378
1139.391 -18.978
1139.704 -1.978
1140.017 -56.178
1140.330 19.221
1140.643 -22.379
1140.956 -17.179
1141.269 -21.779
1141.582 34.021
1141.894 -4.779
1142.207 -44.979
1142.520 -7.579
1142.833 -27.780
1143.146 -29.180
1143.459 -39.380
1143.772 -25.180
1144.085 -59.380
1144.398 -54.980
1144.711 -28.380
1145.024 -6.580
1145.337 26.819
1145.650 -14.381
1145.962 0.419
1146.275 -11.981
1146.588 -19.581
1146.901 0.419
1147.214 17.419
1147.527 36.019
1147.840 -16.982
1148.153 -41.782
1148.466 -21.182
1148.779 -36.382
1149.092 15.818
1149.405 -18.582
1149.718 -43.982
1150.030 -12.382
1150.343 -30.182
1150.656 -16.183
1150.969 -45.383
1151.282 -14.383
1151.595 28.417
1151.908 -60.783
1152.221 -92.183
1152.534 -60.183
1152.847 -33.383
1153.160 18.816
1153.473 -24.984
1153.785 39.216
1154.098 25.216
1154.411 -46.784
1154.724 -27.984
1155.037 -41.984
1155.350 -1.384
1155.663 -15.384
1155.976 -23.385
1156.289 -9.985
1156.602 -40.585
1156.915 0.015
1157.228 -9.585
1157.541 -32.985
1157.853 -45.785
1158.166 -30.385
1158.479 19.414
1158.792 -17.986
1159.105 -16.186
1159.418 -22.986
1159.731 -104.386
1160.044 -88.586
1160.357 -126.386
1160.670 -33.186
1160.983 -31.386
1161.296 47.013
1161.609 -6.187
1161.921 -11.387
1162.234 -24.187
1162.547 -5.187
1162.860 -0.387
1163.173 -33.187
1163.486 13.013
1163.799 -33.587
1164.112 -74.788
1164.425 -12.388
1164.738 -12.588
1165.051 -39.388
1165.364 9.612
1165.676 -59.588
1165.989 -10.788
1166.302 13.212
1166.615 -51.188
1166.928 -53.589
1167.241 -73.789
1167.554 -57.789
1167.867 -54.189
1168.180 -39.389
1168.493 -39.789
1168.806 11.611
1169.119 33.811
1169.432 -65.190
1169.744 -43.190
1170.057 -11.790
1170.370 48.010
1170.683 24.210
1170.996 -20.990
1171.309 -4.790
1171.622 -53.190
1171.935 -70.990
1172.248 -11.991
1172.561 -16.191
1172.874 -53.191
1173.187 31.209
1173.500 -17.991
1173.812 17.809
1174.125 -40.991
1174.438 -43.391
1174.751 -56.591
1175.064 24.408
1175.377 -29.792
1175.690 -25.592
1176.003 -83.192
1176.316 -15.592
1176.629 2.208
1176.942 54.808
1177.255 -5.592
1177.567 1.408
1177.880 25.207
1178.193 -66.393
1178.506 -5.193
1178.819 -39.793
1179.132 -41.193
1179.445 -20.193
1179.758 -32.993
1180.071 22.607
1180.384 -1.393
1180.697 -61.794
1181.010 -38.794
1181.323 59.006
1181.635 -13.794
1181.948 -7.194
1182.261 -2.594
1182.574 -71.394
1182.887 -58.594
1183.200 -51.794
1183.513 -64.994
1183.826 -49.795
1184.139 -36.595
1184.452 -26.795
1184.765 -24.595
1185.078 -15.795
1185.391 -19.795
1185.703 3.405
1186.016 -7.795
1186.329 10.205
1186.642 58.804
1186.955 -47.596
1187.268 -53.596
1187.581 -43.596
1187.894 -66.796
1188.207 2.804
1188.520 -20.396
1188.833 -7.196
1189.146 0.004
1189.459 6.403
1189.771 1.403
1190.084 -64.597
1190.397 -71.797
1190.710 -57.797
1191.023 -81.997
1191.336 -48.397
1191.649 -32.597
1191.962 5.603
1192.275 56.803
1192.588 -87.198
1192.901 -35.998
1193.214 -23.798
1193.526 -49.998
1193.839 -69.398
1194.152 -44.198
1194.465 -44.998
1194.778 23.202
1195.091 4.602
1195.404 -8.999
1195.717 -34.399
1196.030 -19.999
1196.343 10.201
1196.656 28.201
1196.969 56.201
1197.282 31.201
1197.594 -14.599
1197.907 7.001
1198.220 -37.800
1198.533 -22.800
1198.846 -24.400
1199.159 -9.000
1199.472 -37.800
1199.785 -17.800
1200.098 -75.400
1200.411 -45.600
1200.724 -20.800
1201.037 -47.800
1201.350 -31.001
1201.662 -20.601
1201.975 -25.201
1202.288 -73.051
1202.601 -10.134
