165.028 10.322
165.288 9.718
165.547 -10.454
165.807 6.732
166.067 25.517
166.327 31.503
166.587 -12.912
166.847 -31.126
167.107 -24.341
167.367 -34.356
167.627 2.229
167.886 6.614
168.146 14.399
168.406 36.984
168.666 -38.631
168.926 -3.046
169.186 -57.861
169.446 -65.677
169.706 9.908
169.966 27.893
170.225 23.277
170.485 -28.139
170.745 34.046
171.005 -6.770
171.265 6.014
171.525 -92.201
171.785 -7.217
172.045 -22.033
172.305 -33.849
172.564 26.335
172.824 18.719
173.084 -21.497
173.344 24.886
173.604 29.270
173.864 66.854
174.124 90.238
174.384 61.021
174.644 -38.995
174.903 -8.612
175.163 -1.828
175.423 -68.445
175.683 -57.861
175.943 -18.878
176.203 -7.095
176.463 26.088
176.723 -13.128
176.983 41.855
177.242 0.838
177.502 -3.379
177.762 -41.596
178.022 -14.613
178.282 25.570
178.542 18.153
178.802 9.735
179.062 -25.082
179.322 -31.299
179.581 -7.916
179.841 -9.534
180.101 -24.551
180.361 -30.568
180.621 13.414
180.881 -5.203
181.141 30.579
181.401 1.562
181.661 -4.656
181.920 39.727
182.180 -14.491
182.440 11.291
182.700 0.874
182.960 60.056
183.220 10.638
183.480 53.021
183.740 8.003
184.000 29.385
184.259 25.167
184.519 39.749
184.779 30.131
185.039 44.513
185.299 10.295
185.559 -20.923
185.819 7.659
186.079 -16.559
186.339 27.023
186.598 27.205
186.858 -1.213
187.118 -11.031
187.378 10.951
187.638 25.133
187.898 5.714
188.158 -48.904
188.418 -29.522
188.678 -36.740
188.937 -44.758
189.197 -10.377
189.457 -65.595
189.717 -7.813
189.977 36.968
190.237 23.750
190.497 -5.068
190.757 28.713
191.017 -69.705
191.276 12.877
191.536 -24.742
191.796 -50.960
192.056 19.021
192.316 -2.597
192.576 15.184
192.836 -4.834
193.096 9.147
193.356 -4.471
193.616 -7.890
193.875 -7.308
194.135 -6.727
194.395 35.855
194.655 4.436
194.915 15.818
195.175 -6.201
195.435 83.181
195.695 27.762
195.955 -26.856
196.214 -19.875
196.474 -51.493
196.734 -70.912
196.994 36.669
197.254 30.451
197.514 38.432
197.774 24.614
198.034 10.395
198.294 11.377
198.553 -3.042
198.813 31.139
199.073 -3.479
199.333 -20.698
199.593 50.684
199.853 40.665
200.113 35.447
200.373 27.028
200.633 39.009
200.892 2.991
201.152 21.572
201.412 -2.246
201.672 -21.465
201.932 -2.883
202.192 -1.702
202.452 -17.120
202.712 -22.939
202.972 -10.757
203.231 16.824
203.491 -69.995
203.751 -37.213
204.011 8.368
204.271 29.550
204.531 -34.268
204.791 -42.687
205.051 -72.305
205.311 -3.324
205.570 40.858
205.830 15.839
206.090 6.421
206.350 -57.798
206.610 5.384
206.870 55.966
207.130 32.347
207.390 -13.671
207.650 -15.090
207.909 -22.508
208.169 -35.526
208.429 -46.745
208.689 -48.363
208.949 -65.181
209.209 -21.799
209.469 44.382
209.729 -1.836
209.989 -54.454
210.248 -1.272
210.508 -51.491
210.768 -38.309
211.028 -40.127
211.288 -26.745
211.548 28.837
211.808 28.419
212.068 50.000
212.328 -33.218
212.587 38.164
212.847 -23.054
213.107 -46.672
213.367 -12.290
213.627 24.892
213.887 41.074
214.147 14.256
214.407 10.638
214.667 42.020
214.926 50.002
215.186 60.984
215.446 -1.434
215.706 -2.651
215.966 16.531
216.226 55.713
216.486 28.295
216.746 -69.723
217.006 -0.540
217.265 -21.358
217.525 11.624
217.785 -20.793
218.045 -20.211
218.305 5.971
218.565 20.554
218.825 -26.064
219.085 -22.682
219.345 51.501
219.604 19.083
219.864 11.866
220.124 2.848
220.384 24.031
220.644 -19.587
220.904 8.196
221.164 23.579
221.424 -4.239
221.684 -22.056
221.943 -11.273
222.203 6.109
222.463 65.092
222.723 9.275
222.983 8.457
223.243 -4.960
223.503 -39.577
223.763 -53.394
224.023 -18.611
224.282 -39.028
224.542 -19.445
224.802 -62.262
225.062 13.121
225.322 -7.896
225.582 -15.113
225.842 0.470
226.102 4.053
226.362 -11.364
226.621 -3.981
226.881 23.202
227.141 54.585
227.401 -18.431
227.661 33.952
227.921 -7.665
228.181 -36.082
228.441 -22.098
228.701 59.085
228.960 22.669
229.220 16.852
229.480 12.235
229.740 -9.181
230.000 -27.398
230.260 -37.014
230.520 -42.030
230.780 38.953
231.040 -17.863
231.299 -33.280
231.559 9.104
231.819 1.688
232.079 8.671
232.339 8.655
232.599 -56.761
232.859 -37.177
233.119 -53.993
233.379 10.591
233.638 -54.426
233.898 -17.242
234.158 -4.258
234.418 3.326
234.678 53.910
234.938 -0.306
235.198 -18.721
235.458 -9.137
235.718 -62.153
235.978 -5.369
236.237 -28.785
236.497 -21.601
236.757 -18.616
237.017 1.168
237.277 -8.448
237.537 19.937
237.797 24.121
238.057 31.106
238.317 -8.310
238.576 0.674
238.836 32.859
239.096 18.844
239.356 3.228
239.616 45.013
239.876 36.197
240.136 34.382
240.396 2.767
240.656 -94.649
240.915 -24.864
241.175 -35.679
241.435 -77.494
241.695 -107.709
241.955 7.276
242.215 1.860
242.475 -29.955
242.735 14.230
242.995 8.815
243.254 44.000
243.514 15.185
243.774 46.971
244.034 42.556
244.294 21.541
244.554 20.726
244.814 66.711
245.074 12.297
245.334 -59.518
245.593 6.867
245.853 53.853
246.113 48.838
246.373 8.023
246.633 27.209
246.893 -2.206
247.153 -0.020
247.413 -8.635
247.673 -27.649
247.932 19.936
248.192 -20.478
248.452 61.308
248.712 10.293
248.972 -37.721
249.232 6.465
249.492 -38.949
249.752 -16.163
250.012 63.022
250.271 43.208
250.531 -2.006
250.791 -58.220
251.051 -12.634
251.311 -10.648
251.571 -18.462
251.831 -25.076
252.091 -5.290
252.351 -8.903
252.610 -29.717
252.870 -18.731
253.130 -20.945
253.390 1.241
253.650 -20.572
253.911 16.014
254.172 -7.400
254.433 -17.213
254.694 -23.227
254.955 -11.640
255.216 -12.654
255.477 12.733
255.738 20.319
255.999 -34.094
256.261 -18.308
256.522 -26.321
256.783 -2.734
257.044 -0.148
257.305 -21.961
257.566 -47.774
257.827 -45.987
258.088 5.000
258.349 -18.014
258.610 -3.227
258.871 16.960
259.132 -59.253
259.393 -1.466
259.654 16.121
259.915 12.308
260.176 -33.505
260.437 -16.118
260.698 11.069
260.959 11.857
261.221 -10.156
261.482 -29.369
261.743 -2.982
262.004 -21.194
262.265 -65.207
262.526 -17.820
262.787 -10.832
263.048 -103.645
263.309 -23.458
263.570 -38.870
263.831 -29.883
264.092 18.305
264.353 -9.307
264.614 -2.720
264.875 -24.132
265.136 -37.145
265.397 -101.157
265.658 -54.569
265.919 -118.182
266.181 -59.594
266.442 -41.006
266.703 -86.618
266.964 6.970
267.225 -7.042
267.486 -18.654
267.747 16.133
268.008 -26.679
268.269 32.909
268.530 22.498
268.791 -33.314
269.052 -31.526
269.313 -45.138
269.574 -32.150
269.835 16.638
270.096 -22.174
270.357 -31.585
270.618 -42.997
270.879 -19.609
271.141 -38.421
271.402 -22.032
271.663 -36.844
271.924 -16.255
272.185 -25.667
272.446 -76.878
272.707 -48.290
272.968 -44.901
273.229 -32.113
273.490 -45.724
273.751 5.464
274.012 -28.547
274.273 -51.158
274.534 -25.370
274.795 -22.981
275.056 -32.392
275.317 -22.203
275.578 -25.815
275.839 -64.226
276.101 -51.637
276.362 -46.448
276.623 9.541
276.884 -30.670
277.145 -19.681
277.406 -31.292
277.667 -5.303
277.928 -21.714
278.189 27.675
278.450 -27.936
278.711 3.453
278.972 9.643
279.233 10.432
279.494 1.821
279.755 -2.790
280.016 -27.200
280.277 -49.811
280.538 -46.822
280.799 -58.832
281.061 -52.443
281.322 -15.654
281.583 -1.064
281.844 -60.875
282.105 -56.685
282.366 -16.096
282.627 -3.306
282.888 -56.317
283.149 -40.327
283.410 -25.537
283.671 -12.148
283.932 -65.758
284.193 -19.368
284.454 -15.779
284.715 6.611
284.976 -7.799
285.237 -7.409
285.498 23.581
285.759 31.771
286.021 46.160
286.282 14.750
286.543 2.740
286.804 -18.470
287.065 -21.480
287.326 21.910
287.587 -16.300
287.848 17.290
288.109 13.481
288.370 -23.929
288.631 22.461
288.892 -26.749
289.153 -80.959
289.414 -9.769
289.675 -61.178
289.936 -53.188
290.197 -23.198
290.458 -28.407
290.719 -2.617
290.981 51.973
291.242 47.764
291.503 10.754
291.764 36.145
292.025 -57.265
292.286 -76.474
292.547 -6.284
292.808 -29.693
293.069 -46.703
293.330 9.288
293.591 -8.122
293.852 -36.331
294.113 -7.740
294.374 -31.549
294.635 -57.159
294.896 -15.568
295.157 16.223
295.418 -39.386
295.679 -8.996
295.941 23.795
296.202 1.986
296.463 9.377
296.724 16.368
296.985 80.759
297.246 61.150
297.507 8.741
297.768 26.532
298.029 14.523
298.290 -38.886
298.551 17.305
298.812 23.496
299.073 -1.913
299.334 -75.522
299.595 -43.931
299.856 4.461
300.117 -50.748
300.378 -42.357
300.639 9.234
300.901 33.226
301.162 30.417
301.423 -1.792
301.684 -69.400
301.945 -47.409
302.206 -37.018
302.467 -2.226
302.728 -6.435
302.989 -10.843
303.250 -1.052
303.511 -1.660
303.772 -11.269
304.033 -60.477
304.294 -17.086
304.555 -50.494
304.816 -69.703
305.077 5.089
305.338 9.481
305.599 -18.328
305.861 -44.736
306.122 -47.744
306.383 -21.952
306.644 -49.161
306.905 -38.969
307.166 -67.777
307.427 -68.185
307.688 -20.193
307.949 -11.401
308.210 -7.410
308.471 50.582
308.732 -10.626
308.993 44.566
309.254 29.558
309.515 13.550
309.776 36.942
310.037 -9.266
310.298 41.926
310.559 -36.282
310.821 -19.290
311.082 49.303
311.343 0.895
311.604 -15.113
311.865 -73.921
312.126 -19.729
312.387 -39.137
312.648 46.256
312.909 -30.152
313.170 36.840
313.434 3.233
313.698 13.225
313.963 -68.383
314.227 -55.990
314.491 -9.798
314.755 -32.606
315.019 -2.613
315.284 38.579
315.548 56.372
315.812 19.364
316.076 -20.243
316.340 -19.451
316.604 11.942
316.869 -36.266
317.133 -33.473
317.397 -22.281
317.661 -44.088
317.925 -16.695
318.190 -4.903
318.454 14.690
318.718 -80.117
318.982 -12.725
319.246 -30.532
319.511 -20.539
319.775 -11.946
320.039 -29.354
320.303 30.839
320.567 -0.168
320.832 63.625
321.096 -6.782
321.360 34.211
321.624 66.004
321.888 -71.604
322.153 -114.811
322.417 0.382
322.681 -6.425
322.945 -101.832
323.209 -11.639
323.473 -19.246
323.738 -3.653
324.002 -68.260
324.266 -39.667
324.530 -15.473
324.794 -33.680
325.059 0.713
325.323 63.906
325.587 -27.101
325.851 36.892
326.115 34.285
326.380 14.479
326.644 -26.928
326.908 4.865
327.172 -14.942
327.436 -2.548
327.701 -87.355
327.965 -41.762
328.229 -29.768
328.493 51.625
328.757 -24.382
329.022 -68.788
329.286 -64.395
329.550 -36.801
329.814 -67.408
330.078 3.785
330.342 -48.021
330.607 -2.028
330.871 11.566
331.135 -32.041
331.399 -45.847
331.663 30.747
331.928 -3.660
332.192 13.734
332.456 -18.273
332.720 -58.079
332.984 -8.285
333.249 -45.892
333.513 -50.698
333.777 -56.304
334.041 -44.911
334.305 16.683
334.570 8.877
334.834 -19.730
335.098 75.664
335.362 47.458
335.626 62.652
335.891 2.446
336.155 -48.561
336.419 66.833
336.683 96.627
336.947 -7.979
337.211 9.415
337.476 19.009
337.740 19.603
338.004 23.397
338.268 -0.809
338.532 12.785
338.797 37.179
339.061 -65.627
339.325 -43.833
339.589 -2.639
339.853 -67.445
340.118 30.549
340.382 20.943
340.646 1.737
340.910 5.731
341.174 -30.875
341.439 -8.281
341.703 -39.487
341.967 -41.092
342.231 28.302
342.495 -18.304
342.759 -4.510
343.024 25.284
343.288 29.479
343.552 -4.927
343.816 -17.733
344.080 -63.939
344.345 -69.144
344.609 -75.350
344.873 -59.756
345.137 -114.961
345.401 -34.967
345.666 9.427
345.930 5.822
346.194 59.816
346.458 -2.990
346.722 -22.195
346.987 -25.401
347.251 27.794
347.515 6.588
347.779 32.783
348.043 43.177
348.308 12.172
348.572 14.166
348.836 5.161
349.100 -28.845
349.364 -42.650
349.628 17.544
349.893 -22.061
350.157 17.134
350.421 -23.472
350.685 -36.277
350.949 -26.683
351.214 0.512
351.478 -39.693
351.742 55.101
352.006 -44.704
352.270 28.091
352.535 11.286
352.799 -32.520
353.063 2.075
353.327 30.670
353.591 13.465
353.856 3.459
354.120 -5.746
354.384 -36.151
354.648 -19.756
354.912 -33.561
355.177 19.833
355.441 -5.772
355.705 -24.777
355.969 26.418
356.233 -9.187
356.497 -54.592
356.762 -101.397
357.026 -13.602
357.290 -64.007
357.554 -60.012
357.818 -13.417
358.083 -32.422
358.347 -19.027
358.611 -19.832
358.875 -25.437
359.139 -24.042
359.404 -23.047
359.668 -61.052
359.932 -59.457
360.196 -32.462
360.460 -6.667
360.725 -10.672
360.989 -22.477
361.253 -20.682
361.517 -47.886
361.781 9.709
362.046 -31.696
362.310 -42.701
362.574 31.894
362.838 7.489
363.102 23.885
363.366 11.280
363.631 -15.525
363.895 24.670
364.159 -3.934
364.423 -58.939
364.687 -23.544
364.952 -0.349
365.216 -16.353
365.480 37.242
365.747 -39.363
366.013 -21.567
366.280 -11.572
366.546 -49.777
366.813 -16.981
367.079 -80.586
367.346 -62.390
367.612 -34.995
367.879 -15.800
368.145 -49.004
368.412 31.591
368.678 -50.013
368.945 -9.218
369.211 12.978
369.478 -18.427
369.744 5.569
370.011 -17.436
370.278 5.360
370.544 7.755
370.811 -3.849
371.077 16.746
371.344 -26.858
371.610 -30.063
371.877 8.933
372.143 -13.471
372.410 -50.276
372.676 32.520
372.943 -5.485
373.209 15.911
373.476 60.707
373.742 -2.698
374.009 -0.502
374.276 55.694
374.542 -15.911
374.809 -38.115
375.075 13.481
375.342 -9.924
375.608 18.872
375.875 20.068
376.141 24.864
376.408 -9.341
376.674 -35.945
376.941 -17.349
377.207 -66.753
377.474 -53.557
377.740 -45.562
378.007 15.434
378.273 -15.170
378.540 -26.574
378.807 -47.578
379.073 -46.582
379.340 -25.187
379.606 8.009
379.873 -16.795
380.139 25.801
380.406 -0.003
380.672 21.193
380.939 -51.811
381.205 -63.615
381.472 -64.619
381.738 -52.623
382.005 -29.427
382.271 -42.631
382.538 -50.235
382.804 -20.839
383.071 -23.243
383.338 -17.847
383.604 12.549
383.871 -34.655
384.137 -31.459
384.404 -27.663
384.670 -36.867
384.937 -31.671
385.203 47.925
385.470 7.321
385.736 -25.883
386.003 -17.687
386.269 -16.491
386.536 -51.495
386.802 -48.498
387.069 -25.902
387.336 -10.906
387.602 -3.710
387.869 79.486
388.135 12.082
388.402 33.479
388.668 -21.325
388.935 49.671
389.201 -21.333
389.468 -26.337
389.734 -43.140
390.001 -29.344
390.267 15.652
390.534 15.048
390.800 -8.155
391.067 0.441
391.333 4.637
391.600 20.833
391.867 -49.770
392.133 -7.574
392.400 -62.178
392.666 -23.781
392.933 -29.385
393.199 -3.589
393.466 12.008
393.732 23.404
393.999 10.400
394.265 0.197
394.532 -31.207
394.798 -3.610
395.065 -13.814
395.331 33.982
395.598 41.979
395.864 58.175
396.131 8.972
396.398 43.368
396.664 45.365
396.931 18.161
397.197 41.557
397.464 95.554
397.730 107.750
397.997 184.947
398.263 148.543
398.530 172.740
398.796 98.536
399.063 203.733
399.329 161.529
399.596 182.526
399.862 186.723
400.129 232.119
400.396 202.516
400.662 282.912
400.929 233.309
401.195 298.505
401.462 276.702
401.728 339.099
401.995 333.495
402.261 409.092
402.528 443.688
402.794 496.085
403.061 557.682
403.327 556.878
403.594 615.675
403.860 640.472
404.127 662.068
404.393 679.065
404.660 703.662
404.931 773.458
405.202 773.255
405.473 875.452
405.745 919.648
406.016 1016.045
406.287 1055.642
406.558 1060.839
406.829 1047.435
407.100 1126.432
407.371 1172.829
407.642 1192.426
407.914 1228.222
408.185 1273.619
408.456 1282.616
408.727 1325.013
408.998 1307.810
409.269 1287.406
409.540 1205.003
409.811 1256.400
410.083 1291.197
410.354 1303.794
410.625 1242.991
410.896 1236.987
411.167 1257.184
411.438 1176.781
411.709 1156.378
411.981 1095.175
412.252 1037.372
412.523 961.769
412.794 866.566
413.065 804.362
413.336 761.959
413.607 752.556
413.878 742.753
414.150 715.150
414.421 715.147
414.692 585.744
414.963 500.141
415.234 504.538
415.505 399.335
415.776 367.732
416.047 321.529
416.319 272.926
416.590 330.323
416.861 168.320
417.132 171.117
417.403 173.114
417.674 119.511
417.945 110.908
418.217 107.505
418.488 117.902
418.759 33.299
419.030 84.496
419.301 7.293
419.572 2.290
419.843 10.887
420.114 42.684
420.386 -54.919
420.657 22.278
420.928 16.276
421.199 29.073
421.470 64.470
421.741 68.867
422.012 20.864
422.283 103.061
422.555 62.858
422.826 18.455
423.097 -48.547
423.368 -20.750
423.639 17.247
423.910 8.844
424.181 0.441
424.453 23.438
424.724 34.636
424.995 1.833
425.266 39.630
425.537 62.627
425.808 -19.576
426.079 -2.178
426.350 66.619
426.622 37.616
426.893 -27.387
427.164 -27.389
427.435 -39.392
427.706 15.405
427.977 -77.598
428.248 -12.600
428.519 -36.803
428.791 -28.606
429.062 3.391
429.333 -5.411
429.604 28.786
429.875 -10.017
430.146 5.981
430.417 -17.022
430.689 -9.425
430.960 -18.228
431.231 5.170
431.502 -1.633
431.773 31.964
432.044 22.362
432.315 9.559
432.586 50.557
432.858 -31.246
433.129 5.151
433.400 -2.451
433.671 5.946
433.942 9.143
434.213 -44.459
434.484 -6.262
434.755 -35.264
435.027 -34.467
435.298 -32.470
435.569 -28.272
435.840 -13.675
436.116 -28.077
436.391 -9.080
436.667 18.718
436.942 -14.085
437.218 -6.488
437.493 16.110
437.769 6.107
438.045 -77.695
438.320 -52.298
438.596 10.700
438.871 -5.303
439.147 -37.305
439.422 -60.308
439.698 38.290
439.974 53.287
440.249 3.085
440.525 4.482
440.800 61.280
441.076 -13.523
441.351 -24.125
441.627 1.272
441.903 17.670
442.178 37.267
442.454 -19.935
442.729 21.263
443.005 -8.140
443.281 -53.942
443.556 -24.945
443.832 4.453
444.107 48.650
444.383 -25.752
444.658 40.246
444.934 100.043
445.210 32.641
445.485 109.038
445.761 65.236
446.036 33.834
446.312 78.631
446.587 119.829
446.863 81.026
447.139 108.024
447.414 44.222
447.690 78.819
447.965 132.417
448.241 93.615
448.516 109.012
448.792 86.410
449.068 188.808
449.343 220.805
449.619 151.603
449.894 203.601
450.170 197.398
450.445 167.996
450.721 192.994
450.997 160.791
451.272 144.789
451.548 154.987
451.823 187.185
452.099 196.182
452.375 204.780
452.650 192.578
452.926 234.976
453.201 177.773
453.477 144.571
453.752 226.369
454.028 181.967
454.304 240.364
454.579 245.762
454.855 246.560
455.130 299.958
455.406 231.355
455.681 223.753
455.957 208.351
456.233 163.749
456.508 124.547
456.784 83.144
457.059 154.142
457.335 129.340
457.610 124.538
457.886 129.536
458.162 83.333
458.437 122.931
458.713 85.729
458.988 72.727
459.264 109.525
459.539 72.723
459.815 -10.080
460.091 80.318
460.366 29.516
460.642 94.314
460.917 16.312
461.193 66.510
461.468 53.108
461.744 37.705
462.020 19.303
462.295 -26.299
462.571 24.899
462.846 -25.103
463.122 -11.529
463.397 -24.150
463.673 33.878
463.949 62.431
464.224 9.094
464.500 17.466
464.775 -15.394
465.051 9.722
465.327 29.421
465.602 38.033
465.878 48.776
466.153 122.085
466.429 74.170
466.704 104.835
466.980 169.608
467.256 111.099
467.531 141.803
467.807 170.836
468.082 130.682
468.358 88.629
468.633 153.695
468.909 123.929
469.185 131.933
469.460 88.517
469.736 96.376
470.011 107.154
470.287 122.407
470.562 106.470
470.838 125.875
471.114 120.968
471.389 113.267
471.665 142.401
471.940 112.502
472.216 145.047
472.491 158.071
472.767 127.116
473.043 44.248
473.318 67.068
473.594 75.799
473.869 50.227
474.145 62.660
474.421 19.342
474.696 28.899
474.972 -17.759
475.247 30.129
475.523 -5.889
475.798 -3.710
476.074 59.496
476.350 24.476
476.625 -1.074
476.901 55.799
477.176 82.680
477.452 -3.441
477.727 -12.839
478.003 47.166
478.279 -0.793
478.554 19.294
478.830 78.586
479.105 21.926
479.381 78.140
479.656 36.253
479.932 43.925
480.208 -4.077
480.483 33.170
480.759 0.577
481.034 50.860
481.310 57.697
481.585 52.794
481.861 42.865
482.137 99.628
482.412 72.757
482.688 32.571
482.963 -10.825
483.239 13.209
483.514 -17.321
483.790 6.316
484.066 18.712
484.341 18.272
484.617 28.652
484.892 23.294
485.168 36.358
485.443 -3.832
485.719 -17.972
485.995 -41.094
486.270 -18.672
486.546 16.352
486.821 9.764
487.097 32.265
487.373 105.804
487.648 10.800
487.924 -45.283
488.199 12.318
488.475 93.211
488.750 54.496
489.026 78.214
489.302 85.445
489.577 22.668
489.853 42.648
490.128 39.094
490.404 -20.825
490.679 5.387
490.955 44.696
491.231 2.468
491.506 -6.172
491.782 37.851
492.057 -13.014
492.333 -7.144
492.608 77.390
492.884 35.338
493.160 51.966
493.435 -17.059
493.711 38.664
493.986 -50.816
494.262 -25.404
494.537 9.133
494.813 12.839
495.089 16.340
495.364 65.688
495.640 -2.461
495.915 17.998
496.191 22.087
496.467 1.028
496.742 66.712
497.018 -4.315
497.293 14.857
497.569 20.611
497.844 -29.084
498.120 -10.588
498.396 7.806
498.671 20.682
498.947 59.082
499.222 5.041
499.498 50.206
499.773 73.847
500.049 147.286
500.325 167.452
500.600 177.283
500.876 195.364
501.151 224.029
501.427 284.480
501.702 290.482
501.978 287.642
502.254 326.182
502.529 345.153
502.805 332.127
503.080 375.045
503.356 345.424
503.631 381.540
503.907 361.157
504.183 374.473
504.458 336.287
504.734 407.762
505.009 448.119
505.285 393.492
505.560 422.298
505.836 353.783
506.112 223.557
506.387 249.880
506.663 283.877
506.938 300.330
507.214 284.769
507.490 255.803
507.765 196.178
508.041 206.061
508.316 215.779
508.592 206.315
508.867 137.910
509.143 75.614
509.419 111.912
509.694 88.363
509.970 50.494
510.245 83.090
510.521 79.011
510.796 95.739
511.072 17.733
511.348 21.551
511.623 -61.870
511.899 47.147
512.174 58.037
512.450 65.082
512.725 20.378
513.001 -6.624
513.277 30.788
513.552 58.448
513.828 19.193
514.103 33.747
514.379 42.235
514.654 103.821
514.930 48.551
515.206 20.207
515.481 86.011
515.757 86.686
516.032 71.871
516.308 111.678
516.583 131.875
516.859 120.022
517.135 157.978
517.410 145.648
517.686 192.117
517.961 219.234
518.237 273.876
518.513 275.619
518.788 288.907
519.064 334.134
519.339 360.454
519.615 433.912
519.890 392.555
520.166 480.923
520.442 459.400
520.717 517.364
520.993 460.601
521.268 504.548
521.544 488.798
521.819 438.245
522.095 457.117
522.371 521.135
522.646 565.862
522.922 633.179
523.197 635.440
523.473 602.079
523.748 587.993
524.024 547.098
524.300 578.102
524.575 565.930
524.851 561.718
525.126 624.113
525.402 595.473
525.677 524.940
525.953 598.953
526.229 660.972
526.504 576.792
526.780 576.956
527.055 586.140
527.331 615.996
527.606 648.760
527.882 654.129
528.158 612.907
528.433 600.390
528.709 598.128
528.984 536.702
529.260 535.735
529.535 543.235
529.811 503.530
530.087 455.787
530.362 445.148
530.638 409.488
530.913 422.140
531.189 361.180
531.465 389.226
531.740 362.004
532.016 391.660
532.291 312.104
532.567 294.378
532.842 337.900
533.118 210.639
533.394 266.304
533.669 282.816
533.945 247.264
534.220 253.926
534.496 206.900
534.771 156.556
535.047 155.259
535.323 201.809
535.598 219.992
535.874 266.808
536.149 266.710
536.425 354.489
536.700 398.369
536.976 427.172
537.252 522.460
537.527 625.047
537.803 703.033
538.078 776.159
538.354 882.717
538.629 943.256
538.905 979.523
539.181 1123.698
539.456 1200.891
539.732 1155.237
540.007 1292.474
540.283 1362.968
540.558 1397.041
540.834 1467.847
541.110 1471.926
541.385 1520.253
541.661 1515.720
541.936 1479.272
542.212 1541.840
542.488 1637.421
542.763 1628.247
543.039 1594.748
543.314 1649.157
543.590 1573.737
543.865 1550.228
544.141 1561.692
544.417 1425.245
544.692 1452.737
544.968 1402.488
545.243 1350.856
545.519 1352.555
545.794 1267.396
546.070 1214.114
546.348 1255.354
546.627 1243.229
546.905 1176.488
547.183 1183.107
547.461 1163.832
547.740 1158.552
548.018 1215.678
548.296 1221.509
548.575 1380.197
548.853 1299.216
549.131 1389.879
549.409 1429.732
549.688 1432.824
549.966 1417.360
550.244 1397.580
550.523 1451.465
550.801 1420.690
551.079 1355.447
551.357 1349.073
551.636 1398.635
551.914 1373.735
552.192 1444.177
552.471 1457.714
552.749 1480.937
553.027 1471.208
553.306 1533.501
553.584 1566.989
553.862 1628.135
554.140 1610.362
554.419 1618.270
554.697 1554.541
554.975 1633.868
555.254 1656.888
555.532 1523.597
555.810 1517.863
556.088 1449.204
556.367 1401.778
556.645 1339.586
556.923 1355.501
557.202 1261.768
557.480 1302.989
557.758 1245.685
558.036 1148.511
558.315 1124.868
558.593 1046.727
558.871 969.806
559.150 940.561
559.428 896.357
559.706 840.846
559.984 788.961
560.263 736.639
560.541 669.299
560.819 581.266
561.098 510.349
561.376 422.604
561.654 416.876
561.932 389.278
562.211 285.639
562.489 373.736
562.767 229.142
563.046 264.380
563.324 225.775
563.602 164.645
563.880 163.293
564.159 118.571
564.437 158.512
564.715 197.601
564.994 142.283
565.272 142.127
565.550 190.476
565.828 168.023
566.107 75.971
566.385 48.223
566.663 11.286
566.942 108.688
567.220 85.267
567.498 49.890
567.776 31.642
568.055 119.021
568.333 123.310
568.611 83.103
568.890 81.668
569.168 5.251
569.446 80.196
569.725 80.300
570.003 76.492
570.281 34.339
570.559 115.649
570.838 97.124
571.116 73.104
571.394 66.449
571.673 70.913
571.951 88.203
572.229 78.593
572.507 117.898
572.786 65.830
573.064 40.405
573.342 3.287
573.621 46.091
573.899 56.503
574.177 54.198
574.455 61.650
574.734 102.999
575.012 73.735
575.290 40.088
575.569 61.257
575.847 46.947
576.125 81.987
576.403 22.735
576.682 -18.207
576.960 42.942
577.243 10.745
577.527 19.605
577.810 22.577
578.093 51.591
578.377 17.219
578.660 33.500
578.944 32.029
579.227 30.361
579.510 83.855
579.794 58.516
580.077 35.823
580.360 54.881
580.644 95.594
580.927 51.747
581.210 37.088
581.494 18.074
581.777 64.581
582.061 6.038
582.344 60.009
582.627 10.030
582.911 -15.856
583.194 37.380
583.477 28.205
583.761 79.142
584.044 26.671
584.327 65.149
584.611 74.761
584.894 62.404
585.178 -27.707
585.461 19.061
585.744 11.692
586.028 15.234
586.311 47.248
586.594 33.061
586.878 84.260
587.161 19.459
587.444 13.058
587.728 19.257
588.011 13.036
588.295 -10.974
588.578 -6.879
588.861 74.468
589.145 63.643
589.428 36.003
589.711 11.634
589.995 19.708
590.278 13.272
590.562 17.760
590.845 72.156
591.128 5.095
591.412 16.837
591.695 56.930
591.978 24.801
592.262 9.746
592.545 17.867
592.828 30.947
593.112 87.777
593.395 52.671
593.679 74.157
593.962 47.835
594.245 45.808
594.529 68.074
594.812 22.328
595.095 63.629
595.379 57.718
595.662 59.031
595.945 20.445
596.229 -1.947
596.512 -9.190
596.796 14.069
597.079 44.384
597.362 -23.942
597.646 55.422
597.929 -9.293
598.212 53.794
598.496 -28.247
598.779 28.093
599.062 12.251
599.346 47.373
599.629 82.670
599.913 24.501
600.196 33.516
600.479 10.088
600.763 -26.451
601.046 4.813
601.329 40.936
601.613 16.321
601.896 64.481
602.179 60.159
602.463 66.033
602.746 83.296
603.030 78.571
603.313 57.740
603.596 31.585
603.880 30.212
604.163 -58.041
604.446 8.863
604.730 -8.787
605.013 28.806
605.296 -29.774
605.580 -29.188
605.863 21.548
606.147 34.862
606.430 26.830
606.713 -18.359
606.997 12.700
607.280 -63.800
607.563 -11.340
607.847 5.928
608.130 -19.068
608.414 0.007
608.697 -8.182
608.980 -0.805
609.264 27.977
609.547 79.139
609.830 38.981
610.114 71.861
610.397 76.579
610.680 17.090
610.964 37.219
611.247 -39.813
611.531 -31.053
611.814 28.614
612.097 4.677
612.381 62.787
612.664 68.659
612.947 60.626
613.231 122.878
613.514 88.345
613.797 52.802
614.081 27.678
614.364 53.807
614.648 86.026
614.931 35.157
615.214 63.077
615.498 29.869
615.781 92.035
616.064 74.588
616.348 63.777
616.631 33.009
616.914 57.317
617.198 42.929
617.481 17.727
617.765 -30.435
618.048 5.238
618.331 -7.733
618.615 -18.625
618.898 19.548
619.181 54.346
619.465 -10.130
619.748 14.026
620.031 -5.401
620.315 8.099
620.598 -0.433
620.882 4.124
621.165 -32.080
621.448 -24.499
621.732 1.361
622.015 12.334
622.298 25.268
622.582 -6.863
622.865 45.067
623.148 23.341
623.432 -0.250
623.715 21.459
623.999 35.507
624.282 40.106
624.565 29.254
624.849 17.454
625.132 8.570
625.415 29.176
625.699 17.705
625.982 -21.420
626.265 -16.494
626.549 28.027
626.832 7.224
627.116 47.772
627.399 37.017
627.682 9.221
627.966 83.359
628.249 72.997
628.532 95.382
628.816 -5.045
629.099 39.564
629.383 37.027
629.666 19.878
629.949 53.830
630.233 45.425
630.516 -19.002
630.799 30.357
631.083 -12.951
631.366 34.903
631.649 36.943
631.933 1.781
632.216 6.377
632.500 42.399
632.783 73.957
633.066 65.987
633.350 65.857
633.633 17.642
633.916 69.333
634.200 65.191
634.483 141.756
634.766 67.703
635.050 65.962
635.333 40.594
635.617 104.342
635.900 51.328
636.183 49.155
636.467 106.684
636.750 91.287
637.033 100.678
637.317 129.430
637.600 177.028
637.883 196.449
638.167 153.331
638.450 231.231
638.734 225.286
639.017 199.870
639.300 189.721
639.584 161.657
639.867 249.167
640.150 213.139
640.434 288.854
640.717 326.573
641.000 337.246
641.284 290.197
641.567 327.827
641.851 286.970
642.134 322.070
642.417 413.648
642.701 411.814
642.984 414.182
643.267 454.630
643.551 447.785
643.834 504.955
644.117 557.749
644.401 645.448
644.684 743.447
644.968 699.532
645.251 839.881
645.534 949.807
645.818 1030.400
646.101 1138.865
646.384 1207.585
646.668 1367.356
646.951 1542.921
647.235 1692.588
647.518 1886.215
647.801 2093.253
648.085 2268.507
648.368 2472.200
648.651 2759.115
648.935 2903.027
649.218 3192.874
649.501 3326.745
649.785 3567.851
650.068 3765.353
650.352 3961.392
650.635 4239.960
650.918 4576.529
651.202 4884.037
651.485 5262.266
651.768 5515.180
652.052 5771.995
652.335 6078.459
652.618 6300.400
652.902 6477.405
653.185 6629.290
653.469 6842.280
653.752 6964.821
654.035 7087.819
654.319 7171.336
654.602 7260.717
654.885 7337.966
655.169 7488.087
655.452 7633.047
655.735 7736.272
656.019 7825.947
656.302 7948.870
656.586 8110.035
656.869 8123.266
657.152 8152.140
657.436 8206.147
657.719 8240.231
658.002 8270.319
658.286 8306.194
658.569 8329.277
658.852 8415.850
659.136 8401.991
659.419 8429.758
659.703 8528.511
659.986 8652.335
660.269 8745.039
660.553 8874.062
660.836 8894.712
661.119 8906.289
661.403 8913.772
661.686 8860.934
661.969 8851.189
662.253 8742.426
662.536 8789.757
662.820 8682.864
663.103 8580.087
663.386 8533.230
663.670 8380.493
663.953 8190.077
664.236 7991.180
664.520 7761.619
664.803 7627.316
665.086 7309.454
665.370 7170.921
665.653 6898.038
665.937 6588.067
666.220 6323.187
666.503 6058.892
666.787 5865.337
667.070 5605.297
667.353 5353.940
667.637 5060.050
667.920 4842.544
668.204 4570.926
668.487 4316.041
668.770 4057.817
669.054 3752.720
669.337 3547.617
669.620 3456.287
669.904 3213.624
670.187 3025.779
670.470 2873.589
670.754 2709.887
671.037 2486.870
671.321 2345.718
671.604 2172.962
671.887 2085.241
672.171 1922.157
672.454 1701.831
672.737 1665.388
673.021 1523.472
673.304 1325.186
673.587 1258.489
673.871 1189.173
674.154 1098.835
674.438 1032.485
674.721 888.944
675.004 862.746
675.288 796.847
675.571 781.902
675.854 607.240
676.138 611.826
676.421 560.702
676.704 578.449
676.988 517.692
677.271 518.516
677.555 483.139
677.838 500.218
678.121 423.560
678.405 462.787
678.688 408.831
678.971 351.914
679.255 358.127
679.538 289.934
679.821 349.542
680.105 378.961
680.388 298.081
680.672 233.199
680.955 231.201
681.238 202.252
681.522 195.123
681.805 190.538
682.088 155.502
682.372 183.966
682.655 134.943
682.938 86.650
683.222 123.254
683.505 87.097
683.789 95.260
684.072 118.257
684.355 40.377
684.639 41.805
684.922 51.991
685.205 50.556
685.489 75.879
685.772 46.421
686.056 119.322
686.339 62.843
686.622 98.038
686.906 77.933
687.189 51.971
687.472 47.378
687.756 126.674
688.039 126.291
688.322 111.885
688.606 110.438
688.889 108.976
689.173 54.696
689.456 59.488
689.739 105.193
690.023 88.237
690.306 65.192
690.589 91.419
690.873 56.042
691.156 114.493
691.439 123.436
691.723 80.958
692.006 73.153
692.290 126.593
692.573 115.903
692.856 80.084
693.140 122.505
693.423 104.580
693.706 -0.739
693.990 63.080
694.273 21.739
694.556 54.975
694.840 52.041
695.123 82.202
695.407 -20.627
695.690 -11.305
695.973 4.086
696.257 53.897
696.540 91.311
696.830 73.370
697.120 115.452
697.410 73.495
697.699 8.646
697.989 75.259
698.279 -6.848
698.569 44.399
698.859 97.777
699.149 138.021
699.439 85.829
699.729 87.809
700.018 91.206
700.308 53.597
700.598 44.318
700.888 101.027
701.178 117.750
701.468 118.195
701.758 83.850
702.048 50.212
702.337 25.218
702.627 19.556
702.917 14.653
703.207 52.548
703.497 -3.610
703.787 25.130
704.077 -0.683
704.366 4.151
704.656 -51.463
704.946 30.376
705.236 35.131
705.526 4.397
705.816 -16.006
706.106 37.834
706.396 55.929
706.685 70.080
706.975 55.174
707.265 58.296
707.555 28.698
707.845 -0.444
708.135 -11.142
708.425 -47.617
708.715 -46.930
709.004 -50.049
709.294 -30.499
709.584 -9.296
709.874 16.162
710.164 -25.267
710.454 -2.671
710.744 -54.340
711.034 -5.145
711.323 -20.470
711.613 -30.525
711.903 -39.179
712.193 -1.616
712.483 -18.350
712.773 15.048
713.063 -10.413
713.352 47.226
713.642 -18.999
713.932 -4.160
714.222 25.570
714.512 13.328
714.802 70.742
715.092 32.673
715.382 31.684
715.671 17.914
715.961 20.814
716.251 36.545
716.541 30.307
716.831 42.254
717.121 59.866
717.411 -4.367
717.701 20.442
717.990 7.179
718.280 27.281
718.570 27.641
718.860 16.191
719.150 32.787
719.440 13.319
719.730 12.921
720.019 59.131
720.309 25.358
720.599 16.397
720.889 6.804
721.179 -39.875
721.469 25.795
721.759 30.419
722.049 5.501
722.338 -27.494
722.628 -34.459
722.918 56.969
723.208 -33.110
723.498 -14.072
723.788 -50.329
724.078 -2.009
724.368 -15.128
724.657 -34.363
724.947 -85.124
725.237 -29.223
725.527 -1.977
725.817 20.424
726.107 5.933
726.397 26.417
726.686 51.966
726.976 -22.503
727.266 -33.531
727.556 -61.578
727.846 -58.522
728.136 -80.336
728.426 -12.840
728.716 41.033
729.005 -3.920
729.295 47.824
729.585 40.430
729.875 11.614
730.165 14.867
730.455 54.040
730.745 28.811
731.035 -45.540
731.324 -32.765
731.614 -5.319
731.904 13.919
732.194 -57.403
732.484 32.013
732.774 -7.864
733.064 60.650
733.354 -15.814
733.643 -52.237
733.933 7.129
734.223 -19.550
734.513 -2.601
734.803 0.706
735.093 -10.985
735.383 -27.047
735.672 0.497
735.962 -37.895
736.252 -54.241
736.542 -3.006
736.832 -11.229
737.122 20.695
737.412 -15.971
737.702 -0.670
737.991 -16.562
738.281 -22.121
738.571 -19.525
738.861 -5.229
739.151 27.645
739.441 -11.271
739.731 46.377
740.021 33.022
740.310 15.282
740.600 15.865
740.890 9.220
741.180 -47.680
741.470 -24.581
741.760 1.098
742.050 -12.927
742.339 -25.635
742.629 15.890
742.919 33.123
743.209 36.691
743.499 59.048
743.789 2.031
744.079 -79.117
744.369 -6.202
744.658 -22.522
744.948 37.150
745.238 32.616
745.528 26.079
745.818 -10.825
746.108 9.420
746.398 -24.743
746.688 -37.242
746.977 16.786
747.267 -9.231
747.557 -63.341
747.847 14.799
748.137 -14.633
748.427 -12.045
748.717 -44.330
749.006 -22.787
749.296 5.269
749.586 -48.060
749.876 18.234
750.166 -15.822
750.456 -29.996
750.746 -17.075
751.036 -56.988
751.325 2.308
751.615 -21.694
751.905 -7.892
752.195 32.676
752.485 39.080
752.775 16.099
753.065 -33.745
753.355 -42.566
753.644 -40.563
753.934 -32.437
754.224 7.115
754.514 15.740
754.804 -14.547
755.094 -5.721
755.384 -62.297
755.674 3.307
755.963 -33.203
756.253 0.692
756.543 3.928
756.833 -51.781
757.123 -6.718
757.413 -24.635
757.703 -2.730
757.992 13.750
758.282 59.949
758.572 50.332
758.862 -17.401
759.152 -48.753
759.442 4.328
759.732 -10.956
760.022 -9.137
760.311 -57.478
760.601 10.326
760.891 25.628
761.181 -16.165
761.471 41.729
761.761 34.893
762.051 28.462
762.341 -24.458
762.630 -22.879
762.920 -25.699
763.210 17.409
763.500 -21.060
763.793 22.028
764.086 41.355
764.379 16.374
764.671 -13.403
764.964 -43.977
765.257 -2.729
765.550 42.805
765.843 9.748
766.136 -16.054
766.429 -4.967
766.722 -30.927
767.014 14.578
767.307 -42.817
767.600 36.535
767.893 -18.873
768.186 -35.203
768.479 -41.863
768.772 4.296
769.064 -31.591
769.357 38.760
769.650 33.923
769.943 23.847
770.236 -30.126
770.529 -53.568
770.822 -14.445
771.115 15.406
771.407 -10.034
771.700 -80.464
771.993 -23.595
772.286 -22.153
772.579 35.738
772.872 16.803
773.165 -45.291
773.457 -21.498
773.750 -31.020
774.043 -13.457
774.336 -63.982
774.629 7.739
774.922 -31.430
775.215 -6.809
775.508 -41.422
775.800 -29.092
776.093 30.880
776.386 6.514
776.679 -19.475
776.972 -12.831
777.265 -24.335
777.558 1.470
777.850 -43.736
778.143 -37.523
778.436 -17.868
778.729 -6.974
779.022 28.604
779.315 -21.450
779.608 -18.837
779.900 -30.297
780.193 -34.527
780.486 -78.874
780.779 60.237
781.072 43.345
781.365 45.793
781.658 20.305
781.951 6.663
782.243 -29.779
782.536 17.518
782.829 -7.990
783.122 -16.215
783.415 -35.048
783.708 10.692
784.001 -7.770
784.293 -54.708
784.586 -17.376
784.879 -10.966
785.172 -40.189
785.465 -35.424
785.758 -23.583
786.051 -73.275
786.344 -60.740
786.636 -62.602
786.929 -25.573
787.222 -28.055
787.515 23.633
787.808 -28.517
788.101 -6.730
788.394 56.598
788.686 51.004
788.979 37.398
789.272 71.966
789.565 22.243
789.858 14.246
790.151 27.210
790.444 4.233
790.737 -48.408
791.029 -51.028
791.322 67.541
791.615 -14.872
791.908 -23.732
792.201 -17.116
792.494 17.412
792.787 -9.114
793.079 -48.209
793.372 -56.306
793.665 -20.289
793.958 -48.808
794.251 -33.066
794.544 -29.614
794.837 -29.676
795.130 -8.939
795.422 23.782
795.715 47.704
796.008 11.798
796.301 -0.935
796.594 48.472
796.887 -25.856
797.180 23.157
797.472 41.299
797.765 -1.965
798.058 40.517
798.351 8.204
798.644 52.863
798.937 -3.164
799.230 -20.654
799.523 -10.941
799.815 29.338
800.108 7.411
800.401 -23.297
800.694 -4.761
800.987 11.429
801.280 11.407
801.573 12.995
801.865 38.183
802.158 -45.068
802.451 19.795
802.744 -41.095
803.037 -40.296
803.330 -36.349
803.623 3.027
803.915 -29.490
804.208 31.413
804.501 -43.662
804.794 -7.388
805.087 7.862
805.380 -54.885
805.673 -22.177
805.966 2.080
806.258 -22.388
806.551 -57.623
806.844 -31.913
807.137 5.234
807.430 -23.272
807.723 -49.355
808.016 -14.413
808.308 1.814
808.601 7.496
808.894 44.067
809.187 -7.888
809.480 -31.971
809.773 -50.196
810.066 -0.161
810.359 -16.899
810.651 12.914
810.944 -11.265
811.237 -10.063
811.530 -17.329
811.825 -27.255
812.119 -2.591
812.414 -60.084
812.709 -26.427
813.003 10.363
813.298 -52.957
813.593 -72.520
813.887 -84.955
814.182 -11.333
814.476 3.655
814.771 -59.274
815.066 6.272
815.360 -52.826
815.655 1.044
815.950 -15.472
816.244 -17.494
816.539 -67.280
816.834 -14.043
817.128 -31.817
817.423 -16.457
817.718 46.814
818.012 16.129
818.307 -20.258
818.602 35.300
818.896 17.463
819.191 -22.803
819.486 14.797
819.780 68.222
820.075 -20.641
820.369 -18.235
820.664 -15.114
820.959 -19.649
821.253 2.503
821.548 -30.220
821.843 -21.600
822.137 38.868
822.432 -1.922
822.727 1.866
823.021 -38.822
823.316 -16.310
823.611 -13.769
823.905 -74.253
824.200 -5.642
824.495 -30.790
824.789 -1.289
825.084 -8.819
825.379 -14.735
825.673 -22.771
825.968 -11.628
826.262 -26.048
826.557 59.212
826.852 86.174
827.146 -23.785
827.441 -9.489
827.736 6.583
828.030 26.309
828.325 5.530
828.620 -9.335
828.914 18.872
829.209 38.554
829.504 -4.754
829.798 -36.601
830.093 5.341
830.388 -2.286
830.682 -46.447
830.977 -74.987
831.271 -54.056
831.566 -69.923
831.861 -21.897
832.155 -77.261
832.450 -44.228
832.745 -53.628
833.039 -77.344
833.334 -17.969
833.629 -24.768
833.923 -42.670
834.218 -24.771
834.513 14.836
834.807 7.014
835.102 11.733
835.397 -8.422
835.691 -9.213
835.986 -31.654
836.281 -14.262
836.575 12.930
836.870 -7.592
837.164 9.960
837.459 -21.690
837.754 -5.868
838.048 7.212
838.343 -21.779
838.638 -57.092
838.932 -73.479
839.227 -47.458
839.522 1.117
839.816 -31.314
840.111 -6.723
840.406 -64.841
840.700 -45.167
840.995 -43.067
841.290 -30.987
841.584 -78.132
841.879 -45.317
842.174 54.235
842.468 67.684
842.763 48.210
843.057 25.935
843.352 26.623
843.647 -27.037
843.941 -43.274
844.236 -34.140
844.531 -18.486
844.825 -32.102
845.120 -15.346
845.415 53.836
845.709 -1.028
846.004 -39.645
846.299 -48.246
846.593 -104.426
846.888 -51.387
847.183 -47.889
847.477 3.740
847.772 8.924
848.066 15.755
848.361 -28.436
848.656 -2.219
848.950 -13.312
849.245 -19.960
849.540 8.671
849.834 -18.598
850.129 -37.186
850.424 -31.484
850.718 32.835
851.013 -19.579
851.308 -50.329
851.602 -62.504
851.897 20.880
852.192 0.857
852.486 -63.949
852.781 -82.929
853.076 -39.645
853.370 -35.730
853.665 -38.741
853.959 -30.920
854.254 -15.598
854.549 -23.009
854.843 20.692
855.138 -30.153
855.433 -28.596
855.727 -6.812
856.022 -14.222
856.317 -81.463
856.611 -80.243
856.906 -64.477
857.201 -22.964
857.495 -59.365
857.790 -9.003
858.085 -44.157
858.379 -63.413
858.674 22.205
858.969 -16.889
859.263 20.510
859.558 19.454
859.852 5.861
860.147 -36.208
860.442 -35.816
860.736 -26.528
861.031 -18.732
861.326 -1.372
861.620 -31.022
861.915 -18.830
862.210 -80.246
862.504 -40.376
862.799 -34.509
863.094 -6.471
863.388 -78.249
863.683 -46.460
863.978 -127.043
864.272 -38.702
864.567 -91.109
864.861 -31.765
865.156 6.112
865.451 3.982
865.745 2.097
866.040 -16.974
866.335 -50.956
866.629 -23.524
866.924 23.063
867.219 2.160
867.513 35.054
867.808 -32.324
868.103 34.939
868.397 8.878
868.692 -21.491
868.987 -10.610
869.281 -27.118
869.576 -72.707
869.871 5.202
870.165 -66.448
870.460 5.471
870.754 -19.578
871.049 -0.070
871.344 -74.968
871.638 10.480
871.933 -18.103
872.228 -58.073
872.522 -57.376
872.817 -58.020
873.112 -13.752
873.406 -12.939
873.701 20.602
873.996 -17.802
874.290 -42.898
874.585 -3.683
874.880 -9.537
875.174 -57.794
875.469 -15.470
875.764 17.342
876.058 9.454
876.353 -26.119
876.647 -78.215
876.942 -34.852
877.237 11.891
877.531 -24.181
877.826 -57.844
878.121 33.682
878.415 20.078
878.710 4.157
879.005 -17.616
879.299 7.137
879.594 -6.774
879.889 3.278
880.183 -26.143
880.478 -24.318
880.773 5.575
881.067 23.262
881.362 20.600
881.656 39.833
881.951 -3.181
882.246 9.351
882.540 -50.359
882.835 -57.554
883.130 3.109
883.424 -12.521
883.719 13.970
884.014 -5.187
884.308 34.769
884.603 26.388
884.898 -53.967
885.192 -6.181
885.487 -7.112
885.782 -43.459
886.076 -39.771
886.371 -1.305
886.666 -25.536
886.960 -20.506
887.255 -25.502
887.549 32.664
887.844 -27.637
888.139 -32.480
888.433 -3.385
888.728 -16.706
889.023 -11.062
889.317 25.480
889.612 38.559
889.907 26.324
890.201 -28.379
890.496 0.293
890.791 -14.705
891.085 -38.341
891.380 -4.276
891.675 -66.667
891.969 22.725
892.264 -16.413
892.559 -28.786
892.853 -0.073
893.148 13.517
893.442 -24.177
893.737 13.698
894.032 -43.219
894.326 -59.252
894.621 -38.993
894.916 16.008
895.210 -7.635
895.505 -36.100
895.800 -67.427
896.094 -39.764
896.389 11.959
896.684 -29.741
896.978 -35.701
897.273 -10.685
897.568 -7.129
897.862 -22.872
898.157 -36.487
898.451 -57.213
898.746 -4.111
899.041 11.990
899.335 -30.878
899.630 -38.194
899.925 17.654
900.219 -38.162
900.514 6.676
900.809 -23.188
901.103 -34.693
901.398 -62.008
901.693 -20.718
901.987 8.853
902.282 -23.193
902.577 -16.837
902.871 -1.289
903.166 -82.124
903.461 -47.740
903.755 -44.752
904.050 -47.214
904.344 -32.376
904.639 -23.400
904.934 -76.754
905.228 -96.129
905.523 -78.688
905.818 -75.702
906.112 60.870
906.407 -0.048
906.702 21.407
906.996 -28.796
907.291 -23.685
907.586 -42.802
907.880 -73.820
908.175 -20.443
908.470 9.933
908.764 -8.220
909.059 -43.411
909.354 -11.772
909.648 -41.008
909.943 -19.286
910.237 -23.676
910.532 -74.999
910.827 -101.776
911.121 2.712
911.416 3.423
911.711 31.755
912.005 -10.522
912.300 -28.434
912.599 -4.687
912.898 -35.961
913.196 4.328
913.495 -26.811
913.794 -3.433
914.093 -77.332
914.391 -16.319
914.690 -83.476
914.989 -61.486
915.288 -65.916
915.586 -68.651
915.885 -36.752
916.184 -27.478
916.483 11.761
916.782 -51.009
917.080 -21.511
917.379 -36.424
917.678 -13.776
917.977 -0.956
918.275 -8.320
918.574 49.816
918.873 95.037
919.172 46.867
919.471 0.731
919.769 -19.922
920.068 57.060
920.367 -46.309
920.666 -1.705
920.964 -38.225
921.263 -14.756
921.562 -15.711
921.861 -63.103
922.159 -50.905
922.458 -33.849
922.757 -54.982
923.056 -49.506
923.355 -29.052
923.653 -5.737
923.952 13.468
924.251 36.505
924.550 -32.933
924.848 -49.052
925.147 -33.156
925.446 -31.046
925.745 14.192
926.043 -73.376
926.342 -32.030
926.641 -27.056
926.940 -41.014
927.239 -68.813
927.537 -37.106
927.836 -20.320
928.135 -34.922
928.434 -5.667
928.732 7.465
929.031 -63.771
929.330 -7.449
929.629 -6.875
929.927 5.772
930.226 -41.720
930.525 -34.703
930.824 -53.498
931.123 -52.258
931.421 -53.348
931.720 -31.258
932.019 10.818
932.318 20.524
932.616 -28.273
932.915 56.090
933.214 23.378
933.513 -34.169
933.812 -71.598
934.110 -61.115
934.409 -15.318
934.708 -76.165
935.007 -84.183
935.305 -18.437
935.604 0.636
935.903 -56.940
936.202 -37.872
936.500 -7.578
936.799 -31.049
937.098 33.117
937.397 23.466
937.696 -2.457
937.994 -78.932
938.293 11.769
938.592 -25.780
938.891 -101.641
939.189 -37.431
939.488 -27.875
939.787 -132.606
940.086 -27.505
940.384 11.082
940.683 57.439
940.982 49.927
941.281 11.596
941.580 21.117
941.878 -83.933
942.177 -49.660
942.476 39.931
942.775 -9.664
943.073 30.028
943.372 49.970
943.671 44.122
943.970 -17.403
944.268 42.920
944.567 -15.030
944.866 31.434
945.165 -31.414
945.464 -55.108
945.762 -37.282
946.061 -107.415
946.360 -29.417
946.659 -38.140
946.957 -54.259
947.256 -87.843
947.555 -68.716
947.854 -66.371
948.153 -73.601
948.451 36.359
948.750 9.638
949.049 -51.877
949.348 -29.722
949.646 -26.197
949.945 15.132
950.244 -44.211
950.543 -52.412
950.841 -81.663
951.140 -27.331
951.439 -21.678
951.738 2.808
952.037 -55.774
952.335 -34.010
952.634 -29.574
952.933 -33.286
953.232 -20.942
953.530 -38.570
953.829 -29.967
954.128 -27.072
954.427 -3.073
954.725 -18.700
955.024 -16.976
955.323 -48.652
955.622 -37.736
955.921 6.082
956.219 -23.741
956.518 -34.861
956.817 -68.544
957.116 -30.063
957.414 -32.200
957.713 24.073
958.012 7.268
958.311 -42.966
958.610 -3.266
958.908 32.211
959.207 33.565
959.506 -21.728
959.805 -34.777
960.103 -40.946
960.402 -57.855
960.701 32.511
961.000 24.514
961.298 -14.031
961.597 -48.110
961.896 -30.794
962.195 -23.930
962.494 3.146
962.792 8.163
963.091 -13.749
963.390 -0.559
963.689 -65.389
963.987 -18.312
964.286 17.265
964.585 -1.401
964.884 -55.839
965.182 -52.771
965.481 5.428
965.780 -58.128
966.080 -54.291
966.380 -7.222
966.680 -23.238
966.981 11.385
967.281 -25.921
967.581 -27.183
967.881 1.828
968.181 -22.914
968.481 12.662
968.781 -53.055
969.082 -3.545
969.382 -111.678
969.682 -90.722
969.982 -41.946
970.282 -71.509
970.582 -5.282
970.882 -10.268
971.183 -27.245
971.483 13.481
971.783 -3.707
972.083 -76.107
972.383 -43.212
972.683 -22.511
972.983 32.124
973.284 18.303
973.584 -4.974
973.884 12.244
974.184 -32.894
974.484 -16.917
974.784 -17.656
975.084 -13.586
975.385 -5.669
975.685 -10.860
975.985 -9.129
976.285 17.204
976.585 -40.726
976.885 -2.357
977.185 27.069
977.486 9.790
977.786 37.166
978.086 11.464
978.386 -37.156
978.686 -0.723
978.986 -28.639
979.286 -38.875
979.587 -40.119
979.887 10.081
980.187 -42.319
980.487 35.081
980.787 14.480
981.087 -3.120
981.387 -0.120
981.688 2.680
981.988 -20.920
982.288 -13.120
982.588 -33.321
982.888 -81.921
983.188 27.279
983.488 -48.721
983.789 -73.921
984.089 -45.521
984.389 -66.922
984.689 -23.722
984.989 -32.922
985.289 -17.322
985.589 -25.122
985.890 20.677
986.190 -14.323
986.490 25.677
986.790 28.677
987.090 18.877
987.390 -62.323
987.690 -12.124
987.991 -39.924
988.291 -12.724
988.591 24.876
988.891 -7.924
989.191 -15.924
989.491 0.475
989.791 -29.325
990.092 4.675
990.392 -14.925
990.692 -25.525
990.992 -25.526
991.292 -3.326
991.592 35.074
991.892 -27.126
992.193 -38.526
992.493 -11.726
992.793 -31.927
993.093 -32.527
993.393 1.473
993.693 -27.727
993.993 -7.927
994.294 -13.327
994.594 -30.728
994.894 -22.128
995.194 -44.528
995.494 -80.528
995.794 -70.328
996.094 -31.528
996.395 3.871
996.695 27.071
996.995 -16.729
997.295 69.271
997.595 23.671
997.895 32.271
998.195 -8.530
998.496 -3.930
998.796 -5.930
999.096 -12.930
999.396 -8.530
999.696 20.470
999.996 -51.131
1000.296 -24.531
1000.597 -35.331
1000.897 -67.731
1001.197 -66.531
1001.497 -59.131
1001.797 -47.532
1002.097 -55.732
1002.397 -9.732
1002.698 42.268
1002.998 -25.132
1003.298 -31.933
1003.598 -17.933
1003.898 -27.533
1004.198 -106.933
1004.498 -110.533
1004.799 -25.733
1005.099 -17.534
1005.399 0.466
1005.699 -1.934
1005.999 -17.134
1006.299 9.666
1006.599 -9.534
1006.900 24.066
1007.200 19.265
1007.500 -22.535
1007.800 5.065
1008.100 44.065
1008.400 21.465
1008.700 8.265
1009.001 12.264
1009.301 38.864
1009.601 -3.736
1009.901 -17.936
1010.201 -50.736
1010.501 -34.936
1010.801 -50.937
1011.102 -12.137
1011.402 -66.337
1011.702 -24.737
1012.002 -72.537
1012.302 -37.337
1012.602 -64.538
1012.902 13.062
1013.203 -36.538
1013.503 28.862
1013.803 32.462
1014.103 -46.138
1014.403 -5.939
1014.703 28.861
1015.003 -30.939
1015.304 -3.139
1015.604 5.861
1015.904 33.661
1016.204 6.660
1016.504 -9.540
1016.804 5.460
1017.104 -17.740
1017.405 16.860
1017.705 15.060
1018.005 -42.541
1018.305 -24.541
1018.605 -8.141
1018.905 -23.941
1019.205 -28.541
1019.506 -5.141
1019.806 -1.741
1020.106 -8.542
1020.406 -88.942
1020.706 -36.742
1021.006 -37.342
1021.306 -62.342
1021.607 -36.142
1021.907 -19.743
1022.207 -24.143
1022.507 -21.143
1022.807 -20.743
1023.107 -77.343
1023.407 -27.343
1023.708 4.456
1024.008 -37.744
1024.308 42.256
1024.608 -50.744
1024.908 2.256
1025.208 43.056
1025.508 9.856
1025.809 20.055
1026.109 51.055
1026.409 11.055
1026.709 34.655
1027.009 -37.345
1027.309 -33.745
1027.609 -46.346
1027.910 -42.146
1028.210 -14.346
1028.510 -0.346
1028.810 -36.946
1029.110 -50.946
1029.410 -51.346
1029.710 -60.347
1030.011 -58.747
1030.311 -58.747
1030.611 -12.947
1030.911 -38.547
1031.211 -22.547
1031.511 -40.748
1031.811 -59.148
1032.112 -27.148
1032.412 -16.348
1032.712 -59.348
1033.012 -47.548
1033.312 22.652
1033.612 9.251
1033.912 3.451
1034.212 -0.749
1034.513 -2.149
1034.813 1.251
1035.113 -88.749
1035.413 -106.750
1035.713 4.850
1036.013 23.250
1036.313 27.650
1036.614 17.250
1036.914 12.850
1037.214 -48.550
1037.514 -12.951
1037.814 -54.551
1038.114 0.049
1038.414 -44.951
1038.715 -8.551
1039.015 -0.751
1039.315 6.049
1039.615 -7.152
1039.915 -60.152
1040.215 12.648
1040.515 13.848
1040.816 -0.552
1041.116 18.648
1041.416 -54.353
1041.716 -6.353
1042.016 7.447
1042.316 -29.553
1042.616 -6.353
1042.917 -22.353
1043.217 -18.953
1043.517 -89.154
1043.817 -22.154
1044.117 -19.554
1044.417 -33.354
1044.717 -55.354
1045.018 -35.354
1045.318 8.846
1045.618 -15.155
1045.918 -39.355
1046.218 57.645
1046.518 5.845
1046.818 4.445
1047.119 -32.155
1047.419 -21.555
1047.719 -7.756
1048.019 -1.356
1048.319 -31.556
1048.619 28.644
1048.919 -32.756
1049.220 27.444
1049.520 28.243
1049.820 -37.957
1050.120 -24.757
1050.420 -2.557
1050.720 -32.157
1051.020 31.043
1051.321 -20.357
1051.621 48.242
1051.921 11.642
1052.221 25.242
1052.521 -2.158
1052.821 -28.158
1053.121 65.642
1053.422 15.642
1053.722 26.841
1054.022 71.441
1054.322 8.641
1054.622 -32.759
1054.922 44.241
1055.222 -15.159
1055.523 14.041
1055.823 -10.760
1056.123 -52.560
1056.423 -25.760
1056.723 -74.360
1057.023 -51.560
1057.323 22.440
1057.624 -1.960
1057.924 50.039
1058.224 0.839
1058.524 -32.361
1058.824 3.239
1059.124 5.039
1059.424 -29.361
1059.725 -30.361
1060.025 -22.562
1060.325 -11.362
1060.625 -14.362
1060.925 -43.762
1061.225 -27.762
1061.525 -8.962
1061.826 54.038
1062.126 25.438
1062.426 -1.163
1062.726 -48.763
1063.026 7.437
1063.326 -33.563
1063.626 -21.363
1063.927 1.837
1064.227 -60.563
1064.527 -43.364
1064.827 -13.364
1065.127 -9.564
1065.427 -18.164
1065.727 -24.564
1066.028 30.436
1066.328 11.036
1066.628 47.835
1066.928 -17.165
1067.228 -31.365
1067.528 19.235
1067.828 -9.765
1068.129 2.035
1068.429 -14.965
1068.729 -41.766
1069.029 13.434
1069.329 14.034
1069.629 -3.566
1069.929 -4.366
1070.230 -72.166
1070.530 -12.566
1070.830 -28.366
1071.130 -18.367
1071.430 -45.367
1071.730 30.433
1072.030 -3.367
1072.331 2.033
1072.631 -31.767
1072.931 -50.967
1073.231 14.632
1073.531 -49.968
1073.831 11.432
1074.131 -21.768
1074.432 -9.368
1074.732 2.632
1075.032 -6.368
1075.332 41.031
1075.632 14.431
1075.932 -73.769
1076.232 10.231
1076.533 -19.569
1076.833 4.631
1077.133 -80.369
1077.433 18.231
1077.733 -9.170
1078.033 -39.370
1078.333 -15.970
1078.634 -30.570
1078.934 -36.770
1079.234 -43.770
1079.534 -34.370
1079.834 -35.171
1080.134 -1.171
1080.434 24.829
1080.735 9.229
1081.035 -37.971
1081.335 -54.571
1081.635 -38.571
1081.935 17.229
1082.235 0.628
1082.535 32.228
1082.836 -3.372
1083.136 14.428
1083.436 12.828
1083.736 -55.172
1084.036 -51.572
1084.336 -39.973
1084.636 7.827
1084.937 -25.773
1085.237 -45.373
1085.537 -20.573
1085.837 -36.973
1086.137 -45.773
1086.437 -28.973
1086.737 -28.574
1087.038 -61.374
1087.338 -29.574
1087.638 -8.574
1087.938 -39.374
1088.238 8.426
1088.538 1.026
1088.838 -34.974
1089.139 -42.975
1089.439 -41.975
1089.739 -47.175
1090.039 -64.575
1090.339 3.625
1090.639 5.425
1090.939 -82.775
1091.240 -48.376
1091.540 -11.776
1091.840 -1.176
1092.140 -11.776
1092.453 -26.976
1092.766 27.824
1093.079 -17.376
1093.392 -29.176
1093.705 -23.177
1094.018 -13.177
1094.330 -40.977
1094.643 -55.177
1094.956 -3.777
1095.269 -22.577
1095.582 41.023
1095.895 76.423
1096.208 -16.978
1096.521 4.022
1096.834 -7.978
1097.147 20.022
1097.460 -46.778
1097.773 -63.978
1098.085 -21.178
1098.398 -20.778
1098.711 15.421
1099.024 27.221
1099.337 6.221
1099.650 -24.379
1099.963 -30.979
1100.276 -5.179
1100.589 -25.779
1100.902 -5.979
1101.215 23.220
1101.528 -50.780
1101.841 -8.180
1102.153 -15.380
1102.466 -8.980
1102.779 53.420
1103.092 19.620
1103.405 -41.980
1103.718 4.819
1104.031 23.019
1104.344 32.419
1104.657 -6.181
1104.970 -7.981
1105.283 -20.181
1105.596 69.219
1105.909 -31.181
1106.221 20.418
1106.534 20.618
1106.847 -0.382
1107.160 -58.782
1107.473 -57.782
1107.786 37.818
1108.099 -25.982
1108.412 33.818
1108.725 5.417
1109.038 -24.583
1109.351 13.617
1109.664 28.817
1109.977 62.017
1110.289 -34.783
1110.602 -3.783
1110.915 -32.983
1111.228 -55.184
1111.541 7.216
1111.854 9.016
1112.167 0.016
1112.480 -15.784
1112.793 -22.584
1113.106 -16.384
1113.419 24.816
1113.732 6.816
1114.044 4.415
1114.357 -38.385
1114.670 2.215
1114.983 1.615
1115.296 -12.585
1115.609 9.015
1115.922 1.015
1116.235 17.415
1116.548 -37.986
1116.861 -31.186
1117.174 -20.586
1117.487 -20.186
1117.800 -7.586
1118.112 30.414
1118.425 -17.586
1118.738 -18.586
1119.051 2.813
1119.364 -1.787
1119.677 33.013
1119.990 -16.787
1120.303 -13.787
1120.616 18.613
1120.929 -7.587
1121.242 -69.987
1121.555 -25.187
1121.868 -3.388
1122.180 38.012
1122.493 5.812
1122.806 42.812
1123.119 -42.788
1123.432 -2.388
1123.745 45.812
1124.058 -31.388
1124.371 -83.189
1124.684 7.811
1124.997 -36.589
1125.310 -15.389
1125.623 -16.389
1125.935 -4.189
1126.248 -51.189
1126.561 -38.389
1126.874 -19.789
1127.187 -42.990
1127.500 -11.590
1127.813 -14.390
1128.126 4.610
1128.439 -29.390
1128.752 -18.590
1129.065 -12.390
1129.378 -36.790
1129.691 -21.391
1130.003 -42.391
1130.316 -63.791
1130.629 7.009
1130.942 -26.191
1131.255 -28.791
1131.568 -21.791
1131.881 11.009
1132.194 14.209
1132.507 44.208
1132.820 56.208
1133.133 -69.192
1133.446 -42.192
1133.759 -22.392
1134.071 -39.992
1134.384 5.808
1134.697 22.608
1135.010 -24.393
1135.323 -18.393
1135.636 -63.393
1135.949 -90.193
1136.262 -92.793
1136.575 10.207
1136.888 -0.193
1137.201 2.807
1137.514 3.607
1137.826 -9.794
1138.139 6.206
1138.452 6.406
1138.765 -58.794
1139.078 -48.994
1139.391 -12.194
1139.704 -12.594
1140.017 -67.394
1140.330 1.806
1140.643 -35.395
1140.956 -32.595
1141.269 -27.795
1141.582 29.405
1141.894 0.805
1142.207 -45.795
1142.520 -17.395
1142.833 -54.995
1143.146 -49.995
1143.459 -56.596
1143.772 -59.996
1144.085 -96.196
1144.398 -64.596
1144.711 -46.596
1145.024 -31.396
1145.337 38.804
1145.650 -2.996
1145.962 -0.596
1146.275 -10.597
1146.588 -24.597
1146.901 -26.397
1147.214 -2.997
1147.527 13.803
1147.840 -41.597
1148.153 -59.997
1148.466 -27.997
1148.779 -32.797
1149.092 15.802
1149.405 -14.198
1149.718 -49.398
1150.030 -27.398
1150.343 -57.598
1150.656 -38.198
1150.969 -61.198
1151.282 -12.598
1151.595 38.202
1151.908 -50.399
1152.221 -76.199
1152.534 -31.999
1152.847 -21.799
1153.160 15.201
1153.473 -29.399
1153.785 22.001
1154.098 -3.399
1154.411 -64.199
1154.724 -36.000
1155.037 -50.800
1155.350 0.600
1155.663 -14.000
1155.976 -15.200
1156.289 -0.600
1156.602 -20.600
1156.915 11.400
1157.228 -7.200
1157.541 -39.601
1157.853 -43.401
1158.166 -52.801
1158.479 9.399
1158.792 -16.601
1159.105 -12.201
1159.418 -10.401
1159.731 -57.401
1160.044 -45.201
1160.357 -104.201
1160.670 -28.202
1160.983 -60.202
1161.296 -12.002
1161.609 -82.802
1161.921 -61.602
1162.234 -52.602
1162.547 -21.602
1162.860 -3.802
1163.173 -28.802
1163.486 16.797
1163.799 -29.203
1164.112 -53.203
1164.425 15.597
1164.738 29.997
1165.051 8.597
1165.364 60.597
1165.676 -15.603
1165.989 34.197
1166.302 48.597
1166.615 -20.404
1166.928 -32.604
1167.241 -58.404
1167.554 -38.404
1167.867 -35.204
1168.180 -34.004
1168.493 -34.404
1168.806 12.396
1169.119 23.796
1169.432 -67.805
1169.744 -55.005
1170.057 -38.005
1170.370 14.595
1170.683 -13.005
1170.996 -69.005
1171.309 -36.605
1171.622 -58.405
1171.935 -55.605
1172.248 -3.805
1172.561 -7.406
1172.874 -54.406
1173.187 7.994
1173.500 -48.406
1173.812 -1.206
1174.125 -67.006
1174.438 -55.406
1174.751 -50.006
1175.064 40.794
1175.377 -22.007
1175.690 0.993
1176.003 -65.407
1176.316 -19.407
1176.629 -17.607
1176.942 59.593
1177.255 -22.007
1177.567 -24.007
1177.880 14.993
1178.193 -79.007
1178.506 -40.008
1178.819 -70.008
1179.132 -77.408
1179.445 -61.408
1179.758 -56.808
1180.071 6.192
1180.384 4.792
1180.697 -47.408
1181.010 -19.808
1181.323 56.192
1181.635 -14.009
1181.948 -18.209
1182.261 -2.209
1182.574 -78.809
1182.887 -46.409
1183.200 -31.409
1183.513 -32.209
1183.826 -21.409
1184.139 -8.009
1184.452 -14.009
1184.765 -17.610
1185.078 -17.810
1185.391 -24.410
1185.703 11.390
1186.016 6.590
1186.329 17.790
1186.642 46.790
1186.955 -51.610
1187.268 -51.410
1187.581 -32.610
1187.894 -58.011
1188.207 18.589
1188.520 -15.411
1188.833 -14.611
1189.146 -25.411
1189.459 -16.811
1189.771 -3.811
1190.084 -56.011
1190.397 -62.611
1190.710 -34.211
1191.023 -44.212
1191.336 -14.812
1191.649 -15.812
1191.962 21.788
1192.275 76.388
1192.588 -78.412
1192.901 -43.412
1193.214 -20.612
1193.526 -36.212
1193.839 -63.012
1194.152 -38.413
1194.465 -21.013
1194.778 45.987
1195.091 9.187
1195.404 -6.413
1195.717 -58.413
1196.030 -62.213
1196.343 -36.213
1196.656 -16.213
1196.969 10.587
1197.282 17.786
1197.594 -16.214
1197.907 11.986
1198.220 -10.814
1198.533 25.386
1198.846 17.786
1199.159 20.386
1199.472 -6.214
1199.785 10.986
1200.098 -63.214
1200.411 -26.815
1200.724 9.185
1201.037 -34.415
1201.350 -15.415
1201.662 2.385
1201.975 -22.015
1202.288 -73.065
1202.601 6.185
