165.028 -3.477
165.288 6.163
165.547 -9.864
165.807 25.310
166.067 52.085
166.327 73.659
166.587 25.633
166.847 15.207
167.107 -0.419
167.367 -27.045
167.627 -1.271
167.886 4.902
168.146 11.876
168.406 38.449
168.666 -17.778
168.926 32.795
169.186 -11.432
169.446 -21.859
169.706 52.114
169.966 53.287
170.225 36.859
170.485 -28.768
170.745 20.204
171.005 3.976
171.265 31.349
171.525 -59.479
171.785 26.493
172.045 13.064
172.305 -25.764
172.564 22.608
172.824 5.379
173.084 -28.049
173.344 9.322
173.604 22.893
173.864 58.065
174.124 86.236
174.384 54.407
174.644 -32.022
174.903 0.548
175.163 21.519
175.423 -51.510
175.683 -41.340
175.943 -0.169
176.203 21.401
176.463 57.972
176.723 20.142
176.983 74.912
177.242 35.682
177.502 18.052
177.762 -26.578
178.022 3.192
178.282 38.762
178.542 33.332
178.802 31.301
179.062 0.671
179.322 0.040
179.581 24.610
179.841 15.779
180.101 -8.652
180.361 -20.282
180.621 8.087
180.881 -3.344
181.141 47.425
181.401 25.994
181.661 26.363
181.920 96.932
182.180 28.301
182.440 40.069
182.700 18.638
182.960 52.407
183.220 -23.225
183.480 19.944
183.740 -10.887
184.000 30.881
184.259 38.049
184.519 59.818
184.779 37.986
185.039 37.754
185.299 -17.877
185.559 -55.309
185.819 -33.341
186.079 -48.573
186.339 -4.405
186.598 11.763
186.858 8.731
187.118 24.299
187.378 60.267
187.638 59.835
187.898 35.203
188.158 -24.630
188.418 -15.262
188.678 -37.694
188.937 -24.526
189.197 0.441
189.457 -65.191
189.717 -19.024
189.977 38.344
190.237 19.712
190.497 -17.321
190.757 36.047
191.017 -41.786
191.276 31.982
191.536 -1.251
191.796 -18.484
192.056 18.284
192.316 -42.349
192.576 -24.581
192.836 -39.014
193.096 -10.647
193.356 0.920
193.616 25.688
193.875 39.455
194.135 31.822
194.395 66.990
194.655 20.157
194.915 40.724
195.175 20.691
195.435 91.858
195.695 24.026
195.955 -8.807
196.214 8.760
196.474 -26.673
196.734 -39.306
196.994 77.461
197.254 33.829
197.514 18.996
197.774 14.963
198.034 19.530
198.294 16.897
198.553 22.864
198.813 56.431
199.073 5.398
199.333 -28.634
199.593 34.333
199.853 21.100
200.113 0.067
200.373 -2.966
200.633 18.601
200.892 3.768
201.152 36.336
201.412 30.103
201.672 6.870
201.932 30.037
202.192 25.804
202.452 -5.628
202.712 -7.661
202.972 4.706
203.231 33.073
203.491 -44.760
203.751 1.408
204.011 40.175
204.271 61.142
204.531 -11.690
204.791 -25.523
205.051 -57.556
205.311 24.212
205.570 69.179
205.830 56.746
206.090 33.114
206.350 -42.719
206.610 -0.151
206.870 43.416
207.130 14.983
207.390 -24.249
207.650 -4.682
207.909 -0.514
208.169 -1.746
208.429 -12.779
208.689 -11.011
208.949 -35.244
209.209 -5.476
209.469 53.492
209.729 -2.141
209.989 -61.773
210.248 -1.605
210.508 -42.837
210.768 -21.070
211.028 -8.302
211.288 1.666
211.548 48.834
211.808 65.402
212.068 75.170
212.328 -20.262
212.587 57.306
212.847 1.274
213.107 -45.958
213.367 1.010
213.627 28.578
213.887 42.146
214.147 6.515
214.407 8.283
214.667 31.451
214.926 47.419
215.186 54.788
215.446 -11.244
215.706 3.525
215.966 26.893
216.226 72.261
216.486 44.230
216.746 -46.801
217.006 1.567
217.265 -23.064
217.525 10.304
217.785 -19.727
218.045 -37.158
218.305 6.411
218.565 26.979
218.825 -15.852
219.085 -0.283
219.345 96.686
219.604 45.255
219.864 36.024
220.124 14.993
220.384 28.762
220.644 -28.469
220.904 7.101
221.164 9.870
221.424 -17.361
221.684 -25.792
221.943 -15.422
222.203 -5.453
222.463 64.517
222.723 21.486
222.983 28.656
223.243 29.425
223.503 21.195
223.763 13.164
224.023 40.934
224.282 13.104
224.542 25.074
224.802 -24.756
225.062 55.613
225.322 47.783
225.582 40.553
225.842 58.923
226.102 50.093
226.362 18.664
226.621 9.634
226.881 17.604
227.141 55.974
227.401 -21.455
227.661 33.115
227.921 3.685
228.181 -15.144
228.441 -13.774
228.701 72.797
228.960 35.968
229.220 11.338
229.480 -0.091
229.740 -17.920
230.000 -36.550
230.260 -40.179
230.520 -34.208
230.780 66.963
231.040 9.534
231.299 0.505
231.559 33.476
231.819 21.248
232.079 6.219
232.339 0.790
232.599 -70.239
232.859 -40.667
233.119 -45.896
233.379 23.876
233.638 -49.953
233.898 -14.181
234.158 -15.810
234.418 -16.638
234.678 41.134
234.938 5.906
235.198 4.878
235.458 24.649
235.718 -27.579
235.978 35.793
236.237 8.165
236.497 -6.062
236.757 2.110
237.017 11.682
237.277 -20.746
237.537 4.627
237.797 20.399
238.057 24.371
238.317 -26.456
238.576 -4.684
238.836 20.689
239.096 -4.738
239.356 -29.566
239.616 25.007
239.876 21.980
240.136 39.553
240.396 13.926
240.656 -49.901
240.915 29.472
241.175 29.845
241.435 -19.982
241.695 -57.009
241.955 28.564
242.215 26.338
242.475 -22.889
242.735 13.285
242.995 12.258
243.254 60.032
243.514 28.005
243.774 47.579
244.034 46.952
244.294 21.526
244.554 13.700
244.814 52.874
245.074 8.648
245.334 -59.378
245.593 2.596
245.853 42.170
246.113 42.944
246.373 16.118
246.633 28.492
246.893 18.667
247.153 19.841
247.413 14.816
247.673 -9.010
247.932 39.365
248.192 -14.461
248.452 66.314
248.712 10.688
248.972 -43.337
249.232 -6.762
249.492 -49.187
249.752 -13.212
250.012 72.963
250.271 56.338
250.531 16.313
250.791 -28.912
251.051 17.463
251.311 29.239
251.571 27.214
251.831 37.789
252.091 50.165
252.351 44.740
252.610 5.716
252.870 7.091
253.130 -17.333
253.390 6.643
253.650 -27.182
253.911 14.994
254.172 -6.030
254.433 -0.654
254.694 -3.678
254.955 20.498
255.216 23.274
255.477 50.850
255.738 56.226
255.999 1.203
256.261 5.979
256.522 -6.445
256.783 0.932
257.044 7.308
257.305 -5.715
257.566 -23.339
257.827 -20.762
258.088 37.615
258.349 -1.409
258.610 -11.232
258.871 7.945
259.132 -69.078
259.393 -19.901
259.654 11.076
259.915 17.053
260.176 -31.170
260.437 -17.393
260.698 15.984
260.959 22.762
261.221 -2.861
261.482 -34.484
261.743 -13.506
262.004 -15.929
262.265 -62.751
262.526 -15.573
262.787 -8.996
263.048 -89.818
263.309 -19.840
263.570 -56.462
263.831 -46.685
264.092 3.693
264.353 -15.929
264.614 8.249
264.875 4.828
265.136 4.206
265.397 -38.816
265.658 3.962
265.919 -67.060
266.181 -13.081
266.442 -13.103
266.703 -79.724
266.964 5.654
267.225 -16.767
267.486 -34.189
267.747 11.990
268.008 -9.431
268.269 33.348
268.530 25.326
268.791 -16.495
269.052 -22.516
269.313 -52.137
269.574 -16.758
269.835 31.021
270.096 -8.599
270.357 -14.220
270.618 -22.441
270.879 -16.662
271.141 -42.082
271.402 -33.303
271.663 -40.924
271.924 -23.544
272.185 -25.165
272.446 -72.585
272.707 -47.405
272.968 -39.626
273.229 -17.846
273.490 -19.266
273.751 39.114
274.012 -3.906
274.273 -35.126
274.534 -24.146
274.795 -34.766
275.056 -43.186
275.317 -6.206
275.578 -10.026
275.839 -45.245
276.101 -20.665
276.362 -25.085
276.623 30.896
276.884 -3.924
277.145 19.457
277.406 4.237
277.667 25.818
277.928 -7.002
278.189 26.779
278.450 -38.440
278.711 -27.459
278.972 -22.278
279.233 -15.298
279.494 -10.317
279.755 -6.336
280.016 2.245
280.277 -3.774
280.538 -8.192
280.799 -13.211
281.061 -15.230
281.322 2.151
281.583 12.533
281.844 -30.286
282.105 -21.105
282.366 30.277
282.627 46.858
282.888 -8.360
283.149 -10.178
283.410 -17.797
283.671 -9.215
283.932 -86.233
284.193 -41.051
284.454 -39.470
284.715 -8.488
284.976 -11.306
285.237 -2.724
285.498 32.258
285.759 61.440
286.021 81.222
286.282 33.605
286.543 34.787
286.804 5.169
287.065 -11.849
287.326 9.534
287.587 -11.284
287.848 19.699
288.109 31.281
288.370 -9.736
288.631 37.846
288.892 -22.971
289.153 -71.589
289.414 -21.006
289.675 -64.423
289.936 -41.040
290.197 -21.457
290.458 -41.275
290.719 -25.692
290.981 31.891
291.242 16.874
291.503 -13.943
291.764 11.441
292.025 -50.976
292.286 -58.393
292.547 26.790
292.808 1.773
293.069 -3.643
293.330 54.740
293.591 18.524
293.852 -14.693
294.113 15.890
294.374 -9.126
294.635 -49.342
294.896 3.241
295.157 30.225
295.418 -28.191
295.679 -5.008
295.941 26.576
296.202 -26.840
296.463 -6.856
296.724 -4.872
296.985 68.712
297.246 51.896
297.507 23.080
297.768 28.664
298.029 23.248
298.290 -33.568
298.551 20.416
298.812 15.601
299.073 -4.615
299.334 -77.431
299.595 -34.846
299.856 17.138
300.117 -32.678
300.378 -36.493
300.639 22.091
300.901 37.876
301.162 44.861
301.423 19.245
301.684 -26.970
301.945 -5.185
302.206 0.400
302.467 26.184
302.728 16.569
302.989 0.954
303.250 14.739
303.511 17.724
303.772 3.509
304.033 -45.706
304.294 17.279
304.555 -9.336
304.816 -27.551
305.077 56.235
305.338 64.420
305.599 10.205
305.861 -19.210
306.122 -21.624
306.383 -3.639
306.644 -18.853
306.905 -5.868
307.166 -57.082
307.427 -62.297
307.688 -13.111
307.949 -14.326
308.210 -13.540
308.471 50.246
308.732 -32.969
308.993 21.617
309.254 -8.397
309.515 -5.211
309.776 23.575
310.037 6.561
310.298 53.947
310.559 -16.267
310.821 -0.081
311.082 65.305
311.343 11.491
311.604 0.677
311.865 -59.737
312.126 -13.551
312.387 -45.965
312.648 45.822
312.909 -31.992
313.170 36.194
313.434 1.581
313.698 23.567
313.963 -48.046
314.227 -35.460
314.491 5.327
314.755 -5.887
315.019 32.100
315.284 63.486
315.548 83.073
315.812 60.260
316.076 -8.354
316.340 7.233
316.604 43.220
316.869 0.607
317.133 6.194
317.397 37.581
317.661 -13.632
317.925 -0.446
318.190 -7.059
318.454 13.728
318.718 -93.084
318.982 1.703
319.246 -2.110
319.511 27.877
319.775 30.464
320.039 23.251
320.303 61.639
320.567 12.626
320.832 66.613
321.096 -5.399
321.360 33.988
321.624 80.775
321.888 -42.437
322.153 -77.050
322.417 39.338
322.681 45.125
322.945 -47.887
323.209 38.101
323.473 12.688
323.738 9.276
324.002 -64.336
324.266 -65.148
324.530 -44.361
324.794 -52.173
325.059 -11.385
325.323 39.403
325.587 -31.809
325.851 21.379
326.115 14.167
326.380 10.755
326.644 -31.657
326.908 -1.069
327.172 0.719
327.436 24.307
327.701 -70.705
327.965 -29.317
328.229 -20.129
328.493 52.260
328.757 -32.352
329.022 -51.964
329.286 -27.375
329.550 -8.387
329.814 -21.199
330.078 52.390
330.342 -0.222
330.607 31.167
330.871 55.555
331.135 -6.656
331.399 -41.668
331.663 9.721
331.928 -18.491
332.192 0.498
332.456 -35.513
332.720 -44.524
332.984 9.464
333.249 -22.547
333.513 -27.558
333.777 -15.569
334.041 1.420
334.305 69.608
334.570 54.197
334.834 20.986
335.098 106.975
335.362 62.964
335.626 67.753
335.891 9.542
336.155 -43.069
336.419 58.720
336.683 85.510
336.947 -12.501
337.211 -0.112
337.476 -1.923
337.740 -5.134
338.004 14.456
338.268 -17.555
338.532 5.234
338.797 43.424
339.061 -37.987
339.325 -4.998
339.589 47.392
339.853 -27.819
340.118 62.771
340.382 53.560
340.646 19.150
340.910 6.539
341.174 -5.471
341.439 21.919
341.703 -10.092
341.967 -3.902
342.231 77.288
342.495 9.877
342.759 32.267
343.024 50.657
343.288 34.647
343.552 2.037
343.816 -12.174
344.080 -55.784
344.345 -48.394
344.609 -40.404
344.873 -11.614
345.137 -65.224
345.401 -5.434
345.666 21.756
345.930 -9.854
346.194 20.736
346.458 -45.274
346.722 -48.084
346.987 -35.693
347.251 27.697
347.515 14.487
347.779 43.277
348.043 39.067
348.308 3.858
348.572 11.248
348.836 6.038
349.100 -17.771
349.364 -15.981
349.628 45.009
349.893 8.200
350.157 44.990
350.421 -2.619
350.685 -15.429
350.949 0.562
351.214 14.552
351.478 -29.657
351.742 70.533
352.006 -40.876
352.270 15.715
352.535 -2.895
352.799 -53.104
353.063 -18.913
353.327 21.677
353.591 10.868
353.856 13.659
354.120 16.250
354.384 -19.959
354.648 5.231
354.912 -10.778
355.177 30.213
355.441 -1.596
355.705 -22.805
355.969 17.186
356.233 5.777
356.497 -14.232
356.762 -64.841
357.026 45.950
357.290 -4.859
357.554 -5.268
357.818 18.323
358.083 11.314
358.347 0.705
358.611 -0.703
358.875 -13.912
359.139 2.079
359.404 5.270
359.668 -47.139
359.932 -57.947
360.196 -48.156
360.460 -37.365
360.725 -50.973
360.989 -28.782
361.253 -9.591
361.517 -38.799
361.781 38.992
362.046 1.584
362.310 -25.225
362.574 34.167
362.838 12.558
363.102 20.350
363.366 1.341
363.631 -25.467
363.895 31.724
364.159 7.316
364.423 -64.292
364.687 -29.101
364.952 -10.709
365.216 -25.917
365.480 33.674
365.747 -24.734
366.013 -7.942
366.280 -1.750
366.546 -46.359
366.813 11.833
367.079 -49.775
367.346 -27.183
367.612 12.409
367.879 49.401
368.145 -23.207
368.412 56.385
368.678 -25.423
368.945 3.768
369.211 23.560
369.478 9.552
369.744 20.745
370.011 -8.263
370.278 16.729
370.544 7.921
370.811 -13.287
371.077 11.905
371.344 -24.903
371.610 -29.111
371.877 1.081
372.143 -13.126
372.410 -42.334
372.676 24.058
372.943 -4.950
373.209 -2.557
373.476 33.035
373.742 -40.373
374.009 -29.780
374.276 23.212
374.542 -11.196
374.809 -23.003
375.075 28.789
375.342 15.981
375.608 43.774
375.875 18.366
376.141 14.959
376.408 2.151
376.674 -7.056
376.941 26.936
377.207 -12.071
377.474 4.721
377.740 -4.686
378.007 30.907
378.273 -3.301
378.540 -22.708
378.807 -43.315
379.073 -30.523
379.340 -14.130
379.606 4.063
379.873 -11.545
380.139 31.448
380.406 -12.159
380.672 19.634
380.939 -46.774
381.205 -52.981
381.472 -43.588
381.738 -24.395
382.005 1.398
382.271 11.191
382.538 7.983
382.804 25.176
383.071 17.169
383.338 1.762
383.604 -8.045
383.871 -58.252
384.137 -54.259
384.404 -36.466
384.670 -24.673
384.937 -3.680
385.203 58.513
385.470 16.906
385.736 -8.701
386.003 -10.107
386.269 -3.114
386.536 -23.921
386.802 -18.128
387.069 -14.535
387.336 23.458
387.602 34.052
387.869 108.045
388.135 12.438
388.402 29.431
388.668 -41.175
388.935 15.018
389.201 -58.189
389.468 -39.596
389.734 -51.002
390.001 -32.609
390.267 16.384
390.534 27.978
390.800 7.371
391.067 20.565
391.333 16.358
391.600 29.351
391.867 -48.055
392.133 1.938
392.400 -55.268
392.666 -26.075
392.933 -33.081
393.199 -6.888
393.466 -9.894
393.732 -3.301
393.999 -3.507
394.265 -0.713
394.532 -41.120
394.798 -4.126
395.065 -8.733
395.331 31.661
395.598 31.655
395.864 41.848
396.131 -11.158
396.398 26.836
396.664 14.030
396.931 -16.177
397.197 19.017
397.464 82.811
397.730 86.205
397.997 169.598
398.263 119.992
398.530 133.386
398.796 11.780
399.063 90.374
399.329 43.967
399.596 60.761
399.862 53.555
400.129 117.949
400.396 84.943
400.662 155.337
400.929 94.931
401.195 165.925
401.462 130.719
401.728 198.113
401.995 185.707
402.261 258.701
402.528 262.895
402.794 303.889
403.061 358.483
403.327 331.477
403.594 386.871
403.860 406.865
404.127 426.459
404.393 419.253
404.660 471.848
404.931 533.242
405.202 523.636
405.473 606.230
405.745 653.824
406.016 716.018
406.287 734.613
406.558 725.607
406.829 705.601
407.100 766.795
407.371 815.990
407.642 827.984
407.914 855.378
408.185 892.772
408.456 895.567
408.727 925.161
408.998 915.355
409.269 920.950
409.540 864.344
409.811 934.338
410.083 974.333
410.354 977.127
410.625 922.722
410.896 907.716
411.167 936.111
411.438 868.905
411.709 877.699
411.981 807.294
412.252 773.688
412.523 730.483
412.794 659.077
413.065 610.072
413.336 586.467
413.607 567.661
413.878 522.256
414.150 489.250
414.421 504.245
414.692 390.839
414.963 328.434
415.234 378.629
415.505 300.623
415.776 267.018
416.047 225.213
416.319 187.807
416.590 245.402
416.861 96.397
417.132 113.391
417.403 139.386
417.674 87.181
417.945 77.975
418.217 77.770
418.488 92.965
418.759 -2.440
419.030 71.555
419.301 10.149
419.572 -19.656
419.843 -7.861
420.114 31.334
420.386 -78.271
420.657 -10.277
420.928 -2.082
421.199 -0.887
421.470 23.508
421.741 21.103
422.012 -21.702
422.283 83.293
422.555 62.288
422.826 31.683
423.097 -10.522
423.368 11.273
423.639 41.268
423.910 23.863
424.181 -4.742
424.453 -12.347
424.724 -1.152
424.995 -41.957
425.266 -16.162
425.537 24.433
425.808 -40.572
426.079 -31.177
426.350 40.418
426.622 27.013
426.893 -44.192
427.164 -48.397
427.435 -52.802
427.706 -3.806
427.977 -90.811
428.248 -23.616
428.519 -57.021
428.791 -41.026
429.062 -15.231
429.333 -33.635
429.604 11.160
429.875 -9.845
430.146 0.750
430.417 -11.255
430.689 6.541
430.960 -9.464
431.231 -4.269
431.502 -6.273
431.773 23.922
432.044 -6.683
432.315 -20.288
432.586 43.308
432.858 -32.497
433.129 5.498
433.400 4.094
433.671 19.489
433.942 11.284
434.213 -45.320
434.484 -2.725
434.755 -27.129
435.027 -23.334
435.298 -20.939
435.569 -23.343
435.840 -3.948
436.116 -14.952
436.391 -5.757
436.667 20.039
436.942 -5.966
437.218 -3.970
437.493 9.625
437.769 1.421
438.045 -77.584
438.320 -46.788
438.596 10.407
438.871 -2.797
439.147 -32.402
439.422 -63.806
439.698 16.189
439.974 29.585
440.249 -20.219
440.525 -10.624
440.800 52.772
441.076 -4.833
441.351 -7.637
441.627 10.159
441.903 20.354
442.178 31.550
442.454 -29.254
442.729 29.341
443.005 6.937
443.281 -34.467
443.556 10.928
443.832 34.524
444.107 54.920
444.383 -25.084
444.658 36.911
444.934 89.507
445.210 11.903
445.485 85.699
445.761 42.494
446.036 7.890
446.312 43.686
446.587 92.482
446.863 68.278
447.139 97.273
447.414 21.469
447.690 51.265
447.965 89.661
448.241 14.657
448.516 17.053
448.792 -6.952
449.068 79.444
449.343 114.840
449.619 54.436
449.894 108.432
450.170 97.028
450.445 87.824
450.721 116.820
450.997 107.016
451.272 111.812
451.548 124.008
451.823 149.604
452.099 146.000
452.375 139.396
452.650 101.591
452.926 149.987
453.201 73.383
453.477 43.579
453.752 114.176
454.028 61.972
454.304 123.368
454.579 138.964
454.855 162.960
455.130 221.956
455.406 155.752
455.681 147.348
455.957 153.544
456.233 93.940
456.508 77.336
456.784 62.332
457.059 134.528
457.335 110.524
457.610 114.921
457.886 101.117
458.162 35.713
458.437 58.709
458.713 18.705
458.988 7.301
459.264 55.498
459.539 36.494
459.815 -42.510
460.091 43.086
460.366 -8.518
460.642 44.679
460.917 -23.925
461.193 50.071
461.468 31.467
461.744 28.263
462.020 21.660
462.295 -25.544
462.571 14.052
462.846 -20.951
463.122 -32.562
463.397 -50.977
463.673 -9.739
463.949 24.614
464.224 -36.124
464.500 -12.767
464.775 -31.243
465.051 -0.928
465.327 22.366
465.602 20.811
465.878 6.375
466.153 61.712
466.429 5.384
466.704 16.048
466.980 76.765
467.256 46.030
467.531 70.874
467.807 102.293
468.082 77.523
468.358 29.382
468.633 89.023
468.909 72.262
469.185 98.720
469.460 47.839
469.736 64.698
470.011 59.937
470.287 71.340
470.562 37.035
470.838 49.336
471.114 66.176
471.389 60.013
471.665 92.157
471.940 55.735
472.216 97.940
472.491 92.516
472.767 95.397
473.043 20.433
473.318 51.719
473.594 60.626
473.869 37.247
474.145 28.565
474.421 -6.398
474.696 32.086
474.972 -3.992
475.247 58.957
475.523 20.080
475.798 9.630
476.074 40.623
476.350 -0.309
476.625 -39.712
476.901 20.830
477.176 45.677
477.452 -30.038
477.727 -31.906
478.003 35.844
478.279 -26.766
478.554 -2.205
478.830 49.181
479.105 -5.866
479.381 54.005
479.656 32.457
479.932 44.169
480.208 22.287
480.483 67.389
480.759 38.430
481.034 77.820
481.310 83.432
481.585 53.493
481.861 35.863
482.137 83.164
482.412 72.589
482.688 43.804
482.963 22.301
483.239 49.299
483.514 21.993
483.790 16.455
484.066 0.261
484.341 -24.939
484.617 -26.146
484.892 -32.885
485.168 2.733
485.443 -24.890
485.719 -24.708
485.995 -26.647
486.270 -6.384
486.546 24.494
486.821 25.406
487.097 45.929
487.373 93.794
487.648 12.974
487.924 -46.429
488.199 3.879
488.475 74.763
488.750 40.574
489.026 36.236
489.302 50.736
489.577 -10.866
489.853 40.651
490.128 41.409
490.404 14.392
490.679 50.965
490.955 87.337
491.231 29.065
491.506 10.639
491.782 39.605
492.057 -19.274
492.333 -30.236
492.608 35.701
492.884 0.691
493.160 29.863
493.435 -27.604
493.711 66.902
493.986 -24.371
494.262 -2.298
494.537 8.683
494.813 -19.007
495.089 -30.204
495.364 42.688
495.640 -20.162
495.915 14.248
496.191 27.347
496.467 4.927
496.742 52.288
497.018 -12.018
497.293 15.870
497.569 39.797
497.844 -6.114
498.120 23.442
498.396 27.770
498.671 35.315
498.947 53.461
499.222 -8.719
499.498 23.288
499.773 40.306
500.049 89.570
500.325 100.060
500.600 99.649
500.876 115.032
501.151 136.365
501.427 193.298
501.702 178.228
501.978 160.865
502.254 176.398
502.529 176.554
502.805 151.728
503.080 219.972
503.356 183.716
503.631 216.196
503.907 209.822
504.183 207.292
504.458 155.943
504.734 217.296
505.009 280.141
505.285 228.144
505.560 294.752
505.836 234.506
506.112 135.262
506.387 163.807
506.663 176.795
506.938 177.516
507.214 154.148
507.490 121.168
507.765 61.980
508.041 125.009
508.316 167.839
508.592 169.346
508.867 96.983
509.143 37.794
509.419 73.653
509.694 36.469
509.970 1.889
510.245 43.393
510.521 47.558
510.796 63.634
511.072 4.607
511.348 34.756
511.623 -38.672
511.899 76.134
512.174 89.562
512.450 92.188
512.725 33.577
513.001 -1.723
513.277 29.965
513.552 35.283
513.828 -9.718
514.103 5.046
514.379 17.123
514.654 70.098
514.930 28.807
515.206 -9.133
515.481 50.421
515.757 45.268
516.032 41.264
516.308 81.247
516.583 111.823
516.859 99.444
517.135 144.062
517.410 132.325
517.686 165.980
517.961 189.030
518.237 231.916
518.513 210.330
518.788 220.346
519.064 250.756
519.339 273.811
519.615 346.770
519.890 302.028
520.166 360.196
520.442 343.344
520.717 385.536
520.993 321.093
521.268 381.237
521.544 375.186
521.819 319.937
522.095 315.118
522.371 380.040
522.646 404.311
522.922 451.990
523.197 455.445
523.473 432.890
523.748 403.137
524.024 370.888
524.300 419.115
524.575 397.596
524.851 388.981
525.126 442.954
525.402 406.691
525.677 348.804
525.953 413.214
526.229 482.536
526.504 427.829
526.780 416.858
527.055 392.103
527.331 426.551
527.606 438.753
527.882 435.611
528.158 415.177
528.433 408.322
528.709 414.529
528.984 369.663
529.260 384.803
529.535 397.235
529.811 371.038
530.087 331.735
530.362 330.211
530.638 289.264
530.913 287.765
531.189 244.299
531.465 269.339
531.740 245.904
532.016 270.054
532.291 202.187
532.567 189.452
532.842 246.082
533.118 119.458
533.394 186.111
533.669 206.425
533.945 164.025
534.220 174.736
534.496 139.543
534.771 104.960
535.047 115.509
535.323 157.913
535.598 170.013
535.874 211.902
536.149 186.170
536.425 268.619
536.700 315.348
536.976 346.050
537.252 434.199
537.527 556.723
537.803 619.726
538.078 679.614
538.354 761.739
538.629 808.180
538.905 807.548
539.181 929.700
539.456 1003.448
539.732 942.434
540.007 1058.113
540.283 1107.117
540.558 1151.934
540.834 1177.295
541.110 1163.251
541.385 1209.162
541.661 1220.360
541.936 1184.666
542.212 1259.841
542.488 1384.649
542.763 1385.334
543.039 1344.787
543.314 1386.211
543.590 1307.879
543.865 1274.598
544.141 1283.029
544.417 1180.942
544.692 1195.062
544.968 1163.084
545.243 1126.312
545.519 1135.510
545.794 1017.474
546.070 966.975
546.348 1002.541
546.627 990.252
546.905 925.742
547.183 930.876
547.461 935.854
547.740 960.675
548.018 1004.494
548.296 1003.372
548.575 1165.237
548.853 1060.321
549.131 1103.985
549.409 1126.623
549.688 1109.726
549.966 1084.254
550.244 1089.545
550.523 1166.989
550.801 1152.629
551.079 1085.496
551.357 1077.254
551.636 1091.453
551.914 1050.659
552.192 1109.077
552.471 1131.172
552.749 1153.598
553.027 1138.964
553.306 1199.024
553.584 1217.957
553.862 1281.969
554.140 1260.332
554.419 1266.068
554.697 1207.947
554.975 1273.851
555.254 1301.407
555.532 1179.612
555.810 1224.890
556.088 1156.338
556.367 1145.640
556.645 1096.307
556.923 1109.472
557.202 986.358
557.480 1041.725
557.758 988.160
558.036 900.066
558.315 900.408
558.593 861.905
558.871 822.859
559.150 805.109
559.428 782.630
559.706 726.675
559.984 682.939
560.263 619.846
560.541 578.453
560.819 510.283
561.098 464.082
561.376 364.402
561.654 348.742
561.932 329.224
562.211 214.249
562.489 289.483
562.767 150.131
563.046 211.113
563.324 169.439
563.602 102.166
563.880 125.787
564.159 84.327
564.437 94.905
564.715 131.499
564.994 76.191
565.272 60.681
565.550 115.177
565.828 121.892
566.107 46.346
566.385 45.856
566.663 19.280
566.942 115.317
567.220 97.468
567.498 47.104
567.776 6.370
568.055 82.948
568.333 92.809
568.611 46.233
568.890 43.988
569.168 -24.155
569.446 66.592
569.725 72.104
570.003 62.868
570.281 22.054
570.559 99.490
570.838 61.007
571.116 31.176
571.394 13.020
571.673 18.629
571.951 40.769
572.229 57.739
572.507 92.555
572.786 60.868
573.064 29.756
573.342 -11.842
573.621 16.539
573.899 45.887
574.177 52.962
574.455 77.015
574.734 116.982
575.012 91.025
575.290 44.274
575.569 57.417
575.847 43.126
576.125 84.051
576.403 22.614
576.682 -6.915
576.960 58.170
577.243 29.732
577.527 37.217
577.810 57.959
578.093 73.575
578.377 26.364
578.660 32.987
578.944 16.454
579.227 6.699
579.510 41.551
579.794 35.418
580.077 10.140
580.360 36.909
580.644 68.683
580.927 47.038
581.210 1.759
581.494 -28.620
581.777 46.181
582.061 -0.412
582.344 71.903
582.627 48.208
582.911 40.255
583.194 54.790
583.477 19.075
583.761 49.469
584.044 -20.180
584.327 14.703
584.611 66.656
584.894 76.856
585.178 -5.263
585.461 45.291
585.744 36.921
586.028 0.288
586.311 24.505
586.594 9.123
586.878 59.521
587.161 -1.680
587.444 4.518
587.728 3.516
588.011 -20.093
588.295 -37.102
588.578 -34.008
588.861 47.537
589.145 44.311
589.428 26.061
589.711 -9.897
589.995 -3.624
590.278 -12.853
590.562 -1.572
590.845 59.613
591.128 18.725
591.412 22.683
591.695 72.366
591.978 18.897
592.262 -10.929
592.545 -17.788
592.828 2.078
593.112 45.149
593.395 32.570
593.679 68.417
593.962 43.691
594.245 31.529
594.529 53.007
594.812 -0.894
595.095 25.293
595.379 24.548
595.662 37.788
595.945 -3.127
596.229 -26.502
596.512 -25.382
596.796 -17.385
597.079 7.390
597.362 -45.494
597.646 24.991
597.929 -35.964
598.212 31.500
598.496 -34.540
598.779 5.999
599.062 -0.744
599.346 39.105
599.629 79.342
599.913 11.101
600.196 17.775
600.479 -12.719
600.763 -49.657
601.046 -20.947
601.329 19.502
601.613 -9.982
601.896 48.405
602.179 27.571
602.463 30.697
602.746 53.641
603.030 66.011
603.313 39.693
603.596 14.540
603.880 20.827
604.163 -57.457
604.446 29.023
604.730 25.288
605.013 72.490
605.296 12.929
605.580 -7.445
605.863 32.532
606.147 56.212
606.430 45.633
606.713 12.772
606.997 40.896
607.280 -37.768
607.563 -3.118
607.847 13.175
608.130 -20.433
608.414 2.556
608.697 -15.621
608.980 -14.513
609.264 13.480
609.547 68.758
609.830 17.434
610.114 51.499
610.397 57.386
610.680 8.675
610.964 -0.034
611.247 -68.058
611.531 -56.565
611.814 8.396
612.097 -13.182
612.381 64.751
612.664 62.379
612.947 42.948
613.231 104.020
613.514 59.867
613.797 23.929
614.081 6.850
614.364 54.393
614.648 83.075
614.931 31.417
615.214 56.773
615.498 7.026
615.781 47.750
616.064 30.681
616.348 25.181
616.631 7.808
616.914 38.599
617.198 37.596
617.481 32.324
617.765 -3.392
618.048 13.334
618.331 9.024
618.615 8.210
618.898 17.529
619.181 40.686
619.465 -16.683
619.748 14.005
620.031 -14.510
620.315 -2.059
620.598 -14.551
620.882 -7.422
621.165 -44.408
621.448 -43.790
621.732 -8.020
622.015 9.936
622.298 26.663
622.582 1.136
622.865 75.251
623.148 57.308
623.432 19.105
623.715 34.605
623.999 40.267
624.282 34.887
624.565 19.589
624.849 35.570
625.132 33.130
625.415 58.177
625.699 37.839
625.982 0.722
626.265 -23.201
626.549 15.868
626.832 -8.365
627.116 29.570
627.399 20.034
627.682 -1.488
627.966 67.030
628.249 69.694
628.532 101.529
628.816 3.519
629.099 31.365
629.383 19.731
629.666 -11.668
629.949 22.833
630.233 25.902
630.516 -12.237
630.799 59.759
631.083 19.381
631.366 60.128
631.649 33.329
631.933 -4.838
632.216 2.976
632.500 45.350
632.783 77.328
633.066 80.546
633.350 70.755
633.633 24.342
633.916 60.975
634.200 69.654
634.483 154.873
634.766 75.745
635.050 61.174
635.333 58.985
635.617 104.088
635.900 53.701
636.183 66.151
636.467 120.295
636.750 88.393
637.033 108.173
637.317 122.619
637.600 157.439
637.883 160.606
638.167 97.817
638.450 159.415
638.734 148.440
639.017 127.352
639.300 141.170
639.584 114.807
639.867 183.619
640.150 142.011
640.434 209.878
640.717 236.193
641.000 258.465
641.284 239.674
641.567 280.092
641.851 231.570
642.134 247.766
642.417 338.039
642.701 317.840
642.984 311.016
643.267 355.530
643.551 352.217
643.834 382.752
644.117 428.214
644.401 517.904
644.684 596.938
644.968 529.150
645.251 655.021
645.534 738.976
645.818 775.812
646.101 844.055
646.384 908.974
646.668 1038.392
646.951 1192.663
647.235 1320.838
647.518 1486.670
647.801 1640.276
648.085 1760.266
648.368 1906.752
648.651 2133.422
648.935 2236.227
649.218 2476.158
649.501 2602.735
649.785 2837.416
650.068 3013.180
650.352 3159.854
650.635 3410.108
650.918 3687.816
651.202 3937.162
651.485 4288.371
651.768 4506.195
652.052 4740.382
652.335 5038.027
652.618 5205.749
652.902 5340.687
653.185 5478.820
653.469 5628.606
653.752 5695.009
654.035 5841.786
654.319 5934.922
654.602 6027.603
654.885 6108.028
655.169 6247.652
655.452 6353.919
655.735 6440.300
656.019 6510.044
656.302 6603.307
656.586 6780.863
656.869 6777.055
657.152 6786.284
657.436 6809.299
657.719 6813.121
658.002 6771.235
658.286 6760.016
658.569 6737.609
658.852 6765.967
659.136 6738.066
659.419 6777.547
659.703 6852.568
659.986 6945.586
660.269 6986.309
660.553 7144.661
660.836 7122.586
661.119 7160.205
661.403 7114.846
661.686 7078.471
661.969 7021.977
662.253 6947.944
662.536 6966.461
662.820 6878.624
663.103 6814.556
663.386 6759.025
663.670 6606.010
663.953 6445.745
664.236 6330.715
664.520 6130.395
664.803 6077.382
665.086 5797.412
665.370 5715.138
665.653 5492.261
665.937 5247.977
666.220 5012.016
666.503 4851.109
666.787 4720.212
667.070 4503.172
667.353 4301.106
667.637 4061.571
667.920 3883.754
668.204 3665.476
668.487 3475.964
668.770 3269.314
669.054 3053.714
669.337 2871.069
669.620 2816.073
669.904 2615.174
670.187 2483.094
670.470 2363.075
670.754 2233.929
671.037 2050.011
671.321 1926.790
671.604 1750.880
671.887 1654.365
672.171 1511.091
672.454 1314.310
672.737 1277.428
673.021 1174.023
673.304 1045.557
673.587 1003.771
673.871 949.136
674.154 895.512
674.438 854.556
674.721 699.904
675.004 679.954
675.288 631.475
675.571 643.212
675.854 484.753
676.138 500.577
676.421 464.443
676.704 487.896
676.988 430.408
677.271 413.824
677.555 357.992
677.838 363.406
678.121 284.222
678.405 328.606
678.688 286.161
678.971 259.994
679.255 289.579
679.538 214.256
679.821 259.113
680.105 293.474
680.388 217.981
680.672 132.461
680.955 157.044
681.238 141.987
681.522 139.404
681.805 135.017
682.088 126.813
682.372 156.101
682.655 97.260
682.938 43.491
683.222 83.851
683.505 38.075
683.789 57.302
684.072 98.461
684.355 55.047
684.639 70.044
684.922 91.518
685.205 72.538
685.489 92.846
685.772 41.454
686.056 81.160
686.339 25.724
686.622 62.389
686.906 43.958
687.189 24.480
687.472 41.180
687.756 113.587
688.039 108.401
688.322 82.513
688.606 75.846
688.889 71.670
689.173 23.861
689.456 57.653
689.739 122.348
690.023 101.652
690.306 56.547
690.589 77.162
690.873 29.470
691.156 69.591
691.439 71.866
691.723 52.696
692.006 51.346
692.290 84.245
692.573 93.290
692.856 61.085
693.140 105.369
693.423 76.074
693.706 -21.553
693.990 35.418
694.273 0.708
694.556 37.860
694.840 41.351
695.123 90.072
695.407 -9.460
695.690 -7.944
695.973 1.246
696.257 49.028
696.540 77.375
696.830 43.395
697.120 95.786
697.410 66.327
697.699 21.597
697.989 81.852
698.279 4.480
698.569 43.260
698.859 64.115
699.149 78.994
699.439 29.474
699.729 42.290
700.018 70.808
700.308 43.460
700.598 40.749
700.888 94.832
701.178 98.152
701.468 83.555
701.758 63.008
702.048 39.908
702.337 18.165
702.627 15.577
702.917 14.114
703.207 53.589
703.497 10.097
703.787 37.839
704.077 4.024
704.366 -9.734
704.656 -84.765
704.946 -36.987
705.236 -30.622
705.526 -36.947
705.816 -31.573
706.106 41.610
706.396 75.087
706.685 77.153
706.975 43.534
707.265 31.364
707.555 10.277
707.845 -16.876
708.135 6.279
708.425 -10.790
708.715 4.747
709.004 -0.810
709.294 23.671
709.584 23.707
709.874 38.493
710.164 -9.260
710.454 -13.094
710.744 -62.410
711.034 -7.112
711.323 -18.705
711.613 -21.283
711.903 -13.967
712.193 12.971
712.483 -5.548
712.773 14.315
713.063 -14.507
713.352 44.875
713.642 -8.264
713.932 -3.383
714.222 25.084
714.512 12.428
714.802 48.922
715.092 -2.739
715.382 14.824
715.671 18.453
715.961 13.636
716.251 49.467
716.541 45.561
716.831 60.293
717.121 72.497
717.411 17.480
717.701 31.383
717.990 14.690
718.280 7.838
718.570 6.093
718.860 -2.124
719.150 23.449
719.440 4.558
719.730 7.015
720.019 58.573
720.309 4.534
720.599 -4.043
720.889 15.846
721.179 -5.747
721.469 60.326
721.759 84.676
722.049 74.939
722.338 37.384
722.628 13.735
722.918 93.448
723.208 -7.000
723.498 -15.842
723.788 -56.247
724.078 1.899
724.368 -3.909
724.657 -9.063
724.947 -29.355
725.237 10.923
725.527 25.247
725.817 45.716
726.107 24.669
726.397 36.292
726.686 63.581
726.976 1.491
727.266 4.208
727.556 -9.526
727.846 -8.583
728.136 -23.224
728.426 29.755
728.716 65.423
729.005 -3.925
729.295 21.655
729.585 -12.888
729.875 -41.709
730.165 -13.419
730.455 34.103
730.745 51.799
731.035 7.527
731.324 20.097
731.614 36.871
731.904 53.974
732.194 -44.197
732.484 25.981
732.774 -8.260
733.064 43.509
733.354 -21.649
733.643 -53.984
733.933 4.004
734.223 -24.432
734.513 9.883
734.803 5.790
735.093 -21.524
735.383 -23.529
735.672 14.960
735.962 -21.045
736.252 -37.771
736.542 30.076
736.832 12.256
737.122 38.720
737.412 -0.671
737.702 17.790
737.991 0.529
738.281 12.670
738.571 10.748
738.861 20.539
739.151 50.856
739.441 7.215
739.731 46.546
740.021 32.004
740.310 7.377
740.600 3.633
740.890 5.865
741.180 -43.143
741.470 -24.782
741.760 4.844
742.050 1.304
742.339 -21.680
742.629 3.642
742.919 13.345
743.209 16.518
743.499 14.727
743.789 -33.785
744.079 -96.736
744.369 -13.935
744.658 -32.434
744.948 28.215
745.238 4.446
745.528 -7.047
745.818 -38.999
746.108 -13.988
746.398 -40.431
746.688 -40.433
746.977 9.220
747.267 -19.580
747.557 -76.468
747.847 8.826
748.137 -6.273
748.427 -9.261
748.717 -29.200
749.006 6.870
749.296 35.923
749.586 -15.214
749.876 64.619
750.166 12.419
750.456 -18.674
750.746 2.636
751.036 -47.226
751.325 5.284
751.615 -7.934
751.905 5.465
752.195 46.267
752.485 56.282
752.775 42.103
753.065 -1.532
753.355 2.091
753.644 -6.114
753.934 -0.176
754.224 34.172
754.514 33.787
754.804 9.306
755.094 34.381
755.384 -39.452
755.674 18.120
755.963 -17.587
756.253 -7.177
756.543 -6.133
756.833 -52.620
757.123 -17.414
757.413 -31.712
757.703 11.083
757.992 13.308
758.282 66.943
758.572 65.366
758.862 2.046
759.152 -46.378
759.442 -0.131
759.732 -14.003
760.022 -16.419
760.311 -78.424
760.601 -11.625
760.891 10.109
761.181 -32.684
761.471 39.294
761.761 36.884
762.051 31.855
762.341 -13.009
762.630 -21.102
762.920 -30.368
763.210 24.422
763.500 -0.352
763.793 24.215
764.086 50.594
764.379 36.484
764.671 -0.347
764.964 -48.248
765.257 15.359
765.550 60.897
765.843 9.705
766.136 -18.511
766.429 4.661
766.722 -35.008
767.014 19.356
767.307 -32.796
767.600 46.557
767.893 -0.171
768.186 -19.728
768.479 -45.530
768.772 8.492
769.064 -26.387
769.357 39.316
769.650 36.296
769.943 23.398
770.236 -28.762
770.529 -53.011
770.822 -20.932
771.115 3.668
771.407 7.296
771.700 -59.701
771.993 3.417
772.286 -0.386
772.579 67.190
772.872 24.629
773.165 -50.785
773.457 -32.635
773.750 -35.899
774.043 -15.111
774.336 -49.900
774.629 40.589
774.922 1.213
775.215 23.807
775.508 -24.508
775.800 -30.520
776.093 15.534
776.386 -12.256
776.679 -41.265
776.972 -28.577
777.265 -29.218
777.558 13.477
777.850 -28.308
778.143 -28.726
778.436 8.820
778.729 10.669
779.022 40.417
779.315 -0.192
779.608 22.119
779.900 -2.007
780.193 1.799
780.486 -44.575
780.779 76.858
781.072 55.135
781.365 45.133
781.658 15.635
781.951 -3.618
782.243 -23.199
782.536 18.274
782.829 1.000
783.122 9.222
783.415 -12.018
783.708 22.677
784.001 10.224
784.293 -24.688
784.586 -6.605
784.879 1.812
785.172 -17.392
785.465 -17.237
785.758 3.983
786.051 -27.491
786.344 -17.759
786.636 -39.471
786.929 -7.851
787.222 -28.135
787.515 -1.049
787.808 -61.984
788.101 -29.569
788.394 36.762
788.686 32.765
788.979 37.734
789.272 88.880
789.565 20.375
789.858 11.179
790.151 17.347
790.444 -19.403
790.737 -76.037
791.029 -60.276
791.322 60.491
791.615 -9.941
791.908 -2.244
792.201 4.968
792.494 55.049
792.787 45.053
793.079 4.153
793.372 -14.511
793.665 29.283
793.958 -17.977
794.251 -19.167
794.544 -23.492
794.837 -21.162
795.130 0.173
795.422 29.096
795.715 48.436
796.008 17.709
796.301 -0.205
796.594 52.392
796.887 -11.561
797.180 36.451
797.472 44.035
797.765 0.368
798.058 25.104
798.351 -12.594
798.644 21.512
798.937 -32.925
799.230 -35.859
799.523 -17.573
799.815 17.721
800.108 7.939
800.401 -26.559
800.694 -24.385
800.987 -22.373
801.280 -20.410
801.573 -28.004
801.865 4.959
802.158 -81.480
802.451 -3.632
802.744 -50.336
803.037 -40.157
803.330 -44.992
803.623 0.369
803.915 -40.749
804.208 -0.448
804.501 -67.530
804.794 -30.490
805.087 4.773
805.380 -49.765
805.673 -5.646
805.966 10.197
806.258 -4.649
806.551 -62.529
806.844 -30.989
807.137 5.556
807.430 -9.697
807.723 -45.637
808.016 -9.284
808.308 -0.687
808.601 6.404
808.894 24.885
809.187 -10.780
809.480 -26.823
809.773 -51.090
810.066 0.764
810.359 0.139
810.651 19.690
810.944 -0.441
811.237 3.369
811.530 -6.520
811.825 -3.724
812.119 22.755
812.414 -40.179
812.709 22.595
813.003 65.669
813.298 -20.464
813.593 -22.586
813.887 -48.008
814.182 -0.677
814.476 15.356
814.771 -39.452
815.066 7.428
815.360 -44.977
815.655 27.407
815.950 19.469
816.244 17.058
816.539 -29.879
816.834 16.010
817.128 -27.437
817.423 -29.208
817.718 28.969
818.012 -1.099
818.307 -30.172
818.602 34.391
818.896 19.022
819.191 -13.003
819.486 27.704
819.780 78.000
820.075 -10.231
820.369 -3.468
820.664 -18.739
820.959 -35.484
821.253 -10.867
821.548 -51.482
821.843 -58.450
822.137 14.471
822.432 -5.498
822.727 -2.364
823.021 -35.555
823.316 6.193
823.611 3.708
823.905 -64.864
824.200 14.037
824.495 -12.154
824.789 19.508
825.084 10.914
825.379 -11.917
825.673 -26.710
825.968 -18.962
826.262 -45.409
826.557 45.141
826.852 82.471
827.146 -28.341
827.441 -15.533
827.736 -5.618
828.030 19.840
828.325 12.022
828.620 11.992
828.914 29.603
829.209 50.787
829.504 -13.061
829.798 -52.369
830.093 -23.138
830.388 -4.131
830.682 -50.988
830.977 -74.582
831.271 -56.625
831.566 -73.322
831.861 -38.121
832.155 -80.357
832.450 -34.032
832.745 -52.452
833.039 -71.065
833.334 -21.364
833.629 -49.411
833.923 -75.662
834.218 -48.193
834.513 -7.301
834.807 5.256
835.102 25.652
835.397 2.605
835.691 -0.567
835.986 -22.098
836.281 -7.545
836.575 13.586
836.870 -14.714
837.164 2.644
837.459 -15.895
837.754 -3.383
838.048 25.376
838.343 19.317
838.638 -7.121
838.932 -47.243
839.227 1.894
839.522 42.653
839.816 7.588
840.111 18.631
840.406 -35.328
840.700 -36.163
840.995 -25.207
841.290 -19.546
841.584 -55.015
841.879 -16.770
842.174 60.914
842.468 42.545
842.763 13.727
843.057 5.517
843.352 0.766
843.647 -25.247
843.941 -24.449
844.236 0.602
844.531 19.003
844.825 15.527
845.120 23.919
845.415 97.455
845.709 36.263
846.004 -16.675
846.299 -27.324
846.593 -73.965
846.888 -8.506
847.183 2.037
847.477 51.747
847.772 35.619
848.066 19.110
848.361 -34.064
848.656 -16.940
848.950 -38.056
849.245 -19.122
849.540 26.881
849.834 -11.623
850.129 -29.068
850.424 -14.877
850.718 31.560
851.013 -27.965
851.308 -49.986
851.602 -79.842
851.897 27.579
852.192 3.445
852.486 -66.402
852.781 -71.888
853.076 3.724
853.370 -24.425
853.665 -17.585
853.959 -21.354
854.254 -4.277
854.549 -13.858
854.843 37.114
855.138 -10.790
855.433 -2.323
855.727 12.315
856.022 3.696
856.317 -68.972
856.611 -72.039
856.906 -27.541
857.201 8.962
857.495 -38.250
857.790 21.224
858.085 -8.368
858.379 -34.667
858.674 46.041
858.969 1.219
859.263 32.165
859.558 14.609
859.852 -7.679
860.147 -44.294
860.442 -29.489
860.736 -18.704
861.031 4.176
861.326 23.423
861.620 -5.871
861.915 5.557
862.210 -56.126
862.504 -21.827
862.799 -24.312
863.094 16.601
863.388 -41.371
863.683 18.593
863.978 -69.928
864.272 14.476
864.567 -59.296
864.861 -23.140
865.156 -3.776
865.451 -2.429
865.745 1.570
866.040 -16.840
866.335 -42.187
866.629 -26.986
866.924 2.921
867.219 -28.140
867.513 2.362
867.808 -65.314
868.103 -7.145
868.397 -11.929
868.692 -38.945
868.987 -28.410
869.281 -37.187
869.576 -69.302
869.871 10.035
870.165 -53.973
870.460 18.196
870.754 -34.339
871.049 -28.105
871.344 -107.522
871.638 1.747
871.933 -24.821
872.228 -54.660
872.522 -38.036
872.817 -33.357
873.112 -0.418
873.406 -5.420
873.701 32.806
873.996 -24.878
874.290 -61.224
874.585 -26.563
874.880 -25.779
875.174 -62.082
875.469 -15.627
875.764 33.813
876.058 27.027
876.353 -3.348
876.647 -67.431
876.942 -14.062
877.237 12.819
877.531 -36.653
877.826 -70.916
878.121 22.294
878.415 -4.941
878.710 -2.222
879.005 -24.134
879.299 -9.744
879.594 -28.005
879.889 -10.912
880.183 -53.254
880.478 -33.863
880.773 8.390
881.067 24.232
881.362 33.097
881.656 66.650
881.951 6.537
882.246 10.377
882.540 -40.494
882.835 -50.332
883.130 12.107
883.424 -4.934
883.719 26.515
884.014 1.840
884.308 47.000
884.603 37.272
884.898 -34.720
885.192 5.132
885.487 4.552
885.782 -31.163
886.076 -19.443
886.371 12.012
886.666 -4.115
886.960 -1.238
887.255 -25.761
887.549 14.671
887.844 -41.149
888.139 -45.821
888.433 -5.174
888.728 -6.010
889.023 -7.073
889.317 31.238
889.612 46.261
889.907 15.411
890.201 -52.908
890.496 -10.959
890.791 -18.018
891.085 -43.956
891.380 -5.467
891.675 -51.619
891.969 33.184
892.264 -23.782
892.559 -29.625
892.853 5.441
893.148 24.857
893.442 -11.249
893.737 46.375
894.032 7.419
894.326 -4.556
894.621 6.177
894.916 70.541
895.210 46.409
895.505 4.043
895.800 -29.573
896.094 -11.799
896.389 36.209
896.684 -10.796
896.978 -37.417
897.273 2.637
897.568 27.406
897.862 12.739
898.157 -6.712
898.451 -23.566
898.746 -0.900
899.041 9.918
899.335 -39.322
899.630 -42.564
899.925 28.714
900.219 -5.265
900.514 33.903
900.809 0.842
901.103 -13.491
901.398 -48.784
901.693 -10.333
901.987 11.041
902.282 -19.591
902.577 -8.951
902.871 -1.257
903.166 -85.102
903.461 -45.008
903.755 -42.393
904.050 -54.870
904.344 -40.423
904.639 -23.143
904.934 -71.628
905.228 -78.578
905.523 -64.581
905.818 -57.659
906.112 66.327
906.407 -1.628
906.702 13.004
906.996 -30.539
907.291 -23.265
907.586 -36.377
907.880 -54.136
908.175 -6.387
908.470 25.256
908.764 14.584
909.059 -20.942
909.354 7.826
909.648 -4.776
909.943 20.062
910.237 10.939
910.532 -45.676
910.827 -88.024
911.121 -1.670
911.416 0.345
911.711 23.157
912.005 -29.656
912.300 -52.056
912.599 -38.549
912.898 -70.346
913.196 -16.883
913.495 -36.172
913.794 5.372
914.093 -42.300
914.391 28.450
914.690 -39.230
914.989 -24.701
915.288 -33.396
915.586 -40.940
915.885 -31.304
916.184 -32.108
916.483 15.373
916.782 -43.996
917.080 -13.520
917.379 -17.913
917.678 -9.081
917.977 -8.755
918.275 -28.607
918.574 11.911
918.873 58.093
919.172 32.693
919.471 -2.044
919.769 -19.688
920.068 57.012
920.367 -59.016
920.666 -5.267
920.964 -41.764
921.263 -10.597
921.562 -8.541
921.861 -47.677
922.159 -57.876
922.458 -42.162
922.757 -64.426
923.056 -56.664
923.355 -34.068
923.653 -4.708
923.952 23.569
924.251 35.957
924.550 -32.145
924.848 -39.727
925.147 -15.468
925.446 -20.222
925.745 34.517
926.043 -54.477
926.342 -22.860
926.641 -12.538
926.940 -34.332
927.239 -53.004
927.537 -5.740
927.836 24.860
928.135 0.471
928.434 34.575
928.732 26.105
929.031 -50.943
929.330 -22.250
929.629 -25.536
929.927 -18.085
930.226 -63.675
930.525 -63.885
930.824 -64.278
931.123 -51.186
931.421 -37.321
931.720 -13.508
932.019 35.804
932.318 39.158
932.616 -14.273
932.915 49.649
933.214 36.249
933.513 -24.881
933.812 -60.829
934.110 -45.741
934.409 15.501
934.708 -61.551
935.007 -72.034
935.305 -0.223
935.604 -0.854
935.903 -60.306
936.202 -39.554
936.500 -3.135
936.799 -10.747
937.098 56.268
937.397 36.335
937.696 9.730
937.994 -64.846
938.293 6.688
938.592 -19.286
938.891 -73.140
939.189 -8.031
939.488 -4.406
939.787 -93.443
940.086 -5.396
940.384 21.432
940.683 77.366
940.982 76.483
941.281 26.081
941.580 64.567
941.878 -48.263
942.177 -27.836
942.476 56.095
942.775 -1.027
943.073 -1.838
943.372 -0.079
943.671 -8.270
943.970 -67.174
944.268 -4.215
944.567 -31.709
944.866 58.326
945.165 1.072
945.464 -27.306
945.762 -1.145
946.061 -81.201
946.360 -8.236
946.659 5.273
946.957 14.605
947.256 -6.997
947.555 6.797
947.854 -5.986
948.153 -36.684
948.451 48.632
948.750 30.868
949.049 -12.225
949.348 15.061
949.646 28.429
949.945 52.033
950.244 -31.309
950.543 -64.785
950.841 -82.368
951.140 -30.298
951.439 -5.684
951.738 35.127
952.037 -19.731
952.335 5.409
952.634 16.414
952.933 11.371
953.232 -2.496
953.530 -8.381
953.829 -8.564
954.128 -14.617
954.427 15.731
954.725 2.412
955.024 9.625
955.323 -21.893
955.622 11.206
955.921 50.051
956.219 27.862
956.518 22.209
956.817 -14.348
957.116 -3.242
957.414 -2.155
957.713 56.335
958.012 16.040
958.311 -31.162
958.610 5.662
958.908 32.555
959.207 44.623
959.506 5.209
959.805 -20.290
960.103 -23.411
960.402 -19.805
960.701 39.154
961.000 18.081
961.298 -22.243
961.597 -48.252
961.896 -64.193
962.195 -46.988
962.494 -22.456
962.792 -29.933
963.091 -30.698
963.390 -6.371
963.689 -69.436
963.987 -12.445
964.286 44.146
964.585 13.294
964.884 -16.360
965.182 -1.902
965.481 61.020
965.780 -10.117
966.080 -14.515
966.380 1.227
966.680 -31.290
966.981 -13.983
967.281 -40.406
967.581 -36.351
967.881 15.448
968.181 -9.909
968.481 36.974
968.781 -60.937
969.082 -25.018
969.382 -132.631
969.682 -93.493
969.982 -35.627
970.282 -49.085
970.582 17.150
970.882 14.641
971.183 -5.176
971.483 28.968
971.783 26.994
972.083 -48.231
972.383 -40.985
972.683 -30.501
972.983 27.613
973.284 11.461
973.584 8.137
973.884 34.884
974.184 -20.940
974.484 -0.697
974.784 -14.556
975.084 -23.629
975.385 -8.351
975.685 -0.398
975.985 -2.192
976.285 39.600
976.585 -9.599
976.885 13.327
977.185 47.416
977.486 20.811
977.786 32.997
978.086 -3.659
978.386 -30.555
978.686 -1.414
978.986 -24.102
979.286 -28.280
979.587 -24.302
979.887 13.297
980.187 -49.703
980.487 32.097
980.787 2.696
981.087 -30.904
981.387 -29.904
981.688 -1.705
981.988 -33.305
982.288 -9.705
982.588 -8.506
982.888 -37.106
983.188 74.894
983.488 -2.307
983.789 -27.507
984.089 -5.707
984.389 -31.508
984.689 -0.508
984.989 4.092
985.289 3.892
985.589 -9.509
985.890 27.491
986.190 -6.509
986.490 11.890
986.790 30.290
987.090 23.690
987.390 -51.511
987.690 -2.911
987.991 -25.311
988.291 6.488
988.591 48.488
988.891 4.888
989.191 -20.713
989.491 -3.513
989.791 -46.113
990.092 -12.913
990.392 -38.714
990.692 -42.714
990.992 -49.914
991.292 -28.915
991.592 0.485
991.892 -41.115
992.193 -47.116
992.493 2.884
992.793 -16.916
993.093 -4.917
993.393 15.283
993.693 -10.517
993.993 16.083
994.294 16.682
994.594 -9.318
994.894 12.482
995.194 0.481
995.494 -54.919
995.794 -52.519
996.094 -4.920
996.395 31.080
996.695 39.480
996.995 -15.120
997.295 75.879
997.595 21.279
997.895 20.879
998.195 -2.722
998.496 2.278
998.796 -9.522
999.096 -2.523
999.396 12.477
999.696 27.277
999.996 -33.523
1000.296 14.076
1000.597 -18.324
1000.897 -64.124
1001.197 -64.325
1001.497 -54.325
1001.797 -46.725
1002.097 -33.926
1002.397 11.074
1002.698 70.874
1002.998 7.874
1003.298 -14.927
1003.598 1.073
1003.898 4.473
1004.198 -76.528
1004.498 -85.328
1004.799 5.872
1005.099 11.871
1005.399 28.271
1005.699 8.071
1005.999 -14.329
1006.299 16.070
1006.599 -14.730
1006.900 2.070
1007.200 12.269
1007.500 -19.731
1007.800 17.069
1008.100 51.669
1008.400 34.468
1008.700 15.668
1009.001 15.668
1009.301 15.267
1009.601 -18.533
1009.901 -30.733
1010.201 -50.133
1010.501 -36.334
1010.801 -14.334
1011.102 34.066
1011.402 -9.935
1011.702 22.465
1012.002 -33.735
1012.302 -33.335
1012.602 -70.336
1012.902 -5.536
1013.203 -52.336
1013.503 20.463
1013.803 53.663
1014.103 -28.537
1014.403 6.863
1014.703 26.862
1015.003 -18.738
1015.304 2.862
1015.604 14.661
1015.904 41.461
1016.204 19.461
1016.504 -19.739
1016.804 -15.740
1017.104 -42.940
1017.405 4.660
1017.705 15.059
1018.005 -19.741
1018.305 -0.541
1018.605 21.459
1018.905 -1.542
1019.205 -3.742
1019.506 18.658
1019.806 32.257
1020.106 21.657
1020.406 -59.943
1020.706 -24.543
1021.006 -24.944
1021.306 -65.744
1021.607 -22.144
1021.907 1.055
1022.207 5.255
1022.507 -3.545
1022.807 11.655
1023.107 -65.946
1023.407 -21.546
1023.708 7.054
1024.008 -42.946
1024.308 22.253
1024.608 -72.547
1024.908 -37.147
1025.208 -9.148
1025.508 -39.548
1025.809 -6.548
1026.109 29.452
1026.409 15.251
1026.709 48.851
1027.009 -9.749
1027.309 -20.350
1027.609 -36.950
1027.910 -37.350
1028.210 4.250
1028.510 10.049
1028.810 -18.751
1029.110 -23.151
1029.410 -20.951
1029.710 -2.752
1030.011 16.448
1030.311 15.248
1030.611 54.647
1030.911 33.247
1031.211 35.447
1031.511 7.247
1031.811 -23.954
1032.112 -0.354
1032.412 0.646
1032.712 -59.754
1033.012 -51.555
1033.312 17.245
1033.612 12.045
1033.912 10.844
1034.212 8.644
1034.513 8.044
1034.813 23.444
1035.113 -65.757
1035.413 -87.557
1035.713 11.243
1036.013 28.643
1036.313 20.242
1036.614 17.642
1036.914 -2.158
1037.214 -46.358
1037.514 -4.959
1037.814 -57.759
1038.114 -21.559
1038.414 -43.760
1038.715 -0.160
1039.015 3.440
1039.315 28.840
1039.615 31.439
1039.915 -29.561
1040.215 21.839
1040.515 7.839
1040.816 -10.562
1041.116 4.238
1041.416 -59.162
1041.716 -10.162
1042.016 32.637
1042.316 4.837
1042.616 27.037
1042.917 -3.963
1043.217 4.436
1043.517 -81.964
1043.817 -12.564
1044.117 11.835
1044.417 3.835
1044.717 -24.565
1045.018 -9.365
1045.318 34.434
1045.618 -17.966
1045.918 -51.166
1046.218 46.434
1046.518 -5.967
1046.818 -16.167
1047.119 -33.167
1047.419 -28.967
1047.719 -11.168
1048.019 7.432
1048.319 -21.568
1048.619 25.432
1048.919 -38.969
1049.220 14.831
1049.520 11.231
1049.820 -50.569
1050.120 -20.370
1050.420 22.630
1050.720 6.430
1051.020 71.430
1051.321 3.629
1051.621 46.829
1051.921 6.429
1052.221 23.428
1052.521 -9.172
1052.821 -14.972
1053.121 79.628
1053.422 34.427
1053.722 31.827
1054.022 79.027
1054.322 10.027
1054.622 -26.374
1054.922 30.426
1055.222 -4.374
1055.523 29.426
1055.823 10.425
1056.123 -10.775
1056.423 36.825
1056.723 -36.975
1057.023 -25.176
1057.323 22.024
1057.624 -20.976
1057.924 8.424
1058.224 -31.177
1058.524 -49.577
1058.824 7.623
1059.124 13.223
1059.424 -18.578
1059.725 -29.778
1060.025 -39.578
1060.325 -26.778
1060.625 -25.779
1060.925 -48.779
1061.225 -20.179
1061.525 3.821
1061.826 68.420
1062.126 31.220
1062.426 0.620
1062.726 -60.180
1063.026 -9.781
1063.326 -59.781
1063.626 -34.781
1063.927 -6.781
1064.227 -63.982
1064.527 -26.582
1064.827 -1.782
1065.127 -4.582
1065.427 -20.783
1065.727 -30.183
1066.028 3.217
1066.328 -26.583
1066.628 -6.383
1066.928 -51.184
1067.228 -49.984
1067.528 22.616
1067.828 4.616
1068.129 21.415
1068.429 -12.185
1068.729 -64.385
1069.029 -15.385
1069.329 -13.986
1069.629 -21.986
1069.929 -4.186
1070.230 -67.786
1070.530 -8.787
1070.830 -32.787
1071.130 -36.787
1071.430 -89.387
1071.730 -6.388
1072.030 -49.188
1072.331 -20.788
1072.631 -46.788
1072.931 -37.389
1073.231 27.811
1073.531 -44.189
1073.831 13.211
1074.131 -25.390
1074.432 -36.390
1074.732 -20.390
1075.032 -17.790
1075.332 29.010
1075.632 1.009
1075.932 -72.991
1076.232 10.209
1076.533 -25.191
1076.833 8.408
1077.133 -74.192
1077.433 22.208
1077.733 -12.392
1078.033 -23.393
1078.333 -5.793
1078.634 -14.993
1078.934 -6.993
1079.234 -3.194
1079.534 -9.394
1079.834 -21.794
1080.134 13.806
1080.434 9.605
1080.735 5.205
1081.035 -31.195
1081.335 -45.795
1081.635 -22.995
1081.935 56.404
1082.235 15.804
1082.535 33.204
1082.836 -5.196
1083.136 3.403
1083.436 2.003
1083.736 -50.597
1084.036 -48.397
1084.336 -35.798
1084.636 10.602
1084.937 -24.598
1085.237 -39.598
1085.537 -3.398
1085.837 -29.599
1086.137 -43.999
1086.437 -20.599
1086.737 -29.999
1087.038 -58.000
1087.338 -15.800
1087.638 9.200
1087.938 -42.200
1088.238 0.199
1088.538 -4.401
1088.838 -43.001
1089.139 -30.001
1089.439 -17.001
1089.739 -7.002
1090.039 -24.602
1090.339 53.398
1090.639 37.198
1090.939 -57.403
1091.240 -37.003
1091.540 -13.403
1091.840 -6.603
1092.140 -9.604
1092.453 -14.604
1092.766 42.196
1093.079 7.396
1093.392 -4.204
1093.705 -7.605
1094.018 -9.805
1094.330 -43.005
1094.643 -71.205
1094.956 -29.206
1095.269 -38.206
1095.582 25.594
1095.895 66.594
1096.208 -19.606
1096.521 13.393
1096.834 -2.007
1097.147 37.393
1097.460 -29.207
1097.773 -50.808
1098.085 -28.208
1098.398 -19.408
1098.711 2.992
1099.024 16.592
1099.337 -3.809
1099.650 -19.409
1099.963 -32.009
1100.276 -1.409
1100.589 -24.010
1100.902 -2.610
1101.215 26.990
1101.528 -51.210
1101.841 -0.210
1102.153 -14.011
1102.466 -15.811
1102.779 39.989
1103.092 -5.811
1103.405 -76.412
1103.718 17.253
1104.031 64.453
1104.344 77.853
1104.657 35.453
1104.970 36.653
1105.283 26.452
1105.596 86.652
1105.909 -19.948
1106.221 21.452
1106.534 7.452
1106.847 -12.948
1107.160 -57.948
1107.473 -61.549
1107.786 41.851
1108.099 -23.949
1108.412 29.651
1108.725 -17.749
1109.038 -41.149
1109.351 6.051
1109.664 22.250
1109.977 63.650
1110.289 -24.750
1110.602 9.250
1110.915 -34.750
1111.228 -75.550
1111.541 -24.350
1111.854 -11.351
1112.167 -29.351
1112.480 -58.151
1112.793 -38.551
1113.106 -41.751
1113.419 4.849
1113.732 -1.151
1114.044 15.449
1114.357 -29.152
1114.670 21.648
1114.983 -8.352
1115.296 -28.352
1115.609 -0.552
1115.922 -11.952
1116.235 -4.352
1116.548 -38.953
1116.861 -30.753
1117.174 -36.753
1117.487 -28.953
1117.800 -0.153
1118.112 37.847
1118.425 -17.553
1118.738 -20.554
1119.051 -20.354
1119.364 -29.754
1119.677 -15.554
1119.990 -41.954
1120.303 -31.154
1120.616 12.846
1120.929 -10.555
1121.242 -68.755
1121.555 -37.155
1121.868 -8.555
1122.180 41.445
1122.493 9.045
1122.806 54.245
1123.119 -23.755
1123.432 21.044
1123.745 79.244
1124.058 8.844
1124.371 -55.756
1124.684 36.244
1124.997 -5.556
1125.310 11.844
1125.623 -0.757
1125.935 30.843
1126.248 -17.757
1126.561 -6.557
1126.874 1.043
1127.187 -31.957
1127.500 -5.757
1127.813 -3.558
1128.126 15.442
1128.439 -12.158
1128.752 8.242
1129.065 31.442
1129.378 5.842
1129.691 -2.558
1130.003 -17.758
1130.316 -24.959
1130.629 35.841
1130.942 -5.759
1131.255 1.641
1131.568 -15.559
1131.881 -0.159
1132.194 3.241
1132.507 23.040
1132.820 36.240
1133.133 -91.160
1133.446 -58.560
1133.759 -30.960
1134.071 -23.560
1134.384 24.840
1134.697 68.840
1135.010 22.239
1135.323 23.439
1135.636 -30.761
1135.949 -57.961
1136.262 -79.961
1136.575 13.639
1136.888 -1.361
1137.201 -3.161
1137.514 -2.362
1137.826 2.038
1138.139 14.238
1138.452 28.438
1138.765 -27.962
1139.078 -7.162
1139.391 12.638
1139.704 22.037
1140.017 -38.163
1140.330 17.037
1140.643 -41.363
1140.956 -38.963
1141.269 -35.563
1141.582 25.837
1141.894 11.237
1142.207 -19.764
1142.520 27.636
1142.833 5.036
1143.146 6.036
1143.459 -3.164
1143.772 4.436
1144.085 -37.564
1144.398 -24.364
1144.711 -4.965
1145.024 1.435
1145.337 58.035
1145.650 22.435
1145.962 42.435
1146.275 11.435
1146.588 -8.365
1146.901 -8.966
1147.214 -5.166
1147.527 -8.366
1147.840 -59.366
1148.153 -59.966
1148.466 -34.966
1148.779 -28.966
1149.092 30.234
1149.405 9.833
1149.718 -34.767
1150.030 -6.767
1150.343 -41.567
1150.656 -23.567
1150.969 -50.767
1151.282 -12.767
1151.595 49.033
1151.908 -24.368
1152.221 -58.768
1152.534 -3.568
1152.847 24.832
1153.160 62.032
1153.473 -2.968
1153.785 57.232
1154.098 20.232
1154.411 -50.369
1154.724 -23.369
1155.037 -36.169
1155.350 18.631
1155.663 2.431
1155.976 3.431
1156.289 6.431
1156.602 -21.969
1156.915 4.830
1157.228 -11.570
1157.541 -35.370
1157.853 -44.370
1158.166 -34.970
1158.479 32.830
1158.792 11.430
1159.105 -1.370
1159.418 14.229
1159.731 -50.571
1160.044 -48.571
1160.357 -101.171
1160.670 -16.571
1160.983 -54.571
1161.296 7.829
1161.609 -45.771
1161.921 -28.772
1162.234 -7.972
1162.547 22.028
1162.860 40.828
1163.173 13.028
1163.486 52.828
1163.799 -19.972
1164.112 -44.372
1164.425 16.027
1164.738 8.827
1165.051 -17.973
1165.364 46.227
1165.676 -22.373
1165.989 37.627
1166.302 67.427
1166.615 17.427
1166.928 13.027
1167.241 -23.574
1167.554 -15.374
1167.867 -13.974
1168.180 -27.774
1168.493 -41.774
1168.806 12.026
1169.119 24.826
1169.432 -77.574
1169.744 -56.775
1170.057 -24.375
1170.370 17.425
1170.683 -7.175
1170.996 -51.975
1171.309 -25.775
1171.622 -59.175
1171.935 -50.175
1172.248 3.024
1172.561 7.824
1172.874 -29.576
1173.187 40.024
1173.500 -12.576
1173.812 42.624
1174.125 -34.176
1174.438 -25.576
1174.751 -29.577
1175.064 47.623
1175.377 -18.177
1175.690 -5.777
1176.003 -82.377
1176.316 -32.977
1176.629 -19.177
1176.942 38.023
1177.255 -22.577
1177.567 -27.578
1177.880 12.822
1178.193 -80.178
1178.506 -16.578
1178.819 -65.778
1179.132 -68.778
1179.445 -56.578
1179.758 -61.178
1180.071 -15.379
1180.384 -23.579
1180.697 -80.579
1181.010 -59.579
1181.323 24.221
1181.635 -47.579
1181.948 -35.179
1182.261 -13.179
1182.574 -59.979
1182.887 -24.180
1183.200 0.620
1183.513 -4.380
1183.826 5.020
1184.139 -4.980
1184.452 -10.780
1184.765 -37.380
1185.078 -41.180
1185.391 -42.581
1185.703 -5.981
1186.016 -18.781
1186.329 15.219
1186.642 61.019
1186.955 -23.581
1187.268 -16.981
1187.581 3.219
1187.894 -23.181
1188.207 46.418
1188.520 -1.382
1188.833 -2.382
1189.146 1.218
1189.459 -3.382
1189.771 -0.782
1190.084 -51.382
1190.397 -59.782
1190.710 -36.782
1191.023 -37.783
1191.336 3.417
1191.649 8.817
1191.962 46.617
1192.275 87.817
1192.588 -76.183
1192.901 -36.383
1193.214 -17.783
1193.526 -31.783
1193.839 -58.784
1194.152 -18.984
1194.465 -9.784
1194.778 47.216
1195.091 13.216
1195.404 -1.184
1195.717 -39.184
1196.030 -52.984
1196.343 -34.785
1196.656 -17.185
1196.969 14.215
1197.282 15.415
1197.594 1.215
1197.907 41.815
1198.220 4.415
1198.533 33.415
1198.846 13.415
1199.159 1.614
1199.472 -27.786
1199.785 10.214
1200.098 -52.186
1200.411 -22.186
1200.724 8.214
1201.037 -19.786
1201.350 -19.986
1201.662 -5.586
1201.975 -6.187
1202.288 -42.037
1202.601 20.880
